0.2	102.73	53.76	102.73
0.4	102.69	53.21	102.69
0.6	102.59	52.76	102.59
0.8	102.43	52.39	102.43
1.0	102.23	52.08	102.23
1.2	101.99	51.8	101.99
1.4	101.71	51.55	101.71
1.6	101.41	51.29	101.41
1.8	101.1	51.01	101.1
2.0	100.78	50.6	100.78
2.2	100.46	50.07	100.46
2.4	100.14	49.53	100.14
2.6	99.81	49.01	99.81
2.8	99.45	48.53	99.45
3.0	99.01	48.17	99.01
3.2	98.58	47.89	98.58
3.4	98.2	47.71	98.2
3.6	97.88	47.63	97.88
3.8	97.7	47.72	97.7
4.0	97.68	47.99	97.68
4.2	97.77	48.35	97.77
4.4	97.96	48.78	97.96
4.6	98.28	49.25	98.28
4.8	98.79	49.74	98.79
5.0	99.37	50.24	99.37
5.2	99.97	50.7	99.97
5.4	100.56	51.1	100.56
5.6	101.03	51.4	101.03
5.8	101.45	51.6	101.45
6.0	101.82	51.67	101.82
6.2	102.13	51.6	102.13
6.4	102.34	51.09	102.34
6.6	102.49	50.48	102.49
6.8	102.58	49.85	102.58
7.0	102.61	49.27	102.61
7.2	102.58	49.12	102.58
7.4	102.5	49.15	102.5
7.6	102.35	49.23	102.35
7.8	102.15	49.31	102.15
8.0	101.81	49.18	101.81
8.2	101.36	48.83	101.36
8.4	100.92	48.49	100.92
8.6	100.53	48.22	100.53
8.8	100.27	48.11	100.27
9.0	100.36	48.43	100.36
9.2	100.54	48.89	100.54
9.4	100.79	49.44	100.79
9.6	101.08	50.04	101.08
9.8	101.27	50.64	101.27
10.0	101.47	51.24	101.47
10.2	101.67	51.79	101.67
10.4	101.88	52.28	101.88
10.6	102.19	52.6	102.19
10.8	102.49	52.83	102.49
11.0	102.75	52.96	102.75
11.2	102.92	53.0	102.92
11.4	102.85	52.94	102.85
11.6	102.66	52.78	102.66
11.8	102.39	52.54	102.39
12.0	102.06	52.21	102.06
12.2	101.73	51.76	101.73
12.4	101.4	51.2	101.4
12.6	101.05	50.62	101.05
12.8	100.68	50.03	100.68
13.0	100.3	49.47	100.3
13.2	99.84	49.06	99.84
13.4	99.39	48.73	99.39
13.6	98.95	48.46	98.95
13.8	98.54	48.27	98.54
14.0	98.2	48.14	98.2
14.2	97.97	48.1	97.97
14.4	97.8	48.14	97.8
14.6	97.7	48.27	97.7
14.8	97.67	48.49	97.67
15.0	97.71	48.9	97.71
15.2	97.84	49.42	97.84
15.4	98.03	49.97	98.03
15.6	98.28	50.52	98.28
15.8	98.65	50.96	98.65
16.0	99.12	51.28	99.12
16.2	99.6	51.54	99.6
16.4	100.06	51.74	100.06
16.6	100.44	51.93	100.44
16.8	100.7	52.11	100.7
17.0	100.89	52.2	100.89
17.2	101.0	52.15	101.0
17.4	101.02	51.89	101.02
17.6	100.92	51.2	100.92
17.8	100.76	50.37	100.76
18.0	100.55	49.48	100.55
18.2	100.29	48.59	100.29
18.4	100.01	47.86	100.01
18.6	99.73	47.26	99.73
18.8	99.43	46.76	99.43
19.0	99.15	46.39	99.15
19.2	98.88	46.22	98.88
19.4	98.62	46.37	98.62
19.6	98.41	46.6	98.41
19.8	98.27	46.88	98.27
20.0	98.21	47.14	98.21
20.2	98.36	47.13	98.36
20.4	98.59	47.07	98.59
20.6	98.86	47.0	98.86
20.8	99.17	46.94	99.17
21.0	99.47	47.05	99.47
21.2	99.74	47.23	99.74
21.4	99.97	47.42	99.97
21.6	100.13	47.59	100.13
21.8	100.14	47.69	100.14
22.0	100.02	47.71	100.02
22.2	99.83	47.68	99.83
22.4	99.56	47.58	99.56
22.6	99.23	47.37	99.23
22.8	98.84	47.06	98.84
23.0	98.4	46.7	98.4
23.2	97.93	46.32	97.93
23.4	97.37	45.94	97.37
23.6	96.33	45.56	96.33
23.8	95.48	45.22	95.48
24.0	95.04	44.95	95.04
24.2	95.07	44.76	95.07
24.4	95.1	44.75	95.1
24.6	95.14	44.88	95.14
24.8	95.17	45.12	95.17
25.0	95.2	45.47	95.2
25.2	95.24	45.98	95.24
25.4	95.27	46.62	95.27
25.6	95.31	47.3	95.31
25.8	95.34	47.98	95.34
26.0	95.37	48.59	95.37
26.2	95.41	49.1	95.41
26.4	95.44	49.52	95.44
26.6	95.47	49.83	95.47
26.8	95.51	49.95	95.51
27.0	95.54	49.9	95.54
27.2	95.58	49.72	95.58
27.4	95.61	49.42	95.61
27.6	95.64	48.94	95.64
27.8	95.68	48.3	95.68
28.0	95.71	47.62	95.71
28.2	95.74	46.96	95.74
28.4	95.78	46.36	95.78
28.6	95.81	45.94	95.81
28.8	95.84	45.66	95.84
29.0	95.88	45.55	95.88
29.2	95.91	45.66	95.91
29.4	95.95	46.21	95.95
29.6	95.98	46.91	95.98
29.8	96.46	47.68	96.46
30.0	97.52	48.45	97.52
30.2	98.16	48.96	98.16
30.4	98.95	49.4	98.95
30.6	99.78	49.79	99.78
30.8	100.57	50.12	100.57
31.0	100.9	50.54	100.9
31.2	101.11	50.87	101.11
31.4	101.2	51.08	101.2
31.6	101.21	51.13	101.21
31.8	101.18	50.75	101.18
32.0	101.1	50.19	101.1
32.2	100.95	49.53	100.95
32.4	100.75	48.83	100.75
32.6	100.43	48.17	100.43
32.8	100.07	47.56	100.07
33.0	99.72	47.06	99.72
33.2	99.42	46.69	99.42
33.4	99.24	46.63	99.24
33.6	99.23	46.96	99.23
33.8	99.31	47.38	99.31
34.0	99.46	47.84	99.46
34.2	99.68	48.21	99.68
34.4	99.98	48.27	99.98
34.6	100.32	48.27	100.32
34.8	100.66	48.25	100.66
35.0	101.0	48.25	101.0
35.2	101.27	48.45	101.27
35.4	101.52	48.63	101.52
35.6	101.74	48.76	101.74
35.8	101.94	48.8	101.94
36.0	102.12	48.46	102.12
36.2	102.27	47.99	102.27
36.4	102.38	47.48	102.38
36.6	102.45	46.96	102.45
36.8	102.4	46.55	102.4
37.0	102.26	46.28	102.26
37.2	102.12	46.09	102.12
37.4	101.99	46.0	101.99
37.6	101.93	46.05	101.93
37.8	102.03	46.4	102.03
38.0	102.2	46.81	102.2
38.2	102.42	47.23	102.42
38.4	102.68	47.6	102.68
38.6	102.95	47.6	102.95
38.8	103.24	47.49	103.24
39.0	103.56	47.4	103.56
39.2	103.88	47.42	103.88
39.4	104.24	47.96	104.24
39.6	104.6	48.76	104.6
39.8	104.94	49.55	104.94
40.0	105.25	50.21	105.25
40.2	105.48	50.28	105.48
40.4	105.63	49.88	105.63
40.6	105.73	49.31	105.73
40.8	105.77	48.68	105.77
41.0	105.73	48.17	105.73
41.2	105.62	47.95	105.62
41.4	105.45	47.78	105.45
41.6	105.25	47.66	105.25
41.8	105.02	47.55	105.02
42.0	104.75	47.36	104.75
42.2	104.46	47.16	104.46
42.4	104.2	46.97	104.2
42.6	103.98	46.81	103.98
42.8	103.82	46.65	103.82
43.0	103.77	46.47	103.77
43.2	103.8	46.39	103.8
43.4	103.91	46.42	103.91
43.6	104.1	46.62	104.1
43.8	104.42	47.39	104.42
44.0	104.83	48.24	104.83
44.2	105.31	49.07	105.31
44.4	105.86	49.78	105.86
44.6	106.01	49.87	106.01
44.8	106.35	49.75	106.35
45.0	106.21	49.53	106.21
45.2	106.07	49.26	106.07
45.4	105.93	49.18	105.93
45.6	105.79	49.14	105.79
45.8	105.65	49.09	105.65
46.0	105.51	49.02	105.51
46.2	105.37	48.84	105.37
46.4	105.24	48.59	105.24
46.6	105.1	48.32	105.1
46.8	104.96	48.02	104.96
47.0	104.82	47.69	104.82
47.2	104.68	47.29	104.68
47.4	104.54	46.94	104.54
47.6	104.4	46.69	104.4
47.8	104.26	46.58	104.26
48.0	104.12	46.89	104.12
48.2	103.98	47.36	103.98
48.4	103.84	47.89	103.84
48.6	103.7	48.43	103.7
48.8	103.57	48.84	103.57
49.0	103.43	49.13	103.43
49.2	103.29	49.32	103.29
49.4	103.15	49.38	103.15
49.6	103.01	49.16	103.01
49.8	102.87	48.68	102.87
50.0	102.73	48.1	102.73
50.2	102.59	47.49	102.59
50.4	102.45	46.91	102.45
50.6	102.15	46.53	102.15
50.8	101.58	46.28	101.58
51.0	101.04	46.14	101.04
51.2	100.59	46.12	100.59
51.4	100.32	46.27	100.32
51.6	100.29	46.62	100.29
51.8	100.38	47.07	100.38
52.0	100.58	47.57	100.58
52.2	100.9	48.09	100.9
52.4	101.39	48.63	101.39
52.6	101.9	49.12	101.9
52.8	102.38	49.5	102.38
53.0	102.77	49.73	102.77
53.2	102.82	49.49	102.82
53.4	102.72	49.1	102.72
53.6	102.53	48.63	102.53
53.8	102.25	48.14	102.25
54.0	101.86	47.78	101.86
54.2	101.42	47.52	101.42
54.4	101.01	47.35	101.01
54.6	100.69	47.26	100.69
54.8	100.6	47.32	100.6
55.0	100.77	47.52	100.77
55.2	101.08	47.81	101.08
55.4	101.5	48.18	101.5
55.6	102.07	48.66	102.07
55.8	102.77	49.24	102.77
56.0	103.48	49.79	103.48
56.2	104.15	50.27	104.15
56.4	104.64	50.55	104.64
56.6	104.94	50.61	104.94
56.8	105.1	50.51	105.1
57.0	105.13	50.26	105.13
57.2	104.95	49.79	104.95
57.4	104.61	49.15	104.61
57.6	104.17	48.43	104.17
57.8	103.66	47.69	103.66
58.0	103.12	47.01	103.12
58.2	102.58	46.45	102.58
58.4	102.05	46.0	102.05
58.6	101.58	45.7	101.58
58.8	101.19	45.59	101.19
59.0	101.02	45.93	101.02
59.2	100.96	46.46	100.96
59.4	100.98	47.09	100.98
59.6	101.07	47.77	101.07
59.8	101.21	48.36	101.21
60.0	101.4	48.87	101.4
60.2	101.61	49.31	101.61
60.4	101.83	49.68	101.83
60.6	102.08	49.93	102.08
60.8	102.32	50.05	102.32
61.0	102.49	50.04	102.49
61.2	102.56	49.88	102.56
61.4	102.37	49.39	102.37
61.6	102.0	48.71	102.0
61.8	101.55	47.95	101.55
62.0	101.05	47.18	101.05
62.2	100.63	46.58	100.63
62.4	100.3	46.17	100.3
62.6	99.96	45.84	99.96
62.8	99.61	45.57	99.61
63.0	99.21	45.34	99.21
63.2	98.6	45.09	98.6
63.4	98.01	44.9	98.01
63.6	97.49	44.78	97.49
63.8	97.12	44.77	97.12
64.0	97.13	44.91	97.13
64.2	97.34	45.17	97.34
64.4	97.68	45.55	97.68
64.6	98.09	46.05	98.09
64.8	98.55	46.84	98.55
65.0	99.02	47.7	99.02
65.2	99.48	48.5	99.48
65.4	99.88	49.16	99.88
65.6	100.13	49.31	100.13
65.8	100.29	49.23	100.29
66.0	100.36	48.96	100.36
66.2	100.33	48.52	100.33
66.4	100.15	47.8	100.15
66.6	99.89	47.0	99.89
66.8	99.54	46.21	99.54
67.0	99.13	45.5	99.13
67.2	98.57	45.18	98.57
67.4	97.98	45.06	97.98
67.6	97.44	45.08	97.44
67.8	97.0	45.22	97.0
68.0	96.83	45.51	96.83
68.2	96.91	45.9	96.91
68.4	97.12	46.32	97.12
68.6	97.44	46.73	97.44
68.8	97.92	47.03	97.92
69.0	98.49	47.21	98.49
69.2	99.07	47.34	99.07
69.4	99.61	47.43	99.61
69.6	99.95	47.53	99.95
69.8	100.11	47.61	100.11
70.0	100.17	47.61	100.17
70.2	100.12	47.49	100.12
70.4	99.97	47.04	99.97
70.6	99.75	46.33	99.75
70.8	99.45	45.56	99.45
71.0	99.1	44.82	99.1
71.2	98.69	44.27	98.69
71.4	98.22	44.05	98.22
71.6	97.75	43.97	97.75
71.8	97.32	44.0	97.32
72.0	96.96	44.13	96.96
72.2	96.77	44.27	96.77
72.4	96.68	44.51	96.68
72.6	96.71	44.84	96.71
72.8	96.86	45.29	96.86
73.0	96.78	46.01	96.78
73.2	96.93	46.82	96.93
73.4	96.8	47.62	96.8
73.6	96.66	48.34	96.66
73.8	96.53	48.82	96.53
74.0	96.39	49.14	96.39
74.2	96.26	49.28	96.26
74.4	96.12	49.21	96.12
74.6	95.99	48.76	95.99
74.8	95.86	48.14	95.86
75.0	95.72	47.41	95.72
75.2	95.59	46.62	95.59
75.4	95.45	45.87	95.45
75.6	95.32	45.15	95.32
75.8	95.18	44.49	95.18
76.0	95.05	43.93	95.05
76.2	94.92	43.53	94.92
76.4	94.78	43.31	94.78
76.6	94.65	43.27	94.65
76.8	94.51	43.43	94.51
77.0	94.38	43.9	94.38
77.2	94.24	44.77	94.24
77.4	94.11	45.8	94.11
77.6	93.98	46.9	93.98
77.8	93.84	48.01	93.84
78.0	93.71	48.91	93.71
78.2	94.36	49.69	94.36
78.4	95.9	50.43	95.9
78.6	97.95	51.1	97.95
78.8	99.47	51.79	99.47
79.0	100.62	52.45	100.62
79.2	101.73	52.99	101.73
79.4	102.78	53.38	102.78
79.6	103.74	53.42	103.74
79.8	104.58	53.11	104.58
80.0	105.32	52.69	105.32
80.2	105.96	52.23	105.96
80.4	106.46	51.83	106.46
80.6	106.68	51.71	106.68
80.8	106.86	51.66	106.86
81.0	107.08	51.69	107.08
81.2	107.38	51.79	107.38
81.4	108.18	51.98	108.18
81.6	109.12	52.21	109.12
81.8	110.11	52.46	110.11
82.0	111.07	52.7	111.07
82.2	111.84	52.92	111.84
82.4	112.44	53.08	112.44
82.6	112.89	53.16	112.89
82.8	113.18	53.13	113.18
83.0	113.23	52.88	113.23
83.2	113.06	52.45	113.06
83.4	112.73	51.92	112.73
83.6	112.25	51.3	112.25
83.8	111.63	50.59	111.63
84.0	110.86	49.8	110.86
84.2	110.04	49.03	110.04
84.4	109.2	48.32	109.2
84.6	108.41	47.71	108.41
84.8	107.85	47.5	107.85
85.0	107.4	47.47	107.4
85.2	107.01	47.56	107.01
85.4	106.68	47.73	106.68
85.6	106.4	47.96	106.4
85.8	106.05	48.11	106.05
86.0	105.76	48.3	105.76
86.2	105.55	48.54	105.55
86.4	105.46	48.82	105.46
86.6	105.6	49.25	105.6
86.8	105.94	49.78	105.94
87.0	106.36	50.28	106.36
87.2	106.82	50.72	106.82
87.4	107.26	50.96	107.26
87.6	107.64	50.97	107.64
87.8	107.95	50.85	107.95
88.0	108.18	50.62	108.18
88.2	108.23	50.25	108.23
88.4	108.04	49.75	108.04
88.6	107.76	49.22	107.76
88.8	107.43	48.72	107.43
89.0	107.09	48.33	107.09
89.2	106.89	48.29	106.89
89.4	106.69	48.35	106.69
89.6	106.51	48.45	106.51
89.8	106.33	48.57	106.33
90.0	106.04	48.45	106.04
90.2	105.75	48.28	105.75
90.4	105.54	48.19	105.54
90.6	105.45	48.22	105.45
90.8	105.65	48.7	105.65
91.0	106.1	49.5	106.1
91.2	106.68	50.34	106.68
91.4	107.34	51.12	107.34
91.6	108.1	51.55	108.1
91.8	108.89	51.68	108.89
92.0	109.61	51.64	109.61
92.2	110.21	51.46	110.21
92.4	110.44	51.19	110.44
92.6	110.41	50.83	110.41
92.8	110.22	50.37	110.22
93.0	109.92	49.8	109.92
93.2	109.57	49.04	109.57
93.4	109.19	48.18	109.19
93.6	108.76	47.31	108.76
93.8	108.3	46.5	108.3
94.0	107.8	45.87	107.8
94.2	107.28	45.53	107.28
94.4	106.79	45.33	106.79
94.6	106.35	45.27	106.35
94.8	105.99	45.36	105.99
95.0	105.81	45.59	105.81
95.2	105.75	45.95	105.75
95.4	105.79	46.41	105.79
95.6	105.94	46.98	105.94
95.8	106.21	47.71	106.21
96.0	106.6	48.55	106.6
96.2	107.07	49.38	107.07
96.4	107.6	50.14	107.6
96.6	108.19	50.66	108.19
96.8	108.83	50.88	108.83
97.0	109.45	51.02	109.45
97.2	110.02	51.11	110.02
97.4	110.46	51.31	110.46
97.6	110.7	51.67	110.7
97.8	110.86	52.0	110.86
98.0	110.95	52.23	110.95
98.2	111.0	52.24	111.0
98.4	111.07	51.79	111.07
98.6	111.09	51.22	111.09
98.8	111.04	50.6	111.04
99.0	110.93	50.0	110.93
99.2	110.58	49.62	110.58
99.4	110.16	49.37	110.16
99.6	109.75	49.21	109.75
99.8	109.4	49.16	109.4
100.0	109.25	49.3	109.25
100.2	109.31	49.59	109.31
100.4	109.47	49.94	109.47
100.6	109.71	50.31	109.71
100.8	110.02	50.61	110.02
101.0	110.39	50.83	110.39
101.2	110.76	51.0	110.76
101.4	111.11	51.13	111.11
101.6	111.38	51.19	111.38
101.8	111.56	51.2	111.56
102.0	111.65	51.15	111.65
102.2	111.64	51.06	111.64
102.4	111.43	50.91	111.43
102.6	111.09	50.72	111.09
102.8	110.69	50.5	110.69
103.0	110.25	50.26	110.25
103.2	109.89	50.04	109.89
103.4	109.6	49.83	109.6
103.6	109.29	49.6	109.29
103.8	108.95	49.34	108.95
104.0	108.52	49.02	108.52
104.2	107.92	48.55	107.92
104.4	107.31	48.1	107.31
104.6	106.73	47.73	106.73
104.8	106.23	47.47	106.23
105.0	105.94	47.59	105.94
105.2	105.77	47.85	105.77
105.4	105.71	48.2	105.71
105.6	105.76	48.6	105.76
105.8	106.0	48.96	106.0
106.0	106.34	49.29	106.34
106.2	106.73	49.61	106.73
106.4	107.11	49.91	107.11
106.6	107.37	50.24	107.37
106.8	107.56	50.52	107.56
107.0	107.7	50.71	107.7
107.2	107.79	50.76	107.79
107.4	107.83	50.43	107.83
107.6	107.81	49.91	107.81
107.8	107.75	49.29	107.75
108.0	107.63	48.63	107.63
108.2	107.45	48.08	107.45
108.4	107.22	47.6	107.22
108.6	106.95	47.15	106.95
108.8	106.66	46.72	106.66
109.0	106.39	46.31	106.39
109.2	106.13	45.92	106.13
109.4	105.85	45.57	105.85
109.6	105.52	45.3	105.52
109.8	105.11	45.12	105.11
110.0	103.82	45.18	103.82
110.2	102.79	45.3	102.79
110.4	102.29	45.43	102.29
110.6	102.17	45.55	102.17
110.8	102.06	45.27	102.06
111.0	101.94	44.93	101.94
111.2	101.83	44.75	101.83
111.4	101.72	44.87	101.72
111.6	101.6	45.97	101.6
111.8	101.49	47.46	101.49
112.0	101.38	48.92	101.38
112.2	101.26	49.89	101.26
112.4	101.15	49.91	101.15
112.6	101.04	49.7	101.04
112.8	100.92	49.41	100.92
113.0	100.81	49.64	100.81
113.2	100.7	50.31	100.7
113.4	100.58	50.94	100.58
113.6	100.47	51.39	100.47
113.8	100.36	51.04	100.36
114.0	100.24	49.98	100.24
114.2	100.13	48.77	100.13
114.4	100.02	47.57	100.02
114.6	99.9	46.86	99.9
114.8	99.79	46.8	99.79
115.0	99.68	46.9	99.68
115.2	99.56	47.09	99.56
115.4	99.45	47.13	99.45
115.6	99.33	46.82	99.33
115.8	99.22	46.5	99.22
116.0	99.16	46.22	99.16
116.2	99.75	46.02	99.75
116.4	99.91	46.15	99.91
116.6	100.0	46.48	100.0
116.8	100.27	46.88	100.27
117.0	100.69	47.34	100.69
117.2	101.23	47.8	101.23
117.4	101.84	48.23	101.84
117.6	102.46	48.65	102.46
117.8	103.06	49.04	103.06
118.0	103.46	49.38	103.46
118.2	103.73	49.67	103.73
118.4	103.93	49.88	103.93
118.6	104.08	49.99	104.08
118.8	104.22	49.87	104.22
119.0	104.34	49.65	104.34
119.2	104.4	49.37	104.4
119.4	104.41	49.07	104.41
119.6	104.32	48.83	104.32
119.8	104.17	48.66	104.17
120.0	103.99	48.53	103.99
120.2	103.8	48.46	103.8
120.4	103.61	48.56	103.61
120.6	103.44	48.78	103.44
120.8	103.32	49.01	103.32
121.0	103.27	49.21	103.27
121.2	103.35	49.14	103.35
121.4	103.55	48.9	103.55
121.6	103.85	48.71	103.85
121.8	104.25	48.66	104.25
122.0	104.43	49.25	104.43
122.2	104.72	50.15	104.72
122.4	104.85	51.08	104.85
122.6	104.97	51.88	104.97
122.8	105.1	52.02	105.1
123.0	105.22	51.87	105.22
123.2	105.35	51.56	105.35
123.4	105.47	51.16	105.47
123.6	105.6	50.88	105.6
123.8	105.72	50.56	105.72
124.0	105.85	50.19	105.85
124.2	105.97	49.72	105.97
124.4	106.1	49.04	106.1
124.6	106.22	48.39	106.22
124.8	106.35	47.85	106.35
125.0	106.47	47.53	106.47
125.2	106.6	47.79	106.6
125.4	106.72	48.2	106.72
125.6	106.85	48.69	106.85
125.8	106.97	49.08	106.97
126.0	107.1	49.18	107.1
126.2	107.22	49.32	107.22
126.4	107.35	49.56	107.35
126.6	107.47	50.25	107.47
126.8	107.6	51.31	107.6
127.0	107.72	52.3	107.72
127.2	107.85	53.02	107.85
127.4	107.97	52.69	107.97
127.6	108.07	51.88	108.07
127.8	107.97	50.91	107.97
128.0	107.73	49.99	107.73
128.2	107.37	49.66	107.37
128.4	106.92	49.43	106.92
128.6	106.4	49.24	106.4
128.8	105.87	49.0	105.87
129.0	105.42	48.49	105.42
129.2	104.95	47.96	104.95
129.4	104.48	47.43	104.48
129.6	103.99	46.94	103.99
129.8	103.39	46.62	103.39
130.0	102.77	46.41	102.77
130.2	102.2	46.28	102.2
130.4	101.72	46.24	101.72
130.6	101.43	46.34	101.43
130.8	101.38	46.57	101.38
131.0	101.44	46.83	101.44
131.2	101.62	47.07	101.62
131.4	101.88	47.17	101.88
131.6	102.23	47.04	102.23
131.8	102.62	46.93	102.62
132.0	103.03	46.9	103.03
132.2	103.46	47.26	103.46
132.4	103.88	47.92	103.88
132.6	104.23	48.6	104.23
132.8	104.5	49.17	104.5
133.0	104.54	49.3	104.54
133.2	104.45	49.14	104.45
133.4	104.26	48.8	104.26
133.6	104.02	48.27	104.02
133.8	103.78	47.44	103.78
134.0	103.51	46.54	103.51
134.2	103.21	45.66	103.21
134.4	102.88	44.9	102.88
134.6	102.48	44.64	102.48
134.8	102.08	44.54	102.08
135.0	101.73	44.57	101.73
135.2	101.44	44.7	101.44
135.4	101.28	44.68	101.28
135.6	101.24	44.76	101.24
135.8	101.33	45.01	101.33
136.0	101.57	45.51	101.57
136.2	102.1	46.65	102.1
136.4	102.74	47.9	102.74
136.6	103.45	49.11	103.45
136.8	104.2	49.99	104.2
137.0	104.93	50.42	104.93
137.2	105.6	50.62	105.6
137.4	106.14	50.61	106.14
137.6	106.37	50.34	106.37
137.8	106.4	49.92	106.4
138.0	106.3	49.44	106.3
138.2	106.09	49.0	106.09
138.4	105.79	48.81	105.79
138.6	105.43	48.66	105.43
138.8	105.04	48.5	105.04
139.0	104.67	48.27	104.67
139.2	104.38	47.88	104.38
139.4	104.07	47.48	104.07
139.6	103.75	47.09	103.75
139.8	103.38	46.77	103.38
140.0	102.84	46.62	102.84
140.2	102.3	46.55	102.3
140.4	101.8	46.53	101.8
140.6	101.36	46.57	101.36
140.8	100.56	46.54	100.56
141.0	100.1	46.59	100.1
141.2	100.1	46.78	100.1
141.4	100.09	47.17	100.09
141.6	100.09	48.09	100.09
141.8	100.08	49.09	100.08
142.0	100.08	50.05	100.08
142.2	100.07	50.76	100.07
142.4	100.07	51.06	100.07
142.6	100.06	51.2	100.06
142.8	100.06	51.22	100.06
143.0	100.05	51.22	100.05
143.2	100.05	51.15	100.05
143.4	100.04	50.98	100.04
143.6	100.04	50.67	100.04
143.8	100.03	50.2	100.03
144.0	100.03	49.65	100.03
144.2	100.02	49.08	100.02
144.4	100.02	48.54	100.02
144.6	100.01	48.08	100.01
144.8	100.0	47.65	100.0
145.0	100.0	47.25	100.0
145.2	99.99	46.89	99.99
145.4	99.99	46.56	99.99
145.6	99.98	46.29	99.98
145.8	99.98	46.12	99.98
146.0	99.97	46.06	99.97
146.2	99.97	46.25	99.97
146.4	99.96	46.52	99.96
146.6	100.26	46.84	100.26
146.8	101.14	47.18	101.14
147.0	101.59	47.39	101.59
147.2	102.13	47.59	102.13
147.4	102.77	47.81	102.77
147.6	103.44	48.09	103.44
147.8	104.01	48.6	104.01
148.0	104.52	49.1	104.52
148.2	104.94	49.52	104.94
148.4	105.21	49.73	105.21
148.6	105.27	49.64	105.27
148.8	105.24	49.39	105.24
149.0	105.13	49.0	105.13
149.2	105.03	48.42	105.03
149.4	104.96	47.71	104.96
149.6	104.83	46.96	104.83
149.8	104.64	46.27	104.64
150.0	104.25	45.74	104.25
150.2	103.68	45.44	103.68
150.4	103.13	45.3	103.13
150.6	102.66	45.31	102.66
150.8	102.5	45.6	102.5
151.0	102.66	46.12	102.66
151.2	102.95	46.71	102.95
151.4	103.34	47.31	103.34
151.6	103.82	47.72	103.82
151.8	104.31	47.99	104.31
152.0	104.78	48.18	104.78
152.2	105.18	48.3	105.18
152.4	104.84	48.41	104.84
152.6	104.59	48.45	104.59
152.8	104.68	48.42	104.68
153.0	104.55	48.26	104.55
153.2	104.42	47.89	104.42
153.4	104.28	47.47	104.28
153.6	104.15	47.05	104.15
153.8	104.02	46.74	104.02
154.0	103.89	46.71	103.89
154.2	103.75	46.75	103.75
154.4	103.62	46.84	103.62
154.6	103.49	46.91	103.49
154.8	103.35	46.75	103.35
155.0	103.22	46.63	103.22
155.2	103.09	46.6	103.09
155.4	102.96	46.72	102.96
155.6	102.82	47.28	102.82
155.8	102.69	48.06	102.69
156.0	102.56	48.9	102.56
156.2	102.42	49.7	102.42
156.4	102.29	50.28	102.29
156.6	102.16	50.74	102.16
156.8	102.02	51.06	102.02
157.0	101.89	51.19	101.89
157.2	101.27	51.1	101.27
157.4	101.78	50.87	101.78
157.6	102.94	50.52	102.94
157.8	103.66	50.06	103.66
158.0	103.53	49.51	103.53
158.2	103.3	48.93	103.3
158.4	102.97	48.33	102.97
158.6	102.52	47.74	102.52
158.8	101.93	47.18	101.93
159.0	101.35	46.73	101.35
159.2	100.81	46.44	100.81
159.4	100.41	46.44	100.41
159.6	100.31	46.97	100.31
159.8	100.34	47.68	100.34
160.0	100.48	48.5	100.48
160.2	100.73	49.35	100.73
160.4	101.1	50.13	101.1
160.6	101.51	50.81	101.51
160.8	101.91	51.34	101.91
161.0	102.24	51.59	102.24
161.2	102.41	51.38	102.41
161.4	102.49	50.99	102.49
161.6	102.5	50.47	102.5
161.8	102.43	49.9	102.43
162.0	102.27	49.39	102.27
162.2	102.05	48.87	102.05
162.4	101.79	48.35	101.79
162.6	101.5	47.84	101.5
162.8	101.2	47.33	101.2
163.0	100.89	46.89	100.89
163.2	100.6	46.53	100.6
163.4	100.31	46.3	100.31
163.6	99.45	46.34	99.45
163.8	98.88	46.51	98.88
164.0	98.88	46.76	98.88
164.2	98.88	47.09	98.88
164.4	98.88	47.41	98.88
164.6	98.88	47.77	98.88
164.8	98.88	48.14	98.88
165.0	98.88	48.53	98.88
165.2	98.88	48.95	98.88
165.4	98.88	49.34	98.88
165.6	98.88	49.69	98.88
165.8	98.87	49.99	98.87
166.0	98.87	50.26	98.87
166.2	98.87	50.39	98.87
166.4	98.87	50.34	98.87
166.6	98.87	49.93	98.87
166.8	98.87	49.11	98.87
167.0	98.87	48.14	98.87
167.2	98.87	47.09	98.87
167.4	98.87	46.06	98.87
167.6	98.87	45.11	98.87
167.8	98.86	44.32	98.86
168.0	98.86	43.74	98.86
168.2	98.86	43.47	98.86
168.4	98.86	44.05	98.86
168.6	98.86	45.0	98.86
168.8	98.86	45.99	98.86
169.0	98.86	46.88	98.86
169.2	98.86	46.9	98.86
169.4	98.86	46.65	98.86
169.6	100.02	46.26	100.02
169.8	101.66	45.83	101.66
170.0	102.12	45.64	102.12
170.2	102.03	45.57	102.03
170.4	101.82	45.55	101.82
170.6	101.51	45.54	101.51
170.8	101.18	45.53	101.18
171.0	100.81	45.52	100.81
171.2	100.39	45.5	100.39
171.4	99.95	45.48	99.95
171.6	99.44	45.36	99.44
171.8	98.84	45.1	98.84
172.0	98.3	44.91	98.3
172.2	97.89	44.84	97.89
172.4	97.66	44.98	97.66
172.6	97.88	45.66	97.88
172.8	98.3	46.52	98.3
173.0	98.9	47.52	98.9
173.2	99.66	48.59	99.66
173.4	100.58	49.69	100.58
173.6	101.59	50.76	101.59
173.8	102.65	51.77	102.65
174.0	103.72	52.63	103.72
174.2	104.76	53.24	104.76
174.4	105.74	53.67	105.74
174.6	106.62	53.92	106.62
174.8	107.34	53.97	107.34
175.0	107.83	53.78	107.83
175.2	108.18	53.42	108.18
175.4	108.41	52.9	108.41
175.6	108.29	52.21	108.29
175.8	107.79	51.35	107.79
176.0	107.49	50.45	107.49
176.2	107.26	49.56	107.26
176.4	107.03	48.8	107.03
176.6	106.81	48.27	106.81
176.8	106.58	47.84	106.58
177.0	106.35	47.49	106.35
177.2	106.12	47.18	106.12
177.4	105.89	46.84	105.89
177.6	105.66	46.61	105.66
177.8	105.43	46.55	105.43
178.0	105.2	46.79	105.2
178.2	104.97	47.54	104.97
178.4	104.74	48.34	104.74
178.6	104.51	49.07	104.51
178.8	104.28	49.23	104.28
179.0	104.05	48.76	104.05
179.2	103.82	48.12	103.82
179.4	103.59	47.41	103.59
179.6	103.36	46.75	103.36
179.8	103.13	46.63	103.13
180.0	102.9	46.62	102.9
180.2	102.67	46.66	102.67
180.4	102.44	46.68	102.44
180.6	102.21	46.57	102.21
180.8	101.98	46.43	101.98
181.0	101.75	46.28	101.75
181.2	101.52	46.13	101.52
181.4	101.79	45.98	101.79
181.6	101.49	45.83	101.49
181.8	101.2	45.72	101.2
182.0	100.93	45.65	100.93
182.2	100.69	45.63	100.69
182.4	100.42	45.77	100.42
182.6	100.21	45.95	100.21
182.8	100.08	46.17	100.08
183.0	100.05	46.4	100.05
183.2	100.25	46.53	100.25
183.4	100.62	46.62	100.62
183.6	101.08	46.78	101.08
183.8	101.61	47.05	101.61
184.0	102.21	47.68	102.21
184.2	102.84	48.51	102.84
184.4	103.45	49.35	103.45
184.6	104.01	50.1	104.01
184.8	104.42	50.46	104.42
185.0	104.7	50.5	104.7
185.2	104.89	50.36	104.89
185.4	104.98	50.07	104.98
185.6	104.95	49.61	104.95
185.8	104.82	49.02	104.82
186.0	104.63	48.39	104.63
186.2	104.4	47.79	104.4
186.4	104.15	47.35	104.15
186.6	103.91	47.19	103.91
186.8	103.69	47.11	103.69
187.0	103.52	47.07	103.52
187.2	103.41	47.06	103.41
187.4	102.9	46.91	102.9
187.6	102.7	46.76	102.7
187.8	102.37	46.64	102.37
188.0	102.03	46.55	102.03
188.2	101.7	46.59	101.7
188.4	101.37	46.68	101.37
188.6	101.04	46.77	101.04
188.8	100.71	46.86	100.71
189.0	100.37	46.93	100.37
189.2	100.04	46.95	100.04
189.4	99.71	46.89	99.71
189.6	99.38	46.72	99.38
189.8	99.05	46.17	99.05
190.0	98.72	45.44	98.72
190.2	98.38	44.68	98.38
190.4	98.05	43.96	98.05
190.6	97.72	43.37	97.72
190.8	97.39	43.26	97.39
191.0	97.06	43.36	97.06
191.2	96.73	43.6	96.73
191.4	96.39	43.96	96.39
191.6	96.06	44.49	96.06
191.8	95.73	45.11	95.73
192.0	95.4	45.75	95.4
192.2	95.07	46.34	95.07
192.4	94.73	46.72	94.73
192.6	94.4	46.77	94.4
192.8	95.04	46.75	95.04
193.0	96.43	46.72	96.43
193.2	98.12	46.74	98.12
193.4	98.53	47.21	98.53
193.6	98.88	47.71	98.88
193.8	99.15	48.17	99.15
194.0	99.36	48.53	99.36
194.2	99.51	48.45	99.51
194.4	99.6	48.13	99.6
194.6	99.63	47.7	99.63
194.8	99.61	47.2	99.61
195.0	99.48	46.66	99.48
195.2	99.27	46.12	99.27
195.4	99.07	45.68	99.07
195.6	98.94	45.37	98.94
195.8	98.93	45.32	98.93
196.0	99.12	45.7	99.12
196.2	99.47	46.28	99.47
196.4	99.98	47.01	99.98
196.6	100.69	47.87	100.69
196.8	101.65	48.84	101.65
197.0	102.78	49.86	102.78
197.2	104.05	50.87	104.05
197.4	105.5	51.84	105.5
197.6	107.16	52.74	107.16
197.8	108.79	53.46	108.79
198.0	110.3	53.96	110.3
198.2	111.41	54.02	111.41
198.4	112.07	53.62	112.07
198.6	112.5	52.95	112.5
198.8	112.75	52.08	112.75
199.0	112.91	51.03	112.91
199.2	112.99	49.87	112.99
199.4	112.97	48.67	112.97
199.6	112.85	47.49	112.85
199.8	112.62	46.41	112.62
200.0	112.24	45.56	112.24
200.2	111.83	44.86	111.83
200.4	111.43	44.33	111.43
200.6	111.08	43.99	111.08
200.8	111.03	44.0	111.03
201.0	111.06	44.22	111.06
201.2	111.11	44.57	111.11
201.4	111.14	45.01	111.14
201.6	110.92	45.46	110.92
201.8	110.58	45.93	110.58
202.0	110.25	46.4	110.25
202.2	109.98	46.86	109.98
202.4	110.01	47.27	110.01
202.6	110.29	47.62	110.29
202.8	110.61	47.92	110.61
203.0	110.92	48.16	110.92
203.2	111.05	48.33	111.05
203.4	110.97	48.41	110.97
203.6	110.85	48.44	110.85
203.8	110.7	48.43	110.7
204.0	110.66	48.36	110.66
204.2	110.7	48.26	110.7
204.4	110.73	48.13	110.73
204.6	110.73	48.0	110.73
204.8	110.56	47.85	110.56
205.0	110.26	47.71	110.26
205.2	109.97	47.62	109.97
205.4	109.71	47.6	109.71
205.6	109.65	47.8	109.65
205.8	109.77	48.16	109.77
206.0	109.97	48.58	109.97
206.2	110.21	49.04	110.21
206.4	110.49	49.46	110.49
206.6	110.77	49.83	110.77
206.8	111.02	50.13	111.02
207.0	111.18	50.34	111.18
207.2	110.74	50.4	110.74
207.4	109.74	50.3	109.74
207.6	109.23	50.05	109.23
207.8	109.04	49.62	109.04
208.0	108.85	48.94	108.85
208.2	108.65	48.06	108.65
208.4	108.46	47.04	108.46
208.6	108.27	45.93	108.27
208.8	108.07	44.6	108.07
209.0	107.88	43.3	107.88
209.2	107.68	42.18	107.68
209.4	107.49	41.59	107.49
209.6	107.3	41.74	107.3
209.8	107.1	42.05	107.1
210.0	106.91	42.31	106.91
210.2	106.72	41.82	106.72
210.4	106.52	40.68	106.52
210.6	106.27	39.39	106.27
210.8	106.02	38.09	106.02
211.0	105.76	37.0	105.76
211.2	105.51	36.55	105.51
211.4	105.26	36.3	105.26
211.6	105.0	36.25	105.0
211.8	104.75	36.37	104.75
212.0	104.5	36.62	104.5
212.2	104.25	37.02	104.25
212.4	103.99	37.56	103.99
212.6	103.74	38.23	103.74
212.8	103.49	39.05	103.49
213.0	103.23	39.96	103.23
213.2	102.98	40.93	102.98
213.4	102.73	42.03	102.73
213.6	102.47	43.19	102.47
213.8	102.22	44.2	102.22
214.0	101.97	44.95	101.97
214.2	101.72	44.94	101.72
214.4	101.46	44.59	101.46
214.6	101.9	44.02	101.9
214.8	102.0	43.37	102.0
215.0	101.62	42.79	101.62
215.2	101.05	42.2	101.05
215.4	100.36	41.64	100.36
215.6	99.7	41.16	99.7
215.8	99.21	40.82	99.21
216.0	98.76	40.55	98.76
216.2	98.34	40.34	98.34
216.4	97.97	40.21	97.97
216.6	97.67	40.07	97.67
216.8	97.41	40.01	97.41
217.0	97.18	40.04	97.18
217.2	96.96	40.17	96.96
217.4	96.68	40.49	96.68
217.6	96.37	40.98	96.37
217.8	96.12	41.55	96.12
218.0	95.95	42.19	95.95
218.2	95.96	42.88	95.96
218.4	96.18	43.6	96.18
218.6	96.5	44.31	96.5
218.8	96.89	44.96	96.89
219.0	97.36	45.52	97.36
219.2	97.87	45.94	97.87
219.4	98.36	46.25	98.36
219.6	98.77	46.42	98.77
219.8	98.93	46.37	98.93
220.0	98.89	46.14	98.89
220.2	98.77	45.83	98.77
220.4	98.61	45.49	98.61
220.6	98.51	45.23	98.51
220.8	98.45	45.05	98.45
221.0	98.4	44.9	98.4
221.2	98.37	44.78	98.37
221.4	98.35	44.73	98.35
221.6	98.36	44.75	98.36
221.8	98.37	44.78	98.37
222.0	98.37	44.8	98.37
222.2	98.37	44.75	98.37
222.4	98.36	44.56	98.36
222.6	98.32	44.34	98.32
222.8	98.26	44.12	98.26
223.0	98.17	43.9	98.17
223.2	97.92	43.71	97.92
223.4	97.67	43.57	97.67
223.6	97.46	43.51	97.46
223.8	97.34	43.56	97.34
224.0	97.43	43.84	97.43
224.2	97.67	44.25	97.67
224.4	98.04	44.75	98.04
224.6	98.53	45.3	98.53
224.8	99.33	45.96	99.33
225.0	100.2	46.6	100.2
225.2	101.06	47.15	101.06
225.4	101.79	47.55	101.79
225.6	102.14	47.56	102.14
225.8	102.34	47.4	102.34
226.0	102.38	47.08	102.38
226.2	102.3	46.6	102.3
226.4	102.08	45.98	102.08
226.6	101.79	45.31	101.79
226.8	101.46	44.67	101.46
227.0	101.17	44.16	101.17
227.2	100.97	43.91	100.97
227.4	100.77	43.75	100.77
227.6	100.58	43.68	100.58
227.8	100.38	43.67	100.38
228.0	100.15	43.72	100.15
228.2	99.89	43.79	99.89
228.4	99.62	43.86	99.62
228.6	99.32	43.88	99.32
228.8	98.95	43.7	98.95
229.0	98.55	43.42	98.55
229.2	98.14	43.15	98.14
229.4	97.74	42.91	97.74
229.6	97.33	42.84	97.33
229.8	96.92	42.99	96.92
230.0	96.58	43.19	96.58
230.2	96.32	43.38	96.32
230.4	96.24	43.51	96.24
230.6	96.46	43.46	96.46
230.8	96.75	43.36	96.75
231.0	97.06	43.22	97.06
231.2	97.33	43.07	97.33
231.4	97.29	42.9	97.29
231.6	97.19	42.74	97.19
231.8	97.05	42.59	97.05
232.0	96.89	42.48	96.89
232.2	96.72	42.37	96.72
232.4	96.59	42.33	96.59
232.6	96.54	42.37	96.54
232.8	96.59	42.53	96.59
233.0	96.84	42.94	96.84
233.2	97.29	43.52	97.29
233.4	97.86	44.2	97.86
233.6	98.55	44.93	98.55
233.8	98.65	45.74	98.65
234.0	98.75	46.55	98.75
234.2	98.86	47.26	98.86
234.4	98.96	47.81	98.96
234.6	99.06	47.93	99.06
234.8	99.16	47.8	99.16
235.0	99.26	47.49	99.26
235.2	99.36	47.03	99.36
235.4	99.46	46.42	99.46
235.6	99.56	45.73	99.56
235.8	99.66	44.97	99.66
236.0	99.76	44.18	99.76
236.2	99.86	43.34	99.86
236.4	99.97	42.55	99.97
236.6	100.07	41.86	100.07
236.8	100.17	41.33	100.17
237.0	100.27	41.2	100.27
237.2	100.37	41.43	100.37
237.4	100.47	41.81	100.47
237.6	100.57	42.29	100.57
237.8	100.67	42.73	100.67
238.0	100.77	43.05	100.77
238.2	100.87	43.37	100.87
238.4	100.98	43.69	100.98
238.6	101.08	44.02	101.08
238.8	101.18	44.42	101.18
239.0	101.28	44.83	101.28
239.2	101.38	45.23	101.38
239.4	101.48	45.59	101.48
239.6	102.22	45.91	102.22
239.8	102.52	46.16	102.52
240.0	102.78	46.33	102.78
240.2	103.02	46.42	103.02
240.4	103.27	46.34	103.27
240.6	103.5	46.12	103.5
240.8	103.7	45.85	103.7
241.0	103.84	45.56	103.84
241.2	103.88	45.37	103.88
241.4	103.81	45.28	103.81
241.6	103.68	45.21	103.68
241.8	103.52	45.13	103.52
242.0	103.34	44.99	103.34
242.2	103.17	44.75	103.17
242.4	102.99	44.48	102.99
242.6	102.8	44.19	102.8
242.8	102.62	43.91	102.62
243.0	102.45	43.65	102.45
243.2	102.3	43.41	102.3
243.4	102.14	43.21	102.14
243.6	101.98	43.05	101.98
243.8	101.77	42.96	101.77
244.0	101.56	42.94	101.56
244.2	101.39	42.98	101.39
244.4	101.3	43.08	101.3
244.6	101.43	43.34	101.43
244.8	101.73	43.68	101.73
245.0	102.07	44.03	102.07
245.2	102.39	44.34	102.39
245.4	102.55	44.47	102.55
245.6	102.55	44.44	102.55
245.8	102.49	44.32	102.49
246.0	102.38	44.11	102.38
246.2	102.25	43.79	102.25
246.4	102.12	43.36	102.12
246.6	101.98	42.95	101.98
246.8	101.84	42.59	101.84
247.0	101.71	42.4	101.71
247.2	101.62	42.52	101.62
247.4	101.55	42.75	101.55
247.6	101.48	43.04	101.48
247.8	101.43	43.36	101.43
248.0	101.39	43.58	101.39
248.2	101.35	43.82	101.35
248.4	101.33	44.07	101.33
248.6	101.31	44.35	101.31
248.8	101.25	44.73	101.25
249.0	101.21	45.12	101.21
249.2	101.24	45.51	101.24
249.4	101.34	45.9	101.34
249.6	101.7	46.28	101.7
249.8	102.14	46.61	102.14
250.0	102.58	46.86	102.58
250.2	103.0	47.0	103.0
250.4	103.19	46.82	103.19
250.6	103.3	46.54	103.3
250.8	103.33	46.2	103.33
251.0	103.31	45.85	103.31
251.2	103.26	45.7	103.26
251.4	103.17	45.6	103.17
251.6	103.04	45.52	103.04
251.8	102.87	45.44	102.87
252.0	102.65	45.29	102.65
252.2	102.4	45.08	102.4
252.4	102.12	44.87	102.12
252.6	101.82	44.69	101.82
252.8	101.49	44.55	101.49
253.0	101.11	44.47	101.11
253.2	100.76	44.45	100.76
253.4	100.47	44.53	100.47
253.6	100.29	44.72	100.29
253.8	100.3	45.1	100.3
254.0	100.41	45.59	100.41
254.2	100.63	46.15	100.63
254.4	100.95	46.8	100.95
254.6	101.41	47.59	101.41
254.8	101.93	48.36	101.93
255.0	102.47	49.04	102.47
255.2	103.0	49.5	103.0
255.4	103.48	49.57	103.48
255.6	103.89	49.47	103.89
255.8	104.23	49.21	104.23
256.0	104.41	48.81	104.41
256.2	104.42	48.28	104.42
256.4	104.35	47.71	104.35
256.6	104.21	47.11	104.21
256.8	104.05	46.63	104.05
257.0	103.89	46.31	103.89
257.2	103.72	46.0	103.72
257.4	103.55	45.68	103.55
257.6	103.41	45.26	103.41
257.8	103.32	44.5	103.32
258.0	103.25	43.81	103.25
258.2	103.19	43.27	103.19
258.4	103.16	42.99	103.16
258.6	103.13	43.58	103.13
258.8	103.11	44.4	103.11
259.0	103.11	45.34	103.11
259.2	103.12	46.26	103.12
259.4	103.13	46.98	103.13
259.6	103.15	47.56	103.15
259.8	103.2	47.96	103.2
260.0	103.31	48.01	103.31
260.2	103.49	47.67	103.49
260.4	103.65	47.15	103.65
260.6	103.77	46.5	103.77
260.8	103.76	45.82	103.76
261.0	103.48	45.19	103.48
261.2	103.13	44.59	103.13
261.4	102.73	44.04	102.73
261.6	102.32	43.59	102.32
261.8	102.0	43.42	102.0
262.0	101.72	43.36	101.72
262.2	101.47	43.37	101.47
262.4	101.27	43.44	101.27
262.6	101.09	43.41	101.09
262.8	100.96	43.37	100.96
263.0	100.92	43.41	100.92
263.2	100.99	43.57	100.99
263.4	101.25	44.01	101.25
263.6	101.66	44.65	101.66
263.8	102.14	45.35	102.14
264.0	102.67	46.04	102.67
264.2	103.18	46.65	103.18
264.4	103.68	47.15	103.68
264.6	104.15	47.5	104.15
264.8	104.57	47.62	104.57
265.0	104.91	47.36	104.91
265.2	105.18	46.92	105.18
265.4	105.37	46.36	105.37
265.6	105.47	45.71	105.47
265.8	105.47	45.01	105.47
266.0	105.38	44.35	105.38
266.2	105.21	43.82	105.21
266.4	104.93	43.57	104.93
266.6	104.5	43.83	104.5
266.8	104.04	44.23	104.04
267.0	103.6	44.67	103.6
267.2	103.25	45.01	103.25
267.4	103.1	44.96	103.1
267.6	103.03	44.86	103.03
267.8	103.02	44.79	103.02
268.0	103.08	44.8	103.08
268.2	103.22	45.25	103.22
268.4	103.37	45.73	103.37
268.6	103.52	46.17	103.52
268.8	103.63	46.43	103.63
269.0	103.64	46.24	103.64
269.2	103.6	45.9	103.6
269.4	103.48	45.47	103.48
269.6	103.28	44.98	103.28
269.8	102.41	44.61	102.41
270.0	101.63	44.25	101.63
270.2	101.64	43.87	101.64
270.4	101.65	43.48	101.65
270.6	101.66	42.83	101.66
270.8	101.67	42.17	101.67
271.0	101.68	41.67	101.68
271.2	101.69	41.45	101.69
271.4	101.69	41.95	101.69
271.6	101.7	43.05	101.7
271.8	101.71	44.31	101.71
272.0	101.72	45.6	101.72
272.2	101.73	46.45	101.73
272.4	101.74	47.03	101.74
272.6	101.75	47.45	101.75
272.8	101.76	47.75	101.76
273.0	101.77	47.98	101.77
273.2	101.78	48.14	101.78
273.4	101.78	48.17	101.78
273.6	101.79	48.06	101.79
273.8	101.8	47.69	101.8
274.0	101.81	47.13	101.81
274.2	101.82	46.49	101.82
274.4	101.83	45.82	101.83
274.6	101.84	45.24	101.84
274.8	101.85	44.74	101.85
275.0	101.86	44.28	101.86
275.2	101.87	43.86	101.87
275.4	101.87	43.44	101.87
275.6	101.88	43.06	101.88
275.8	102.19	42.78	102.19
276.0	103.12	42.6	103.12
276.2	103.72	42.67	103.72
276.4	103.9	42.94	103.9
276.6	104.11	43.3	104.11
276.8	104.34	43.7	104.34
277.0	104.56	44.07	104.56
277.2	104.77	44.4	104.77
277.4	104.91	44.68	104.91
277.6	104.97	44.87	104.97
277.8	104.78	44.83	104.78
278.0	104.45	44.65	104.45
278.2	104.05	44.42	104.05
278.4	103.61	44.18	103.61
278.6	103.27	44.0	103.27
278.8	103.01	43.9	103.01
279.0	102.76	43.88	102.76
279.2	102.51	43.94	102.51
279.4	102.21	44.13	102.21
279.6	101.76	44.53	101.76
279.8	101.36	45.0	101.36
280.0	101.06	45.5	101.06
280.2	100.96	45.97	100.96
280.4	101.36	46.3	101.36
280.6	101.85	46.59	101.85
280.8	102.37	46.86	102.37
281.0	102.82	47.11	102.82
281.2	102.81	47.46	102.81
281.4	102.71	47.76	102.71
281.6	102.56	47.99	102.56
281.8	102.4	48.1	102.4
282.0	101.87	47.79	101.87
282.2	101.99	47.4	101.99
282.4	102.11	47.0	102.11
282.6	102.23	46.64	102.23
282.8	102.35	46.54	102.35
283.0	102.46	46.59	102.46
283.2	102.58	46.78	102.58
283.4	102.7	47.1	102.7
283.6	102.82	47.77	102.82
283.8	102.94	48.54	102.94
284.0	103.05	49.23	103.05
284.2	103.17	49.7	103.17
284.4	103.29	49.42	103.29
284.6	103.41	48.89	103.41
284.8	103.53	48.16	103.53
285.0	103.65	47.32	103.65
285.2	103.76	46.44	103.76
285.4	103.88	45.58	103.88
285.6	104.0	44.79	104.0
285.8	104.12	44.14	104.12
286.0	104.24	43.94	104.24
286.2	104.35	43.93	104.35
286.4	104.47	44.01	104.47
286.6	104.59	44.06	104.59
286.8	104.71	43.72	104.71
287.0	104.83	43.36	104.83
287.2	104.95	43.04	104.95
287.4	105.06	42.81	105.06
287.6	105.18	42.91	105.18
287.8	105.3	43.38	105.3
