0.2	126.09	75.87	126.09
0.4	125.87	75.0	125.87
0.6	125.66	74.61	125.66
0.8	125.46	74.63	125.46
1.0	125.31	74.96	125.31
1.2	125.23	75.53	125.23
1.4	125.22	76.25	125.22
1.6	125.32	77.06	125.32
1.8	125.63	77.78	125.63
2.0	126.1	78.4	126.1
2.2	126.63	78.95	126.63
2.4	127.18	79.41	127.18
2.6	127.59	79.64	127.59
2.8	127.99	79.79	127.99
3.0	128.39	79.9	128.39
3.2	128.83	80.1	128.83
3.4	129.35	80.42	129.35
3.6	129.86	80.7	129.86
3.8	130.33	80.86	130.33
4.0	130.72	80.66	130.72
4.2	131.03	80.25	131.03
4.4	131.24	79.75	131.24
4.6	131.34	79.21	131.34
4.8	131.26	78.85	131.26
5.0	131.08	78.47	131.08
5.2	130.83	78.02	130.83
5.4	130.53	77.41	130.53
5.6	130.22	76.58	130.22
5.8	129.86	75.73	129.86
6.0	129.46	74.94	129.46
6.2	129.03	74.44	129.03
6.4	128.57	74.14	128.57
6.6	128.04	73.91	128.04
6.8	127.45	73.68	127.45
7.0	126.64	73.19	126.64
7.2	125.79	72.69	125.79
7.4	124.98	72.25	124.98
7.6	124.28	71.98	124.28
7.8	123.84	72.04	123.84
8.0	123.53	72.25	123.53
8.2	123.33	72.59	123.33
8.4	123.23	73.06	123.23
8.6	123.22	73.61	123.22
8.8	123.29	74.2	123.29
9.0	123.43	74.77	123.43
9.2	123.66	75.25	123.66
9.4	123.94	75.64	123.94
9.6	124.23	75.9	124.23
9.8	124.48	75.97	124.48
10.0	124.63	75.66	124.63
10.2	124.77	75.3	124.77
10.4	124.9	74.98	124.9
10.6	125.07	75.04	125.07
10.8	125.3	75.46	125.3
11.0	125.51	75.93	125.51
11.2	125.71	76.38	125.71
11.4	125.83	76.49	125.83
11.6	125.9	76.44	125.9
11.8	125.94	76.3	125.94
12.0	125.96	76.11	125.96
12.2	125.99	75.89	125.99
12.4	125.99	75.66	125.99
12.6	125.95	75.45	125.95
12.8	125.82	75.3	125.82
13.0	125.58	75.22	125.58
13.2	125.33	75.21	125.33
13.4	125.08	75.27	125.08
13.6	124.89	75.43	124.89
13.8	124.77	75.69	124.77
14.0	124.72	76.02	124.72
14.2	124.76	76.42	124.76
14.4	124.91	76.94	124.91
14.6	125.17	77.51	125.17
14.8	125.57	78.09	125.57
15.0	126.17	78.64	126.17
15.2	127.01	79.12	127.01
15.4	127.92	79.59	127.92
15.6	128.83	80.04	128.83
15.8	129.55	80.57	129.55
16.0	130.14	81.1	130.14
16.2	130.63	81.53	130.63
16.4	131.03	81.79	131.03
16.6	131.31	81.65	131.31
16.8	131.51	81.34	131.51
17.0	131.65	80.89	131.65
17.2	131.75	80.35	131.75
17.4	131.83	79.76	131.83
17.6	131.86	79.12	131.86
17.8	131.83	78.48	131.83
18.0	131.72	77.89	131.72
18.2	131.55	77.34	131.55
18.4	131.32	76.83	131.32
18.6	131.06	76.35	131.06
18.8	130.78	75.88	130.78
19.0	130.48	75.45	130.48
19.2	130.15	75.06	130.15
19.4	129.78	74.71	129.78
19.6	129.36	74.44	129.36
19.8	128.93	74.21	128.93
20.0	128.49	74.04	128.49
20.2	128.06	73.92	128.06
20.4	127.64	73.83	127.64
20.6	127.27	73.81	127.27
20.8	126.95	73.86	126.95
21.0	126.71	73.98	126.71
21.2	126.56	74.18	126.56
21.4	126.55	74.48	126.55
21.6	126.69	74.91	126.69
21.8	127.11	75.59	127.11
22.0	127.76	76.47	127.76
22.2	128.55	77.37	128.55
22.4	129.44	78.23	129.44
22.6	130.36	78.87	130.36
22.8	131.3	79.36	131.3
23.0	132.21	79.71	132.21
23.2	133.05	79.87	133.05
23.4	133.73	79.79	133.73
23.6	134.33	79.59	134.33
23.8	134.86	79.32	134.86
24.0	135.37	79.1	135.37
24.2	135.84	78.93	135.84
24.4	136.24	78.75	136.24
24.6	136.56	78.55	136.56
24.8	136.72	78.23	136.72
25.0	136.76	77.87	136.76
25.2	136.73	77.52	136.73
25.4	136.66	77.23	136.66
25.6	136.58	77.16	136.58
25.8	136.49	77.16	136.49
26.0	136.37	77.2	136.37
26.2	136.24	77.25	136.24
26.4	136.14	77.2	136.14
26.6	136.0	77.13	136.0
26.8	135.81	77.07	135.81
27.0	135.52	77.02	135.52
27.2	135.01	77.03	135.01
27.4	134.44	77.04	134.44
27.6	133.85	77.05	133.85
27.8	133.27	77.01	133.27
28.0	132.75	76.86	132.75
28.2	132.31	76.74	132.31
28.4	131.98	76.68	131.98
28.6	131.84	76.79	131.84
28.8	131.94	77.12	131.94
29.0	132.18	77.55	132.18
29.2	132.54	78.07	132.54
29.4	133.0	78.66	133.0
29.6	133.54	79.28	133.54
29.8	134.17	79.9	134.17
30.0	134.87	80.5	134.87
30.2	135.66	80.96	135.66
30.4	136.5	81.35	136.5
30.6	137.34	81.66	137.34
30.8	138.14	81.92	138.14
31.0	138.84	82.16	138.84
31.2	139.46	82.31	139.46
31.4	139.99	82.36	139.99
31.6	140.38	82.23	140.38
31.8	140.59	81.84	140.59
32.0	140.71	81.38	140.71
32.2	140.76	80.91	140.76
32.4	140.78	80.56	140.78
32.6	140.78	80.36	140.78
32.8	140.74	80.21	140.74
33.0	140.63	80.1	140.63
33.2	140.43	80.0	140.43
33.4	140.16	79.9	140.16
33.6	139.84	79.8	139.84
33.8	139.46	79.66	139.46
34.0	138.97	79.33	138.97
34.2	138.46	78.96	138.46
34.4	138.0	78.66	138.0
34.6	137.64	78.49	137.64
34.8	137.55	78.74	137.55
35.0	137.62	79.17	137.62
35.2	137.84	79.71	137.84
35.4	138.23	80.35	138.23
35.6	138.86	81.05	138.86
35.8	139.55	81.75	139.55
36.0	140.26	82.37	140.26
36.2	140.86	82.8	140.86
36.4	141.29	83.0	141.29
36.6	141.64	83.05	141.64
36.8	141.91	82.98	141.91
37.0	142.11	82.77	142.11
37.2	142.22	82.45	142.22
37.4	142.25	82.04	142.25
37.6	142.19	81.57	142.19
37.8	142.03	81.05	142.03
38.0	141.78	80.5	141.78
38.2	141.46	79.94	141.46
38.4	141.07	79.4	141.07
38.6	140.64	78.89	140.64
38.8	140.15	78.42	140.15
39.0	139.61	77.97	139.61
39.2	139.0	77.58	139.0
39.4	138.35	77.24	138.35
39.6	137.63	76.93	137.63
39.8	136.85	76.64	136.85
40.0	135.96	76.3	135.96
40.2	134.97	75.91	134.97
40.4	133.98	75.57	133.98
40.6	133.04	75.28	133.04
40.8	132.18	75.13	132.18
41.0	131.46	75.1	131.46
41.2	130.89	75.16	130.89
41.4	130.52	75.28	130.52
41.6	130.53	75.37	130.53
41.8	130.76	75.56	130.76
42.0	131.14	75.89	131.14
42.2	131.61	76.5	131.61
42.4	132.1	77.52	132.1
42.6	132.7	78.6	132.7
42.8	133.42	79.65	133.42
43.0	134.34	80.32	134.34
43.2	135.4	80.76	135.4
43.4	136.5	81.07	136.5
43.6	137.61	81.32	137.61
43.8	138.66	81.62	138.66
44.0	139.64	81.84	139.64
44.2	140.52	81.97	140.52
44.4	141.2	81.91	141.2
44.6	141.68	81.68	141.68
44.8	142.08	81.39	142.08
45.0	142.41	81.07	142.41
45.2	142.79	80.76	142.79
45.4	143.15	80.5	143.15
45.6	143.47	80.29	143.47
45.8	143.77	80.27	143.77
46.0	144.04	80.5	144.04
46.2	144.24	80.73	144.24
46.4	144.33	80.9	144.33
46.6	144.2	80.74	144.2
46.8	143.91	80.34	143.91
47.0	143.52	79.84	143.52
47.2	143.08	79.29	143.08
47.4	142.63	78.78	142.63
47.6	142.18	78.3	142.18
47.8	141.75	77.89	141.75
48.0	141.39	77.63	141.39
48.2	141.12	77.56	141.12
48.4	140.89	77.53	140.89
48.6	140.67	77.51	140.67
48.8	140.44	77.41	140.44
49.0	140.2	77.21	140.2
49.2	139.94	76.92	139.94
49.4	139.64	76.5	139.64
49.6	139.25	75.81	139.25
49.8	138.83	75.05	138.83
50.0	138.37	74.25	138.37
50.2	137.88	73.51	137.88
50.4	137.37	72.85	137.37
50.6	136.84	72.28	136.84
50.8	136.29	71.82	136.29
51.0	135.71	71.6	135.71
51.2	135.11	71.52	135.11
51.4	134.5	71.53	134.5
51.6	133.89	71.59	133.89
51.8	133.33	71.62	133.33
52.0	132.77	71.67	132.77
52.2	132.19	71.69	132.19
52.4	131.55	71.65	131.55
52.6	130.82	71.49	130.82
52.8	130.11	71.35	130.11
53.0	129.47	71.27	129.47
53.2	128.94	71.33	128.94
53.4	128.56	71.53	128.56
53.6	128.31	71.84	128.31
53.8	128.21	72.27	128.21
54.0	128.39	72.91	128.39
54.2	128.7	73.62	128.7
54.4	129.12	74.36	129.12
54.6	129.6	75.08	129.6
54.8	130.1	75.73	130.1
55.0	130.64	76.29	130.64
55.2	131.17	76.72	131.17
55.4	131.7	76.84	131.7
55.6	132.2	76.81	132.2
55.8	132.64	76.72	132.64
56.0	132.97	76.64	132.97
56.2	133.16	76.67	133.16
56.4	133.29	76.66	133.29
56.6	133.41	76.59	133.41
56.8	133.61	76.27	133.61
57.0	133.84	75.85	133.84
57.2	134.08	75.44	134.08
57.4	134.31	75.12	134.31
57.6	134.55	75.18	134.55
57.8	134.75	75.31	134.75
58.0	134.89	75.44	134.89
58.2	134.88	75.42	134.88
58.4	134.68	75.17	134.68
58.6	134.46	74.9	134.46
58.8	134.27	74.68	134.27
59.0	134.26	74.7	134.26
59.2	134.39	74.88	134.39
59.4	134.57	75.12	134.57
59.6	134.79	75.41	134.79
59.8	135.0	75.65	135.0
60.0	135.21	75.87	135.21
60.2	135.39	76.07	135.39
60.4	135.53	76.2	135.53
60.6	135.57	76.23	135.57
60.8	135.59	76.23	135.59
61.0	135.58	76.22	135.58
61.2	135.59	76.27	135.59
61.4	135.6	76.37	135.6
61.6	135.59	76.43	135.59
61.8	135.57	76.43	135.57
62.0	135.5	76.26	135.5
62.2	135.41	75.98	135.41
62.4	135.29	75.64	135.29
62.6	135.16	75.26	135.16
62.8	135.04	74.88	135.04
63.0	134.89	74.47	134.89
63.2	134.7	74.06	134.7
63.4	134.44	73.62	134.44
63.6	134.08	73.16	134.08
63.8	133.69	72.75	133.69
64.0	133.27	72.45	133.27
64.2	132.83	72.4	132.83
64.4	132.41	72.55	132.41
64.6	132.05	72.78	132.05
64.8	131.79	73.05	131.79
65.0	131.81	73.2	131.81
65.2	131.97	73.32	131.97
65.4	132.23	73.46	132.23
65.6	132.57	73.65	132.57
65.8	132.94	73.94	132.94
66.0	133.36	74.23	133.36
66.2	133.79	74.49	133.79
66.4	134.22	74.65	134.22
66.6	134.63	74.69	134.63
66.8	135.02	74.66	135.02
67.0	135.36	74.56	135.36
67.2	135.62	74.33	135.62
67.4	135.8	74.04	135.8
67.6	135.93	73.73	135.93
67.8	136.01	73.42	136.01
68.0	136.03	73.21	136.03
68.2	135.99	73.03	135.99
68.4	135.91	72.88	135.91
68.6	135.79	72.78	135.79
68.8	135.64	72.78	135.64
69.0	135.44	72.75	135.44
69.2	135.18	72.66	135.18
69.4	134.8	72.31	134.8
69.6	134.31	71.68	134.31
69.8	133.78	71.05	133.78
70.0	133.26	70.54	133.26
70.2	132.83	70.52	132.83
70.4	132.47	70.88	132.47
70.6	132.17	71.35	132.17
70.8	131.91	71.86	131.91
71.0	131.73	72.12	131.73
71.2	131.59	72.25	131.59
71.4	131.48	72.33	131.48
71.6	131.38	72.38	131.38
71.8	131.27	72.44	131.27
72.0	131.15	72.47	131.15
72.2	131.01	72.47	131.01
72.4	130.84	72.44	130.84
72.6	130.6	72.37	130.6
72.8	130.32	72.25	130.32
73.0	130.02	72.08	130.02
73.2	129.69	71.85	129.69
73.4	129.33	71.51	129.33
73.6	128.96	71.15	128.96
73.8	128.57	70.81	128.57
74.0	128.2	70.56	128.2
74.2	127.85	70.51	127.85
74.4	127.49	70.5	127.49
74.6	127.12	70.48	127.12
74.8	126.69	70.34	126.69
75.0	126.13	69.92	126.13
75.2	125.6	69.52	125.6
75.4	125.15	69.25	125.15
75.6	124.9	69.31	124.9
75.8	124.95	69.91	124.95
76.0	125.14	70.65	125.14
76.2	125.43	71.47	125.43
76.4	125.81	72.16	125.81
76.6	126.24	72.66	126.24
76.8	126.72	73.11	126.72
77.0	127.25	73.51	127.25
77.2	127.83	73.96	127.83
77.4	128.43	74.4	128.43
77.6	129.0	74.77	129.0
77.8	129.5	75.02	129.5
78.0	129.78	75.02	129.78
78.2	129.93	74.85	129.93
78.4	130.02	74.57	130.02
78.6	130.07	74.21	130.07
78.8	130.22	73.78	130.22
79.0	130.38	73.33	130.38
79.2	130.52	72.9	130.52
79.4	130.61	72.54	130.61
79.6	130.57	72.42	130.57
79.8	130.46	72.43	130.46
80.0	130.31	72.49	130.31
80.2	130.14	72.54	130.14
80.4	130.01	72.45	130.01
80.6	129.89	72.3	129.89
80.8	129.78	72.13	129.78
81.0	129.67	71.97	129.67
81.2	129.54	71.81	129.54
81.4	129.43	71.69	129.43
81.6	129.37	71.64	129.37
81.8	129.39	71.68	129.39
82.0	129.63	72.03	129.63
82.2	129.99	72.52	129.99
82.4	130.39	73.0	130.39
82.6	130.8	73.42	130.8
82.8	131.11	73.46	131.11
83.0	131.37	73.34	131.37
83.2	131.58	73.13	131.58
83.4	131.75	72.88	131.75
83.6	131.81	72.8	131.81
83.8	131.82	72.72	131.82
84.0	131.81	72.61	131.81
84.2	131.8	72.43	131.8
84.4	131.87	72.04	131.87
84.6	131.96	71.54	131.96
84.8	132.03	71.01	132.03
85.0	132.08	70.46	132.08
85.2	131.99	69.94	131.99
85.4	131.83	69.47	131.83
85.6	131.68	69.06	131.68
85.8	131.57	68.75	131.57
86.0	131.62	68.63	131.62
86.2	131.8	68.67	131.8
86.4	132.0	68.78	132.0
86.6	132.21	68.93	132.21
86.8	132.27	68.98	132.27
87.0	132.21	68.96	132.21
87.2	132.19	68.97	132.19
87.4	132.27	69.05	132.27
87.6	132.64	69.33	132.64
87.8	133.29	69.8	133.29
88.0	134.02	70.32	134.02
88.2	134.79	70.86	134.79
88.4	135.46	71.33	135.46
88.6	136.04	71.73	136.04
88.8	136.56	72.04	136.56
89.0	137.0	72.26	137.0
89.2	137.29	72.21	137.29
89.4	137.47	72.02	137.47
89.6	137.6	71.8	137.6
89.8	137.67	71.62	137.67
90.0	137.69	71.73	137.69
90.2	137.7	71.97	137.7
90.4	137.73	72.26	137.73
90.6	137.82	72.57	137.82
90.8	138.1	72.8	138.1
91.0	138.49	72.98	138.49
91.2	138.93	73.15	138.93
91.4	139.41	73.28	139.41
91.6	139.93	73.47	139.93
91.8	140.45	73.63	140.45
92.0	140.92	73.69	140.92
92.2	141.31	73.61	141.31
92.4	141.45	73.09	141.45
92.6	141.43	72.3	141.43
92.8	141.34	71.49	141.34
93.0	141.23	70.75	141.23
93.2	141.2	70.42	141.2
93.4	141.24	70.42	141.24
93.6	141.3	70.6	141.3
93.8	141.39	70.93	141.39
94.0	141.5	71.45	141.5
94.2	141.63	72.08	141.63
94.4	141.74	72.67	141.74
94.6	141.83	73.16	141.83
94.8	141.82	73.22	141.82
95.0	141.75	73.05	141.75
95.2	141.67	72.76	141.67
95.4	141.59	72.4	141.59
95.6	141.59	72.15	141.59
95.8	141.59	71.9	141.59
96.0	141.59	71.64	141.59
96.2	141.54	71.35	141.54
96.4	141.41	70.98	141.41
96.6	141.22	70.59	141.22
96.8	140.97	70.21	140.97
97.0	140.66	69.88	140.66
97.2	140.28	69.7	140.28
97.4	139.84	69.58	139.84
97.6	139.35	69.47	139.35
97.8	138.81	69.34	138.81
98.0	138.07	69.01	138.07
98.2	137.35	68.69	137.35
98.4	136.72	68.45	136.72
98.6	136.26	68.34	136.26
98.8	136.19	68.59	136.19
99.0	136.32	68.98	136.32
99.2	136.63	69.49	136.63
99.4	137.1	70.14	137.1
99.6	137.74	70.95	137.74
99.8	138.48	71.76	138.48
100.0	139.26	72.48	139.26
100.2	140.06	72.95	140.06
100.4	140.83	73.11	140.83
100.6	141.52	73.1	141.52
100.8	142.1	72.94	142.1
101.0	142.4	72.62	142.4
101.2	142.48	72.18	142.48
101.4	142.46	71.68	142.46
101.6	142.36	71.18	142.36
101.8	142.31	70.78	142.31
102.0	142.25	70.43	142.25
102.2	142.15	70.13	142.15
102.4	142.02	69.88	142.02
102.6	141.87	69.74	141.87
102.8	141.67	69.64	141.67
103.0	141.4	69.54	141.4
103.2	141.03	69.38	141.03
103.4	140.38	69.0	140.38
103.6	139.73	68.65	139.73
103.8	139.16	68.39	139.16
104.0	138.82	68.41	138.82
104.2	138.88	68.83	138.88
104.4	139.09	69.39	139.09
104.6	139.4	70.02	139.4
104.8	139.77	70.62	139.77
105.0	140.15	71.15	140.15
105.2	140.54	71.59	140.54
105.4	140.91	71.89	140.91
105.6	141.21	71.86	141.21
105.8	141.44	71.63	141.44
106.0	141.62	71.28	141.62
106.2	141.72	70.88	141.72
106.4	141.68	70.52	141.68
106.6	141.58	70.16	141.58
106.8	141.44	69.8	141.44
107.0	141.31	69.49	141.31
107.2	141.21	69.26	141.21
107.4	141.11	69.05	141.11
107.6	140.99	68.83	140.99
107.8	140.84	68.52	140.84
108.0	140.65	68.1	140.65
108.2	140.42	67.7	140.42
108.4	140.13	67.38	140.13
108.6	139.7	67.26	139.7
108.8	139.17	67.33	139.17
109.0	138.65	67.49	138.65
109.2	138.2	67.72	138.2
109.4	138.0	67.94	138.0
109.6	137.95	68.17	137.95
109.8	137.96	68.41	137.96
110.0	138.02	68.67	138.02
110.2	137.98	68.94	137.98
110.4	137.98	69.2	137.98
110.6	138.04	69.44	138.04
110.8	138.21	69.64	138.21
111.0	138.55	69.8	138.55
111.2	138.93	69.9	138.93
111.4	139.31	69.91	139.31
111.6	139.6	69.77	139.6
111.8	139.78	69.5	139.78
112.0	139.92	69.18	139.92
112.2	140.03	68.85	140.03
112.4	140.15	68.62	140.15
112.6	140.24	68.43	140.24
112.8	140.29	68.24	140.29
113.0	140.27	68.03	140.27
113.2	140.17	67.75	140.17
113.4	139.99	67.46	139.99
113.6	139.73	67.17	139.73
113.8	139.33	66.89	139.33
114.0	138.76	66.63	138.76
114.2	138.2	66.43	138.2
114.4	137.72	66.33	137.72
114.6	137.55	66.45	137.55
114.8	137.61	66.73	137.61
115.0	137.8	67.08	137.8
115.2	138.1	67.48	138.1
115.4	138.5	67.85	138.5
115.6	138.94	68.22	138.94
115.8	139.38	68.57	139.38
116.0	139.74	68.92	139.74
116.2	139.97	69.25	139.97
116.4	140.16	69.51	140.16
116.6	140.34	69.66	140.34
116.8	140.61	69.52	140.61
117.0	140.9	69.21	140.9
117.2	141.15	68.87	141.15
117.4	141.32	68.55	141.32
117.6	141.25	68.45	141.25
117.8	141.11	68.43	141.11
118.0	140.95	68.47	140.95
118.2	140.8	68.57	140.8
118.4	140.73	68.71	140.73
118.6	140.71	68.91	140.71
118.8	140.76	69.15	140.76
119.0	140.93	69.4	140.93
119.2	141.2	69.67	141.2
119.4	141.57	70.02	141.57
119.6	142.02	70.45	142.02
119.8	142.63	71.2	142.63
120.0	143.29	72.01	143.29
120.2	143.94	72.74	143.94
120.4	144.47	73.18	144.47
120.6	144.78	73.08	144.78
120.8	145.0	72.8	145.0
121.0	145.15	72.39	145.15
121.2	145.28	72.07	145.28
121.4	145.39	71.81	145.39
121.6	145.44	71.51	145.44
121.8	145.45	71.16	145.45
122.0	145.37	70.61	145.37
122.2	145.24	70.01	145.24
122.4	145.09	69.42	145.09
122.6	144.95	68.94	144.95
122.8	144.96	68.76	144.96
123.0	144.93	68.65	144.93
123.2	144.83	68.6	144.83
123.4	144.57	68.52	144.57
123.6	144.04	68.37	144.04
123.8	143.4	68.19	143.4
124.0	142.69	67.98	142.69
124.2	141.92	67.69	141.92
124.4	141.12	67.35	141.12
124.6	140.38	67.04	140.38
124.8	139.73	66.81	139.73
125.0	139.4	66.8	139.4
125.2	139.22	66.92	139.22
125.4	139.11	67.14	139.11
125.6	139.01	67.49	139.01
125.8	138.82	68.05	138.82
126.0	138.62	68.56	138.62
126.2	138.4	68.93	138.4
126.4	138.12	68.75	138.12
126.6	137.79	68.13	137.79
126.8	137.46	67.46	137.46
127.0	137.14	66.9	137.14
127.2	136.87	67.07	136.87
127.4	136.64	67.52	136.64
127.6	136.46	68.08	136.46
127.8	136.34	68.62	136.34
128.0	136.37	68.87	136.37
128.2	136.42	69.04	136.42
128.4	136.47	69.14	136.47
128.6	136.41	69.17	136.41
128.8	136.17	69.09	136.17
129.0	135.9	69.02	135.9
129.2	135.65	68.98	135.65
129.4	135.53	69.13	135.53
129.6	135.55	69.45	135.55
129.8	135.63	69.82	135.63
130.0	135.79	70.2	135.79
130.2	136.04	70.55	136.04
130.4	136.33	70.84	136.33
130.6	136.63	71.05	136.63
130.8	136.91	71.17	136.91
131.0	137.07	71.08	137.07
131.2	137.19	70.9	137.19
131.4	137.26	70.65	137.26
131.6	137.27	70.36	137.27
131.8	137.2	70.03	137.2
132.0	137.14	69.72	137.14
132.2	137.13	69.44	137.13
132.4	137.3	69.31	137.3
132.6	137.62	69.3	137.62
132.8	137.99	69.33	137.99
133.0	138.35	69.37	138.35
133.2	138.59	69.27	138.59
133.4	138.76	69.15	138.76
133.6	138.92	69.08	138.92
133.8	139.07	69.14	139.07
134.0	139.24	69.56	139.24
134.2	139.42	70.02	139.42
134.4	139.58	70.43	139.58
134.6	139.68	70.53	139.68
134.8	139.72	70.24	139.72
135.0	139.81	69.97	139.81
135.2	140.03	69.83	140.03
135.4	140.58	70.37	140.58
135.6	141.34	71.24	141.34
135.8	142.2	72.16	142.2
136.0	143.09	72.94	143.09
136.2	143.93	73.27	143.93
136.4	144.74	73.4	144.74
136.6	145.48	73.32	145.48
136.8	146.11	73.01	146.11
137.0	146.62	72.51	146.62
137.2	147.01	71.88	147.01
137.4	147.29	71.17	147.29
137.6	147.41	70.51	147.41
137.8	147.41	69.82	147.41
138.0	147.3	69.13	147.3
138.2	147.09	68.41	147.09
138.4	146.78	67.65	146.78
138.6	146.39	66.94	146.39
138.8	145.97	66.3	145.97
139.0	145.53	65.82	145.53
139.2	145.09	65.51	145.09
139.4	144.66	65.32	144.66
139.6	144.26	65.25	144.26
139.8	143.95	65.37	143.95
140.0	143.68	65.59	143.68
140.2	143.39	65.81	143.39
140.4	143.07	65.98	143.07
140.6	142.59	65.76	142.59
140.8	142.05	65.51	142.05
141.0	141.48	65.3	141.48
141.2	140.85	65.32	140.85
141.4	140.19	65.69	140.19
141.6	139.57	66.14	139.57
141.8	139.01	66.61	139.01
142.0	138.61	66.8	138.61
142.2	138.34	66.94	138.34
142.4	138.23	67.15	138.23
142.6	138.35	67.64	138.35
142.8	138.74	68.56	138.74
143.0	139.2	69.51	139.2
143.2	139.65	70.36	139.65
143.4	139.9	70.75	139.9
143.6	140.01	70.87	140.01
143.8	139.99	70.76	139.99
144.0	139.75	70.39	139.75
144.2	139.27	69.75	139.27
144.4	138.72	69.05	138.72
144.6	138.18	68.38	138.18
144.8	137.85	68.09	137.85
145.0	137.64	67.99	137.64
145.2	137.5	67.96	137.5
145.4	137.42	67.93	137.42
145.6	137.36	67.67	137.36
145.8	137.33	67.47	137.33
146.0	137.32	67.41	137.32
146.2	137.29	67.71	137.29
146.4	137.24	68.42	137.24
146.6	137.25	69.19	137.25
146.8	137.34	69.91	137.34
147.0	137.62	70.07	137.62
147.2	138.04	70.04	138.04
147.4	138.58	70.05	138.58
147.6	139.28	70.32	139.28
147.8	140.16	71.26	140.16
148.0	141.12	72.3	141.12
148.2	142.14	73.3	142.14
148.4	143.2	73.96	143.2
148.6	144.25	74.26	144.25
148.8	145.21	74.32	145.21
149.0	146.02	74.09	146.02
149.2	146.45	73.32	146.45
149.4	146.72	72.4	146.72
149.6	146.85	71.47	146.85
149.8	146.9	70.87	146.9
150.0	146.89	70.72	146.89
150.2	146.82	70.65	146.82
150.4	146.7	70.56	146.7
150.6	146.58	70.14	146.58
150.8	146.43	69.53	146.43
151.0	146.24	68.89	146.24
151.2	145.99	68.28	145.99
151.4	145.65	67.94	145.65
151.6	145.24	67.7	145.24
151.8	144.77	67.51	144.77
152.0	144.22	67.35	144.22
152.2	143.57	67.19	143.57
152.4	142.86	67.0	142.86
152.6	142.11	66.74	142.11
152.8	141.33	66.3	141.33
153.0	140.53	65.56	140.53
153.2	139.74	64.8	139.74
153.4	139.0	64.09	139.0
153.6	138.3	63.6	138.3
153.8	137.69	63.38	137.69
154.0	137.19	63.34	137.19
154.2	136.84	63.47	136.84
154.4	136.77	63.84	136.77
154.6	136.9	64.37	136.9
154.8	137.15	65.02	137.15
155.0	137.47	65.74	137.47
155.2	137.8	66.59	137.8
155.4	138.13	67.38	138.13
155.6	138.47	68.04	138.47
155.8	138.76	68.34	138.76
156.0	138.99	68.13	138.99
156.2	139.18	67.74	139.18
156.4	139.34	67.24	139.34
156.6	139.48	66.82	139.48
156.8	139.61	66.49	139.61
157.0	139.71	66.16	139.71
157.2	139.79	65.82	139.79
157.4	139.84	65.45	139.84
157.6	139.87	65.09	139.87
157.8	139.85	64.76	139.85
158.0	139.78	64.5	139.78
158.2	139.62	64.43	139.62
158.4	139.41	64.4	139.41
158.6	139.18	64.39	139.18
158.8	138.92	64.34	138.92
159.0	138.65	64.13	138.65
159.2	138.38	63.95	138.38
159.4	138.12	63.83	138.12
159.6	137.89	63.89	137.89
159.8	137.69	64.17	137.69
160.0	137.54	64.52	137.54
160.2	137.46	64.88	137.46
160.4	137.53	65.14	137.53
160.6	137.72	65.31	137.72
160.8	137.95	65.43	137.95
161.0	138.16	65.52	138.16
161.2	138.24	65.55	138.24
161.4	138.25	65.57	138.25
161.6	138.23	65.57	138.23
161.8	138.19	65.6	138.19
162.0	138.14	65.7	138.14
162.2	138.08	65.82	138.08
162.4	138.04	65.95	138.04
162.6	138.02	66.1	138.02
162.8	138.04	66.24	138.04
163.0	138.1	66.39	138.1
163.2	138.2	66.52	138.2
163.4	138.36	66.64	138.36
163.6	138.6	66.74	138.6
163.8	138.85	66.81	138.85
164.0	139.08	66.84	139.08
164.2	139.24	66.79	139.24
164.4	139.31	66.67	139.31
164.6	139.33	66.52	139.33
164.8	139.31	66.35	139.31
165.0	139.23	66.16	139.23
165.2	139.1	65.98	139.1
165.4	139.01	65.86	139.01
165.6	139.01	65.86	139.01
165.8	139.21	66.09	139.21
166.0	139.62	66.54	139.62
166.2	140.15	67.11	140.15
166.4	140.79	67.76	140.79
166.6	141.55	68.47	141.55
166.8	142.4	69.19	142.4
167.0	143.3	69.89	143.3
167.2	144.25	70.54	144.25
167.4	145.23	71.05	145.23
167.6	146.19	71.45	146.19
167.8	147.13	71.73	147.13
168.0	147.99	71.84	147.99
168.2	148.74	71.68	148.74
168.4	149.39	71.41	149.39
168.6	149.92	71.04	149.92
168.8	150.32	70.66	150.32
169.0	150.56	70.36	150.56
169.2	150.66	70.01	150.66
169.4	150.65	69.58	150.65
169.6	150.51	68.95	150.51
169.8	150.21	67.98	150.21
170.0	149.85	67.01	149.85
170.2	149.45	66.15	149.45
170.4	149.09	65.64	149.09
170.6	148.85	65.74	148.85
170.8	148.59	65.99	148.59
171.0	148.3	66.3	148.3
171.2	147.92	66.51	147.92
171.4	147.41	66.48	147.41
171.6	146.85	66.35	146.85
171.8	146.27	66.13	146.27
172.0	145.73	65.77	145.73
172.2	145.23	65.27	145.23
172.4	144.73	64.73	144.73
172.6	144.23	64.21	144.23
172.8	143.71	63.8	143.71
173.0	143.16	63.54	143.16
173.2	142.6	63.34	142.6
173.4	142.02	63.16	142.02
173.6	141.42	62.97	141.42
173.8	140.78	62.75	140.78
174.0	140.15	62.54	140.15
174.2	139.53	62.38	139.53
174.4	138.95	62.29	138.95
174.6	138.43	62.29	138.43
174.8	137.92	62.32	137.92
175.0	137.42	62.35	137.42
175.2	136.86	62.25	136.86
175.4	136.28	62.07	136.28
175.6	135.77	61.97	135.77
175.8	135.38	62.02	135.38
176.0	135.31	62.51	135.31
176.2	135.48	63.29	135.48
176.4	135.76	64.16	135.76
176.6	136.1	65.04	136.1
176.8	136.41	65.66	136.41
177.0	136.72	66.17	136.72
177.2	137.04	66.62	137.04
177.4	137.37	67.04	137.37
177.6	137.69	67.52	137.69
177.8	137.99	67.92	137.99
178.0	138.27	68.17	138.27
178.2	138.5	68.15	138.5
178.4	138.67	67.78	138.67
178.6	138.8	67.27	138.8
178.8	138.92	66.66	138.92
179.0	139.04	66.03	139.04
179.2	139.16	65.44	139.16
179.4	139.28	64.88	139.28
179.6	139.39	64.41	139.39
179.8	139.51	64.17	139.51
180.0	139.63	64.08	139.63
180.2	139.72	64.08	139.72
180.4	139.75	64.12	139.75
180.6	139.61	64.11	139.61
180.8	139.39	64.09	139.39
181.0	139.19	64.1	139.19
181.2	139.02	64.13	139.02
181.4	139.01	64.14	139.01
181.6	139.11	64.21	139.11
181.8	139.3	64.36	139.3
182.0	139.6	64.63	139.6
182.2	140.03	65.13	140.03
182.4	140.57	65.72	140.57
182.6	141.22	66.37	141.22
182.8	142.03	67.09	142.03
183.0	143.01	67.87	143.01
183.2	144.02	68.58	144.02
183.4	145.01	69.17	145.01
183.6	145.83	69.48	145.83
183.8	146.46	69.5	146.46
184.0	147.01	69.34	147.01
184.2	147.48	69.0	147.48
184.4	147.93	68.41	147.93
184.6	148.34	67.67	148.34
184.8	148.67	66.87	148.67
185.0	148.89	66.08	148.89
185.2	148.93	65.46	148.93
185.4	148.85	64.94	148.85
185.6	148.68	64.51	148.68
185.8	148.43	64.18	148.43
186.0	148.09	63.99	148.09
186.2	147.71	63.9	147.71
186.4	147.31	63.89	147.31
186.6	146.91	63.95	146.91
186.8	146.66	64.14	146.66
187.0	146.4	64.34	146.4
187.2	146.1	64.51	146.1
187.4	145.71	64.6	145.71
187.6	145.05	64.4	145.05
187.8	144.32	64.13	144.32
188.0	143.56	63.8	143.56
188.2	142.81	63.47	142.81
188.4	142.21	63.2	142.21
188.6	141.63	62.96	141.63
188.8	141.05	62.74	141.05
189.0	140.46	62.57	140.46
189.2	139.76	62.49	139.76
189.4	139.06	62.44	139.06
189.6	138.38	62.41	138.38
189.8	137.74	62.37	137.74
190.0	137.19	62.2	137.19
190.2	136.71	62.07	136.71
190.4	136.29	62.05	136.29
190.6	135.93	62.21	135.93
190.8	135.66	62.82	135.66
191.0	135.45	63.57	135.45
191.2	135.31	64.39	135.31
191.4	135.22	65.18	135.22
191.6	135.15	65.72	135.15
191.8	135.16	66.27	135.16
192.0	135.3	66.84	135.3
192.2	135.61	67.56	135.61
192.4	136.15	68.51	136.15
192.6	136.8	69.48	136.8
192.8	137.51	70.41	137.51
193.0	138.21	71.19	138.21
193.2	138.89	71.8	138.89
193.4	139.55	72.28	139.55
193.6	140.16	72.6	140.16
193.8	140.63	72.61	140.63
194.0	141.04	72.48	141.04
194.2	141.41	72.27	141.41
194.4	141.77	72.08	141.77
194.6	142.2	72.09	142.2
194.8	142.62	72.13	142.62
195.0	143.02	72.18	143.02
195.2	143.38	72.24	143.38
195.4	143.7	72.27	143.7
195.6	143.96	72.27	143.96
195.8	144.13	72.2	144.13
196.0	144.16	72.0	144.16
196.2	144.06	71.69	144.06
196.4	143.86	71.31	143.86
196.6	143.57	70.86	143.57
196.8	143.11	70.27	143.11
197.0	142.6	69.65	142.6
197.2	142.11	69.1	142.11
197.4	141.7	68.68	141.7
197.6	141.55	68.59	141.55
197.8	141.5	68.66	141.5
198.0	141.55	68.86	141.55
198.2	141.66	69.23	141.66
198.4	141.83	69.75	141.83
198.6	142.04	70.27	142.04
198.8	142.28	70.72	142.28
199.0	142.51	70.87	142.51
199.2	142.73	70.8	142.73
199.4	142.95	70.59	142.95
199.6	143.17	70.25	143.17
199.8	143.38	69.72	143.38
200.0	143.58	69.15	143.58
200.2	143.75	68.6	143.75
200.4	143.86	68.2	143.86
200.6	143.92	68.0	143.92
200.8	143.96	67.94	143.96
201.0	144.01	68.03	144.01
201.2	144.1	68.45	144.1
201.4	144.21	69.01	144.21
201.6	144.32	69.55	144.32
201.8	144.43	69.91	144.43
202.0	144.51	69.67	144.51
202.2	144.57	69.3	144.57
202.4	144.6	68.91	144.6
202.6	144.63	68.76	144.63
202.8	144.64	68.9	144.64
203.0	144.55	69.05	144.55
203.2	144.35	69.12	144.35
203.4	143.72	68.66	143.72
203.6	143.0	68.09	143.0
203.8	142.34	67.62	142.34
204.0	142.03	67.6	142.03
204.2	142.16	68.12	142.16
204.4	142.47	68.78	142.47
204.6	142.92	69.45	142.92
204.8	143.46	69.76	143.46
205.0	144.02	69.95	144.02
205.2	144.5	70.06	144.5
205.4	144.76	70.16	144.76
205.6	144.77	70.23	144.77
205.8	144.65	70.16	144.65
206.0	144.4	69.88	144.4
206.2	144.03	69.03	144.03
206.4	143.59	68.08	143.59
206.6	143.11	67.16	143.11
206.8	142.67	66.62	142.67
207.0	142.26	66.51	142.26
207.2	141.86	66.51	141.86
207.4	141.45	66.56	141.45
207.6	141.0	66.38	141.0
207.8	140.54	66.13	140.54
208.0	140.08	65.86	140.08
208.2	139.62	65.6	139.62
208.4	139.17	65.33	139.17
208.6	138.76	65.14	138.76
208.8	138.4	65.09	138.4
209.0	138.14	65.38	138.14
209.2	137.97	65.93	137.97
209.4	137.9	66.57	137.9
209.6	137.95	67.22	137.95
209.8	138.15	67.56	138.15
210.0	138.47	67.87	138.47
210.2	138.91	68.21	138.91
210.4	139.5	68.77	139.5
210.6	140.22	69.59	140.22
210.8	140.99	70.4	140.99
211.0	141.76	71.1	141.76
211.2	142.41	71.27	142.41
211.4	142.99	71.26	142.99
211.6	143.51	71.18	143.51
211.8	143.98	71.27	143.98
212.0	144.38	71.65	144.38
212.2	144.73	72.01	144.73
212.4	145.02	72.24	145.02
212.6	145.29	71.96	145.29
212.8	145.52	71.41	145.52
213.0	145.7	70.81	145.7
213.2	145.84	70.3	145.84
213.4	145.95	70.25	145.95
213.6	145.99	70.26	145.99
213.8	145.94	70.25	145.94
214.0	145.76	70.06	145.76
214.2	145.43	69.61	145.43
214.4	145.0	69.06	145.0
214.6	144.48	68.42	144.48
214.8	143.82	67.63	143.82
215.0	143.07	66.79	143.07
215.2	142.31	66.03	142.31
215.4	141.56	65.4	141.56
215.6	140.9	65.21	140.9
215.8	140.32	65.21	140.32
216.0	139.84	65.39	139.84
216.2	139.52	65.74	139.52
216.4	139.43	66.28	139.43
216.6	139.43	66.84	139.43
216.8	139.48	67.35	139.48
217.0	139.49	67.62	139.49
217.2	139.47	67.64	139.47
217.4	139.43	67.54	139.43
217.6	139.39	67.32	139.39
217.8	139.36	66.94	139.36
218.0	139.3	66.52	139.3
218.2	139.23	66.15	139.23
218.4	139.11	65.96	139.11
218.6	138.94	66.16	138.94
218.8	138.73	66.41	138.73
219.0	138.52	66.64	138.52
219.2	138.3	66.6	138.3
219.4	138.1	66.31	138.1
219.6	137.89	65.95	137.89
219.8	137.68	65.56	137.68
220.0	137.45	65.26	137.45
220.2	137.21	65.02	137.21
220.4	136.96	64.81	136.96
220.6	136.69	64.65	136.69
220.8	136.38	64.5	136.38
221.0	136.07	64.44	136.07
221.2	135.8	64.48	135.8
221.4	135.57	64.71	135.57
221.6	135.41	65.18	135.41
221.8	135.35	65.75	135.35
222.0	135.4	66.4	135.4
222.2	135.66	67.06	135.66
222.4	136.1	67.71	136.1
222.6	136.68	68.36	136.68
222.8	137.36	68.98	137.36
223.0	138.18	69.55	138.18
223.2	139.06	70.06	139.06
223.4	139.98	70.51	139.98
223.6	140.87	70.89	140.87
223.8	141.64	71.18	141.64
224.0	142.38	71.38	142.38
224.2	143.07	71.47	143.07
224.4	143.74	71.38	143.74
224.6	144.39	71.1	144.39
224.8	144.98	70.78	144.98
225.0	145.51	70.51	145.51
225.2	145.94	70.54	145.94
225.4	146.28	70.77	146.28
225.6	146.56	71.03	146.56
225.8	146.79	71.26	146.79
226.0	147.0	71.26	147.0
226.2	147.16	71.14	147.16
226.4	147.27	70.97	147.27
226.6	147.32	70.77	147.32
226.8	147.22	70.6	147.22
227.0	147.07	70.43	147.07
227.2	146.89	70.26	146.89
227.4	146.72	70.08	146.72
227.6	146.59	69.89	146.59
227.8	146.47	69.72	146.47
228.0	146.36	69.58	146.36
228.2	146.27	69.56	146.27
228.4	146.23	69.66	146.23
228.6	146.15	69.74	146.15
228.8	146.03	69.74	146.03
229.0	145.77	69.4	145.77
229.2	145.41	68.86	145.41
229.4	145.01	68.26	145.01
229.6	144.58	67.67	144.58
229.8	144.23	67.33	144.23
230.0	143.88	67.09	143.88
230.2	143.52	66.9	143.52
230.4	143.13	66.75	143.13
230.6	142.68	66.63	142.68
230.8	142.21	66.51	142.21
231.0	141.74	66.37	141.74
231.2	141.29	66.17	141.29
231.4	140.89	65.79	140.89
231.6	140.5	65.44	140.5
231.8	140.1	65.2	140.1
232.0	139.68	65.24	139.68
232.2	139.21	65.7	139.21
232.4	138.75	66.24	138.75
232.6	138.31	66.8	138.31
232.8	137.9	67.09	137.9
233.0	137.56	67.11	137.56
233.2	137.26	67.1	137.26
233.4	137.02	67.13	137.02
233.6	136.78	67.38	136.78
233.8	136.61	67.79	136.61
234.0	136.59	68.32	136.59
234.2	136.76	68.96	136.76
234.4	137.41	69.83	137.41
234.6	138.26	70.76	138.26
234.8	139.22	71.67	139.22
235.0	140.2	72.45	140.2
235.2	141.08	72.97	141.08
235.4	141.92	73.35	141.92
235.6	142.71	73.57	142.71
235.8	143.4	73.59	143.4
236.0	143.98	73.43	143.98
236.2	144.48	73.15	144.48
236.4	144.88	72.8	144.88
236.6	145.16	72.4	145.16
236.8	145.36	71.98	145.36
237.0	145.5	71.56	145.5
237.2	145.62	71.15	145.62
237.4	145.79	70.84	145.79
237.6	145.92	70.55	145.92
237.8	146.0	70.31	146.0
238.0	145.97	70.11	145.97
238.2	145.81	69.98	145.81
238.4	145.59	69.83	145.59
238.6	145.33	69.65	145.33
238.8	145.08	69.27	145.08
239.0	144.84	68.77	144.84
239.2	144.61	68.29	144.61
239.4	144.42	67.89	144.42
239.6	144.35	67.87	144.35
239.8	144.32	67.97	144.32
240.0	144.29	68.11	144.29
240.2	144.2	68.17	144.2
240.4	143.98	67.97	143.98
240.6	143.72	67.71	143.72
240.8	143.43	67.42	143.43
241.0	143.15	67.17	143.15
241.2	142.9	66.99	142.9
241.4	142.64	66.81	142.64
241.6	142.37	66.62	142.37
241.8	142.07	66.4	142.07
242.0	141.75	66.15	141.75
242.2	141.42	65.89	141.42
242.4	141.1	65.63	141.1
242.6	140.82	65.39	140.82
242.8	140.57	65.15	140.57
243.0	140.32	64.94	140.32
243.2	140.07	64.74	140.07
243.4	139.81	64.53	139.81
243.6	139.55	64.37	139.55
243.8	139.31	64.28	139.31
244.0	139.07	64.3	139.07
244.2	138.83	64.46	138.83
244.4	138.65	64.73	138.65
244.6	138.55	65.11	138.55
244.8	138.53	65.62	138.53
245.0	138.63	66.26	138.63
245.2	138.9	66.97	138.9
245.4	139.4	67.76	139.4
245.6	140.41	68.67	140.41
245.8	141.63	69.59	141.63
246.0	142.95	70.46	142.95
246.2	144.23	71.23	144.23
246.4	145.29	71.83	145.29
246.6	146.28	72.26	146.28
246.8	147.16	72.5	147.16
247.0	147.93	72.44	147.93
247.2	148.57	72.11	148.57
247.4	149.09	71.61	149.09
247.6	149.51	70.95	149.51
247.8	149.79	70.13	149.79
248.0	149.96	69.25	149.96
248.2	150.05	68.36	150.05
248.4	150.09	67.56	150.09
248.6	150.11	66.97	150.11
248.8	150.06	66.48	150.06
249.0	149.91	66.09	149.91
249.2	149.65	65.81	149.65
249.4	149.25	65.64	149.25
249.6	148.75	65.51	148.75
249.8	148.16	65.39	148.16
250.0	147.4	65.14	147.4
250.2	146.55	64.82	146.55
250.4	145.69	64.51	145.69
250.6	144.85	64.22	144.85
250.8	144.17	64.04	144.17
251.0	143.59	63.93	143.59
251.2	143.11	63.87	143.11
251.4	142.74	63.86	142.74
251.6	142.59	63.91	142.59
251.8	142.51	63.99	142.51
252.0	142.45	64.05	142.45
252.2	142.35	64.08	142.35
252.4	142.11	64.0	142.11
252.6	141.83	63.9	141.83
252.8	141.53	63.76	141.53
253.0	141.23	63.59	141.23
253.2	140.93	63.41	140.93
253.4	140.65	63.22	140.65
253.6	140.39	63.04	140.39
253.8	140.18	62.9	140.18
254.0	140.01	62.79	140.01
254.2	139.87	62.7	139.87
254.4	139.75	62.62	139.75
254.6	139.67	62.56	139.67
254.8	139.6	62.51	139.6
255.0	139.55	62.48	139.55
255.2	139.51	62.46	139.51
255.4	139.44	62.36	139.44
255.6	139.38	62.31	139.38
255.8	139.32	62.36	139.32
256.0	139.28	62.56	139.28
256.2	139.2	63.07	139.2
256.4	139.2	63.69	139.2
256.6	139.3	64.4	139.3
256.8	139.63	65.16	139.63
257.0	140.26	65.92	140.26
257.2	140.97	66.65	140.97
257.4	141.69	67.32	141.69
257.6	142.29	67.86	142.29
257.8	142.76	68.26	142.76
258.0	143.12	68.49	143.12
258.2	143.36	68.52	143.36
258.4	143.38	68.13	143.38
258.6	143.26	67.54	143.26
258.8	143.05	66.85	143.05
259.0	142.79	66.15	142.79
259.2	142.54	65.63	142.54
259.4	142.27	65.15	142.27
259.6	141.96	64.72	141.96
259.8	141.63	64.33	141.63
260.0	141.26	63.97	141.26
260.2	140.89	63.68	140.89
260.4	140.52	63.48	140.52
260.6	140.19	63.4	140.19
260.8	139.92	63.52	139.92
261.0	139.67	63.7	139.67
261.2	139.42	63.9	139.42
261.4	139.13	64.01	139.13
261.6	138.76	63.94	138.76
261.8	138.43	63.9	138.43
262.0	138.21	63.93	138.21
262.2	138.17	64.14	138.17
262.4	138.37	64.59	138.37
262.6	138.73	65.17	138.73
262.8	139.25	65.86	139.25
263.0	139.99	66.78	139.99
263.2	140.92	67.82	140.92
263.4	141.9	68.8	141.9
263.6	142.87	69.59	142.87
263.8	143.69	69.81	143.69
264.0	144.4	69.69	144.4
264.2	145.02	69.34	145.02
264.4	145.53	68.84	145.53
264.6	145.86	68.27	145.86
264.8	146.11	67.62	146.11
265.0	146.29	66.92	146.29
265.2	146.46	66.18	146.46
265.4	146.7	65.43	146.7
265.6	146.91	64.71	146.91
265.8	147.05	64.07	147.05
266.0	147.08	63.56	147.08
266.2	146.91	63.31	146.91
266.4	146.67	63.15	146.67
266.6	146.38	63.04	146.38
266.8	146.09	62.86	146.09
267.0	145.84	62.51	145.84
267.2	145.58	62.24	145.58
267.4	145.32	62.1	145.32
267.6	144.99	62.25	144.99
267.8	144.54	62.77	144.54
268.0	144.24	63.48	144.24
268.2	144.17	64.33	144.17
268.4	144.71	65.34	144.71
268.6	145.78	66.46	145.78
268.8	147.05	67.53	147.05
269.0	148.4	68.48	148.4
269.2	149.56	69.05	149.56
269.4	150.59	69.34	150.59
269.6	151.52	69.43	151.52
269.8	152.33	69.34	152.33
270.0	152.94	69.08	152.94
270.2	153.41	68.67	153.41
270.4	153.76	68.16	153.76
270.6	153.98	67.54	153.98
270.8	154.06	66.78	154.06
271.0	154.06	66.05	154.06
271.2	154.0	65.43	154.0
271.4	153.96	65.14	153.96
271.6	153.99	65.32	153.99
271.8	153.97	65.59	153.97
272.0	153.86	65.88	153.86
272.2	153.61	65.96	153.61
272.4	153.18	65.75	153.18
272.6	152.63	65.43	152.63
272.8	151.95	65.0	151.95
273.0	151.09	64.42	151.09
273.2	150.06	63.72	150.06
273.4	148.98	63.06	148.98
273.6	147.89	62.54	147.89
273.8	146.9	62.41	146.9
274.0	146.01	62.62	146.01
274.2	145.2	62.99	145.2
274.4	144.47	63.44	144.47
274.6	143.89	63.86	143.89
274.8	143.41	64.27	143.41
275.0	142.98	64.67	142.98
275.2	142.58	65.04	142.58
275.4	142.11	65.41	142.11
275.6	141.65	65.7	141.65
275.8	141.21	65.89	141.21
276.0	140.81	65.87	140.81
276.2	140.44	65.48	140.44
276.4	140.13	65.0	140.13
276.6	139.88	64.52	139.88
276.8	139.73	64.2	139.73
277.0	139.69	64.16	139.69
277.2	139.71	64.22	139.71
277.4	139.76	64.37	139.76
277.6	139.8	64.57	139.8
277.8	139.83	64.8	139.83
278.0	139.85	65.07	139.85
278.2	139.86	65.38	139.86
278.4	139.86	65.75	139.86
278.6	139.83	66.12	139.83
278.8	139.75	66.46	139.75
279.0	139.6	66.73	139.6
279.2	139.19	66.76	139.19
279.4	138.76	66.73	138.76
279.6	138.37	66.65	138.37
279.8	138.15	66.57	138.15
280.0	138.26	66.55	138.26
280.2	138.46	66.56	138.46
280.4	138.69	66.64	138.69
280.6	138.84	66.85	138.84
280.8	138.9	67.19	138.9
281.0	138.94	67.57	138.94
281.2	138.98	67.97	138.98
281.4	139.04	68.32	139.04
281.6	139.14	68.64	139.14
281.8	139.26	68.92	139.26
282.0	139.43	69.18	139.43
282.2	139.69	69.38	139.69
282.4	139.98	69.54	139.98
282.6	140.29	69.65	140.29
282.8	140.59	69.7	140.59
283.0	140.87	69.69	140.87
283.2	141.11	69.61	141.11
283.4	141.3	69.46	141.3
283.6	141.39	69.22	141.39
283.8	141.39	68.9	141.39
284.0	141.34	68.52	141.34
284.2	141.25	68.1	141.25
284.4	141.18	67.61	141.18
284.6	141.1	67.11	141.1
284.8	140.98	66.65	140.98
285.0	140.81	66.28	140.81
285.2	140.48	66.13	140.48
285.4	140.1	66.12	140.1
285.6	139.73	66.23	139.73
285.8	139.44	66.5	139.44
286.0	139.33	67.01	139.33
286.2	139.27	67.55	139.27
286.4	139.25	68.04	139.25
286.6	139.24	68.27	139.24
286.8	139.21	68.18	139.21
287.0	139.18	67.96	139.18
287.2	139.14	67.63	139.14
287.4	139.07	67.29	139.07
287.6	138.97	66.9	138.97
287.8	138.85	66.48	138.85
