0.2	93.76	66.9	93.76
0.4	94.28	67.5	94.28
0.6	94.74	68.15	94.74
0.8	95.14	68.8	95.14
1.0	95.48	69.43	95.48
1.2	95.77	70.03	95.77
1.4	96.01	70.54	96.01
1.6	96.2	70.96	96.2
1.8	96.35	71.22	96.35
2.0	96.46	71.2	96.46
2.2	96.54	71.08	96.54
2.4	96.56	70.88	96.56
2.6	96.51	70.63	96.51
2.8	96.37	70.4	96.37
3.0	96.19	70.17	96.19
3.2	95.99	69.99	95.99
3.4	95.77	69.86	95.77
3.6	95.53	69.88	95.53
3.8	95.32	69.98	95.32
4.0	95.18	70.17	95.18
4.2	95.12	70.47	95.12
4.4	95.29	70.98	95.29
4.6	95.6	71.59	95.6
4.8	95.99	72.23	95.99
5.0	96.43	72.86	96.43
5.2	96.9	73.35	96.9
5.4	97.37	73.71	97.37
5.6	97.8	74.0	97.8
5.8	98.16	74.23	98.16
6.0	98.31	74.44	98.31
6.2	98.28	74.62	98.28
6.4	98.17	74.7	98.17
6.6	98.01	74.65	98.01
6.8	97.87	74.33	97.87
7.0	97.76	73.78	97.76
7.2	97.66	73.14	97.66
7.4	97.6	72.47	97.6
7.6	97.58	71.89	97.58
7.8	97.61	71.44	97.61
8.0	97.7	71.07	97.7
8.2	97.85	70.79	97.85
8.4	98.07	70.66	98.07
8.6	98.4	70.74	98.4
8.8	98.76	70.87	98.76
9.0	99.13	71.02	99.13
9.2	99.48	71.14	99.48
9.4	99.8	71.19	99.8
9.6	100.05	71.14	100.05
9.8	100.21	70.96	100.21
10.0	100.23	70.5	100.23
10.2	100.06	69.65	100.06
10.4	99.79	68.7	99.79
10.6	99.46	67.74	99.46
10.8	99.1	66.93	99.1
11.0	98.76	66.49	98.76
11.2	98.4	66.15	98.4
11.4	98.04	65.85	98.04
11.6	97.67	65.56	97.67
11.8	97.3	65.0	97.3
12.0	96.94	64.45	96.94
12.2	96.62	63.96	96.62
12.4	96.33	63.6	96.33
12.6	96.1	63.54	96.1
12.8	95.93	63.73	95.93
13.0	95.85	64.06	95.85
13.2	95.87	64.52	95.87
13.4	96.11	65.14	96.11
13.6	96.56	65.9	96.56
13.8	97.04	66.62	97.04
14.0	97.48	67.2	97.48
14.2	97.73	67.42	97.73
14.4	97.72	67.17	97.72
14.6	97.61	66.75	97.61
14.8	97.43	66.2	97.43
15.0	97.19	65.64	97.19
15.2	96.92	65.13	96.92
15.4	96.65	64.61	96.65
15.6	96.41	64.09	96.41
15.8	96.26	63.56	96.26
16.0	96.29	62.99	96.29
16.2	96.37	62.5	96.37
16.4	96.51	62.11	96.51
16.6	96.68	61.87	96.68
16.8	96.85	62.02	96.85
17.0	97.04	62.33	97.04
17.2	97.24	62.78	97.24
17.4	97.44	63.33	97.44
17.6	97.59	63.94	97.59
17.8	97.74	64.59	97.74
18.0	97.91	65.27	97.91
18.2	98.14	65.95	98.14
18.4	98.51	66.62	98.51
18.6	99.01	67.25	99.01
18.8	99.53	67.83	99.53
19.0	100.01	68.34	100.01
19.2	100.39	68.75	100.39
19.4	100.64	69.04	100.64
19.6	100.78	69.2	100.78
19.8	100.83	69.22	100.83
20.0	100.76	68.97	100.76
20.2	100.58	68.56	100.58
20.4	100.29	68.06	100.29
20.6	99.89	67.51	99.89
20.8	99.31	66.97	99.31
21.0	98.68	66.45	98.68
21.2	98.04	65.99	98.04
21.4	97.45	65.63	97.45
21.6	96.99	65.45	96.99
21.8	96.62	65.37	96.62
22.0	96.35	65.37	96.35
22.2	96.25	65.45	96.25
22.4	96.41	65.56	96.41
22.6	96.66	65.75	96.66
22.8	96.97	66.02	96.97
23.0	97.3	66.41	97.3
23.2	97.61	67.03	97.61
23.4	97.86	67.65	97.86
23.6	98.02	68.2	98.02
23.8	98.01	68.55	98.01
24.0	97.68	68.46	97.68
24.2	97.25	68.22	97.25
24.4	96.76	67.9	96.76
24.6	96.31	67.57	96.31
24.8	96.03	67.35	96.03
25.0	95.79	67.16	95.79
25.2	95.58	67.01	95.58
25.4	95.4	66.91	95.4
25.6	95.2	66.97	95.2
25.8	95.03	67.06	95.03
26.0	94.89	67.18	94.89
26.2	94.78	67.29	94.78
26.4	94.8	67.35	94.8
26.6	94.84	67.38	94.84
26.8	94.87	67.38	94.87
27.0	94.84	67.35	94.84
27.2	94.6	67.26	94.6
27.4	94.24	67.14	94.24
27.6	93.82	67.0	93.82
27.8	93.39	66.86	93.39
28.0	92.97	66.68	92.97
28.2	92.59	66.49	92.59
28.4	92.27	66.38	92.27
28.6	92.03	66.38	92.03
28.8	91.98	66.71	91.98
29.0	92.12	67.37	92.12
29.2	92.33	68.05	92.33
29.4	92.56	68.68	92.56
29.6	92.74	69.01	92.74
29.8	92.85	69.02	92.85
30.0	92.92	68.86	92.92
30.2	92.92	68.53	92.92
30.4	92.81	68.0	92.81
30.6	92.61	67.32	92.61
30.8	92.37	66.58	92.37
31.0	92.09	65.85	92.09
31.2	91.82	65.26	91.82
31.4	91.56	64.78	91.56
31.6	91.31	64.38	91.31
31.8	91.08	64.05	91.08
32.0	90.9	63.83	90.9
32.2	90.75	63.69	90.75
32.4	90.62	63.58	90.62
32.6	90.52	63.46	90.52
32.8	90.43	63.22	90.43
33.0	90.35	62.89	90.35
33.2	90.28	62.56	90.28
33.4	90.22	62.26	90.22
33.6	90.17	62.07	90.17
33.8	90.12	62.02	90.12
34.0	90.05	62.01	90.05
34.2	89.94	62.01	89.94
34.4	89.73	61.97	89.73
34.6	89.39	61.85	89.39
34.8	89.03	61.73	89.03
35.0	88.69	61.61	88.69
35.2	88.4	61.52	88.4
35.4	88.24	61.46	88.24
35.6	88.15	61.46	88.15
35.8	88.15	61.52	88.15
36.0	88.26	61.7	88.26
36.2	88.6	62.12	88.6
36.4	88.99	62.59	88.99
36.6	89.37	63.05	89.37
36.8	89.66	63.43	89.66
37.0	89.68	63.59	89.68
37.2	89.62	63.65	89.62
37.4	89.47	63.61	89.47
37.6	89.27	63.47	89.27
37.8	89.01	63.19	89.01
38.0	88.73	62.85	88.73
38.2	88.44	62.46	88.44
38.4	88.18	62.05	88.18
38.6	87.97	61.55	87.97
38.8	87.81	61.13	87.81
39.0	87.7	60.82	87.7
39.2	87.65	60.69	87.65
39.4	87.76	61.17	87.76
39.6	87.91	61.79	87.91
39.8	88.1	62.46	88.1
40.0	88.3	63.08	88.3
40.2	88.43	63.2	88.43
40.4	88.56	63.24	88.56
40.6	88.68	63.27	88.68
40.8	88.78	63.34	88.78
41.0	88.83	63.75	88.83
41.2	88.89	64.25	88.89
41.4	88.98	64.78	88.98
41.6	89.11	65.32	89.11
41.8	89.47	65.82	89.47
42.0	89.84	66.27	89.84
42.2	90.19	66.61	90.19
42.4	90.46	66.81	90.46
42.6	90.51	66.71	90.51
42.8	90.45	66.48	90.45
43.0	90.31	66.14	90.31
43.2	90.07	65.73	90.07
43.4	89.73	65.28	89.73
43.6	89.33	64.79	89.33
43.8	88.91	64.25	88.91
44.0	88.47	63.67	88.47
44.2	88.1	63.02	88.1
44.4	87.74	62.37	87.74
44.6	87.39	61.74	87.39
44.8	87.04	61.15	87.04
45.0	86.68	60.67	86.68
45.2	86.33	60.27	86.33
45.4	85.97	59.95	85.97
45.6	85.62	59.73	85.62
45.8	85.25	59.62	85.25
46.0	84.88	59.62	84.88
46.2	84.53	59.72	84.53
46.4	84.23	59.9	84.23
46.6	83.94	60.09	83.94
46.8	83.68	60.31	83.68
47.0	83.55	60.67	83.55
47.2	83.6	61.22	83.6
47.4	83.96	62.1	83.96
47.6	84.78	63.52	84.78
47.8	85.78	65.05	85.78
48.0	86.89	66.6	86.89
48.2	88.04	68.0	88.04
48.4	89.14	69.07	89.14
48.6	90.2	69.95	90.2
48.8	91.17	70.62	91.17
49.0	91.96	71.0	91.96
49.2	92.53	71.1	92.53
49.4	92.99	71.03	92.99
49.6	93.37	70.82	93.37
49.8	93.71	70.53	93.71
50.0	94.01	70.2	94.01
50.2	94.27	69.87	94.27
50.4	94.49	69.58	94.49
50.6	94.67	69.55	94.67
50.8	94.82	69.69	94.82
51.0	94.93	69.84	94.93
51.2	95.02	69.93	95.02
51.4	95.11	69.72	95.11
51.6	95.2	69.25	95.2
51.8	95.26	68.72	95.26
52.0	95.28	68.18	95.28
52.2	95.24	67.75	95.24
52.4	95.1	67.55	95.1
52.6	94.93	67.42	94.93
52.8	94.78	67.35	94.78
53.0	94.65	67.32	94.65
53.2	94.62	67.27	94.62
53.4	94.63	67.26	94.63
53.6	94.7	67.31	94.7
53.8	94.82	67.41	94.82
54.0	95.12	67.73	95.12
54.2	95.44	68.06	95.44
54.4	95.73	68.36	95.73
54.6	95.96	68.58	95.96
54.8	95.96	68.55	95.96
55.0	95.86	68.4	95.86
55.2	95.69	68.11	95.69
55.4	95.46	67.7	95.46
55.6	95.16	67.05	95.16
55.8	94.84	66.3	94.84
56.0	94.49	65.51	94.49
56.2	94.16	64.71	94.16
56.4	93.93	64.04	93.93
56.6	93.73	63.43	93.73
56.8	93.52	62.87	93.52
57.0	93.28	62.34	93.28
57.2	92.91	61.84	92.91
57.4	92.46	61.38	92.46
57.6	91.97	60.95	91.97
57.8	91.48	60.56	91.48
58.0	90.98	60.12	90.98
58.2	90.49	59.67	90.49
58.4	90.08	59.33	90.08
58.6	89.78	59.14	89.78
58.8	89.71	59.27	89.71
59.0	90.02	59.91	90.02
59.2	90.42	60.66	90.42
59.4	90.85	61.44	90.85
59.6	91.19	62.1	91.19
59.8	91.28	62.38	91.28
60.0	91.28	62.55	91.28
60.2	91.16	62.61	91.16
60.4	90.93	62.6	90.93
60.6	90.52	62.56	90.52
60.8	90.05	62.45	90.05
61.0	89.53	62.28	89.53
61.2	89.01	62.04	89.01
61.4	88.55	61.67	88.55
61.6	88.13	61.28	88.13
61.8	87.75	60.9	87.75
62.0	87.42	60.57	87.42
62.2	87.24	60.43	87.24
62.4	87.13	60.38	87.13
62.6	87.06	60.39	87.06
62.8	87.02	60.46	87.02
63.0	86.95	60.56	86.95
63.2	86.85	60.69	86.85
63.4	86.75	60.83	86.75
63.6	86.65	60.98	86.65
63.8	86.54	61.09	86.54
64.0	86.44	61.13	86.44
64.2	86.35	61.17	86.35
64.4	86.25	61.21	86.25
64.6	86.14	61.25	86.14
64.8	85.94	61.35	85.94
65.0	85.78	61.46	85.78
65.2	85.69	61.57	85.69
65.4	85.72	61.69	85.72
65.6	86.1	61.82	86.1
65.8	86.62	61.95	86.62
66.0	87.2	62.04	87.2
66.2	87.77	62.11	87.77
66.4	88.22	62.16	88.22
66.6	88.6	62.15	88.6
66.8	88.88	62.04	88.88
67.0	89.07	61.82	89.07
67.2	89.04	61.35	89.04
67.4	88.92	60.76	88.92
67.6	88.73	60.05	88.73
67.8	88.52	59.26	88.52
68.0	88.37	58.29	88.37
68.2	88.22	57.3	88.22
68.4	88.06	56.34	88.06
68.6	87.9	55.48	87.9
68.8	87.7	54.93	87.7
69.0	87.5	54.56	87.5
69.2	87.31	54.34	87.31
69.4	87.15	54.26	87.15
69.6	87.06	54.42	87.06
69.8	87.04	54.72	87.04
70.0	87.05	55.08	87.05
70.2	87.08	55.45	87.08
70.4	87.12	55.65	87.12
70.6	87.18	55.65	87.18
70.8	87.24	55.63	87.24
71.0	87.31	55.66	87.31
71.2	87.4	55.85	87.4
71.4	87.53	56.39	87.53
71.6	87.62	56.93	87.62
71.8	87.64	57.4	87.64
72.0	87.49	57.56	87.49
72.2	87.05	57.14	87.05
72.4	86.57	56.66	86.57
72.6	86.11	56.25	86.11
72.8	85.81	56.25	85.81
73.0	85.73	56.79	85.73
73.2	85.8	57.5	85.8
73.4	86.0	58.31	86.0
73.6	86.45	59.1	86.45
73.8	87.09	59.83	87.09
74.0	87.74	60.47	87.74
74.2	88.3	60.99	88.3
74.4	88.45	61.21	88.45
74.6	88.36	61.24	88.36
74.8	88.19	61.13	88.19
75.0	87.99	60.93	87.99
75.2	87.96	60.63	87.96
75.4	87.97	60.29	87.97
75.6	88.04	59.95	88.04
75.8	88.16	59.63	88.16
76.0	88.39	59.47	88.39
76.2	88.65	59.37	88.65
76.4	88.94	59.32	88.94
76.6	89.24	59.31	89.24
76.8	89.53	59.29	89.53
77.0	89.8	59.32	89.8
77.2	90.06	59.4	90.06
77.4	90.28	59.53	90.28
77.6	90.46	59.82	90.46
77.8	90.6	60.14	90.6
78.0	90.69	60.47	90.69
78.2	90.75	60.78	90.75
78.4	90.73	60.98	90.73
78.6	90.67	61.14	90.67
78.8	90.6	61.27	90.6
79.0	90.52	61.37	90.52
79.2	90.42	61.35	90.42
79.4	90.34	61.35	90.34
79.6	90.31	61.4	90.31
79.8	90.35	61.53	90.35
80.0	90.47	61.91	90.47
80.2	90.72	62.4	90.72
80.4	91.11	62.97	91.11
80.6	91.71	63.62	91.71
80.8	92.77	64.38	92.77
81.0	93.9	65.14	93.9
81.2	94.99	65.85	94.99
81.4	95.81	66.46	95.81
81.6	96.21	66.91	96.21
81.8	96.42	67.18	96.42
82.0	96.49	67.24	96.49
82.2	96.43	66.85	96.43
82.4	96.29	66.11	96.29
82.6	96.08	65.22	96.08
82.8	95.82	64.27	95.82
83.0	95.58	63.48	95.58
83.2	95.37	62.82	95.37
83.4	95.15	62.22	95.15
83.6	94.94	61.68	94.94
83.8	94.75	61.23	94.75
84.0	94.59	60.86	94.59
84.2	94.43	60.56	94.43
84.4	94.29	60.33	94.29
84.6	94.14	60.17	94.14
84.8	93.97	60.07	93.97
85.0	93.82	60.04	93.82
85.2	93.69	60.07	93.69
85.4	93.58	60.16	93.58
85.6	93.53	60.34	93.53
85.8	93.52	60.56	93.52
86.0	93.55	60.8	93.55
86.2	93.63	61.04	93.63
86.4	93.8	61.32	93.8
86.6	94.01	61.56	94.01
86.8	94.24	61.72	94.24
87.0	94.46	61.78	94.46
87.2	94.62	61.52	94.62
87.4	94.74	61.09	94.74
87.6	94.83	60.62	94.83
87.8	94.87	60.17	94.87
88.0	94.87	59.98	94.87
88.2	94.82	59.94	94.82
88.4	94.75	59.94	94.75
88.6	94.66	59.94	94.66
88.8	94.57	59.81	94.57
89.0	94.48	59.6	94.48
89.2	94.38	59.34	94.38
89.4	94.24	59.04	94.24
89.6	93.98	58.53	93.98
89.8	93.66	57.96	93.66
90.0	93.4	57.5	93.4
90.2	93.23	57.25	93.23
90.4	93.34	57.64	93.34
90.6	93.68	58.53	93.68
90.8	94.14	59.54	94.14
91.0	94.69	60.54	94.69
91.2	95.36	61.15	95.36
91.4	96.08	61.42	96.08
91.6	96.74	61.55	96.74
91.8	97.3	61.58	97.3
92.0	97.43	61.54	97.43
92.2	97.28	61.46	97.28
92.4	97.08	61.4	97.08
92.6	96.9	61.39	96.9
92.8	97.04	61.59	97.04
93.0	97.35	61.93	97.35
93.2	97.71	62.33	97.71
93.4	98.08	62.75	98.08
93.6	98.37	63.19	98.37
93.8	98.62	63.61	98.62
94.0	98.81	63.98	98.81
94.2	98.93	64.28	98.93
94.4	98.91	64.36	98.91
94.6	98.82	64.35	98.82
94.8	98.67	64.27	98.67
95.0	98.47	64.16	98.47
95.2	98.2	64.07	98.2
95.4	97.9	63.99	97.9
95.6	97.61	63.9	97.61
95.8	97.33	63.83	97.33
96.0	97.16	63.76	97.16
96.2	97.04	63.72	97.04
96.4	96.96	63.71	96.96
96.6	96.89	63.76	96.89
96.8	96.81	63.95	96.81
97.0	96.72	64.25	96.72
97.2	96.63	64.56	96.63
97.4	96.52	64.84	96.52
97.6	96.39	64.97	96.39
97.8	96.21	64.94	96.21
98.0	96.04	64.83	96.04
98.2	95.87	64.66	95.87
98.4	95.72	64.44	95.72
98.6	95.6	64.17	95.6
98.8	95.49	63.9	95.49
99.0	95.41	63.66	95.41
99.2	95.35	63.53	95.35
99.4	95.31	63.54	95.31
99.6	95.28	63.56	95.28
99.8	95.27	63.55	95.27
100.0	95.29	63.38	95.29
100.2	95.34	62.95	95.34
100.4	95.39	62.5	95.39
100.6	95.44	62.1	95.44
100.8	95.44	61.86	95.44
101.0	95.36	61.95	95.36
101.2	95.28	62.16	95.28
101.4	95.21	62.47	95.21
101.6	95.18	62.82	95.18
101.8	95.24	63.14	95.24
102.0	95.36	63.49	95.36
102.2	95.54	63.88	95.54
102.4	95.77	64.31	95.77
102.6	96.17	64.87	96.17
102.8	96.62	65.45	96.62
103.0	97.05	66.01	97.05
103.2	97.42	66.49	97.42
103.4	97.64	66.8	97.64
103.6	97.71	66.95	97.71
103.8	97.67	67.0	97.67
104.0	97.52	66.94	97.52
104.2	97.18	66.73	97.18
104.4	96.73	66.41	96.73
104.6	96.23	66.05	96.23
104.8	95.72	65.67	95.72
105.0	95.34	65.35	95.34
105.2	95.01	65.07	95.01
105.4	94.69	64.83	94.69
105.6	94.4	64.64	94.4
105.8	94.12	64.53	94.12
106.0	93.84	64.49	93.84
106.2	93.57	64.52	93.57
106.4	93.28	64.62	93.28
106.6	92.92	64.82	92.92
106.8	92.54	65.1	92.54
107.0	92.17	65.44	92.17
107.2	91.85	65.81	91.85
107.4	91.57	66.16	91.57
107.6	91.37	66.48	91.37
107.8	91.28	66.87	91.28
108.0	91.33	67.35	91.33
108.2	91.67	68.03	91.67
108.4	92.36	68.98	92.36
108.6	93.11	69.98	93.11
108.8	93.84	70.96	93.84
109.0	94.32	71.8	94.32
109.2	94.5	72.44	94.5
109.4	94.55	72.97	94.55
109.6	94.51	73.38	94.51
109.8	94.4	73.7	94.4
110.0	94.26	73.91	94.26
110.2	94.08	74.0	94.08
110.4	93.91	73.95	93.91
110.6	93.8	73.65	93.8
110.8	93.75	73.15	93.75
111.0	93.72	72.62	93.72
111.2	93.7	72.11	93.7
111.4	93.71	71.83	93.71
111.6	93.72	71.82	93.72
111.8	93.73	71.91	93.73
112.0	93.75	72.07	93.75
112.2	93.73	72.25	93.73
112.4	93.62	72.35	93.62
112.6	93.54	72.51	93.54
112.8	93.52	72.75	93.52
113.0	93.6	73.11	93.6
113.2	93.96	73.8	93.96
113.4	94.43	74.59	94.43
113.6	95.0	75.42	95.0
113.8	95.62	76.22	95.62
114.0	96.32	76.91	96.32
114.2	97.01	77.48	97.01
114.4	97.65	77.89	97.65
114.6	98.2	78.1	98.2
114.8	98.48	77.93	98.48
115.0	98.65	77.54	98.65
115.2	98.73	76.97	98.73
115.4	98.74	76.23	98.74
115.6	98.72	75.33	98.72
115.8	98.66	74.32	98.66
116.0	98.56	73.23	98.56
116.2	98.46	72.08	98.46
116.4	98.37	70.89	98.37
116.6	98.28	69.71	98.28
116.8	98.18	68.58	98.18
117.0	98.08	67.54	98.08
117.2	98.04	66.81	98.04
117.4	97.98	66.21	97.98
117.6	97.88	65.67	97.88
117.8	97.72	65.15	97.72
118.0	97.36	64.53	97.36
118.2	96.84	63.81	96.84
118.4	96.28	63.11	96.28
118.6	95.72	62.45	95.72
118.8	95.2	61.86	95.2
119.0	94.8	61.4	94.8
119.2	94.48	61.03	94.48
119.4	94.26	60.77	94.26
119.6	94.16	60.64	94.16
119.8	94.3	60.77	94.3
120.0	94.62	61.08	94.62
120.2	94.98	61.42	94.98
120.4	95.33	61.73	95.33
120.6	95.53	61.85	95.53
120.8	95.52	61.71	95.52
121.0	95.47	61.5	95.47
121.2	95.39	61.23	95.39
121.4	95.33	61.02	95.33
121.6	95.32	60.92	95.32
121.8	95.34	60.78	95.34
122.0	95.38	60.57	95.38
122.2	95.45	60.21	95.45
122.4	95.6	59.46	95.6
122.6	95.77	58.63	95.77
122.8	95.93	57.8	95.93
123.0	96.06	57.02	96.06
123.2	96.07	56.48	96.07
123.4	96.02	56.13	96.02
123.6	95.94	55.92	95.94
123.8	95.85	55.86	95.85
124.0	95.8	56.04	95.8
124.2	95.81	56.46	95.81
124.4	95.8	56.97	95.8
124.6	95.75	57.54	95.75
124.8	95.64	58.1	95.64
125.0	95.37	58.56	95.37
125.2	95.07	58.98	95.07
125.4	94.77	59.32	94.77
125.6	94.49	59.59	94.49
125.8	94.21	59.54	94.21
126.0	94.03	59.45	94.03
126.2	93.99	59.41	93.99
126.4	94.15	59.48	94.15
126.6	94.78	59.98	94.78
126.8	95.59	60.62	95.59
127.0	96.53	61.34	96.53
127.2	97.56	62.14	97.56
127.4	98.69	63.04	98.69
127.6	99.75	63.85	99.75
127.8	100.62	64.46	100.62
128.0	101.04	64.6	101.04
128.2	100.94	64.2	100.94
128.4	100.65	63.61	100.65
128.6	100.29	62.91	100.29
128.8	100.17	62.42	100.17
129.0	100.19	62.04	100.19
129.2	100.22	61.67	100.22
129.4	100.23	61.31	100.23
129.6	100.1	60.87	100.1
129.8	99.86	60.39	99.86
130.0	99.6	59.92	99.6
130.2	99.35	59.47	99.35
130.4	99.15	59.08	99.15
130.6	99.04	58.77	99.04
130.8	98.97	58.53	98.97
131.0	98.96	58.37	98.96
131.2	99.02	58.33	99.02
131.4	99.16	58.46	99.16
131.6	99.35	58.67	99.35
131.8	99.59	58.95	99.59
132.0	99.86	59.27	99.86
132.2	100.24	59.71	100.24
132.4	100.6	60.11	100.6
132.6	100.9	60.41	100.9
132.8	101.09	60.54	101.09
133.0	100.97	60.26	100.97
133.2	100.77	59.82	100.77
133.4	100.5	59.27	100.5
133.6	100.26	58.73	100.26
133.8	100.09	58.21	100.09
134.0	99.88	57.62	99.88
134.2	99.61	56.92	99.61
134.4	99.12	55.81	99.12
134.6	98.56	54.58	98.56
134.8	98.0	53.45	98.0
135.0	97.52	52.56	97.52
135.2	97.24	52.42	97.24
135.4	97.1	52.56	97.1
135.6	97.09	52.92	97.09
135.8	97.28	53.46	97.28
136.0	97.78	54.13	97.78
136.2	98.34	54.83	98.34
136.4	98.86	55.48	98.86
136.6	99.14	55.92	99.14
136.8	99.1	56.05	99.1
137.0	98.93	56.06	98.93
137.2	98.64	55.97	98.64
137.4	98.28	55.83	98.28
137.6	97.87	55.65	97.87
137.8	97.43	55.43	97.43
138.0	96.98	55.17	96.98
138.2	96.61	54.87	96.61
138.4	96.29	54.55	96.29
138.6	96.0	54.24	96.0
138.8	95.72	53.97	95.72
139.0	95.46	53.78	95.46
139.2	95.21	53.67	95.21
139.4	94.96	53.64	94.96
139.6	94.71	53.67	94.71
139.8	94.43	53.81	94.43
140.0	94.13	54.05	94.13
140.2	93.83	54.34	93.83
140.4	93.53	54.64	93.53
140.6	93.27	54.96	93.27
140.8	93.04	55.26	93.04
141.0	92.83	55.52	92.83
141.2	92.64	55.71	92.64
141.4	92.47	55.77	92.47
141.6	92.32	55.56	92.32
141.8	92.19	55.3	92.19
142.0	92.08	55.04	92.08
142.2	91.99	54.84	91.99
142.4	91.92	55.0	91.92
142.6	91.87	55.21	91.87
142.8	91.83	55.43	91.83
143.0	91.8	55.62	91.8
143.2	91.82	55.59	91.82
143.4	91.83	55.48	91.83
143.6	91.81	55.33	91.81
143.8	91.74	55.16	91.74
144.0	91.44	54.96	91.44
144.2	91.08	54.78	91.08
144.4	90.73	54.65	90.73
144.6	90.42	54.58	90.42
144.8	90.27	54.61	90.27
145.0	90.22	54.76	90.22
145.2	90.28	55.04	90.28
145.4	90.46	55.48	90.46
145.6	90.91	56.32	90.91
145.8	91.43	57.23	91.43
146.0	91.97	58.13	91.97
146.2	92.5	58.91	92.5
146.4	92.96	59.4	92.96
146.6	93.3	59.71	93.3
146.8	93.48	59.81	93.48
147.0	93.27	59.57	93.27
147.2	92.66	58.99	92.66
147.4	91.98	58.34	91.98
147.6	91.36	57.72	91.36
147.8	91.21	57.51	91.21
148.0	91.41	57.61	91.41
148.2	91.77	57.84	91.77
148.4	92.25	58.16	92.25
148.6	92.76	58.5	92.76
148.8	93.22	58.75	93.22
149.0	93.7	59.02	93.7
149.2	94.18	59.31	94.18
149.4	94.66	59.61	94.66
149.6	95.11	59.94	95.11
149.8	95.52	60.28	95.52
150.0	95.91	60.64	95.91
150.2	96.28	61.02	96.28
150.4	96.61	61.44	96.61
150.6	96.9	61.96	96.9
150.8	97.17	62.44	97.17
151.0	97.42	62.82	97.42
151.2	97.66	63.06	97.66
151.4	97.95	62.86	97.95
151.6	98.22	62.53	98.22
151.8	98.48	62.12	98.48
152.0	98.69	61.68	98.69
152.2	98.82	61.5	98.82
152.4	98.9	61.33	98.9
152.6	98.96	61.09	98.96
152.8	99.0	60.7	99.0
153.0	99.09	59.77	99.09
153.2	99.18	58.64	99.18
153.4	99.24	57.47	99.24
153.6	99.27	56.39	99.27
153.8	99.23	55.79	99.23
154.0	99.14	55.42	99.14
154.2	99.01	55.14	99.01
154.4	98.84	54.91	98.84
154.6	98.57	54.49	98.57
154.8	98.27	54.04	98.27
155.0	97.97	53.61	97.97
155.2	97.71	53.25	97.71
155.4	97.54	53.02	97.54
155.6	97.44	52.91	97.44
155.8	97.42	52.9	97.42
156.0	97.49	53.02	97.49
156.2	97.78	53.43	97.78
156.4	98.17	53.97	98.17
156.6	98.56	54.49	98.56
156.8	98.9	54.91	98.9
157.0	99.02	54.95	99.02
157.2	99.03	54.79	99.03
157.4	98.94	54.49	98.94
157.6	98.75	54.06	98.75
157.8	98.42	53.48	98.42
158.0	98.03	52.84	98.03
158.2	97.6	52.19	97.6
158.4	97.15	51.57	97.15
158.6	96.78	51.08	96.78
158.8	96.42	50.69	96.42
159.0	96.07	50.44	96.07
159.2	95.74	50.34	95.74
159.4	95.43	50.57	95.43
159.6	95.14	50.99	95.14
159.8	94.85	51.52	94.85
160.0	94.57	52.12	94.57
160.2	94.26	52.73	94.26
160.4	93.93	53.32	93.93
160.6	93.62	53.89	93.62
160.8	93.31	54.42	93.31
161.0	93.03	54.84	93.03
161.2	92.76	55.07	92.76
161.4	92.53	55.26	92.53
161.6	92.36	55.45	92.36
161.8	92.26	55.67	92.26
162.0	92.34	56.11	92.34
162.2	92.46	56.58	92.46
162.4	92.61	57.05	92.61
162.6	92.74	57.5	92.74
162.8	92.71	57.84	92.71
163.0	92.65	58.12	92.65
163.2	92.58	58.35	92.58
163.4	92.53	58.52	92.53
163.6	92.52	58.55	92.52
163.8	92.56	58.54	92.56
164.0	92.67	58.54	92.67
164.2	92.86	58.58	92.86
164.4	93.31	58.88	93.31
164.6	93.85	59.27	93.85
164.8	94.37	59.64	94.37
165.0	94.81	59.96	94.81
165.2	94.92	60.02	94.92
165.4	94.87	59.94	94.87
165.6	94.71	59.76	94.71
165.8	94.47	59.48	94.47
166.0	94.18	59.05	94.18
166.2	93.87	58.54	93.87
166.4	93.56	58.04	93.56
166.6	93.28	57.58	93.28
166.8	93.12	57.28	93.12
167.0	93.05	57.14	93.05
167.2	93.02	57.11	93.02
167.4	93.03	57.2	93.03
167.6	93.04	57.5	93.04
167.8	93.06	58.0	93.06
168.0	93.1	58.54	93.1
168.2	93.16	59.09	93.16
168.4	93.25	59.48	93.25
168.6	93.35	59.68	93.35
168.8	93.48	59.86	93.48
169.0	93.66	60.06	93.66
169.2	93.89	60.45	93.89
169.4	94.18	61.07	94.18
169.6	94.5	61.67	94.5
169.8	94.84	62.18	94.84
170.0	95.16	62.37	95.16
170.2	95.45	62.18	95.45
170.4	95.74	61.89	95.74
170.6	96.01	61.55	96.01
170.8	96.28	61.32	96.28
171.0	96.54	61.25	96.54
171.2	96.79	61.23	96.79
171.4	97.03	61.24	97.03
171.6	97.3	61.31	97.3
171.8	97.58	61.4	97.58
172.0	97.83	61.46	97.83
172.2	98.04	61.46	98.04
172.4	98.17	61.25	98.17
172.6	98.21	60.87	98.21
172.8	98.2	60.41	98.2
173.0	98.13	59.91	98.13
173.2	98.01	59.41	98.01
173.4	97.85	58.94	97.85
173.6	97.66	58.51	97.66
173.8	97.47	58.15	97.47
174.0	97.31	57.92	97.31
174.2	97.21	57.87	97.21
174.4	97.12	57.91	97.12
174.6	97.03	58.0	97.03
174.8	96.92	58.13	96.92
175.0	96.72	58.14	96.72
175.2	96.53	58.21	96.53
175.4	96.38	58.36	96.38
175.6	96.3	58.6	96.3
175.8	96.44	59.2	96.44
176.0	96.66	59.89	96.66
176.2	96.94	60.6	96.94
176.4	97.26	61.27	97.26
176.6	97.58	61.65	97.58
176.8	97.9	61.88	97.9
177.0	98.19	62.04	98.19
177.2	98.42	62.15	98.42
177.4	98.54	62.25	98.54
177.6	98.55	62.33	98.55
177.8	98.5	62.39	98.5
178.0	98.36	62.43	98.36
178.2	98.11	62.42	98.11
178.4	97.76	62.39	97.76
178.6	97.39	62.38	97.39
178.8	97.03	62.4	97.03
179.0	96.73	62.49	96.73
179.2	96.54	62.66	96.54
179.4	96.42	62.93	96.42
179.6	96.37	63.3	96.37
179.8	96.42	63.8	96.42
180.0	96.72	64.63	96.72
180.2	97.04	65.5	97.04
180.4	97.32	66.32	97.32
180.6	97.48	67.0	97.48
180.8	97.24	67.22	97.24
181.0	96.87	67.28	96.87
181.2	96.41	67.2	96.41
181.4	95.9	67.04	95.9
181.6	95.45	66.84	95.45
181.8	94.99	66.6	94.99
182.0	94.53	66.36	94.53
182.2	94.09	66.13	94.09
182.4	93.7	65.97	93.7
182.6	93.35	65.88	93.35
182.8	93.02	65.84	93.02
183.0	92.71	65.88	92.71
183.2	92.42	66.02	92.42
183.4	92.15	66.32	92.15
183.6	91.88	66.66	91.88
183.8	91.63	67.0	91.63
184.0	91.39	67.33	91.39
184.2	91.09	67.4	91.09
184.4	90.81	67.45	90.81
184.6	90.57	67.51	90.57
184.8	90.4	67.61	90.4
185.0	90.35	67.89	90.35
185.2	90.42	68.33	90.42
185.4	90.57	68.81	90.57
185.6	90.8	69.33	90.8
185.8	91.15	69.87	91.15
186.0	91.62	70.41	91.62
186.2	92.09	70.9	92.09
186.4	92.49	71.3	92.49
186.6	92.7	71.53	92.7
186.8	92.62	71.54	92.62
187.0	92.44	71.43	92.44
187.2	92.18	71.2	92.18
187.4	91.89	70.84	91.89
187.6	91.6	70.37	91.6
187.8	91.3	69.83	91.3
188.0	91.0	69.25	91.0
188.2	90.72	68.69	90.72
188.4	90.51	68.2	90.51
188.6	90.32	67.74	90.32
188.8	90.16	67.33	90.16
189.0	90.03	66.96	90.03
189.2	89.99	66.67	89.99
189.4	89.96	66.43	89.96
189.6	89.93	66.26	89.93
189.8	89.88	66.15	89.88
190.0	89.72	66.16	89.72
190.2	89.5	66.23	89.5
190.4	89.27	66.33	89.27
190.6	89.05	66.4	89.05
190.8	88.85	66.32	88.85
191.0	88.69	66.1	88.69
191.2	88.6	65.89	88.6
191.4	88.61	65.75	88.61
191.6	88.82	65.85	88.82
191.8	89.29	66.27	89.29
192.0	89.8	66.72	89.8
192.2	90.31	67.13	90.31
192.4	90.66	67.31	90.66
192.6	90.8	67.17	90.8
192.8	90.86	66.92	90.86
193.0	90.87	66.58	90.87
193.2	90.85	66.21	90.85
193.4	90.83	65.85	90.83
193.6	90.81	65.47	90.81
193.8	90.82	65.09	90.82
194.0	90.89	64.72	90.89
194.2	91.08	64.36	91.08
194.4	91.3	64.05	91.3
194.6	91.53	63.79	91.53
194.8	91.76	63.63	91.76
195.0	91.99	63.67	91.99
195.2	92.17	63.75	92.17
195.4	92.27	63.83	92.27
195.6	92.23	63.87	92.23
195.8	91.97	63.78	91.97
196.0	91.62	63.64	91.62
196.2	91.24	63.44	91.24
196.4	90.89	63.18	90.89
196.6	90.61	62.83	90.61
196.8	90.35	62.47	90.35
197.0	90.11	62.12	90.11
197.2	89.9	61.85	89.9
197.4	89.7	61.73	89.7
197.6	89.51	61.64	89.51
197.8	89.33	61.55	89.33
198.0	89.15	61.43	89.15
198.2	88.95	61.04	88.95
198.4	88.74	60.62	88.74
198.6	88.52	60.25	88.52
198.8	88.29	59.99	88.29
199.0	88.03	60.03	88.03
199.2	87.74	60.37	87.74
199.4	87.47	60.83	87.47
199.6	87.23	61.35	87.23
199.8	87.02	61.86	87.02
200.0	86.86	62.21	86.86
200.2	86.78	62.58	86.78
200.4	86.81	63.0	86.81
200.6	86.95	63.49	86.95
200.8	87.33	64.2	87.33
201.0	87.84	64.99	87.84
201.2	88.47	65.83	88.47
201.4	89.2	66.7	89.2
201.6	90.12	67.59	90.12
201.8	91.08	68.47	91.08
202.0	92.03	69.29	92.03
202.2	92.9	70.04	92.9
202.4	93.44	70.67	93.44
202.6	93.88	71.18	93.88
202.8	94.24	71.56	94.24
203.0	94.54	71.76	94.54
203.2	94.86	71.66	94.86
203.4	95.16	71.43	95.16
203.6	95.44	71.1	95.44
203.8	95.71	70.71	95.71
204.0	96.02	70.36	96.02
204.2	96.31	70.03	96.31
204.4	96.6	69.73	96.6
204.6	96.86	69.48	96.86
204.8	97.08	69.4	97.08
205.0	97.27	69.42	97.27
205.2	97.43	69.49	97.43
205.4	97.56	69.61	97.56
205.6	97.66	69.77	97.66
205.8	97.72	69.95	97.72
206.0	97.77	70.12	97.77
206.2	97.81	70.25	97.81
206.4	97.83	70.28	97.83
206.6	97.86	70.2	97.86
206.8	97.89	70.09	97.89
207.0	97.94	69.98	97.94
207.2	98.04	70.02	98.04
207.4	98.19	70.18	98.19
207.6	98.33	70.28	98.33
207.8	98.42	70.24	98.42
208.0	98.38	69.81	98.38
208.2	98.24	69.09	98.24
208.4	98.04	68.25	98.04
208.6	97.8	67.38	97.8
208.8	97.41	66.57	97.41
209.0	97.05	65.83	97.05
209.2	96.76	65.22	96.76
209.4	96.66	64.81	96.66
209.6	96.95	64.77	96.95
209.8	97.37	64.89	97.37
210.0	97.88	65.11	97.88
210.2	98.42	65.43	98.42
210.4	98.95	65.79	98.95
210.6	99.41	66.1	99.41
210.8	99.75	66.29	99.75
211.0	99.78	66.11	99.78
211.2	99.52	65.6	99.52
211.4	99.15	64.96	99.15
211.6	98.71	64.28	98.71
211.8	98.39	63.72	98.39
212.0	98.17	63.29	98.17
212.2	97.97	62.91	97.97
212.4	97.76	62.56	97.76
212.6	97.51	62.23	97.51
212.8	97.16	61.89	97.16
213.0	96.8	61.58	96.8
213.2	96.46	61.32	96.46
213.4	96.15	61.1	96.15
213.6	95.97	60.93	95.97
213.8	95.84	60.83	95.84
214.0	95.74	60.82	95.74
214.2	95.64	60.9	95.64
214.4	95.5	61.26	95.5
214.6	95.32	61.8	95.32
214.8	95.14	62.35	95.14
215.0	94.93	62.85	94.93
215.2	94.7	63.1	94.7
215.4	94.44	63.0	94.44
215.6	94.17	62.79	94.17
215.8	93.92	62.53	93.92
216.0	93.7	62.3	93.7
216.2	93.57	62.23	93.57
216.4	93.45	62.17	93.45
216.6	93.32	62.07	93.32
216.8	93.16	61.92	93.16
217.0	92.89	61.64	92.89
217.2	92.6	61.28	92.6
217.4	92.3	60.86	92.3
217.6	92.01	60.36	92.01
217.8	91.82	59.63	91.82
218.0	91.63	58.89	91.63
218.2	91.43	58.23	91.43
218.4	91.2	57.72	91.2
218.6	90.85	57.78	90.85
218.8	90.46	58.02	90.46
219.0	90.06	58.34	90.06
219.2	89.66	58.67	89.66
219.4	89.25	58.61	89.25
219.6	88.88	58.46	88.88
219.8	88.61	58.37	88.61
220.0	88.48	58.42	88.48
220.2	88.71	59.02	88.71
220.4	89.15	59.9	89.15
220.6	89.63	60.84	89.63
220.8	90.09	61.76	90.09
221.0	90.3	62.37	90.3
221.2	90.36	62.79	90.36
221.4	90.33	63.06	90.33
221.6	90.22	63.19	90.22
221.8	90.02	63.14	90.02
222.0	89.76	62.95	89.76
222.2	89.47	62.67	89.47
222.4	89.16	62.33	89.16
222.6	88.88	61.97	88.88
222.8	88.63	61.59	88.63
223.0	88.4	61.22	88.4
223.2	88.2	60.89	88.2
223.4	88.08	60.66	88.08
223.6	88.01	60.53	88.01
223.8	87.97	60.45	87.97
224.0	87.95	60.41	87.95
224.2	87.94	60.35	87.94
224.4	87.93	60.28	87.93
224.6	87.92	60.23	87.92
224.8	87.91	60.24	87.91
225.0	87.89	60.32	87.89
225.2	87.82	60.55	87.82
225.4	87.75	60.81	87.75
225.6	87.7	61.08	87.7
225.8	87.66	61.33	87.66
226.0	87.7	61.53	87.7
226.2	87.75	61.67	87.75
226.4	87.8	61.73	87.8
226.6	87.83	61.67	87.83
226.8	87.8	61.3	87.8
227.0	87.74	60.88	87.74
227.2	87.68	60.5	87.68
227.4	87.61	60.27	87.61
227.6	87.55	60.53	87.55
227.8	87.49	60.87	87.49
228.0	87.44	61.21	87.44
228.2	87.39	61.42	87.39
228.4	87.35	61.19	87.35
228.6	87.33	60.87	87.33
228.8	87.34	60.51	87.34
229.0	87.39	60.19	87.39
229.2	87.52	60.02	87.52
229.4	87.66	59.9	87.66
229.6	87.79	59.84	87.79
229.8	87.87	59.89	87.87
230.0	87.85	60.09	87.85
230.2	87.8	60.29	87.8
230.4	87.74	60.41	87.74
230.6	87.7	60.21	87.7
230.8	87.69	59.62	87.69
231.0	87.7	59.03	87.7
231.2	87.73	58.57	87.73
231.4	87.82	58.66	87.82
231.6	87.96	59.33	87.96
231.8	88.07	60.12	88.07
232.0	88.15	60.89	88.15
232.2	88.1	61.27	88.1
232.4	87.92	61.29	87.92
232.6	87.7	61.2	87.7
232.8	87.44	61.05	87.44
233.0	87.12	60.87	87.12
233.2	86.78	60.72	86.78
233.4	86.51	60.7	86.51
233.6	86.35	60.89	86.35
233.8	86.46	61.59	86.46
234.0	86.8	62.7	86.8
234.2	87.24	63.95	87.24
234.4	87.74	65.27	87.74
234.6	88.26	66.5	88.26
234.8	88.76	67.6	88.76
235.0	89.21	68.54	89.21
235.2	89.57	69.27	89.57
235.4	89.62	69.46	89.62
235.6	89.55	69.36	89.55
235.8	89.45	69.11	89.45
236.0	89.39	68.8	89.39
236.2	89.59	68.68	89.59
236.4	89.89	68.57	89.89
236.6	90.27	68.46	90.27
236.8	90.72	68.33	90.72
237.0	91.23	68.13	91.23
237.2	91.8	67.94	91.8
237.4	92.41	67.8	92.41
237.6	93.06	67.77	93.06
237.8	93.78	68.0	93.78
238.0	94.5	68.28	94.5
238.2	95.19	68.56	95.19
238.4	95.82	68.77	95.82
238.6	96.32	68.76	96.32
238.8	96.74	68.68	96.74
239.0	97.07	68.55	97.07
239.2	97.31	68.4	97.31
239.4	97.42	68.27	97.42
239.6	97.47	68.1	97.47
239.8	97.47	67.9	97.47
240.0	97.44	67.62	97.44
240.2	97.41	67.25	97.41
240.4	97.37	66.86	97.37
240.6	97.34	66.47	97.34
240.8	97.33	66.14	97.33
241.0	97.36	65.9	97.36
241.2	97.4	65.68	97.4
241.4	97.44	65.48	97.44
241.6	97.46	65.31	97.46
241.8	97.46	65.15	97.46
242.0	97.44	64.97	97.44
242.2	97.43	64.76	97.43
242.4	97.41	64.39	97.41
242.6	97.37	63.88	97.37
242.8	97.37	63.39	97.37
243.0	97.41	63.0	97.41
243.2	97.54	62.93	97.54
243.4	97.77	63.14	97.77
243.6	98.05	63.45	98.05
243.8	98.39	63.79	98.39
244.0	98.85	64.08	98.85
244.2	99.33	64.29	99.33
244.4	99.77	64.41	99.77
244.6	100.12	64.41	100.12
244.8	100.12	64.11	100.12
245.0	100.0	63.68	100.0
245.2	99.79	63.15	99.79
245.4	99.56	62.55	99.56
245.6	99.39	61.89	99.39
245.8	99.22	61.25	99.22
246.0	99.05	60.68	99.05
246.2	98.9	60.24	98.9
246.4	98.77	60.11	98.77
246.6	98.65	60.09	98.65
246.8	98.52	60.16	98.52
247.0	98.39	60.3	98.39
247.2	98.23	60.48	98.23
247.4	98.07	60.66	98.07
247.6	97.9	60.82	97.9
247.8	97.73	60.89	97.73
248.0	97.53	60.61	97.53
248.2	97.34	60.31	97.34
248.4	97.17	60.05	97.17
248.6	97.02	59.92	97.02
248.8	96.96	60.32	96.96
249.0	96.94	60.95	96.94
249.2	96.95	61.61	96.95
249.4	96.98	62.22	96.98
249.6	97.05	62.47	97.05
249.8	97.14	62.46	97.14
250.0	97.19	62.37	97.19
250.2	97.18	62.25	97.18
250.4	97.02	62.23	97.02
250.6	96.75	62.26	96.75
250.8	96.42	62.31	96.42
251.0	96.06	62.38	96.06
251.2	95.65	62.47	95.65
251.4	95.25	62.56	95.25
251.6	94.91	62.63	94.91
251.8	94.69	62.64	94.69
252.0	94.65	62.55	94.65
252.2	94.72	62.47	94.72
252.4	94.9	62.43	94.9
252.6	95.32	62.61	95.32
252.8	95.89	62.94	95.89
253.0	96.42	63.25	96.42
253.2	96.82	63.48	96.82
253.4	96.7	63.33	96.7
253.6	96.33	63.01	96.33
253.8	95.83	62.6	95.83
254.0	95.27	62.14	95.27
254.2	94.81	61.72	94.81
254.4	94.36	61.32	94.36
254.6	93.94	60.95	93.94
254.8	93.56	60.64	93.56
255.0	93.29	60.48	93.29
255.2	93.08	60.39	93.08
255.4	92.9	60.37	92.9
255.6	92.76	60.42	92.76
255.8	92.62	60.56	92.62
256.0	92.5	60.75	92.5
256.2	92.41	60.95	92.41
256.4	92.33	61.15	92.33
256.6	92.26	61.27	92.26
256.8	92.21	61.36	92.21
257.0	92.17	61.41	92.17
257.2	92.13	61.45	92.13
257.4	92.08	61.4	92.08
257.6	92.03	61.32	92.03
257.8	91.99	61.26	91.99
258.0	91.95	61.26	91.95
258.2	91.93	61.45	91.93
258.4	91.94	61.85	91.94
258.6	91.95	62.26	91.95
258.8	91.97	62.62	91.97
259.0	91.98	62.77	91.98
259.2	91.98	62.63	91.98
259.4	91.97	62.43	91.97
259.6	91.97	62.25	91.97
259.8	91.95	62.26	91.95
260.0	91.92	62.52	91.92
260.2	91.9	62.79	91.9
260.4	91.89	62.99	91.89
260.6	91.92	62.87	91.92
260.8	91.99	62.43	91.99
261.0	92.06	61.97	92.06
261.2	92.12	61.57	92.12
261.4	92.14	61.58	92.14
261.6	92.11	61.92	92.11
261.8	92.05	62.33	92.05
262.0	91.97	62.72	91.97
262.2	91.86	62.77	91.86
262.4	91.72	62.63	91.72
262.6	91.56	62.47	91.56
262.8	91.38	62.38	91.38
263.0	91.18	62.65	91.18
263.2	90.97	63.08	90.97
263.4	90.76	63.56	90.76
263.6	90.55	64.02	90.55
263.8	90.35	64.23	90.35
264.0	90.16	64.35	90.16
264.2	90.01	64.45	90.01
264.4	89.89	64.56	89.89
264.6	89.95	64.76	89.95
264.8	90.0	65.01	90.0
265.0	90.0	65.31	90.0
265.2	89.85	65.66	89.85
265.4	89.31	66.09	89.31
265.6	88.74	66.56	88.74
265.8	88.22	67.08	88.22
266.0	87.93	67.58	87.93
266.2	87.91	68.08	87.91
266.4	88.08	68.65	88.08
266.6	88.47	69.35	88.47
266.8	89.3	70.44	89.3
267.0	90.28	71.62	90.28
267.2	91.24	72.77	91.24
267.4	91.98	73.74	91.98
267.6	92.34	74.41	92.34
267.8	92.56	74.89	92.56
268.0	92.68	75.15	92.68
268.2	92.79	75.11	92.79
268.4	92.87	74.85	92.87
268.6	92.91	74.46	92.91
268.8	92.94	74.01	92.94
269.0	92.96	73.59	92.96
269.2	92.97	73.17	92.97
269.4	92.97	72.75	92.97
269.6	92.96	72.33	92.96
269.8	92.93	71.89	92.93
270.0	92.9	71.54	92.9
270.2	92.87	71.32	92.87
270.4	92.81	71.38	92.81
270.6	92.74	71.78	92.74
270.8	92.72	72.29	92.72
271.0	92.77	72.85	92.77
271.2	93.02	73.36	93.02
271.4	93.42	73.77	93.42
271.6	93.88	74.11	93.88
271.8	94.35	74.34	94.35
272.0	94.78	74.31	94.78
272.2	95.16	74.16	95.16
272.4	95.45	73.94	95.45
272.6	95.57	73.73	95.57
272.8	95.43	73.72	95.43
273.0	95.19	73.6	95.19
273.2	94.87	73.28	94.87
273.4	94.58	72.37	94.58
273.6	94.33	70.85	94.33
273.8	94.08	69.27	94.08
274.0	93.82	67.84	93.82
274.2	93.52	67.17	93.52
274.4	93.22	67.08	93.22
274.6	92.94	67.25	92.94
274.8	92.69	67.6	92.69
275.0	92.48	67.93	92.48
275.2	92.35	68.29	92.35
275.4	92.34	68.7	92.34
275.6	92.51	69.14	92.51
275.8	93.11	69.63	93.11
276.0	93.81	70.09	93.81
276.2	94.53	70.46	94.53
276.4	95.13	70.66	95.13
276.6	95.51	70.61	95.51
276.8	95.78	70.44	95.78
277.0	95.93	70.17	95.93
277.2	95.92	69.82	95.92
277.4	95.79	69.42	95.79
277.6	95.58	68.97	95.58
277.8	95.3	68.48	95.3
278.0	95.07	67.95	95.07
278.2	94.8	67.4	94.8
278.4	94.48	66.86	94.48
278.6	94.1	66.33	94.1
278.8	93.57	65.84	93.57
279.0	92.97	65.39	92.97
279.2	92.35	64.99	92.35
279.4	91.73	64.64	91.73
279.6	91.2	64.41	91.2
279.8	90.72	64.23	90.72
280.0	90.3	64.09	90.3
280.2	89.93	63.97	89.93
280.4	89.72	63.72	89.72
280.6	89.59	63.44	89.59
280.8	89.48	63.25	89.48
281.0	89.38	63.17	89.38
281.2	89.14	63.42	89.14
281.4	88.8	63.96	88.8
281.6	88.48	64.61	88.48
281.8	88.25	65.3	88.25
282.0	88.23	65.86	88.23
282.2	88.44	66.27	88.44
282.4	88.78	66.67	88.78
282.6	89.24	67.1	89.24
282.8	89.87	67.68	89.87
283.0	90.59	68.36	90.59
283.2	91.34	69.01	91.34
283.4	92.04	69.59	92.04
283.6	92.58	70.0	92.58
283.8	92.99	70.24	92.99
284.0	93.27	70.29	93.27
284.2	93.4	70.1	93.4
284.4	93.29	69.43	93.29
284.6	93.06	68.59	93.06
284.8	92.73	67.67	92.73
285.0	92.35	66.79	92.35
285.2	91.97	66.18	91.97
285.4	91.57	65.59	91.57
285.6	91.16	65.01	91.16
285.8	90.78	64.34	90.78
286.0	90.45	63.48	90.45
286.2	90.14	62.64	90.14
286.4	89.87	61.88	89.87
286.6	89.63	61.29	89.63
286.8	89.45	61.1	89.45
287.0	89.29	61.01	89.29
287.2	89.14	60.97	89.14
287.4	88.98	60.92	88.98
287.6	88.76	60.55	88.76
287.8	88.54	60.14	88.54
