0.2	103.12	56.56	103.12
0.4	103.52	57.01	103.52
0.6	103.9	57.31	103.9
0.8	104.25	57.49	104.25
1.0	104.57	57.56	104.57
1.2	104.84	57.53	104.84
1.4	105.08	57.42	105.08
1.6	105.27	57.26	105.27
1.8	105.41	57.04	105.41
2.0	105.5	56.8	105.5
2.2	105.54	56.54	105.54
2.4	105.52	56.29	105.52
2.6	105.37	56.18	105.37
2.8	105.17	56.08	105.17
3.0	104.92	55.98	104.92
3.2	104.63	55.89	104.63
3.4	104.32	55.79	104.32
3.6	103.98	55.63	103.98
3.8	103.62	55.36	103.62
4.0	103.26	55.1	103.26
4.2	102.9	54.87	102.9
4.4	102.56	54.68	102.56
4.6	102.25	54.57	102.25
4.8	101.99	54.65	101.99
5.0	101.78	54.88	101.78
5.2	101.62	55.18	101.62
5.4	101.51	55.53	101.51
5.6	101.45	55.93	101.45
5.8	101.48	56.36	101.48
6.0	101.64	56.83	101.64
6.2	101.83	57.29	101.83
6.4	102.06	57.72	102.06
6.6	102.29	58.11	102.29
6.8	102.52	58.44	102.52
7.0	102.65	58.53	102.65
7.2	102.75	58.53	102.75
7.4	102.83	58.48	102.83
7.6	102.9	58.39	102.9
7.8	102.95	58.28	102.95
8.0	102.99	58.2	102.99
8.2	103.03	58.18	103.03
8.4	103.07	58.16	103.07
8.6	103.1	58.13	103.1
8.8	103.14	58.09	103.14
9.0	103.18	58.05	103.18
9.2	103.28	57.99	103.28
9.4	103.39	57.92	103.39
9.6	103.49	57.83	103.49
9.8	103.58	57.73	103.58
10.0	103.65	57.6	103.65
10.2	103.63	57.42	103.63
10.4	103.54	57.17	103.54
10.6	103.42	56.92	103.42
10.8	103.3	56.69	103.3
11.0	103.19	56.49	103.19
11.2	103.11	56.35	103.11
11.4	103.13	56.42	103.13
11.6	103.18	56.52	103.18
11.8	103.25	56.63	103.25
12.0	103.35	56.74	103.35
12.2	103.46	56.83	103.46
12.4	103.61	56.77	103.61
12.6	103.76	56.66	103.76
12.8	103.91	56.51	103.91
13.0	104.04	56.32	104.04
13.2	104.13	56.09	104.13
13.4	104.12	55.78	104.12
13.6	104.04	55.43	104.04
13.8	103.92	55.05	103.92
14.0	103.77	54.67	103.77
14.2	103.59	54.31	103.59
14.4	103.4	53.98	103.4
14.6	103.2	53.75	103.2
14.8	102.99	53.56	102.99
15.0	102.79	53.39	102.79
15.2	102.59	53.23	102.59
15.4	102.41	53.09	102.41
15.6	102.3	52.92	102.3
15.8	102.22	52.74	102.22
16.0	102.15	52.57	102.15
16.2	102.08	52.43	102.08
16.4	101.99	52.3	101.99
16.6	101.87	52.22	101.87
16.8	101.68	52.18	101.68
17.0	101.49	52.17	101.49
17.2	101.28	52.18	101.28
17.4	101.07	52.21	101.07
17.6	100.87	52.24	100.87
17.8	100.72	52.23	100.72
18.0	100.59	52.22	100.59
18.2	100.45	52.24	100.45
18.4	100.31	52.29	100.31
18.6	100.16	52.38	100.16
18.8	99.92	52.6	99.92
19.0	99.62	52.94	99.62
19.2	99.33	53.29	99.33
19.4	99.09	53.64	99.09
19.6	98.91	53.96	98.91
19.8	98.88	54.17	98.88
20.0	99.1	54.16	99.1
20.2	99.4	54.11	99.4
20.4	99.76	54.05	99.76
20.6	100.16	53.99	100.16
20.8	100.58	54.02	100.58
21.0	100.94	54.27	100.94
21.2	101.3	54.56	101.3
21.4	101.65	54.85	101.65
21.6	101.99	55.14	101.99
21.8	102.32	55.39	102.32
22.0	102.61	55.46	102.61
22.2	102.89	55.47	102.89
22.4	103.14	55.43	103.14
22.6	103.38	55.35	103.38
22.8	103.59	55.23	103.59
23.0	103.78	55.06	103.78
23.2	103.95	54.86	103.95
23.4	104.09	54.66	104.09
23.6	104.19	54.47	104.19
23.8	104.26	54.31	104.26
24.0	104.26	54.27	104.26
24.2	104.18	54.36	104.18
24.4	104.07	54.47	104.07
24.6	103.95	54.59	103.95
24.8	103.82	54.71	103.82
25.0	103.71	54.79	103.71
25.2	103.67	54.75	103.67
25.4	103.64	54.67	103.64
25.6	103.6	54.55	103.6
25.8	103.55	54.4	103.55
26.0	103.49	54.2	103.49
26.2	103.34	53.89	103.34
26.4	103.16	53.55	103.16
26.6	102.98	53.21	102.98
26.8	102.79	52.9	102.79
27.0	102.6	52.64	102.6
27.2	102.49	52.58	102.49
27.4	102.42	52.69	102.42
27.6	102.34	52.82	102.34
27.8	102.24	52.95	102.24
28.0	102.1	53.05	102.1
28.2	101.88	53.03	101.88
28.4	101.41	52.61	101.41
28.6	100.92	52.17	100.92
28.8	100.45	51.75	100.45
29.0	100.02	51.39	100.02
29.2	99.67	51.15	99.67
29.4	99.71	51.5	99.71
29.6	99.86	52.0	99.86
29.8	100.07	52.58	100.07
30.0	100.33	53.18	100.33
30.2	100.6	53.75	100.6
30.4	100.78	54.06	100.78
30.6	100.87	54.16	100.87
30.8	100.95	54.19	100.95
31.0	101.01	54.16	101.01
31.2	101.06	54.08	101.06
31.4	101.12	53.99	101.12
31.6	101.2	53.9	101.2
31.8	101.27	53.8	101.27
32.0	101.33	53.72	101.33
32.2	101.37	53.64	101.37
32.4	101.39	53.6	101.39
32.6	101.33	53.7	101.33
32.8	101.25	53.83	101.25
33.0	101.17	53.97	101.17
33.2	101.09	54.1	101.09
33.4	101.03	54.2	101.03
33.6	101.07	54.17	101.07
33.8	101.17	54.06	101.17
34.0	101.27	53.92	101.27
34.2	101.37	53.78	101.37
34.4	101.44	53.66	101.44
34.6	101.44	53.63	101.44
34.8	101.35	53.7	101.35
35.0	101.23	53.8	101.23
35.2	101.06	53.91	101.06
35.4	100.86	54.02	100.86
35.6	100.63	54.11	100.63
35.8	100.33	54.09	100.33
36.0	100.01	54.06	100.01
36.2	99.7	54.03	99.7
36.4	99.4	53.99	99.4
36.6	99.13	53.96	99.13
36.8	98.93	53.95	98.93
37.0	98.79	53.96	98.79
37.2	98.69	54.0	98.69
37.4	98.64	54.06	98.64
37.6	98.65	54.16	98.65
37.8	98.74	54.34	98.74
38.0	98.91	54.59	98.91
38.2	99.11	54.86	99.11
38.4	99.32	55.14	99.32
38.6	99.53	55.39	99.53
38.8	99.68	55.58	99.68
39.0	99.78	55.7	99.78
39.2	99.84	55.78	99.84
39.4	99.87	55.82	99.87
39.6	99.87	55.83	99.87
39.8	99.84	55.81	99.84
40.0	99.77	55.75	99.77
40.2	99.67	55.67	99.67
40.4	99.54	55.57	99.54
40.6	99.39	55.45	99.39
40.8	99.2	55.3	99.2
41.0	98.97	55.15	98.97
41.2	98.72	54.99	98.72
41.4	98.45	54.81	98.45
41.6	98.19	54.62	98.19
41.8	97.93	54.43	97.93
42.0	97.69	54.12	97.69
42.2	97.46	53.73	97.46
42.4	97.27	53.4	97.27
42.6	97.13	53.17	97.13
42.8	97.05	53.1	97.05
43.0	97.06	53.28	97.06
43.2	97.21	54.03	97.21
43.4	97.44	54.94	97.44
43.6	97.73	55.98	97.73
43.8	98.08	57.1	98.08
44.0	98.48	58.26	98.48
44.2	98.98	59.42	98.98
44.4	99.5	60.52	99.5
44.6	100.01	61.52	100.01
44.8	100.49	62.35	100.49
45.0	100.91	62.96	100.91
45.2	101.1	62.9	101.1
45.4	101.22	62.6	101.22
45.6	101.28	62.14	101.28
45.8	101.31	61.56	101.31
46.0	101.31	60.93	101.31
46.2	101.33	60.43	101.33
46.4	101.35	59.99	101.35
46.6	101.38	59.56	101.38
46.8	101.42	59.17	101.42
47.0	101.49	58.83	101.49
47.2	101.64	58.57	101.64
47.4	101.84	58.4	101.84
47.6	102.06	58.26	102.06
47.8	102.31	58.16	102.31
48.0	102.57	58.1	102.57
48.2	102.81	58.06	102.81
48.4	103.05	58.04	103.05
48.6	103.31	58.02	103.31
48.8	103.59	58.0	103.59
49.0	103.89	57.97	103.89
49.2	104.32	57.88	104.32
49.4	104.78	57.77	104.78
49.6	105.24	57.63	105.24
49.8	105.68	57.47	105.68
50.0	106.06	57.28	106.06
50.2	106.29	57.1	106.29
50.4	106.42	56.9	106.42
50.6	106.47	56.67	106.47
50.8	106.46	56.4	106.46
51.0	106.38	56.11	106.38
51.2	106.21	55.72	106.21
51.4	105.97	55.28	105.97
51.6	105.69	54.81	105.69
51.8	105.36	54.33	105.36
52.0	105.02	53.85	105.02
52.2	104.66	53.4	104.66
52.4	104.31	53.02	104.31
52.6	103.95	52.66	103.95
52.8	103.61	52.33	103.61
53.0	103.28	52.02	103.28
53.2	102.97	51.74	102.97
53.4	102.67	51.43	102.67
53.6	102.4	51.16	102.4
53.8	102.18	50.95	102.18
54.0	102.02	50.8	102.02
54.2	101.92	50.73	101.92
54.4	101.97	50.87	101.97
54.6	102.1	51.1	102.1
54.8	102.28	51.38	102.28
55.0	102.5	51.7	102.5
55.2	102.75	52.03	102.75
55.4	103.04	52.36	103.04
55.6	103.32	52.67	103.32
55.8	103.59	52.92	103.59
56.0	103.84	53.09	103.84
56.2	104.03	53.17	104.03
56.4	104.07	52.93	104.07
56.6	104.05	52.58	104.05
56.8	103.98	52.15	103.98
57.0	103.87	51.67	103.87
57.2	103.73	51.17	103.73
57.4	103.6	50.74	103.6
57.6	103.46	50.36	103.46
57.8	103.31	50.0	103.31
58.0	103.13	49.66	103.13
58.2	102.93	49.35	102.93
58.4	102.7	49.08	102.7
58.6	102.42	48.86	102.42
58.8	102.14	48.66	102.14
59.0	101.85	48.48	101.85
59.2	101.58	48.32	101.58
59.4	101.33	48.14	101.33
59.6	101.13	47.95	101.13
59.8	100.94	47.78	100.94
60.0	100.78	47.62	100.78
60.2	100.65	47.5	100.65
60.4	100.56	47.43	100.56
60.6	100.52	47.43	100.52
60.8	100.49	47.45	100.49
61.0	100.46	47.48	100.46
61.2	100.4	47.54	100.4
61.4	100.29	47.58	100.29
61.6	100.1	47.61	100.1
61.8	99.87	47.64	99.87
62.0	99.64	47.68	99.64
62.2	99.39	47.74	99.39
62.4	99.14	47.81	99.14
62.6	98.92	47.92	98.92
62.8	98.7	48.05	98.7
63.0	98.49	48.18	98.49
63.2	98.29	48.31	98.29
63.4	98.1	48.43	98.1
63.6	97.92	48.48	97.92
63.8	97.75	48.5	97.75
64.0	97.6	48.53	97.6
64.2	97.47	48.6	97.47
64.4	97.36	48.7	97.36
64.6	97.27	48.92	97.27
64.8	97.21	49.29	97.21
65.0	97.18	49.71	97.18
65.2	97.18	50.14	97.18
65.4	97.23	50.58	97.23
65.6	97.35	50.99	97.35
65.8	97.58	51.29	97.58
66.0	97.84	51.57	97.84
66.2	98.12	51.83	98.12
66.4	98.4	52.08	98.4
66.6	98.65	52.33	98.65
66.8	98.79	52.65	98.79
67.0	98.89	52.95	98.89
67.2	98.97	53.23	98.97
67.4	99.02	53.47	99.02
67.6	99.04	53.67	99.04
67.8	99.03	53.72	99.03
68.0	99.0	53.68	99.0
68.2	98.95	53.6	98.95
68.4	98.89	53.5	98.89
68.6	98.81	53.4	98.81
68.8	98.72	53.33	98.72
69.0	98.61	53.33	98.61
69.2	98.5	53.35	98.5
69.4	98.39	53.38	98.39
69.6	98.3	53.43	98.3
69.8	98.22	53.48	98.22
70.0	98.2	53.56	98.2
70.2	98.2	53.64	98.2
70.4	98.21	53.71	98.21
70.6	98.22	53.76	98.22
70.8	98.24	53.8	98.24
71.0	98.26	53.79	98.26
71.2	98.26	53.75	98.26
71.4	98.26	53.68	98.26
71.6	98.24	53.58	98.24
71.8	98.2	53.45	98.2
72.0	98.09	53.23	98.09
72.2	97.92	52.96	97.92
72.4	97.75	52.68	97.75
72.6	97.56	52.42	97.56
72.8	97.38	52.18	97.38
73.0	97.23	52.01	97.23
73.2	97.14	52.01	97.14
73.4	97.08	52.06	97.08
73.6	97.02	52.14	97.02
73.8	96.97	52.24	96.97
74.0	96.93	52.35	96.93
74.2	96.84	52.39	96.84
74.4	96.74	52.42	96.74
74.6	96.66	52.44	96.66
74.8	96.62	52.48	96.62
75.0	96.61	52.54	96.61
75.2	96.73	52.68	96.73
75.4	96.95	52.87	96.95
75.6	97.19	53.07	97.19
75.8	97.46	53.27	97.46
76.0	97.72	53.45	97.72
76.2	97.96	53.57	97.96
76.4	98.07	53.54	98.07
76.6	98.16	53.48	98.16
76.8	98.24	53.42	98.24
77.0	98.33	53.36	98.33
77.2	98.42	53.33	98.42
77.4	98.55	53.39	98.55
77.6	98.72	53.51	98.72
77.8	98.91	53.68	98.91
78.0	99.12	53.91	99.12
78.2	99.37	54.21	99.37
78.4	99.68	54.66	99.68
78.6	100.06	55.26	100.06
78.8	100.45	55.89	100.45
79.0	100.84	56.49	100.84
79.2	101.22	57.03	101.22
79.4	101.56	57.42	101.56
79.6	101.82	57.45	101.82
79.8	102.04	57.37	102.04
80.0	102.21	57.22	102.21
80.2	102.32	57.0	102.32
80.4	102.38	56.75	102.38
80.6	102.33	56.56	102.33
80.8	102.19	56.41	102.19
81.0	102.02	56.26	102.02
81.2	101.81	56.1	101.81
81.4	101.6	55.94	101.6
81.6	101.39	55.77	101.39
81.8	101.25	55.59	101.25
82.0	101.12	55.41	101.12
82.2	101.0	55.22	101.0
82.4	100.9	55.04	100.9
82.6	100.81	54.85	100.81
82.8	100.77	54.68	100.77
83.0	100.74	54.51	100.74
83.2	100.71	54.34	100.71
83.4	100.68	54.18	100.68
83.6	100.62	54.01	100.62
83.8	100.5	53.79	100.5
84.0	100.32	53.53	100.32
84.2	100.11	53.3	100.11
84.4	99.9	53.1	99.9
84.6	99.68	52.96	99.68
84.8	99.46	52.9	99.46
85.0	99.31	53.13	99.31
85.2	99.15	53.41	99.15
85.4	99.0	53.72	99.0
85.6	98.85	54.03	98.85
85.8	98.7	54.32	98.7
86.0	98.46	54.42	98.46
86.2	98.17	54.38	98.17
86.4	97.92	54.32	97.92
86.6	97.72	54.28	97.72
86.8	97.6	54.27	97.6
87.0	97.62	54.4	97.62
87.2	97.83	54.7	97.83
87.4	98.14	55.05	98.14
87.6	98.56	55.43	98.56
87.8	99.09	55.84	99.09
88.0	99.76	56.22	99.76
88.2	100.56	56.56	100.56
88.4	101.43	56.9	101.43
88.6	102.36	57.25	102.36
88.8	103.32	57.59	103.32
89.0	104.27	58.0	104.27
89.2	105.18	58.47	105.18
89.4	106.08	58.89	106.08
89.6	106.95	59.25	106.95
89.8	107.79	59.51	107.79
90.0	108.6	59.54	108.6
90.2	109.39	59.29	109.39
90.4	110.08	58.94	110.08
90.6	110.67	58.53	110.67
90.8	111.12	58.07	111.12
91.0	111.31	57.65	111.31
91.2	111.21	57.29	111.21
91.4	111.0	56.94	111.0
91.6	110.72	56.61	110.72
91.8	110.4	56.31	110.4
92.0	110.19	56.07	110.19
92.2	110.04	55.88	110.04
92.4	109.88	55.69	109.88
92.6	109.72	55.5	109.72
92.8	109.53	55.28	109.53
93.0	109.31	54.99	109.31
93.2	109.06	54.67	109.06
93.4	108.77	54.31	108.77
93.6	108.42	53.9	108.42
93.8	108.01	53.42	108.01
94.0	107.48	52.81	107.48
94.2	106.9	52.17	106.9
94.4	106.28	51.52	106.28
94.6	105.64	50.86	105.64
94.8	104.98	50.24	104.98
95.0	104.35	49.72	104.35
95.2	103.72	49.24	103.72
95.4	103.08	48.82	103.08
95.6	102.45	48.44	102.45
95.8	101.81	48.11	101.81
96.0	101.15	47.82	101.15
96.2	100.48	47.59	100.48
96.4	99.83	47.42	99.83
96.6	99.22	47.33	99.22
96.8	98.65	47.32	98.65
97.0	98.18	47.49	98.18
97.2	97.81	47.8	97.81
97.4	97.47	48.15	97.47
97.6	97.17	48.51	97.17
97.8	96.89	48.86	96.89
98.0	96.59	49.05	96.59
98.2	96.27	49.07	96.27
98.4	95.96	49.05	95.96
98.6	95.66	49.01	95.66
98.8	95.4	48.99	95.4
99.0	95.16	48.99	95.16
99.2	94.95	49.16	94.95
99.4	94.79	49.36	94.79
99.6	94.67	49.61	94.67
99.8	94.59	49.89	94.59
100.0	94.55	50.22	94.55
100.2	94.61	50.63	94.61
100.4	94.74	51.08	94.74
100.6	94.89	51.53	94.89
100.8	95.08	51.95	95.08
101.0	95.28	52.32	95.28
101.2	95.46	52.52	95.46
101.4	95.61	52.57	95.61
101.6	95.78	52.58	95.78
101.8	95.96	52.57	95.96
102.0	96.16	52.56	96.16
102.2	96.41	52.63	96.41
102.4	96.71	52.87	96.71
102.6	97.03	53.12	97.03
102.8	97.35	53.36	97.35
103.0	97.66	53.58	97.66
103.2	97.97	53.74	97.97
103.4	98.19	53.71	98.19
103.6	98.4	53.62	98.4
103.8	98.6	53.5	98.6
104.0	98.78	53.34	98.78
104.2	98.96	53.17	98.96
104.4	99.18	53.04	99.18
104.6	99.38	52.91	99.38
104.8	99.57	52.77	99.57
105.0	99.74	52.61	99.74
105.2	99.89	52.43	99.89
105.4	99.98	52.18	99.98
105.6	100.03	51.91	100.03
105.8	100.04	51.63	100.04
106.0	100.03	51.34	100.03
106.2	99.99	51.07	99.99
106.4	99.92	50.81	99.92
106.6	99.81	50.59	99.81
106.8	99.69	50.39	99.69
107.0	99.55	50.24	99.55
107.2	99.41	50.13	99.41
107.4	99.26	50.09	99.26
107.6	99.08	50.16	99.08
107.8	98.92	50.28	98.92
108.0	98.81	50.44	98.81
108.2	98.75	50.63	98.75
108.4	98.8	50.85	98.8
108.6	99.06	51.1	99.06
108.8	99.37	51.36	99.37
109.0	99.73	51.61	99.73
109.2	100.1	51.84	100.1
109.4	100.45	52.04	100.45
109.6	100.67	52.13	100.67
109.8	100.86	52.18	100.86
110.0	101.04	52.2	101.04
110.2	101.21	52.19	101.21
110.4	101.37	52.14	101.37
110.6	101.55	52.08	101.55
110.8	101.73	52.0	101.73
111.0	101.92	51.89	101.92
111.2	102.11	51.76	102.11
111.4	102.31	51.61	102.31
111.6	102.5	51.36	102.5
111.8	102.68	51.06	102.68
112.0	102.89	50.79	102.89
112.2	103.12	50.56	103.12
112.4	103.4	50.42	103.4
112.6	103.82	50.51	103.82
112.8	104.34	50.79	104.34
113.0	104.86	51.14	104.86
113.2	105.36	51.52	105.36
113.4	105.81	51.93	105.81
113.6	106.08	52.3	106.08
113.8	106.22	52.62	106.22
114.0	106.28	52.89	106.28
114.2	106.26	53.07	106.26
114.4	106.16	53.15	106.16
114.6	105.99	52.94	105.99
114.8	105.75	52.51	105.75
115.0	105.45	52.01	105.45
115.2	105.09	51.47	105.09
115.4	104.69	50.93	104.69
115.6	104.24	50.48	104.24
115.8	103.76	50.24	103.76
116.0	103.25	50.05	103.25
116.2	102.72	49.91	102.72
116.4	102.18	49.82	102.18
116.6	101.63	49.77	101.63
116.8	101.07	49.76	101.07
117.0	100.52	49.78	100.52
117.2	99.99	49.82	99.99
117.4	99.48	49.87	99.48
117.6	99.01	49.92	99.01
117.8	98.59	49.94	98.59
118.0	98.24	49.92	98.24
118.2	97.94	49.89	97.94
118.4	97.7	49.87	97.7
118.6	97.52	49.86	97.52
118.8	97.45	49.88	97.45
119.0	97.48	49.94	97.48
119.2	97.55	50.0	97.55
119.4	97.64	50.04	97.64
119.6	97.73	50.07	97.73
119.8	97.76	50.05	97.76
120.0	97.71	49.96	97.71
120.2	97.63	49.84	97.63
120.4	97.55	49.67	97.55
120.6	97.46	49.47	97.46
120.8	97.38	49.2	97.38
121.0	97.36	48.83	97.36
121.2	97.34	48.43	97.34
121.4	97.31	48.03	97.31
121.6	97.26	47.63	97.26
121.8	97.18	47.27	97.18
122.0	96.98	47.02	96.98
122.2	96.74	46.83	96.74
122.4	96.5	46.7	96.5
122.6	96.26	46.61	96.26
122.8	96.04	46.57	96.04
123.0	95.92	46.63	95.92
123.2	95.86	46.75	95.86
123.4	95.83	46.9	95.83
123.6	95.81	47.07	95.81
123.8	95.8	47.24	95.8
124.0	95.75	47.39	95.75
124.2	95.68	47.5	95.68
124.4	95.6	47.6	95.6
124.6	95.52	47.69	95.52
124.8	95.45	47.77	95.45
125.0	95.38	47.84	95.38
125.2	95.35	47.89	95.35
125.4	95.32	47.94	95.32
125.6	95.29	47.98	95.29
125.8	95.24	48.01	95.24
126.0	95.19	48.03	95.19
126.2	95.05	48.02	95.05
126.4	94.9	48.01	94.9
126.6	94.74	48.01	94.74
126.8	94.6	48.02	94.6
127.0	94.49	48.05	94.49
127.2	94.44	48.12	94.44
127.4	94.45	48.23	94.45
127.6	94.51	48.37	94.51
127.8	94.62	48.55	94.62
128.0	94.78	48.77	94.78
128.2	95.01	49.09	95.01
128.4	95.35	49.53	95.35
128.6	95.7	49.98	95.7
128.8	96.06	50.4	96.06
129.0	96.41	50.79	96.41
129.2	96.69	51.05	96.69
129.4	96.83	51.04	96.83
129.6	96.93	50.96	96.93
129.8	96.99	50.83	96.99
130.0	97.03	50.67	97.03
130.2	97.06	50.49	97.06
130.4	97.12	50.41	97.12
130.6	97.17	50.36	97.17
130.8	97.23	50.31	97.23
131.0	97.28	50.27	97.28
131.2	97.32	50.24	97.32
131.4	97.33	50.19	97.33
131.6	97.33	50.12	97.33
131.8	97.33	50.08	97.33
132.0	97.35	50.06	97.35
132.2	97.4	50.08	97.4
132.4	97.53	50.2	97.53
132.6	97.75	50.43	97.75
132.8	97.98	50.68	97.98
133.0	98.21	50.91	98.21
133.2	98.42	51.1	98.42
133.4	98.58	51.18	98.58
133.6	98.65	51.11	98.65
133.8	98.67	50.96	98.67
134.0	98.65	50.75	98.65
134.2	98.58	50.48	98.58
134.4	98.45	50.15	98.45
134.6	98.2	49.67	98.2
134.8	97.92	49.17	97.92
135.0	97.6	48.67	97.6
135.2	97.28	48.2	97.28
135.4	96.95	47.78	96.95
135.6	96.66	47.57	96.66
135.8	96.41	47.51	96.41
136.0	96.17	47.53	96.17
136.2	95.96	47.61	95.96
136.4	95.77	47.74	95.77
136.6	95.61	47.91	95.61
136.8	95.46	48.07	95.46
137.0	95.34	48.27	95.34
137.2	95.27	48.5	95.27
137.4	95.25	48.77	95.25
137.6	95.3	49.07	95.3
137.8	95.48	49.45	95.48
138.0	95.74	49.86	95.74
138.2	96.04	50.28	96.04
138.4	96.39	50.7	96.39
138.6	96.77	51.1	96.77
138.8	97.17	51.43	97.17
139.0	97.59	51.68	97.59
139.2	98.01	51.9	98.01
139.4	98.42	52.1	98.42
139.6	98.82	52.27	98.82
139.8	99.19	52.42	99.19
140.0	99.52	52.55	99.52
140.2	99.8	52.68	99.8
140.4	100.04	52.79	100.04
140.6	100.23	52.89	100.23
140.8	100.32	52.99	100.32
141.0	100.26	53.08	100.26
141.2	100.18	53.17	100.18
141.4	100.1	53.27	100.1
141.6	100.06	53.4	100.06
141.8	100.19	53.62	100.19
142.0	100.5	53.92	100.5
142.2	100.85	54.21	100.85
142.4	101.22	54.46	101.22
142.6	101.58	54.65	101.58
142.8	101.82	54.63	101.82
143.0	101.93	54.41	101.93
143.2	101.99	54.09	101.99
143.4	102.03	53.71	102.03
143.6	102.06	53.27	102.06
143.8	102.1	52.81	102.1
144.0	102.24	52.38	102.24
144.2	102.37	51.93	102.37
144.4	102.48	51.47	102.48
144.6	102.53	51.01	102.53
144.8	102.53	50.53	102.53
145.0	102.3	49.97	102.3
145.2	101.96	49.41	101.96
145.4	101.59	48.9	101.59
145.6	101.24	48.47	101.24
145.8	100.92	48.16	100.92
146.0	100.77	48.19	100.77
146.2	100.79	48.51	100.79
146.4	100.86	48.91	100.86
146.6	100.96	49.34	100.96
146.8	101.07	49.74	101.07
147.0	101.13	49.89	101.13
147.2	101.13	49.75	101.13
147.4	101.12	49.55	101.12
147.6	101.08	49.32	101.08
147.8	101.04	49.08	101.04
148.0	101.0	48.9	101.0
148.2	100.96	48.91	100.96
148.4	100.91	48.96	100.91
148.6	100.85	49.04	100.85
148.8	100.77	49.15	100.77
149.0	100.66	49.29	100.66
149.2	100.5	49.36	100.5
149.4	100.31	49.45	100.31
149.6	100.1	49.56	100.1
149.8	99.88	49.73	99.88
150.0	99.66	49.94	99.66
150.2	99.42	50.3	99.42
150.4	99.17	50.81	99.17
150.6	98.95	51.35	98.95
150.8	98.78	51.91	98.78
151.0	98.69	52.46	98.69
151.2	98.7	52.95	98.7
151.4	98.87	53.29	98.87
151.6	99.15	53.59	99.15
151.8	99.52	53.87	99.52
152.0	99.99	54.14	99.99
152.2	100.6	54.45	100.6
152.4	101.42	54.89	101.42
152.6	102.29	55.3	102.29
152.8	103.15	55.65	103.15
153.0	103.96	55.9	103.96
153.2	104.61	55.95	104.61
153.4	104.95	55.62	104.95
153.6	105.17	55.18	105.17
153.8	105.31	54.66	105.31
154.0	105.37	54.11	105.37
154.2	105.38	53.57	105.38
154.4	105.43	53.26	105.43
154.6	105.44	52.98	105.44
154.8	105.4	52.73	105.4
155.0	105.32	52.48	105.32
155.2	105.2	52.24	105.2
155.4	104.97	51.94	104.97
155.6	104.69	51.62	104.69
155.8	104.38	51.31	104.38
156.0	104.07	51.02	104.07
156.2	103.76	50.76	103.76
156.4	103.56	50.61	103.56
156.6	103.42	50.54	103.42
156.8	103.29	50.47	103.29
157.0	103.13	50.4	103.13
157.2	102.94	50.29	102.94
157.4	102.63	50.07	102.63
157.6	102.15	49.67	102.15
157.8	101.63	49.24	101.63
158.0	101.09	48.79	101.09
158.2	100.54	48.34	100.54
158.4	100.01	47.92	100.01
158.6	99.63	47.61	99.63
158.8	99.29	47.36	99.29
159.0	98.96	47.15	98.96
159.2	98.64	46.99	98.64
159.4	98.32	46.88	98.32
159.6	97.91	46.83	97.91
159.8	97.43	46.86	97.43
160.0	96.95	46.93	96.95
160.2	96.51	47.06	96.51
160.4	96.13	47.24	96.13
160.6	95.85	47.48	95.85
160.8	95.81	47.85	95.81
161.0	95.85	48.24	95.85
161.2	95.94	48.63	95.94
161.4	96.08	49.01	96.08
161.6	96.24	49.35	96.24
161.8	96.36	49.49	96.36
162.0	96.48	49.57	96.48
162.2	96.59	49.61	96.59
162.4	96.69	49.63	96.69
162.6	96.77	49.65	96.77
162.8	96.76	49.69	96.76
163.0	96.7	49.77	96.7
163.2	96.63	49.86	96.63
163.4	96.56	49.96	96.56
163.6	96.5	50.09	96.5
163.8	96.47	50.24	96.47
164.0	96.52	50.48	96.52
164.2	96.6	50.73	96.6
164.4	96.72	50.97	96.72
164.6	96.89	51.19	96.89
164.8	97.09	51.37	97.09
165.0	97.35	51.38	97.35
165.2	97.65	51.32	97.65
165.4	98.01	51.26	98.01
165.6	98.4	51.2	98.4
165.8	98.85	51.17	98.85
166.0	99.42	51.32	99.42
166.2	100.08	51.58	100.08
166.4	100.73	51.87	100.73
166.6	101.36	52.16	101.36
166.8	101.94	52.43	101.94
167.0	102.35	52.62	102.35
167.2	102.57	52.68	102.57
167.4	102.71	52.71	102.71
167.6	102.79	52.7	102.79
167.8	102.82	52.67	102.82
168.0	102.84	52.63	102.84
168.2	102.89	52.59	102.89
168.4	102.93	52.55	102.93
168.6	102.95	52.5	102.95
168.8	102.95	52.45	102.95
169.0	102.94	52.4	102.94
169.2	102.88	52.35	102.88
169.4	102.81	52.31	102.81
169.6	102.74	52.28	102.74
169.8	102.68	52.27	102.68
170.0	102.64	52.29	102.64
170.2	102.73	52.45	102.73
170.4	102.85	52.65	102.85
170.6	102.96	52.83	102.96
170.8	103.05	52.97	103.05
171.0	103.1	53.03	103.1
171.2	103.0	52.84	103.0
171.4	102.78	52.44	102.78
171.6	102.51	51.98	102.51
171.8	102.21	51.49	102.21
172.0	101.89	50.98	101.89
172.2	101.59	50.54	101.59
172.4	101.36	50.24	101.36
172.6	101.13	49.97	101.13
172.8	100.9	49.75	100.9
173.0	100.65	49.57	100.65
173.2	100.39	49.42	100.39
173.4	99.94	49.21	99.94
173.6	99.5	49.06	99.5
173.8	99.11	48.98	99.11
174.0	98.8	49.0	98.8
174.2	98.6	49.14	98.6
174.4	98.78	49.68	98.78
174.6	99.13	50.37	99.13
174.8	99.57	51.08	99.57
175.0	100.07	51.77	100.07
175.2	100.59	52.38	100.59
175.4	101.0	52.51	101.0
175.6	101.38	52.49	101.38
175.8	101.75	52.39	101.75
176.0	102.1	52.26	102.1
176.2	102.42	52.13	102.42
176.4	102.73	52.25	102.73
176.6	103.01	52.44	103.01
176.8	103.26	52.62	103.26
177.0	103.47	52.78	103.47
177.2	103.64	52.86	103.64
177.4	103.68	52.64	103.68
177.6	103.7	52.39	103.7
177.8	103.71	52.15	103.71
178.0	103.74	51.97	103.74
178.2	103.9	52.04	103.9
178.4	104.15	52.34	104.15
178.6	104.41	52.67	104.41
178.8	104.64	53.0	104.64
179.0	104.8	53.25	104.8
179.2	104.78	53.23	104.78
179.4	104.68	53.13	104.68
179.6	104.52	52.95	104.52
179.8	104.32	52.71	104.32
180.0	104.09	52.44	104.09
180.2	103.86	52.18	103.86
180.4	103.6	51.87	103.6
180.6	103.31	51.53	103.31
180.8	102.99	51.15	102.99
181.0	102.62	50.72	102.62
181.2	102.21	50.16	102.21
181.4	101.76	49.59	101.76
181.6	101.29	49.01	101.29
181.8	100.78	48.47	100.78
182.0	100.26	47.96	100.26
182.2	99.69	47.63	99.69
182.4	99.11	47.39	99.11
182.6	98.52	47.2	98.52
182.8	97.93	47.06	97.93
183.0	97.36	46.96	97.36
183.2	96.82	46.86	96.82
183.4	96.34	46.76	96.34
183.6	95.89	46.69	95.89
183.8	95.46	46.63	95.46
184.0	95.05	46.61	95.05
184.2	94.66	46.61	94.66
184.4	94.22	46.61	94.22
184.6	93.79	46.64	93.79
184.8	93.41	46.72	93.41
185.0	93.1	46.86	93.1
185.2	92.88	47.08	92.88
185.4	92.83	47.5	92.83
185.6	92.96	48.12	92.96
185.8	93.18	48.76	93.18
186.0	93.48	49.39	93.48
186.2	93.83	49.96	93.83
186.4	94.24	50.36	94.24
186.6	94.66	50.3	94.66
186.8	95.11	50.14	95.11
187.0	95.56	49.93	95.56
187.2	96.01	49.69	96.01
187.4	96.45	49.48	96.45
187.6	96.82	49.56	96.82
187.8	97.15	49.77	97.15
188.0	97.45	50.0	97.45
188.2	97.73	50.23	97.73
188.4	97.98	50.44	97.98
188.6	98.17	50.51	98.17
188.8	98.31	50.42	98.31
189.0	98.45	50.3	98.45
189.2	98.59	50.18	98.59
189.4	98.78	50.08	98.78
189.6	99.04	50.06	99.04
189.8	99.51	50.25	99.51
190.0	100.0	50.48	100.0
190.2	100.5	50.72	100.5
190.4	100.97	50.96	100.97
190.6	101.39	51.17	101.39
190.8	101.59	51.23	101.59
191.0	101.72	51.26	101.72
191.2	101.79	51.25	101.79
191.4	101.81	51.2	101.81
191.6	101.79	51.12	101.79
191.8	101.72	51.0	101.72
192.0	101.61	50.85	101.61
192.2	101.49	50.69	101.49
192.4	101.38	50.52	101.38
192.6	101.27	50.36	101.27
192.8	101.24	50.24	101.24
193.0	101.37	50.21	101.37
193.2	101.5	50.19	101.5
193.4	101.63	50.17	101.63
193.6	101.73	50.13	101.73
193.8	101.76	50.08	101.76
194.0	101.57	49.89	101.57
194.2	101.27	49.66	101.27
194.4	100.92	49.43	100.92
194.6	100.54	49.19	100.54
194.8	100.14	48.99	100.14
195.0	99.78	48.84	99.78
195.2	99.52	48.81	99.52
195.4	99.27	48.82	99.27
195.6	99.03	48.87	99.03
195.8	98.79	48.95	98.79
196.0	98.55	49.07	98.55
196.2	98.26	49.21	98.26
196.4	97.92	49.37	97.92
196.6	97.6	49.56	97.6
196.8	97.29	49.76	97.29
197.0	97.02	49.97	97.02
197.2	96.79	50.19	96.79
197.4	96.66	50.4	96.66
197.6	96.59	50.61	96.59
197.8	96.58	50.82	96.58
198.0	96.62	51.04	96.62
198.2	96.7	51.26	96.7
198.4	96.83	51.47	96.83
198.6	96.97	51.66	96.97
198.8	97.16	51.85	97.16
199.0	97.4	52.06	97.4
199.2	97.7	52.3	97.7
199.4	98.06	52.56	98.06
199.6	98.59	52.92	98.59
199.8	99.2	53.33	99.2
200.0	99.83	53.78	99.83
200.2	100.45	54.25	100.45
200.4	101.03	54.73	101.03
200.6	101.48	55.25	101.48
200.8	101.74	55.81	101.74
201.0	101.93	56.34	101.93
201.2	102.07	56.84	102.07
201.4	102.16	57.27	102.16
201.6	102.22	57.63	102.22
201.8	102.33	57.65	102.33
202.0	102.43	57.58	102.43
202.2	102.49	57.46	102.49
202.4	102.51	57.32	102.51
202.6	102.47	57.18	102.47
202.8	102.37	57.12	102.37
203.0	102.13	57.33	102.13
203.2	101.84	57.57	101.84
203.4	101.5	57.85	101.5
203.6	101.11	58.12	101.11
203.8	100.7	58.39	100.7
204.0	100.24	58.59	100.24
204.2	99.76	58.69	99.76
204.4	99.27	58.76	99.27
204.6	98.77	58.8	98.77
204.8	98.29	58.8	98.29
205.0	97.83	58.77	97.83
205.2	97.39	58.68	97.39
205.4	97.0	58.53	97.0
205.6	96.66	58.38	96.66
205.8	96.37	58.24	96.37
206.0	96.16	58.12	96.16
206.2	96.03	58.03	96.03
206.4	96.08	58.06	96.08
206.6	96.25	58.17	96.25
206.8	96.48	58.32	96.48
207.0	96.77	58.5	96.77
207.2	97.08	58.71	97.08
207.4	97.4	58.96	97.4
207.6	97.68	59.31	97.68
207.8	97.96	59.63	97.96
208.0	98.24	59.91	98.24
208.2	98.51	60.12	98.51
208.4	98.77	60.23	98.77
208.6	99.0	60.0	99.0
208.8	99.2	59.53	99.2
209.0	99.39	58.99	99.39
209.2	99.57	58.42	99.57
209.4	99.73	57.85	99.73
209.6	99.88	57.37	99.88
209.8	99.99	57.26	99.99
210.0	100.09	57.2	100.09
210.2	100.21	57.16	100.21
210.4	100.35	57.11	100.35
210.6	100.52	57.02	100.52
210.8	100.86	56.71	100.86
211.0	101.28	56.25	101.28
211.2	101.7	55.76	101.7
211.4	102.09	55.24	102.09
211.6	102.42	54.71	102.42
211.8	102.61	54.23	102.61
212.0	102.53	53.82	102.53
212.2	102.37	53.46	102.37
212.4	102.13	53.13	102.13
212.6	101.85	52.85	101.85
212.8	101.53	52.61	101.53
213.0	101.25	52.47	101.25
213.2	100.98	52.39	100.98
213.4	100.71	52.36	100.71
213.6	100.44	52.38	100.44
213.8	100.17	52.43	100.17
214.0	99.92	52.53	99.92
214.2	99.7	52.71	99.7
214.4	99.5	52.91	99.5
214.6	99.32	53.13	99.32
214.8	99.16	53.33	99.16
215.0	99.02	53.5	99.02
215.2	98.9	53.63	98.9
215.4	98.71	53.4	98.71
215.6	98.56	53.16	98.56
215.8	98.48	52.96	98.48
216.0	98.47	52.84	98.47
216.2	98.57	52.84	98.57
216.4	98.85	53.26	98.85
216.6	99.32	54.04	99.32
216.8	99.9	54.92	99.9
217.0	100.58	55.84	100.58
217.2	101.35	56.76	101.35
217.4	102.24	57.54	102.24
217.6	103.28	58.1	103.28
217.8	104.35	58.53	104.35
218.0	105.43	58.83	105.43
218.2	106.47	58.97	106.47
218.4	107.43	58.94	107.43
218.6	108.11	58.44	108.11
218.8	108.7	57.81	108.7
219.0	109.2	57.11	109.2
219.2	109.61	56.39	109.61
219.4	109.95	55.7	109.95
219.6	110.24	55.31	110.24
219.8	110.49	55.14	110.49
220.0	110.66	55.05	110.66
220.2	110.76	55.02	110.76
220.4	110.77	55.01	110.77
220.6	110.69	55.01	110.69
220.8	110.43	54.98	110.43
221.0	110.11	54.94	110.11
221.2	109.74	54.85	109.74
221.4	109.35	54.72	109.35
221.6	108.94	54.53	108.94
221.8	108.68	54.12	108.68
222.0	108.43	53.64	108.43
222.2	108.17	53.12	108.17
222.4	107.88	52.58	107.88
222.6	107.56	52.04	107.56
222.8	107.09	51.58	107.09
223.0	106.52	51.19	106.52
223.2	105.93	50.83	105.93
223.4	105.31	50.51	105.31
223.6	104.68	50.24	104.68
223.8	104.08	50.04	104.08
224.0	103.58	49.98	103.58
224.2	103.1	49.96	103.1
224.4	102.63	49.96	102.63
224.6	102.16	49.96	102.16
224.8	101.69	49.95	101.69
225.0	101.16	49.83	101.16
225.2	100.58	49.59	100.58
225.4	100.01	49.34	100.01
225.6	99.46	49.1	99.46
225.8	98.95	48.89	98.95
226.0	98.5	48.73	98.5
226.2	98.21	48.77	98.21
226.4	97.97	48.85	97.97
226.6	97.78	48.97	97.78
226.8	97.62	49.11	97.62
227.0	97.48	49.24	97.48
227.2	97.32	49.31	97.32
227.4	97.16	49.35	97.16
227.6	97.01	49.38	97.01
227.8	96.87	49.39	96.87
228.0	96.73	49.38	96.73
228.2	96.59	49.35	96.59
228.4	96.42	49.25	96.42
228.6	96.26	49.15	96.26
228.8	96.13	49.07	96.13
229.0	96.01	49.03	96.01
229.2	95.93	49.04	95.93
229.4	95.91	49.15	95.91
229.6	95.94	49.35	95.94
229.8	96.01	49.62	96.01
230.0	96.12	49.97	96.12
230.2	96.28	50.4	96.28
230.4	96.49	50.95	96.49
230.6	96.76	51.73	96.76
230.8	97.08	52.55	97.08
231.0	97.45	53.38	97.45
231.2	97.86	54.17	97.86
231.4	98.31	54.89	98.31
231.6	98.9	55.34	98.9
231.8	99.52	55.65	99.52
232.0	100.14	55.86	100.14
232.2	100.74	55.98	100.74
232.4	101.29	56.0	101.29
232.6	101.69	55.88	101.69
232.8	101.94	55.66	101.94
233.0	102.12	55.38	102.12
233.2	102.23	55.1	102.23
233.4	102.29	54.82	102.29
233.6	102.3	54.59	102.3
233.8	102.3	54.69	102.3
234.0	102.27	54.83	102.27
234.2	102.2	54.97	102.2
234.4	102.09	55.09	102.09
234.6	101.94	55.14	101.94
234.8	101.71	54.95	101.71
235.0	101.42	54.5	101.42
235.2	101.11	54.01	101.11
235.4	100.82	53.52	100.82
235.6	100.55	53.06	100.55
235.8	100.35	52.71	100.35
236.0	100.35	52.78	100.35
236.2	100.4	52.91	100.4
236.4	100.48	53.08	100.48
236.6	100.57	53.25	100.57
236.8	100.67	53.38	100.67
237.0	100.66	53.2	100.66
237.2	100.58	52.82	100.58
237.4	100.5	52.43	100.5
237.6	100.42	52.05	100.42
237.8	100.36	51.74	100.36
238.0	100.34	51.6	100.34
238.2	100.39	51.84	100.39
238.4	100.48	52.19	100.48
238.6	100.61	52.6	100.61
238.8	100.78	53.07	100.78
239.0	101.0	53.55	101.0
239.2	101.37	53.89	101.37
239.4	101.77	54.23	101.77
239.6	102.18	54.58	102.18
239.8	102.57	54.93	102.57
240.0	102.93	55.31	102.93
240.2	103.12	55.84	103.12
240.4	103.25	56.4	103.25
240.6	103.33	56.94	103.33
240.8	103.37	57.41	103.37
241.0	103.38	57.79	103.38
241.2	103.37	57.86	103.37
241.4	103.32	57.64	103.32
241.6	103.29	57.35	103.29
241.8	103.28	57.06	103.28
242.0	103.31	56.82	103.31
242.2	103.43	56.73	103.43
242.4	103.73	57.06	103.73
242.6	104.07	57.48	104.07
242.8	104.43	57.95	104.43
243.0	104.78	58.44	104.78
243.2	105.08	58.89	105.08
243.4	105.27	59.22	105.27
243.6	105.42	59.5	105.42
243.8	105.51	59.72	105.51
244.0	105.56	59.86	105.56
244.2	105.53	59.87	105.53
244.4	105.44	59.71	105.44
244.6	105.29	59.48	105.29
244.8	105.1	59.2	105.1
245.0	104.86	58.88	104.86
245.2	104.59	58.55	104.59
245.4	104.29	58.31	104.29
245.6	103.96	58.06	103.96
245.8	103.6	57.81	103.6
246.0	103.22	57.54	103.22
246.2	102.83	57.24	102.83
246.4	102.42	56.87	102.42
246.6	102.01	56.46	102.01
246.8	101.59	56.04	101.59
247.0	101.16	55.62	101.16
247.2	100.72	55.22	100.72
247.4	100.25	54.85	100.25
247.6	99.72	54.57	99.72
247.8	99.21	54.32	99.21
248.0	98.73	54.11	98.73
248.2	98.31	53.94	98.31
248.4	97.97	53.81	97.97
248.6	97.89	53.8	97.89
248.8	97.9	53.81	97.9
249.0	97.96	53.82	97.96
249.2	98.04	53.81	98.04
249.4	98.1	53.76	98.1
249.6	98.0	53.56	98.0
249.8	97.82	53.26	97.82
250.0	97.64	52.9	97.64
250.2	97.45	52.49	97.45
250.4	97.27	52.03	97.27
250.6	97.18	51.5	97.18
250.8	97.18	50.9	97.18
251.0	97.2	50.29	97.2
251.2	97.23	49.7	97.23
251.4	97.26	49.15	97.26
251.6	97.27	48.67	97.27
251.8	97.18	48.39	97.18
252.0	97.08	48.17	97.08
252.2	97.0	48.03	97.0
252.4	96.95	47.95	96.95
252.6	96.94	47.92	96.94
252.8	97.12	47.98	97.12
253.0	97.36	48.07	97.36
253.2	97.61	48.19	97.61
253.4	97.86	48.33	97.86
253.6	98.09	48.48	98.09
253.8	98.2	48.59	98.2
254.0	98.24	48.68	98.24
254.2	98.24	48.75	98.24
254.4	98.2	48.81	98.2
254.6	98.12	48.85	98.12
254.8	98.0	48.84	98.0
255.0	97.84	48.78	97.84
255.2	97.66	48.71	97.66
255.4	97.45	48.63	97.45
255.6	97.23	48.57	97.23
255.8	97.01	48.51	97.01
256.0	96.8	48.51	96.8
256.2	96.58	48.54	96.58
256.4	96.37	48.59	96.37
256.6	96.17	48.68	96.17
256.8	95.96	48.81	95.96
257.0	95.71	48.96	95.71
257.2	95.44	49.15	95.44
257.4	95.21	49.39	95.21
257.6	95.05	49.69	95.05
257.8	94.98	50.04	94.98
258.0	95.12	50.53	95.12
258.2	95.54	51.19	95.54
258.4	96.04	51.88	96.04
258.6	96.59	52.56	96.59
258.8	97.15	53.2	97.15
259.0	97.65	53.73	97.65
259.2	97.95	54.03	97.95
259.4	98.2	54.22	98.2
259.6	98.4	54.3	98.4
259.8	98.57	54.29	98.57
260.0	98.7	54.18	98.7
260.2	98.84	53.83	98.84
260.4	98.96	53.39	98.96
260.6	99.05	52.92	99.05
260.8	99.13	52.47	99.13
261.0	99.18	52.06	99.18
261.2	99.18	51.89	99.18
261.4	99.16	51.92	99.16
261.6	99.12	52.03	99.12
261.8	99.09	52.19	99.09
262.0	99.06	52.4	99.06
262.2	99.07	52.62	99.07
262.4	99.13	52.82	99.13
262.6	99.2	53.02	99.2
262.8	99.29	53.22	99.29
263.0	99.39	53.39	99.39
263.2	99.5	53.51	99.5
263.4	99.64	53.54	99.64
263.6	99.78	53.54	99.78
263.8	99.9	53.51	99.9
264.0	100.0	53.47	100.0
264.2	100.06	53.42	100.06
264.4	100.01	53.37	100.01
264.6	99.91	53.31	99.91
264.8	99.78	53.27	99.78
265.0	99.66	53.25	99.66
265.2	99.56	53.25	99.56
265.4	99.51	53.3	99.51
265.6	99.51	53.4	99.51
265.8	99.56	53.52	99.56
266.0	99.65	53.66	99.65
266.2	99.79	53.84	99.79
266.4	100.09	54.13	100.09
266.6	100.44	54.43	100.44
266.8	100.81	54.71	100.81
267.0	101.17	54.94	101.17
267.2	101.5	55.09	101.5
267.4	101.67	54.97	101.67
267.6	101.78	54.75	101.78
267.8	101.83	54.44	101.83
268.0	101.83	54.06	101.83
268.2	101.77	53.6	101.77
268.4	101.65	53.04	101.65
268.6	101.47	52.44	101.47
268.8	101.24	51.82	101.24
269.0	100.99	51.21	100.99
269.2	100.7	50.64	100.7
269.4	100.39	50.2	100.39
269.6	100.08	49.91	100.08
269.8	99.75	49.67	99.75
270.0	99.4	49.47	99.4
270.2	99.04	49.3	99.04
270.4	98.66	49.15	98.66
270.6	98.21	48.96	98.21
270.8	97.78	48.79	97.78
271.0	97.36	48.61	97.36
271.2	96.99	48.43	96.99
271.4	96.67	48.25	96.67
271.6	96.54	48.03	96.54
271.8	96.51	47.8	96.51
272.0	96.53	47.57	96.53
272.2	96.56	47.35	96.56
272.4	96.6	47.14	96.6
272.6	96.55	46.92	96.55
272.8	96.35	46.64	96.35
273.0	96.16	46.44	96.16
273.2	95.99	46.35	95.99
273.4	95.89	46.43	95.89
273.6	95.88	46.73	95.88
273.8	96.15	47.69	96.15
274.0	96.5	48.79	96.5
274.2	96.91	49.96	96.91
274.4	97.35	51.13	97.35
274.6	97.8	52.23	97.8
274.8	98.16	52.84	98.16
275.0	98.49	53.3	98.49
275.2	98.82	53.64	98.82
275.4	99.13	53.89	99.13
275.6	99.42	54.05	99.42
275.8	99.64	54.13	99.64
276.0	99.85	54.16	99.85
276.2	100.06	54.16	100.06
276.4	100.3	54.14	100.3
276.6	100.57	54.13	100.57
276.8	100.95	54.27	100.95
277.0	101.4	54.44	101.4
277.2	101.89	54.6	101.89
277.4	102.44	54.73	102.44
277.6	103.03	54.79	103.03
277.8	103.75	54.67	103.75
278.0	104.51	54.46	104.51
278.2	105.25	54.19	105.25
278.4	105.95	53.87	105.95
278.6	106.59	53.5	106.59
278.8	107.01	53.09	107.01
279.0	107.34	52.66	107.34
279.2	107.59	52.21	107.59
279.4	107.74	51.76	107.74
279.6	107.82	51.32	107.82
279.8	107.83	50.94	107.83
280.0	107.76	50.59	107.76
280.2	107.63	50.26	107.63
280.4	107.42	49.94	107.42
280.6	107.15	49.62	107.15
280.8	106.77	49.29	106.77
281.0	106.3	48.94	106.3
281.2	105.79	48.6	105.79
281.4	105.27	48.29	105.27
281.6	104.75	48.02	104.75
281.8	104.31	47.8	104.31
282.0	104.03	47.68	104.03
282.2	103.78	47.6	103.78
282.4	103.54	47.54	103.54
282.6	103.29	47.51	103.29
282.8	103.01	47.47	103.01
283.0	102.58	47.4	102.58
283.2	102.11	47.32	102.11
283.4	101.62	47.24	101.62
283.6	101.13	47.16	101.13
283.8	100.64	47.08	100.64
284.0	100.19	46.95	100.19
284.2	99.79	46.8	99.79
284.4	99.4	46.66	99.4
284.6	99.04	46.55	99.04
284.8	98.71	46.48	98.71
285.0	98.4	46.46	98.4
285.2	98.07	46.58	98.07
285.4	97.77	46.76	97.77
285.6	97.53	47.0	97.53
285.8	97.34	47.3	97.34
286.0	97.23	47.64	97.23
286.2	97.3	48.12	97.3
286.4	97.49	48.67	97.49
286.6	97.73	49.22	97.73
286.8	98.01	49.72	98.01
287.0	98.28	50.16	98.28
287.2	98.48	50.36	98.48
287.4	98.6	50.32	98.6
287.6	98.69	50.2	98.69
287.8	98.78	50.05	98.78
