0.2	138.06	88.2	138.06
0.4	139.25	90.37	139.25
0.6	140.62	92.24	140.62
0.8	142.1	93.79	142.1
1.0	143.6	95.0	143.6
1.2	145.05	95.86	145.05
1.4	146.36	96.33	146.36
1.6	147.36	96.21	147.36
1.8	148.1	95.77	148.1
2.0	148.62	95.21	148.62
2.2	148.93	94.98	148.93
2.4	149.01	94.79	149.01
2.6	148.86	94.43	148.86
2.8	148.38	93.44	148.38
3.0	147.66	92.09	147.66
3.2	146.83	90.66	146.83
3.4	146.04	89.46	146.04
3.6	145.37	88.64	145.37
3.8	144.68	87.97	144.68
4.0	143.94	87.43	143.94
4.2	143.04	86.95	143.04
4.4	142.05	86.54	142.05
4.6	141.06	86.19	141.06
4.8	140.09	85.88	140.09
5.0	139.26	85.57	139.26
5.2	138.49	85.3	138.49
5.4	137.76	85.07	137.76
5.6	137.08	84.85	137.08
5.8	136.43	84.66	136.43
6.0	135.83	84.6	135.83
6.2	135.27	84.73	135.27
6.4	134.74	85.5	134.74
6.6	134.27	86.36	134.27
6.8	133.86	87.07	133.86
7.0	133.4	86.84	133.4
7.2	133.02	86.05	133.02
7.4	132.95	85.5	132.95
7.6	133.47	86.09	133.47
7.8	134.63	87.9	134.63
8.0	136.2	90.13	136.2
8.2	138.14	92.36	138.14
8.4	140.37	94.43	140.37
8.6	142.71	96.35	142.71
8.8	145.05	98.12	145.05
9.0	147.26	99.56	147.26
9.2	149.18	100.46	149.18
9.4	150.65	100.47	150.65
9.6	151.55	99.63	151.55
9.8	151.76	97.96	151.76
10.0	150.52	94.83	150.52
10.2	148.59	91.06	148.59
10.4	146.45	87.22	146.45
10.6	145.32	84.75	145.32
10.8	145.12	83.57	145.12
11.0	145.22	83.02	145.22
11.2	145.47	82.96	145.47
11.4	145.72	83.25	145.72
11.6	145.27	83.63	145.27
11.8	144.65	84.1	144.65
12.0	143.94	84.59	143.94
12.2	143.14	84.99	143.14
12.4	142.33	84.94	142.33
12.6	141.51	84.47	141.51
12.8	140.65	83.89	140.65
13.0	139.77	83.27	139.77
13.2	138.83	82.7	138.83
13.4	137.85	82.26	137.85
13.6	136.89	81.95	136.89
13.8	135.99	81.83	135.99
14.0	135.22	82.11	135.22
14.2	134.57	82.68	134.57
14.4	133.98	83.35	133.98
14.6	133.44	84.03	133.44
14.8	132.85	84.44	132.85
15.0	132.32	84.79	132.32
15.2	131.88	85.09	131.88
15.4	131.42	85.16	131.42
15.6	131.05	85.15	131.05
15.8	131.04	85.4	131.04
16.0	131.67	86.27	131.67
16.2	133.24	88.16	133.24
16.4	135.17	90.33	135.17
16.6	137.27	92.51	137.27
16.8	139.26	94.35	139.26
17.0	141.23	96.0	141.23
17.2	143.11	97.47	143.11
17.4	144.87	98.79	144.87
17.6	146.33	99.57	146.33
17.8	147.34	99.42	147.34
18.0	147.7	97.88	147.7
18.2	147.52	95.66	147.52
18.4	146.67	93.01	146.67
18.6	144.83	90.15	144.83
18.8	142.64	87.3	142.64
19.0	140.37	84.67	140.37
19.2	138.99	83.11	138.99
19.4	138.33	82.47	138.33
19.6	137.92	82.29	137.92
19.8	137.65	82.45	137.65
20.0	137.39	82.84	137.39
20.2	136.59	83.1	136.59
20.4	135.6	83.36	135.6
20.6	134.57	83.64	134.57
20.8	133.51	83.9	133.51
21.0	132.49	84.07	132.49
21.2	131.58	84.03	131.58
21.4	130.73	83.93	130.73
21.6	129.95	83.78	129.95
21.8	129.25	83.6	129.25
22.0	128.73	83.38	128.73
22.2	128.31	83.16	128.31
22.4	127.92	83.0	127.92
22.6	127.53	82.94	127.53
22.8	127.0	83.21	127.0
23.0	126.44	83.6	126.44
23.2	125.9	83.98	125.9
23.4	125.41	84.21	125.41
23.6	124.99	83.92	124.99
23.8	124.67	83.66	124.67
24.0	124.47	83.59	124.47
24.2	124.39	84.09	124.39
24.4	124.48	85.11	124.48
24.6	124.82	86.43	124.82
24.8	125.53	88.0	125.53
25.0	126.76	89.78	126.76
25.2	128.16	91.69	128.16
25.4	129.6	93.67	129.6
25.6	130.86	95.84	130.86
25.8	132.03	97.74	132.03
26.0	133.1	99.17	133.1
26.2	134.12	99.31	134.12
26.4	134.9	98.92	134.9
26.6	135.37	98.19	135.37
26.8	135.14	97.5	135.14
27.0	134.51	96.73	134.51
27.2	133.65	95.89	133.65
27.4	132.74	95.05	132.74
27.6	131.86	94.21	131.86
27.8	130.96	93.36	130.96
28.0	130.08	92.49	130.08
28.2	129.2	91.34	129.2
28.4	128.4	90.2	128.4
28.6	127.74	89.32	127.74
28.8	127.3	88.87	127.3
29.0	127.35	89.78	127.35
29.2	127.58	90.93	127.58
29.4	127.93	92.04	127.93
29.6	128.3	92.27	128.3
29.8	128.67	91.84	128.67
30.0	128.99	91.33	128.99
30.2	129.22	91.14	129.22
30.4	129.28	91.71	129.28
30.6	129.23	92.4	129.23
30.8	129.06	93.07	129.06
31.0	128.73	93.27	128.73
31.2	128.3	93.26	128.3
31.4	127.8	93.14	127.8
31.6	127.24	92.97	127.24
31.8	126.66	92.8	126.66
32.0	126.06	92.6	126.06
32.2	125.45	92.39	125.45
32.4	124.87	92.2	124.87
32.6	124.3	92.03	124.3
32.8	123.74	91.85	123.74
33.0	123.17	91.67	123.17
33.2	122.49	91.4	122.49
33.4	121.84	91.16	121.84
33.6	121.25	90.97	121.25
33.8	120.75	90.87	120.75
34.0	120.37	90.87	120.37
34.2	120.19	91.06	120.19
34.4	120.26	91.5	120.26
34.6	120.77	92.52	120.77
34.8	121.59	93.84	121.59
35.0	122.64	95.23	122.64
35.2	123.9	96.52	123.9
35.4	125.3	97.58	125.3
35.6	126.68	98.33	126.68
35.8	127.88	98.63	127.88
36.0	128.68	98.15	128.68
36.2	129.25	97.3	129.25
36.4	129.59	96.2	129.59
36.6	129.67	95.05	129.67
36.8	129.56	93.84	129.56
37.0	129.31	92.6	129.31
37.2	129.0	91.44	129.0
37.4	128.67	90.46	128.67
37.6	128.27	89.49	128.27
37.8	127.82	88.51	127.82
38.0	127.29	87.34	127.29
38.2	126.7	86.07	126.7
38.4	126.05	84.82	126.05
38.6	125.35	83.65	125.35
38.8	124.4	82.56	124.4
39.0	123.49	81.68	123.49
39.2	122.73	81.08	122.73
39.4	122.32	80.95	122.32
39.6	122.41	81.42	122.41
39.8	122.79	82.17	122.79
40.0	123.43	83.11	123.43
40.2	124.3	84.0	124.3
40.4	125.37	84.97	125.37
40.6	126.61	86.07	126.61
40.8	127.95	87.52	127.95
41.0	129.38	89.14	129.38
41.2	130.93	90.6	130.93
41.4	132.67	91.58	132.67
41.6	134.56	91.94	134.56
41.8	136.4	91.86	136.4
42.0	137.98	91.33	137.98
42.2	139.17	90.35	139.17
42.4	140.11	89.05	140.11
42.6	140.81	87.5	140.81
42.8	141.23	85.75	141.23
43.0	141.44	83.94	141.44
43.2	141.49	82.16	141.49
43.4	141.42	80.55	141.42
43.6	141.31	79.38	141.31
43.8	141.11	78.45	141.11
44.0	140.83	77.79	140.83
44.2	140.45	77.39	140.45
44.4	139.97	77.48	139.97
44.6	139.42	77.89	139.42
44.8	138.81	78.44	138.81
45.0	138.16	79.04	138.16
45.2	137.4	79.42	137.4
45.4	136.55	79.48	136.55
45.6	135.82	79.62	135.82
45.8	135.29	79.95	135.29
46.0	135.3	80.93	135.3
46.2	135.78	82.42	135.78
46.4	136.37	83.86	136.37
46.6	136.92	84.95	136.92
46.8	137.14	84.85	137.14
47.0	137.19	84.48	137.19
47.2	137.04	84.03	137.04
47.4	136.51	84.11	136.51
47.6	135.71	84.59	135.71
47.8	134.82	85.07	134.82
48.0	133.99	85.35	133.99
48.2	133.46	85.03	133.46
48.4	133.02	84.59	133.02
48.6	132.62	84.14	132.62
48.8	132.18	83.79	132.18
49.0	131.75	83.64	131.75
49.2	131.37	83.77	131.37
49.4	131.06	84.37	131.06
49.6	130.83	85.77	130.83
49.8	130.74	87.43	130.74
50.0	130.83	89.16	130.83
50.2	131.21	90.53	131.21
50.4	131.83	91.74	131.83
50.6	132.65	92.96	132.65
50.8	133.7	94.43	133.7
51.0	134.95	96.07	134.95
51.2	136.31	97.57	136.31
51.4	137.75	98.68	137.75
51.6	139.23	99.26	139.23
51.8	140.55	99.46	140.55
52.0	141.48	99.15	141.48
52.2	141.87	98.28	141.87
52.4	141.98	97.23	141.98
52.6	141.89	96.25	141.89
52.8	141.73	95.87	141.73
53.0	141.48	95.64	141.48
53.2	141.16	95.47	141.16
53.4	140.86	95.2	140.86
53.6	140.64	94.69	140.64
53.8	140.42	94.19	140.42
54.0	140.19	93.77	140.19
54.2	139.9	93.52	139.9
54.4	139.42	93.57	139.42
54.6	139.04	93.79	139.04
54.8	138.84	94.17	138.84
55.0	139.01	94.81	139.01
55.2	139.62	95.7	139.62
55.4	140.49	96.55	140.49
55.6	141.59	97.25	141.59
55.8	142.97	97.36	142.97
56.0	144.45	97.29	144.45
56.2	145.94	97.13	145.94
56.4	147.35	97.27	147.35
56.6	148.6	97.38	148.6
56.8	149.57	97.16	149.57
57.0	150.03	96.03	150.03
57.2	149.99	94.14	149.99
57.4	149.65	92.01	149.65
57.6	149.08	90.03	149.08
57.8	148.39	88.69	148.39
58.0	147.54	87.49	147.54
58.2	146.56	86.37	146.56
58.4	145.47	85.11	145.47
58.6	144.31	83.69	144.31
58.8	143.1	82.31	143.1
59.0	141.9	81.05	141.9
59.2	140.81	80.01	140.81
59.4	139.84	79.24	139.84
59.6	138.88	78.7	138.88
59.8	137.89	78.38	137.89
60.0	136.65	78.36	136.65
60.2	135.25	78.63	135.25
60.4	133.95	79.09	133.95
60.6	132.89	79.72	132.89
60.8	132.28	80.35	132.28
61.0	132.07	81.16	132.07
61.2	132.29	82.23	132.29
61.4	133.17	84.0	133.17
61.6	134.59	86.19	134.59
61.8	136.27	88.19	136.27
62.0	137.99	89.21	137.99
62.2	139.63	89.09	139.63
62.4	141.28	88.79	141.28
62.6	142.95	89.05	142.95
62.8	144.63	90.13	144.63
63.0	146.14	91.22	146.14
63.2	147.36	91.82	147.36
63.4	148.21	91.69	148.21
63.6	148.73	91.2	148.73
63.8	148.85	90.39	148.85
64.0	148.53	89.31	148.53
64.2	147.97	88.09	147.97
64.4	147.25	86.81	147.25
64.6	146.6	85.6	146.6
64.8	145.91	84.5	145.91
65.0	145.21	83.58	145.21
65.2	144.51	82.98	144.51
65.4	143.91	83.19	143.91
65.6	143.3	83.54	143.3
65.8	142.65	83.85	142.65
66.0	141.93	83.88	141.93
66.2	141.04	82.98	141.04
66.4	140.08	81.85	140.08
66.6	139.09	80.61	139.09
66.8	138.07	79.35	138.07
67.0	137.05	78.18	137.05
67.2	136.04	77.2	136.04
67.4	135.05	76.48	135.05
67.6	133.97	76.44	133.97
67.8	132.92	76.89	132.92
68.0	132.1	77.48	132.1
68.2	131.68	77.92	131.68
68.4	132.0	77.66	132.0
68.6	132.64	77.52	132.64
68.8	133.49	77.7	133.49
69.0	134.45	79.1	134.45
69.2	135.43	80.96	135.43
69.4	136.35	82.92	136.35
69.6	137.02	84.59	137.02
69.8	137.45	85.86	137.45
70.0	137.67	86.66	137.67
70.2	137.58	86.39	137.58
70.4	137.23	85.3	137.23
70.6	136.76	84.0	136.76
70.8	136.31	83.11	136.31
71.0	136.0	83.12	136.0
71.2	135.64	83.23	135.64
71.4	135.17	83.27	135.17
71.6	134.36	82.49	134.36
71.8	133.37	81.34	133.37
72.0	132.35	80.23	132.35
72.2	131.39	79.5	131.39
72.4	130.64	79.73	130.64
72.6	130.01	80.21	130.01
72.8	129.54	80.8	129.54
73.0	129.21	81.07	129.21
73.2	129.07	81.15	129.07
73.4	129.13	81.3	129.13
73.6	129.47	81.66	129.47
73.8	130.14	82.41	130.14
74.0	131.02	83.34	131.02
74.2	132.07	84.43	132.07
74.4	133.26	85.67	133.26
74.6	134.55	86.98	134.55
74.8	135.92	88.26	135.92
75.0	137.35	89.38	137.35
75.2	138.77	90.4	138.77
75.4	140.15	91.34	140.15
75.6	141.37	92.32	141.37
75.8	142.45	93.22	142.45
76.0	143.41	93.91	143.41
76.2	144.26	94.18	144.26
76.4	144.97	94.03	144.97
76.6	145.52	93.64	145.52
76.8	145.89	93.09	145.89
77.0	145.91	92.59	145.91
77.2	145.76	92.0	145.76
77.4	145.51	91.32	145.51
77.6	145.25	90.46	145.25
77.8	145.11	89.32	145.11
78.0	144.95	88.19	144.95
78.2	144.75	87.17	144.75
78.4	144.47	86.56	144.47
78.6	144.09	86.48	144.09
78.8	143.66	86.51	143.66
79.0	143.18	86.55	143.18
79.2	142.62	86.14	142.62
79.4	142.03	85.49	142.03
79.6	141.45	84.89	141.45
79.8	140.9	84.46	140.9
80.0	140.36	84.71	140.36
80.2	139.95	85.11	139.95
80.4	139.73	85.55	139.73
80.6	139.94	85.73	139.94
80.8	140.49	85.73	140.49
81.0	141.13	85.75	141.13
81.2	141.72	85.94	141.72
81.4	142.12	86.43	142.12
81.6	142.41	86.93	142.41
81.8	142.54	87.35	142.54
82.0	142.43	87.44	142.43
82.2	142.19	87.44	142.19
82.4	141.84	87.43	141.84
82.6	141.52	87.69	141.52
82.8	141.11	87.95	141.11
83.0	140.56	88.05	140.56
83.2	139.7	87.64	139.7
83.4	138.57	86.74	138.57
83.6	137.33	85.74	137.33
83.8	136.09	84.82	136.09
84.0	135.06	84.5	135.06
84.2	134.09	84.35	134.09
84.4	133.15	84.33	133.15
84.6	132.13	84.32	132.13
84.8	131.02	84.25	131.02
85.0	130.09	84.32	130.09
85.2	129.44	84.55	129.44
85.4	129.41	84.92	129.41
85.6	129.78	85.6	129.78
85.8	130.49	86.71	130.49
86.0	131.58	88.81	131.58
86.2	132.96	91.54	132.96
86.4	134.51	94.25	134.51
86.6	136.12	96.32	136.12
86.8	137.71	97.59	137.71
87.0	139.23	98.34	139.23
87.2	140.56	98.48	140.56
87.4	141.65	98.06	141.65
87.6	142.5	97.35	142.5
87.8	143.04	96.58	143.04
88.0	143.26	95.86	143.26
88.2	143.29	95.07	143.29
88.4	143.19	94.18	143.19
88.6	143.1	93.14	143.1
88.8	142.91	92.09	142.91
89.0	142.62	91.07	142.62
89.2	142.18	90.27	142.18
89.4	141.59	89.72	141.59
89.6	140.9	89.24	140.9
89.8	140.13	88.75	140.13
90.0	139.19	87.95	139.19
90.2	138.13	86.81	138.13
90.4	137.13	85.83	137.13
90.6	136.29	85.2	136.29
90.8	135.91	85.59	135.91
91.0	135.93	86.85	135.93
91.2	136.09	88.3	136.09
91.4	136.29	89.7	136.29
91.6	136.27	90.3	136.27
91.8	136.2	90.61	136.2
92.0	136.1	90.74	136.1
92.2	136.02	90.75	136.02
92.4	135.94	90.7	135.94
92.6	135.82	90.56	135.82
92.8	135.61	90.36	135.61
93.0	135.21	90.08	135.21
93.2	134.7	89.78	134.7
93.4	134.13	89.49	134.13
93.6	133.52	89.25	133.52
93.8	132.88	89.08	132.88
94.0	132.26	89.03	132.26
94.2	131.67	89.15	131.67
94.4	131.14	89.64	131.14
94.6	130.69	90.43	130.69
94.8	130.38	91.31	130.38
95.0	130.24	92.16	130.24
95.2	130.28	92.6	130.28
95.4	130.61	93.03	130.61
95.6	131.29	93.55	131.29
95.8	132.68	94.37	132.68
96.0	134.47	95.42	134.47
96.2	136.39	96.62	136.39
96.4	138.11	98.09	138.11
96.6	139.61	99.65	139.61
96.8	140.98	101.02	140.98
97.0	142.33	101.93	142.33
97.2	143.53	102.27	143.53
97.4	144.31	102.01	144.31
97.6	144.13	100.73	144.13
97.8	143.06	98.57	143.06
98.0	141.71	96.12	141.71
98.2	140.59	93.91	140.59
98.4	140.21	92.45	140.21
98.6	140.03	91.32	140.03
98.8	139.97	90.52	139.97
99.0	139.97	90.03	139.97
99.2	139.76	90.23	139.76
99.4	139.52	90.64	139.52
99.6	139.26	91.14	139.26
99.8	138.97	91.59	138.97
100.0	138.54	91.52	138.54
100.2	138.0	90.88	138.0
100.4	137.54	90.29	137.54
100.6	137.22	89.89	137.22
100.8	137.12	90.15	137.12
101.0	137.31	91.09	137.31
101.2	137.82	92.25	137.82
101.4	138.72	93.51	138.72
101.6	140.22	94.41	140.22
101.8	142.14	95.31	142.14
102.0	144.43	96.38	144.43
102.2	147.23	98.01	147.23
102.4	150.33	100.05	150.33
102.6	153.31	101.99	153.31
102.8	155.72	103.43	155.72
103.0	157.4	104.23	157.4
103.2	158.59	104.54	158.59
103.4	159.37	104.37	159.37
103.6	159.68	103.68	159.68
103.8	159.3	102.4	159.3
104.0	157.69	100.16	157.69
104.2	154.78	96.98	154.78
104.4	151.44	93.52	151.44
104.6	148.01	90.13	148.01
104.8	146.34	88.24	146.34
105.0	145.23	86.99	145.23
105.2	144.43	86.21	144.43
105.4	143.78	85.83	143.78
105.6	143.14	85.77	143.14
105.8	141.69	86.04	141.69
106.0	140.07	86.47	140.07
106.2	138.46	86.96	138.46
106.4	136.92	87.4	136.92
106.6	135.63	87.46	135.63
106.8	134.73	86.92	134.73
107.0	133.96	86.35	133.96
107.2	133.27	85.86	133.27
107.4	132.62	85.65	132.62
107.6	131.89	86.23	131.89
107.8	131.19	86.94	131.19
108.0	130.54	87.66	130.54
108.2	129.9	88.04	129.9
108.4	129.31	88.0	129.31
108.6	128.86	88.01	128.86
108.8	128.6	88.23	128.6
109.0	128.65	89.24	128.65
109.2	128.98	90.47	128.98
109.4	129.61	91.77	129.61
109.6	130.74	92.85	130.74
109.8	132.15	93.81	132.15
110.0	133.7	94.75	133.7
110.2	135.18	95.8	135.18
110.4	136.59	96.84	136.59
110.6	137.94	97.77	137.94
110.8	139.21	98.53	139.21
111.0	140.37	99.04	140.37
111.2	141.39	99.24	141.39
111.4	142.22	98.85	142.22
111.6	142.86	98.13	142.86
111.8	143.28	97.21	143.28
112.0	143.41	96.28	143.41
112.2	143.35	95.27	143.35
112.4	143.13	94.19	143.13
112.6	142.8	92.99	142.8
112.8	142.39	91.84	142.39
113.0	141.9	90.83	141.9
113.2	141.4	90.28	141.4
113.4	140.87	89.94	140.87
113.6	140.33	89.68	140.33
113.8	139.82	89.36	139.82
114.0	139.32	88.95	139.32
114.2	138.77	88.52	138.77
114.4	138.08	88.09	138.08
114.6	137.17	87.69	137.17
114.8	136.19	87.21	136.19
115.0	135.19	86.59	135.19
115.2	134.31	85.46	134.31
115.4	133.45	84.26	133.45
115.6	132.57	83.21	132.57
115.8	131.47	82.7	131.47
116.0	130.29	82.72	130.29
116.2	129.31	83.07	129.31
116.4	128.82	83.81	128.82
116.6	128.93	84.9	128.93
116.8	129.36	86.02	129.36
117.0	130.03	86.8	130.03
117.2	130.85	87.05	130.85
117.4	131.76	87.4	131.76
117.6	132.68	88.43	132.68
117.8	133.53	90.24	133.53
118.0	134.39	92.06	134.39
118.2	135.27	93.27	135.27
118.4	136.14	93.81	136.14
118.6	136.93	93.96	136.93
118.8	137.56	93.76	137.56
119.0	138.01	93.31	138.01
119.2	138.28	92.73	138.28
119.4	138.3	92.25	138.3
119.6	138.11	91.79	138.11
119.8	137.77	91.26	137.77
120.0	137.3	90.56	137.3
120.2	136.73	89.73	136.73
120.4	136.09	88.83	136.09
120.6	135.41	87.83	135.41
120.8	134.73	86.79	134.73
121.0	134.0	85.83	134.0
121.2	133.21	85.07	133.21
121.4	132.32	84.8	132.32
121.6	131.41	84.61	131.41
121.8	130.5	84.38	130.5
122.0	129.71	83.65	129.71
122.2	128.96	82.75	128.96
122.4	128.22	81.88	128.22
122.6	127.4	81.23	127.4
122.8	126.53	80.86	126.53
123.0	125.71	80.67	125.71
123.2	124.94	80.66	124.94
123.4	124.29	80.83	124.29
123.6	123.86	81.21	123.86
123.8	123.8	81.86	123.8
124.0	124.25	82.83	124.25
124.2	124.98	83.93	124.98
124.4	125.92	85.07	125.92
124.6	127.02	86.13	127.02
124.8	128.22	87.19	128.22
125.0	129.49	88.24	129.49
125.2	130.77	89.26	130.77
125.4	132.0	90.23	132.0
125.6	133.02	91.13	133.02
125.8	133.87	91.93	133.87
126.0	134.66	92.59	134.66
126.2	135.59	93.19	135.59
126.4	136.53	93.54	136.53
126.6	137.34	93.47	137.34
126.8	137.83	92.27	137.83
127.0	138.11	90.67	138.11
127.2	138.27	89.12	138.27
127.4	138.4	88.69	138.4
127.6	138.45	88.59	138.45
127.8	138.4	88.54	138.4
128.0	138.19	88.04	138.19
128.2	137.91	87.35	137.91
128.4	137.58	86.53	137.58
128.6	137.35	85.48	137.35
128.8	137.12	84.39	137.12
129.0	136.85	83.4	136.85
129.2	136.46	82.91	136.46
129.4	135.94	82.84	135.94
129.6	135.35	82.79	135.35
129.8	134.7	82.34	134.7
130.0	133.99	81.23	133.99
130.2	133.28	80.23	133.28
130.4	132.6	79.81	132.6
130.6	131.91	80.68	131.91
130.8	131.46	81.86	131.46
131.0	131.42	82.96	131.42
131.2	132.2	83.12	132.2
131.4	133.32	83.39	133.32
131.6	134.64	84.21	134.64
131.8	135.98	86.55	135.98
132.0	137.32	88.99	137.32
132.2	138.53	90.78	138.53
132.4	139.48	91.03	139.48
132.6	140.29	90.86	140.29
132.8	140.98	90.75	140.98
133.0	141.59	91.05	141.59
133.2	142.06	91.27	142.06
133.4	142.31	91.18	142.31
133.6	142.35	90.7	142.35
133.8	142.25	90.07	142.25
134.0	142.1	89.45	142.1
134.2	141.91	88.91	141.91
134.4	141.63	88.37	141.63
134.6	141.27	87.76	141.27
134.8	140.78	87.07	140.78
135.0	140.22	86.45	140.22
135.2	139.59	85.97	139.59
135.4	138.91	86.06	138.91
135.6	138.18	86.25	138.18
135.8	137.4	86.39	137.4
136.0	136.57	86.06	136.57
136.2	135.7	85.34	135.7
136.4	134.82	84.64	134.82
136.6	133.9	84.19	133.9
136.8	132.95	84.25	132.95
137.0	132.09	84.55	132.09
137.2	131.39	85.05	131.39
137.4	130.93	85.73	130.93
137.6	130.77	86.52	130.77
137.8	131.01	87.37	131.01
138.0	132.01	88.08	132.01
138.2	133.39	88.82	133.39
138.4	134.95	89.71	134.95
138.6	136.44	91.01	136.44
138.8	137.88	92.46	137.88
139.0	139.2	93.91	139.2
139.2	140.28	95.34	140.28
139.4	141.16	96.49	141.16
139.6	141.84	97.14	141.84
139.8	142.31	96.92	142.31
140.0	142.5	96.08	142.5
140.2	142.33	94.56	142.33
140.4	141.53	91.95	141.53
140.6	140.54	89.25	140.54
140.8	139.53	86.89	139.53
141.0	139.14	86.84	139.14
141.2	138.89	87.5	138.89
141.4	138.65	88.41	138.65
141.6	138.27	88.92	138.27
141.8	137.52	88.09	137.52
142.0	136.63	87.04	136.63
142.2	135.62	85.94	135.62
142.4	134.48	85.17	134.48
142.6	133.24	84.84	133.24
142.8	131.98	84.62	131.98
143.0	130.73	84.46	130.73
143.2	129.63	84.28	129.63
143.4	128.61	84.07	128.61
143.6	127.65	83.78	127.65
143.8	126.71	83.33	126.71
144.0	125.73	82.45	125.73
144.2	124.82	81.59	124.82
144.4	124.0	80.9	124.0
144.6	123.18	80.57	123.18
144.8	122.51	80.7	122.51
145.0	122.2	81.33	122.2
145.2	122.5	82.76	122.5
145.4	123.61	85.23	123.61
145.6	125.13	87.93	125.13
145.8	126.93	90.42	126.93
146.0	128.88	92.0	128.88
146.2	130.9	93.41	130.9
146.4	132.89	94.89	132.89
146.6	134.7	96.86	134.7
146.8	136.34	98.7	136.34
147.0	137.74	100.11	137.74
147.2	138.83	100.8	138.83
147.4	139.64	100.94	139.64
147.6	140.16	100.37	140.16
147.8	140.36	98.97	140.36
148.0	140.32	97.23	140.32
148.2	140.06	95.4	140.06
148.4	139.6	94.21	139.6
148.6	139.02	93.18	139.02
148.8	138.34	92.31	138.34
149.0	137.66	91.58	137.66
149.2	137.09	91.03	137.09
149.4	136.51	90.56	136.51
149.6	135.93	90.12	135.93
149.8	135.32	89.68	135.32
150.0	134.65	88.88	134.65
150.2	133.97	88.08	133.97
150.4	133.27	87.39	133.27
150.6	132.57	86.89	132.57
150.8	131.93	87.02	131.93
151.0	131.29	87.44	131.29
151.2	130.65	87.92	130.65
151.4	130.0	88.35	130.0
151.6	129.01	88.02	129.01
151.8	128.13	87.7	128.13
152.0	127.54	87.64	127.54
152.2	127.53	88.34	127.53
152.4	128.18	89.85	128.18
152.6	129.33	91.71	129.33
152.8	131.03	93.77	131.03
153.0	133.35	95.92	133.35
153.2	135.91	97.97	135.91
153.4	138.49	99.71	138.49
153.6	140.81	100.86	140.81
153.8	142.99	101.71	142.99
154.0	144.96	102.35	144.96
154.2	146.66	102.86	146.66
154.4	148.2	103.15	148.2
154.6	149.78	103.32	149.78
154.8	151.45	103.37	151.45
155.0	152.67	102.89	152.67
155.2	152.79	101.25	152.79
155.4	151.53	98.23	151.53
155.6	149.87	94.87	149.87
155.8	148.27	91.71	148.27
156.0	148.48	90.65	148.48
156.2	149.1	90.21	149.1
156.4	149.92	90.21	149.92
156.6	150.75	90.48	150.75
156.8	151.26	90.72	151.26
157.0	150.77	90.39	150.77
157.2	150.06	90.06	150.06
157.4	149.2	89.76	149.2
157.6	148.26	89.51	148.26
157.8	147.42	89.5	147.42
158.0	146.58	89.52	146.58
158.2	145.74	89.5	145.74
158.4	144.92	89.37	144.92
158.6	144.11	88.63	144.11
158.8	143.35	87.84	143.35
159.0	142.63	87.2	142.63
159.2	142.03	87.07	142.03
159.4	141.6	87.82	141.6
159.6	141.17	88.72	141.17
159.8	140.69	89.58	140.69
160.0	139.71	89.63	139.71
160.2	138.71	89.44	138.71
160.4	137.96	89.34	137.96
160.6	137.91	89.69	137.91
160.8	138.6	90.55	138.6
161.0	139.71	91.75	139.71
161.2	141.19	93.42	141.19
161.4	142.97	95.53	142.97
161.6	144.91	97.54	144.91
161.8	146.94	98.92	146.94
162.0	148.94	99.55	148.94
162.2	150.76	99.83	150.76
162.4	152.13	99.98	152.13
162.6	153.09	100.02	153.09
162.8	153.77	99.82	153.77
163.0	154.4	99.27	154.4
163.2	154.78	98.48	154.78
163.4	154.75	97.56	154.75
163.6	153.72	96.75	153.72
163.8	152.19	95.9	152.19
164.0	150.52	94.94	150.52
164.2	149.43	93.46	149.43
164.4	148.83	91.66	148.83
164.6	148.32	89.95	148.32
164.8	147.78	88.52	147.78
165.0	146.77	88.2	146.77
165.2	145.57	88.43	145.57
165.4	144.34	88.94	144.34
165.6	143.17	89.59	143.17
165.8	142.25	90.19	142.25
166.0	141.4	90.71	141.4
166.2	140.61	91.03	140.61
166.4	139.88	90.78	139.88
166.6	139.18	90.06	139.18
166.8	138.47	89.27	138.47
167.0	137.64	88.56	137.64
167.2	136.4	88.05	136.4
167.4	135.42	88.03	135.42
167.6	134.97	88.76	134.97
167.8	135.84	91.44	135.84
168.0	137.25	94.35	137.25
168.2	139.02	96.79	139.02
168.4	140.88	97.0	140.88
168.6	142.83	96.93	142.83
168.8	144.77	97.44	144.77
169.0	146.58	99.56	146.58
169.2	148.23	101.66	148.23
169.4	149.61	102.7	149.61
169.6	150.67	102.36	150.67
169.8	151.41	101.52	151.41
170.0	151.66	100.66	151.66
170.2	151.56	99.81	151.56
170.4	151.33	98.88	151.33
170.6	151.4	97.93	151.4
170.8	151.54	96.95	151.54
171.0	151.53	95.94	151.53
171.2	151.0	94.87	151.0
171.4	150.03	93.79	150.03
171.6	148.87	92.81	148.87
171.8	147.69	92.08	147.69
172.0	146.61	91.74	146.61
172.2	145.54	91.49	145.54
172.4	144.48	91.23	144.48
172.6	143.27	90.45	143.27
172.8	142.19	89.69	142.19
173.0	141.36	89.15	141.36
173.2	141.14	89.28	141.14
173.4	141.36	89.89	141.36
173.6	141.75	90.74	141.75
173.8	142.14	91.75	142.14
174.0	142.46	92.78	142.46
174.2	142.72	93.65	142.72
174.4	142.88	94.04	142.88
174.6	142.9	93.91	142.9
174.8	142.8	93.49	142.8
175.0	142.52	92.85	142.52
175.2	142.07	92.03	142.07
175.4	141.54	91.04	141.54
175.6	141.01	89.8	141.01
175.8	140.53	88.36	140.53
176.0	140.01	86.95	140.01
176.2	139.43	85.81	139.43
176.4	138.76	85.21	138.76
176.6	138.05	84.79	138.05
176.8	137.32	84.47	137.32
177.0	136.6	84.03	136.6
177.2	135.87	83.62	135.87
177.4	135.12	83.24	135.12
177.6	134.34	82.86	134.34
177.8	133.54	82.53	133.54
178.0	132.75	82.3	132.75
178.2	132.0	82.31	132.0
178.4	131.3	82.56	131.3
178.6	130.6	82.82	130.6
178.8	129.84	82.87	129.84
179.0	128.88	82.34	128.88
179.2	128.05	81.9	128.05
179.4	127.51	81.83	127.51
179.6	127.53	82.77	127.53
179.8	127.95	84.07	127.95
180.0	128.83	85.53	128.83
180.2	130.33	86.81	130.33
180.4	132.07	88.21	132.07
180.6	133.87	89.9	133.87
180.8	135.51	92.1	135.51
181.0	137.02	94.07	137.02
181.2	138.2	95.02	138.2
181.4	139.04	94.79	139.04
181.6	139.89	94.48	139.89
181.8	141.16	95.33	141.16
182.0	142.75	96.92	142.75
182.2	144.43	98.36	144.43
182.4	146.26	98.71	146.26
182.6	147.87	98.34	147.87
182.8	148.92	97.42	148.92
183.0	148.64	95.9	148.64
183.2	147.84	94.1	147.84
183.4	146.84	92.24	146.84
183.6	146.12	90.63	146.12
183.8	145.39	89.17	145.39
184.0	144.65	87.94	144.65
184.2	143.94	87.2	143.94
184.4	143.21	86.81	143.21
184.6	142.45	86.64	142.45
184.8	141.61	86.62	141.61
185.0	140.63	86.69	140.63
185.2	139.55	86.79	139.55
185.4	138.39	86.86	138.39
185.6	137.15	86.85	137.15
185.8	135.78	86.51	135.78
186.0	134.37	86.06	134.37
186.2	132.99	85.53	132.99
186.4	131.67	84.94	131.67
186.6	130.51	84.32	130.51
186.8	129.45	83.74	129.45
187.0	128.48	83.22	128.48
187.2	127.62	82.9	127.62
187.4	126.86	82.77	126.86
187.6	126.24	82.74	126.24
187.8	125.77	82.81	125.77
188.0	125.44	83.02	125.44
188.2	125.32	83.23	125.32
188.4	125.45	83.39	125.45
188.6	125.9	83.0	125.9
188.8	126.65	82.63	126.65
189.0	127.71	82.68	127.71
189.2	129.18	84.21	129.18
189.4	130.94	86.5	130.94
189.6	132.82	88.77	132.82
189.8	134.67	90.04	134.67
190.0	136.45	90.51	136.45
190.2	138.13	90.45	138.13
190.4	139.64	89.91	139.64
190.6	140.95	88.99	140.95
190.8	142.0	87.79	142.0
191.0	142.69	86.39	142.69
191.2	143.06	84.91	143.06
191.4	143.16	83.45	143.16
191.6	143.0	82.27	143.0
191.8	142.59	81.41	142.59
192.0	142.02	80.66	142.02
192.2	141.32	79.99	141.32
192.4	140.63	79.1	140.63
192.6	139.88	78.26	139.88
192.8	139.08	77.56	139.08
193.0	138.25	77.15	138.25
193.2	137.41	77.32	137.41
193.4	136.54	77.57	136.54
193.6	135.66	77.77	135.66
193.8	134.74	77.45	134.74
194.0	133.8	76.58	133.8
194.2	132.91	75.72	132.91
194.4	132.13	75.05	132.13
194.6	131.51	75.18	131.51
194.8	131.07	75.71	131.07
195.0	130.82	76.45	130.82
195.2	130.83	77.21	130.83
195.4	131.12	77.91	131.12
195.6	131.58	78.7	131.58
195.8	132.17	79.61	132.17
196.0	132.85	80.79	132.85
196.2	133.59	81.97	133.59
196.4	134.34	83.08	134.34
196.6	134.99	83.85	134.99
196.8	135.63	84.46	135.63
197.0	136.27	84.96	136.27
197.2	137.01	85.52	137.01
197.4	137.74	85.96	137.74
197.6	138.38	86.16	138.38
197.8	138.82	85.78	138.82
198.0	139.11	85.13	139.11
198.2	139.28	84.44	139.28
198.4	139.42	84.13	139.42
198.6	139.43	84.0	139.43
198.8	139.26	83.87	139.26
199.0	138.71	83.51	138.71
199.2	137.87	82.98	137.87
199.4	136.88	82.35	136.88
199.6	135.85	81.65	135.85
199.8	134.89	80.85	134.89
200.0	133.94	80.12	133.94
200.2	133.02	79.53	133.02
200.4	132.19	79.37	132.19
200.6	131.44	79.58	131.44
200.8	130.71	79.92	130.71
201.0	130.01	80.27	130.01
201.2	129.22	80.34	129.22
201.4	128.42	80.26	128.42
201.6	127.68	80.16	127.68
201.8	127.04	80.09	127.04
202.0	126.63	80.16	126.63
202.2	126.35	80.31	126.35
202.4	126.21	80.51	126.21
202.6	126.18	80.78	126.18
202.8	126.28	81.12	126.28
203.0	126.52	81.48	126.52
203.2	126.94	81.81	126.94
203.4	127.58	82.03	127.58
203.6	128.3	82.3	128.3
203.8	129.05	82.71	129.05
204.0	129.67	83.48	129.67
204.2	130.27	84.34	130.27
204.4	130.82	85.2	130.82
204.6	131.21	85.85	131.21
204.8	131.64	86.45	131.64
205.0	132.19	87.04	132.19
205.2	133.06	87.5	133.06
205.4	134.13	88.11	134.13
205.6	135.38	89.01	135.38
205.8	137.01	90.95	137.01
206.0	138.65	92.94	138.65
206.2	140.1	94.6	140.1
206.4	141.07	95.23	141.07
206.6	141.69	95.22	141.69
206.8	141.92	94.51	141.92
207.0	141.64	92.89	141.64
207.2	141.07	90.87	141.07
207.4	140.31	88.71	140.31
207.6	139.57	86.91	139.57
207.8	138.76	85.27	138.76
208.0	137.86	83.87	137.86
208.2	136.87	82.94	136.87
208.4	135.81	82.48	135.81
208.6	134.73	82.25	134.73
208.8	133.67	82.19	133.67
209.0	132.71	82.09	132.71
209.2	131.83	81.98	131.83
209.4	131.0	81.94	131.0
209.6	130.21	81.96	130.21
209.8	129.48	82.13	129.48
210.0	128.77	82.37	128.77
210.2	128.06	82.58	128.06
210.4	127.34	82.71	127.34
210.6	126.46	82.44	126.46
210.8	125.58	82.08	125.58
211.0	124.74	81.75	124.74
211.2	123.95	81.55	123.95
211.4	123.25	81.53	123.25
211.6	122.76	81.86	122.76
211.8	122.59	82.63	122.59
212.0	122.96	84.33	122.96
212.2	123.73	86.52	123.73
212.4	124.86	88.98	124.86
212.6	126.46	91.53	126.46
212.8	128.35	94.09	128.35
213.0	130.33	96.55	130.33
213.2	132.2	98.86	132.2
213.4	133.89	100.86	133.89
213.6	135.39	102.35	135.39
213.8	136.71	102.89	136.71
214.0	137.71	102.61	137.71
214.2	138.25	101.77	138.25
214.4	137.83	100.4	137.83
214.6	136.67	98.68	136.67
214.8	135.3	96.85	135.3
215.0	134.32	95.24	134.32
215.2	134.29	94.18	134.29
215.4	134.43	93.36	134.43
215.6	134.6	92.73	134.6
215.8	134.44	92.28	134.44
216.0	133.67	91.99	133.67
216.2	132.84	91.81	132.84
216.4	132.06	91.7	132.06
216.6	131.5	91.39	131.5
216.8	131.22	91.09	131.22
217.0	131.27	91.04	131.27
217.2	131.84	91.57	131.84
217.4	133.07	92.99	133.07
217.6	134.66	94.54	134.66
217.8	136.52	95.93	136.52
218.0	138.61	96.56	138.61
218.2	140.75	96.86	140.75
218.4	142.82	96.85	142.82
218.6	144.61	96.55	144.61
218.8	146.13	96.0	146.13
219.0	147.34	95.21	147.34
219.2	148.07	94.31	148.07
219.4	148.41	93.2	148.41
219.6	148.4	91.85	148.4
219.8	147.95	89.96	147.95
220.0	147.2	87.76	147.2
220.2	146.3	85.56	146.3
220.4	145.43	83.62	145.43
220.6	144.93	82.44	144.93
220.8	144.45	81.57	144.45
221.0	143.92	80.96	143.92
221.2	143.23	80.55	143.23
221.4	142.23	80.28	142.23
221.6	141.1	80.13	141.1
221.8	139.9	80.05	139.9
222.0	138.63	79.94	138.63
222.2	137.32	79.76	137.32
222.4	136.03	79.64	136.03
222.6	134.81	79.57	134.81
222.8	133.59	79.61	133.59
223.0	132.55	79.75	132.55
223.2	131.79	80.01	131.79
223.4	131.52	80.32	131.52
223.6	131.75	80.76	131.75
223.8	132.38	81.55	132.38
224.0	133.48	83.09	133.48
224.2	135.03	85.51	135.03
224.4	136.73	88.03	136.73
224.6	138.37	90.08	138.37
224.8	139.79	91.3	139.79
225.0	140.99	92.23	140.99
225.2	141.8	93.14	141.8
225.4	142.16	94.15	142.16
225.6	142.25	94.88	142.25
225.8	142.17	95.01	142.17
226.0	141.99	94.32	141.99
226.2	141.67	93.34	141.67
226.4	141.2	92.28	141.2
226.6	140.44	91.74	140.44
226.8	139.65	91.27	139.65
227.0	138.9	90.79	138.9
227.2	138.34	89.93	138.34
227.4	138.04	88.89	138.04
227.6	138.01	88.17	138.01
227.8	138.4	88.27	138.4
228.0	139.33	89.72	139.33
228.2	140.51	91.44	140.51
228.4	141.81	92.99	141.81
228.6	143.08	93.7	143.08
228.8	144.33	94.02	144.33
229.0	145.53	93.95	145.53
229.2	146.64	93.31	146.64
229.4	147.59	92.42	147.59
229.6	148.34	91.41	148.34
229.8	148.74	90.78	148.74
230.0	148.88	90.13	148.88
230.2	148.78	89.31	148.78
230.4	148.43	87.83	148.43
230.6	147.85	85.83	147.85
230.8	147.11	83.81	147.11
231.0	146.26	82.0	146.26
231.2	145.39	81.32	145.39
231.4	144.47	81.0	144.47
231.6	143.51	80.92	143.51
231.8	142.56	80.97	142.56
232.0	141.65	81.0	141.65
232.2	140.73	81.01	140.73
232.4	139.78	80.93	139.78
232.6	138.73	80.46	138.73
232.8	137.62	79.7	137.62
233.0	136.56	78.95	136.56
233.2	135.6	78.36	135.6
233.4	134.74	78.21	134.74
233.6	134.13	78.37	134.13
233.8	133.85	78.88	133.85
234.0	134.22	79.95	134.22
234.2	135.04	81.4	135.04
234.4	136.08	83.05	136.08
234.6	137.15	84.73	137.15
234.8	138.17	86.35	138.17
235.0	139.21	87.82	139.21
235.2	140.25	88.94	140.25
235.4	141.28	89.66	141.28
235.6	142.26	90.18	142.26
235.8	143.19	90.6	143.19
236.0	144.05	90.98	144.05
236.2	144.75	91.24	144.75
236.4	145.15	91.39	145.15
236.6	145.2	91.41	145.2
236.8	145.12	91.2	145.12
237.0	145.06	90.57	145.06
237.2	145.19	89.26	145.19
237.4	145.3	87.85	145.3
237.6	145.34	86.55	145.34
237.8	145.15	86.19	145.15
238.0	144.82	86.14	144.82
238.2	144.37	86.18	144.37
238.4	143.81	86.03	143.81
238.6	143.15	85.53	143.15
238.8	142.43	84.91	142.43
239.0	141.69	84.21	141.69
239.2	141.02	83.28	141.02
239.4	140.37	82.37	140.37
239.6	139.72	81.62	139.72
239.8	138.98	81.33	138.98
240.0	138.16	81.56	138.16
240.2	137.49	81.99	137.49
240.4	137.15	82.48	137.15
240.6	137.47	82.8	137.47
240.8	138.02	83.17	138.02
241.0	138.68	83.6	138.68
241.2	139.17	84.23	139.17
241.4	139.67	84.92	139.67
241.6	140.19	85.64	140.19
241.8	140.83	86.48	140.83
242.0	141.43	87.21	141.43
242.2	141.9	87.72	141.9
242.4	142.02	87.5	142.02
242.6	141.92	87.03	141.92
242.8	141.68	86.55	141.68
243.0	141.33	86.71	141.33
243.2	140.88	87.05	140.88
243.4	140.37	87.25	140.37
243.6	139.83	86.75	139.83
243.8	139.27	85.71	139.27
244.0	138.68	84.5	138.68
244.2	138.06	83.31	138.06
244.4	137.43	82.33	137.43
244.6	136.76	81.56	136.76
244.8	136.05	81.11	136.05
245.0	135.17	81.43	135.17
245.2	134.28	82.07	134.28
245.4	133.44	82.83	133.44
245.6	132.75	83.4	132.75
245.8	132.23	83.73	132.23
246.0	131.86	83.95	131.86
246.2	131.67	83.99	131.67
246.4	131.68	83.79	131.68
246.6	131.83	83.65	131.83
246.8	132.12	83.77	132.12
247.0	132.58	84.52	132.58
247.2	133.09	85.47	133.09
247.4	133.56	86.54	133.56
247.6	133.65	87.4	133.65
247.8	133.8	88.32	133.8
248.0	134.16	89.36	134.16
248.2	135.15	90.97	135.15
248.4	136.42	92.51	136.42
248.6	137.91	93.7	137.91
248.8	139.58	93.61	139.58
249.0	141.3	93.29	141.3
249.2	142.96	93.17	142.96
249.4	144.39	94.14	144.39
249.6	145.67	95.16	145.67
249.8	146.81	95.84	146.81
250.0	147.79	95.71	147.79
250.2	148.58	95.12	148.58
250.4	149.16	93.99	149.16
250.6	149.49	92.29	149.49
250.8	149.62	90.42	149.62
251.0	149.55	88.69	149.55
251.2	149.32	87.45	149.32
251.4	148.9	86.41	148.9
251.6	148.29	85.54	148.29
251.8	147.43	84.81	147.43
252.0	146.41	84.21	146.41
252.2	145.27	83.74	145.27
252.4	144.06	83.37	144.06
252.6	142.86	83.14	142.86
252.8	141.64	82.96	141.64
253.0	140.41	82.83	140.41
253.2	139.2	82.69	139.2
253.4	138.05	82.46	138.05
253.6	136.92	82.21	136.92
253.8	135.78	81.96	135.78
254.0	134.56	81.67	134.56
254.2	133.1	81.24	133.1
254.4	131.79	80.96	131.79
254.6	130.8	80.95	130.8
254.8	130.61	81.57	130.61
255.0	130.97	82.64	130.97
255.2	131.54	83.96	131.54
255.4	132.08	85.46	132.08
255.6	132.46	87.04	132.46
255.8	132.77	88.55	132.77
256.0	132.93	89.79	132.93
256.2	132.83	90.5	132.83
256.4	132.68	90.98	132.68
256.6	132.54	91.3	132.54
256.8	132.58	91.48	132.58
257.0	132.7	91.66	132.7
257.2	132.89	91.92	132.89
257.4	133.13	92.53	133.13
257.6	133.45	93.33	133.45
257.8	133.84	94.25	133.84
258.0	134.16	95.24	134.16
258.2	134.6	96.25	134.6
258.4	135.38	97.2	135.38
258.6	136.95	97.87	136.95
258.8	139.08	98.38	139.08
259.0	141.47	98.91	141.47
259.2	143.98	99.93	143.98
259.4	146.39	101.04	146.39
259.6	148.49	101.81	148.49
259.8	150.15	101.76	150.15
260.0	151.06	100.95	151.06
260.2	150.94	99.35	150.94
260.4	148.37	96.18	148.37
260.6	144.91	92.46	144.91
260.8	141.15	88.64	141.15
261.0	139.23	86.3	139.23
261.2	138.35	84.87	138.35
261.4	137.95	83.95	137.95
261.6	137.82	83.4	137.82
261.8	137.79	83.12	137.79
262.0	136.97	82.68	136.97
262.2	136.09	82.34	136.09
262.4	135.19	82.1	135.19
262.6	134.32	81.91	134.32
262.8	133.57	81.7	133.57
263.0	132.94	81.46	132.94
263.2	132.33	81.25	132.33
263.4	131.7	81.06	131.7
263.6	130.96	80.83	130.96
263.8	130.08	80.59	130.08
264.0	129.25	80.48	129.25
264.2	128.5	80.55	128.5
264.4	127.88	80.88	127.88
264.6	127.47	81.51	127.47
264.8	127.35	82.52	127.35
265.0	127.69	84.3	127.69
265.2	128.51	86.71	128.51
265.4	129.62	89.06	129.62
265.6	130.94	90.72	130.94
265.8	132.43	91.13	132.43
266.0	133.99	91.39	133.99
266.2	135.57	92.11	135.57
266.4	137.09	93.86	137.09
266.6	138.51	95.63	138.51
266.8	139.82	96.92	139.82
267.0	140.97	97.28	140.97
267.2	141.82	97.16	141.82
267.4	142.18	96.61	142.18
267.6	141.87	95.64	141.87
267.8	141.22	94.46	141.22
268.0	140.36	93.19	140.36
268.2	139.52	92.12	139.52
268.4	138.6	91.08	138.6
268.6	137.64	90.09	137.64
268.8	136.71	89.14	136.71
269.0	135.84	88.24	135.84
269.2	134.98	87.46	134.98
269.4	134.13	86.83	134.13
269.6	133.22	86.41	133.22
269.8	132.26	86.27	132.26
270.0	131.36	86.32	131.36
270.2	130.58	86.54	130.58
270.4	129.92	86.85	129.92
270.6	129.48	87.31	129.48
270.8	129.33	88.02	129.33
271.0	129.61	89.14	129.61
271.2	130.49	90.88	130.49
271.4	131.7	92.68	131.7
271.6	133.16	94.31	133.16
271.8	134.83	95.11	134.83
272.0	136.58	95.75	136.58
272.2	138.29	96.4	138.29
272.4	139.76	97.92	139.76
272.6	141.06	99.27	141.06
272.8	142.17	100.07	142.17
273.0	143.08	98.95	143.08
273.2	143.76	97.19	143.76
273.4	144.17	95.2	144.17
273.6	144.18	93.9	144.18
273.8	143.89	92.98	143.89
274.0	143.43	92.23	143.43
274.2	142.85	91.55	142.85
274.4	142.23	90.86	142.23
274.6	141.62	90.3	141.62
274.8	141.08	89.9	141.08
275.0	140.79	89.85	140.79
275.2	140.68	89.99	140.68
275.4	140.7	90.2	140.7
275.6	140.85	90.35	140.85
275.8	141.14	90.32	141.14
276.0	141.44	90.26	141.44
276.2	141.65	90.22	141.65
276.4	141.57	90.42	141.57
276.6	141.37	90.55	141.37
276.8	141.07	90.5	141.07
277.0	140.75	89.9	140.75
277.2	140.37	88.95	140.37
277.4	139.89	87.81	139.89
277.6	139.25	86.52	139.25
277.8	138.44	85.18	138.44
278.0	137.55	83.92	137.55
278.2	136.61	82.84	136.61
278.4	135.7	82.4	135.7
278.6	134.8	82.17	134.8
278.8	133.89	82.04	133.89
279.0	133.01	81.83	133.01
279.2	132.15	81.5	132.15
279.4	131.27	81.06	131.27
279.6	130.34	80.42	130.34
279.8	129.22	79.24	129.22
280.0	128.16	78.14	128.16
280.2	127.27	77.35	127.27
280.4	126.78	77.56	126.78
280.6	126.6	78.35	126.6
280.8	126.66	79.45	126.66
281.0	127.01	80.63	127.01
281.2	127.6	81.83	127.6
281.4	128.33	83.07	128.33
281.6	129.16	84.3	129.16
281.8	130.03	85.49	130.03
282.0	130.93	86.61	130.93
282.2	131.8	87.76	131.8
282.4	132.61	88.82	132.61
282.6	133.37	89.49	133.37
282.8	134.11	89.19	134.11
283.0	134.78	88.06	134.78
283.2	135.25	86.75	135.25
283.4	135.33	86.0	135.33
283.6	135.03	85.86	135.03
283.8	134.55	85.75	134.55
284.0	134.06	85.18	134.06
284.2	133.64	83.91	133.64
284.4	133.22	82.65	133.22
284.6	132.8	81.64	132.8
284.8	132.23	81.61	132.23
285.0	131.8	82.0	131.8
285.2	131.62	82.74	131.62
285.4	132.11	83.85	132.11
285.6	132.97	85.16	132.97
285.8	133.94	86.51	133.94
286.0	134.77	87.82	134.77
286.2	135.46	88.91	135.46
286.4	136.07	89.61	136.07
286.6	136.63	89.37	136.63
286.8	137.1	88.42	137.1
287.0	137.41	87.34	137.41
287.2	137.44	86.79	137.44
287.4	137.19	86.81	137.19
287.6	136.83	86.88	136.83
287.8	136.42	86.67	136.42
