0.2	83.83	70.81	83.83
0.4	83.12	70.6	83.12
0.6	83.0	70.94	83.0
0.8	83.36	71.69	83.36
1.0	84.06	72.7	84.06
1.2	84.99	73.82	84.99
1.4	86.01	74.89	86.01
1.6	87.0	75.78	87.0
1.8	87.83	76.31	87.83
2.0	88.18	76.02	88.18
2.2	87.79	74.59	87.79
2.4	87.16	72.8	87.16
2.6	86.38	70.85	86.38
2.8	85.62	69.09	85.62
3.0	85.24	68.25	85.24
3.2	84.92	67.68	84.92
3.4	84.66	67.35	84.66
3.6	84.46	67.23	84.46
3.8	84.3	67.32	84.3
4.0	84.12	67.58	84.12
4.2	83.95	68.0	83.95
4.4	83.83	68.53	83.83
4.6	83.79	69.16	83.79
4.8	83.82	69.84	83.82
5.0	83.99	70.58	83.99
5.2	84.34	71.34	84.34
5.4	84.76	72.07	84.76
5.6	85.24	72.74	85.24
5.8	85.77	73.3	85.77
6.0	86.39	73.71	86.39
6.2	87.02	73.96	87.02
6.4	87.56	74.01	87.56
6.6	87.96	73.85	87.96
6.8	87.96	73.19	87.96
7.0	87.64	72.17	87.64
7.2	87.19	71.03	87.19
7.4	86.64	69.86	86.64
7.6	86.05	68.76	86.05
7.8	85.64	68.26	85.64
8.0	85.28	67.98	85.28
8.2	84.97	67.86	84.97
8.4	84.72	67.87	84.72
8.6	84.54	68.01	84.54
8.8	84.51	68.26	84.51
9.0	84.67	68.64	84.67
9.2	84.87	69.04	84.87
9.4	85.07	69.43	85.07
9.6	85.25	69.76	85.25
9.8	85.33	69.91	85.33
10.0	85.28	69.85	85.28
10.2	85.16	69.71	85.16
10.4	84.99	69.5	84.99
10.6	84.75	69.25	84.75
10.8	84.39	68.95	84.39
11.0	83.99	68.64	83.99
11.2	83.57	68.34	83.57
11.4	83.16	68.08	83.16
11.6	82.79	67.86	82.79
11.8	82.53	67.7	82.53
12.0	82.34	67.63	82.34
12.2	82.23	67.69	82.23
12.4	82.21	67.9	82.21
12.6	82.28	68.31	82.28
12.8	82.62	69.33	82.62
13.0	83.1	70.67	83.1
13.2	83.58	71.96	83.58
13.4	84.0	73.06	84.0
13.6	84.25	73.69	84.25
13.8	84.14	73.32	84.14
14.0	83.91	72.64	83.91
14.2	83.59	71.76	83.59
14.4	83.21	70.76	83.21
14.6	82.85	70.0	82.85
14.8	82.48	69.33	82.48
15.0	82.13	68.73	82.13
15.2	81.79	68.22	81.79
15.4	81.5	67.84	81.5
15.6	81.26	67.65	81.26
15.8	81.1	67.65	81.1
16.0	81.02	67.82	81.02
16.2	81.04	68.15	81.04
16.4	81.16	68.65	81.16
16.6	81.51	69.55	81.51
16.8	82.12	70.89	82.12
17.0	82.74	72.15	82.74
17.2	83.33	73.19	83.33
17.4	83.82	73.86	83.82
17.6	83.89	73.18	83.89
17.8	83.83	72.14	83.83
18.0	83.67	70.89	83.67
18.2	83.43	69.57	83.43
18.4	83.2	68.78	83.2
18.6	82.96	68.22	82.96
18.8	82.69	67.79	82.69
19.0	82.43	67.48	82.43
19.2	82.17	67.3	82.17
19.4	81.96	67.29	81.96
19.6	81.8	67.41	81.8
19.8	81.66	67.61	81.66
20.0	81.56	67.85	81.56
20.2	81.49	68.12	81.49
20.4	81.48	68.36	81.48
20.6	81.54	68.48	81.54
20.8	81.63	68.6	81.63
21.0	81.74	68.71	81.74
21.2	81.84	68.82	81.84
21.4	81.96	69.02	81.96
21.6	82.06	69.27	82.06
21.8	82.13	69.47	82.13
22.0	82.13	69.6	82.13
22.2	82.06	69.61	82.06
22.4	81.72	69.12	81.72
22.6	81.28	68.51	81.28
22.8	80.81	67.84	80.81
23.0	80.34	67.19	80.34
23.2	79.88	66.62	79.88
23.4	79.56	66.41	79.56
23.6	79.33	66.39	79.33
23.8	79.19	66.52	79.19
24.0	79.15	66.8	79.15
24.2	79.22	67.22	79.22
24.4	79.53	67.97	79.53
24.6	80.03	68.95	80.03
24.8	80.59	69.94	80.59
25.0	81.19	70.85	81.19
25.2	81.76	71.59	81.76
25.4	82.23	71.83	82.23
25.6	82.63	71.86	82.63
25.8	82.95	71.7	82.95
26.0	83.19	71.36	83.19
26.2	83.21	70.75	83.21
26.4	83.08	69.97	83.08
26.6	82.89	69.12	82.89
26.8	82.65	68.27	82.65
27.0	82.4	67.46	82.4
27.2	82.27	67.0	82.27
27.4	82.2	66.74	82.2
27.6	82.16	66.61	82.16
27.8	82.15	66.59	82.15
28.0	82.17	66.67	82.17
28.2	82.21	66.84	82.21
28.4	82.21	67.03	82.21
28.6	82.26	67.32	82.26
28.8	82.39	67.7	82.39
29.0	82.6	68.19	82.6
29.2	82.91	68.79	82.91
29.4	83.63	69.87	83.63
29.6	84.42	70.97	84.42
29.8	85.18	71.97	85.18
30.0	85.86	72.74	85.86
30.2	86.24	72.91	86.24
30.4	86.26	72.37	86.26
30.6	86.13	71.58	86.13
30.8	85.89	70.64	85.89
31.0	85.59	69.63	85.59
31.2	85.32	68.94	85.32
31.4	85.04	68.35	85.04
31.6	84.76	67.86	84.76
31.8	84.47	67.49	84.47
32.0	84.21	67.26	84.21
32.2	83.97	67.28	83.97
32.4	83.76	67.56	83.76
32.6	83.62	67.98	83.62
32.8	83.54	68.52	83.54
33.0	83.55	69.17	83.55
33.2	83.71	69.95	83.71
33.4	84.17	70.96	84.17
33.6	84.67	71.93	84.67
33.8	85.15	72.79	85.15
34.0	85.57	73.44	85.57
34.2	85.72	73.51	85.72
34.4	85.64	73.1	85.64
34.6	85.48	72.53	85.48
34.8	85.27	71.88	85.27
35.0	85.08	71.33	85.08
35.2	84.99	71.15	84.99
35.4	84.92	71.06	84.92
35.6	84.87	71.06	84.87
35.8	84.84	71.15	84.84
36.0	84.83	71.31	84.83
36.2	84.85	71.58	84.85
36.4	84.9	71.92	84.9
36.6	84.96	72.29	84.96
36.8	85.02	72.68	85.02
37.0	85.08	73.05	85.08
37.2	85.12	73.38	85.12
37.4	85.15	73.65	85.15
37.6	85.16	73.85	85.16
37.8	85.15	74.0	85.15
38.0	85.1	74.08	85.1
38.2	84.99	73.97	84.99
38.4	84.84	73.77	84.84
38.6	84.67	73.52	84.67
38.8	84.48	73.25	84.48
39.0	84.29	73.0	84.29
39.2	84.09	72.83	84.09
39.4	83.91	72.72	83.91
39.6	83.74	72.68	83.74
39.8	83.62	72.7	83.62
40.0	83.54	72.8	83.54
40.2	83.57	73.08	83.57
40.4	83.7	73.51	83.7
40.6	83.86	73.96	83.86
40.8	84.04	74.39	84.04
41.0	84.22	74.76	84.22
41.2	84.36	74.93	84.36
41.4	84.48	75.0	84.48
41.6	84.55	74.95	84.55
41.8	84.57	74.8	84.57
42.0	84.42	74.43	84.42
42.2	84.18	73.94	84.18
42.4	83.91	73.38	83.91
42.6	83.64	72.8	83.64
42.8	83.39	72.22	83.39
43.0	83.32	71.78	83.32
43.2	83.29	71.39	83.29
43.4	83.31	71.08	83.31
43.6	83.36	70.85	83.36
43.8	83.43	70.71	83.43
44.0	83.37	70.65	83.37
44.2	83.37	70.72	83.37
44.4	83.48	70.94	83.48
44.6	83.72	71.34	83.72
44.8	84.26	72.07	84.26
45.0	85.18	73.22	85.18
45.2	86.19	74.42	86.19
45.4	87.21	75.56	87.21
45.6	88.14	76.49	88.14
45.8	88.82	76.95	88.82
46.0	89.37	77.16	89.37
46.2	89.78	77.11	89.78
46.4	90.0	76.77	90.0
46.6	89.95	75.97	89.95
46.8	89.77	75.0	89.77
47.0	89.49	73.91	89.49
47.2	89.13	72.79	89.13
47.4	88.79	71.85	88.79
47.6	88.45	71.05	88.45
47.8	88.11	70.37	88.11
48.0	87.78	69.84	87.78
48.2	87.47	69.48	87.47
48.4	87.19	69.5	87.19
48.6	86.96	69.75	86.96
48.8	86.78	70.15	86.78
49.0	86.68	70.67	86.68
49.2	86.67	71.28	86.67
49.4	86.81	71.88	86.81
49.6	87.06	72.51	87.06
49.8	87.4	73.18	87.4
50.0	87.83	73.88	87.83
50.2	88.42	74.69	88.42
50.4	89.19	75.61	89.19
50.6	89.92	76.41	89.92
50.8	90.53	77.0	90.53
51.0	90.83	77.1	90.83
51.2	90.61	76.48	90.61
51.4	90.23	75.61	90.23
51.6	89.75	74.59	89.75
51.8	89.22	73.52	89.22
52.0	88.94	72.78	88.94
52.2	88.71	72.15	88.71
52.4	88.53	71.62	88.53
52.6	88.39	71.2	88.39
52.8	88.29	70.92	88.29
53.0	88.22	70.95	88.22
53.2	88.21	71.11	88.21
53.4	88.24	71.38	88.24
53.6	88.31	71.7	88.31
53.8	88.46	72.08	88.46
54.0	88.74	72.5	88.74
54.2	89.04	72.88	89.04
54.4	89.31	73.18	89.31
54.6	89.51	73.34	89.51
54.8	89.46	73.03	89.46
55.0	89.31	72.56	89.31
55.2	89.09	72.01	89.09
55.4	88.82	71.42	88.82
55.6	88.51	70.93	88.51
55.8	88.2	70.6	88.2
56.0	87.88	70.34	87.88
56.2	87.58	70.16	87.58
56.4	87.32	70.06	87.32
56.6	87.1	70.02	87.1
56.8	86.96	70.08	86.96
57.0	86.89	70.25	86.89
57.2	86.94	70.54	86.94
57.4	87.13	70.97	87.13
57.6	87.71	71.91	87.71
57.8	88.34	72.85	88.34
58.0	88.95	73.67	88.95
58.2	89.45	74.26	89.45
58.4	89.51	74.01	89.51
58.6	89.39	73.42	89.39
58.8	89.15	72.66	89.15
59.0	88.82	71.81	88.82
59.2	88.45	71.16	88.45
59.4	88.06	70.6	88.06
59.6	87.66	70.09	87.66
59.8	87.28	69.65	87.28
60.0	86.95	69.31	86.95
60.2	86.74	69.1	86.74
60.4	86.58	68.99	86.58
60.6	86.49	68.97	86.49
60.8	86.46	69.07	86.46
61.0	86.48	69.29	86.48
61.2	86.54	69.62	86.54
61.4	86.7	70.07	86.7
61.6	86.98	70.62	86.98
61.8	87.4	71.28	87.4
62.0	88.29	72.37	88.29
62.2	89.28	73.47	89.28
62.4	90.2	74.42	90.2
62.6	90.95	75.08	90.95
62.8	91.03	74.78	91.03
63.0	90.77	74.0	90.77
63.2	90.32	72.99	90.32
63.4	89.77	71.89	89.77
63.6	89.36	71.15	89.36
63.8	89.02	70.66	89.02
64.0	88.69	70.27	88.69
64.2	88.39	69.98	88.39
64.4	88.11	69.78	88.11
64.6	87.87	69.63	87.87
64.8	87.69	69.54	87.69
65.0	87.53	69.54	87.53
65.2	87.37	69.63	87.37
65.4	87.23	69.81	87.23
65.6	87.02	70.09	87.02
65.8	86.68	70.45	86.68
66.0	86.4	70.93	86.4
66.2	86.22	71.53	86.22
66.4	86.2	72.29	86.2
66.6	86.59	73.39	86.59
66.8	87.39	74.81	87.39
67.0	88.25	76.2	88.25
67.2	89.07	77.43	89.07
67.4	89.71	78.32	89.71
67.6	89.88	78.46	89.88
67.8	89.89	78.32	89.89
68.0	89.76	77.94	89.76
68.2	89.54	77.39	89.54
68.4	89.28	76.71	89.28
68.6	88.97	75.97	88.97
68.8	88.63	75.24	88.63
69.0	88.28	74.56	88.28
69.2	87.96	74.05	87.96
69.4	87.75	74.02	87.75
69.6	87.57	74.13	87.57
69.8	87.42	74.34	87.42
70.0	87.29	74.63	87.29
70.2	87.17	74.94	87.17
70.4	87.02	75.18	87.02
70.6	86.91	75.43	86.91
70.8	86.84	75.71	86.84
71.0	86.83	76.02	86.83
71.2	87.01	76.42	87.01
71.4	87.36	76.9	87.36
71.6	87.7	77.32	87.7
71.8	87.98	77.63	87.98
72.0	88.09	77.74	88.09
72.2	87.77	77.38	87.77
72.4	87.33	76.88	87.33
72.6	86.78	76.27	86.78
72.8	86.17	75.62	86.17
73.0	85.56	75.03	85.56
73.2	84.98	74.53	84.98
73.4	84.43	74.1	84.43
73.6	83.92	73.79	83.92
73.8	83.47	73.62	83.47
74.0	83.13	73.74	83.13
74.2	82.92	74.13	82.92
74.4	82.8	74.66	82.8
74.6	82.8	75.31	82.8
74.8	82.9	76.03	82.9
75.0	83.24	76.89	83.24
75.2	83.73	77.79	83.73
75.4	84.25	78.62	84.25
75.6	84.74	79.33	84.74
75.8	85.11	79.72	85.11
76.0	85.26	79.65	85.26
76.2	85.32	79.42	85.32
76.4	85.29	79.07	85.29
76.6	85.19	78.66	85.19
76.8	84.96	78.38	84.96
77.0	84.69	78.11	84.69
77.2	84.39	77.87	84.39
77.4	84.09	77.68	84.09
77.6	83.81	77.55	83.81
77.8	83.58	77.5	83.58
78.0	83.42	77.54	83.42
78.2	83.33	77.68	83.33
78.4	83.34	77.95	83.34
78.6	83.54	78.48	83.54
78.8	83.98	79.33	83.98
79.0	84.49	80.2	84.49
79.2	85.01	81.01	85.01
79.4	85.52	81.68	85.52
79.6	85.88	81.87	85.88
79.8	86.18	81.84	86.18
80.0	86.38	81.62	86.38
80.2	86.49	81.21	86.49
80.4	86.36	80.46	86.36
80.6	86.11	79.55	86.11
80.8	85.82	78.61	85.82
81.0	85.5	77.72	85.5
81.2	85.24	77.04	85.24
81.4	85.11	76.8	85.11
81.6	85.05	76.74	85.05
81.8	85.04	76.82	85.04
82.0	85.09	77.04	85.09
82.2	85.2	77.38	85.2
82.4	85.38	77.84	85.38
82.6	85.63	78.35	85.63
82.8	85.98	78.88	85.98
83.0	86.46	79.42	86.46
83.2	87.23	80.05	87.23
83.4	88.01	80.53	88.01
83.6	88.73	80.79	88.73
83.8	89.25	80.6	89.25
84.0	89.39	79.66	89.39
84.2	89.37	78.47	89.37
84.4	89.21	77.17	89.21
84.6	88.95	75.94	88.95
84.8	88.61	75.14	88.61
85.0	88.23	74.48	88.23
85.2	87.83	73.97	87.83
85.4	87.44	73.6	87.44
85.6	87.11	73.42	87.11
85.8	86.89	73.44	86.89
86.0	86.75	73.6	86.75
86.2	86.71	73.9	86.71
86.4	86.8	74.31	86.8
86.6	87.19	74.97	87.19
86.8	87.82	75.79	87.82
87.0	88.45	76.57	88.45
87.2	89.02	77.22	89.02
87.4	89.35	77.54	89.35
87.6	89.25	77.33	89.25
87.8	88.98	76.88	88.98
88.0	88.57	76.22	88.57
88.2	88.04	75.4	88.04
88.4	87.4	74.29	87.4
88.6	86.71	73.13	86.71
88.8	86.0	72.0	86.0
89.0	85.33	70.97	85.33
89.2	84.74	70.23	84.74
89.4	84.35	70.05	84.35
89.6	84.05	70.11	84.05
89.8	83.87	70.38	83.87
90.0	83.81	70.86	83.81
90.2	83.9	71.56	83.9
90.4	84.18	72.49	84.18
90.6	84.55	73.5	84.55
90.8	85.0	74.51	85.0
91.0	85.51	75.46	85.51
91.2	86.1	76.23	86.1
91.4	86.7	76.86	86.7
91.6	87.26	77.33	87.26
91.8	87.76	77.6	87.76
92.0	88.03	77.43	88.03
92.2	88.21	77.09	88.21
92.4	88.3	76.62	88.3
92.6	88.33	76.08	88.33
92.8	88.28	75.51	88.28
93.0	88.16	74.96	88.16
93.2	88.02	74.49	88.02
93.4	87.88	74.12	87.88
93.6	87.77	73.92	87.77
93.8	87.67	74.17	87.67
94.0	87.64	74.72	87.64
94.2	87.71	75.4	87.71
94.4	87.89	76.16	87.89
94.6	88.23	76.94	88.23
94.8	89.14	77.81	89.14
95.0	90.13	78.57	90.13
95.2	91.06	79.14	91.06
95.4	91.81	79.43	91.81
95.6	91.9	78.98	91.9
95.8	91.57	78.07	91.57
96.0	91.05	76.96	91.05
96.2	90.4	75.75	90.4
96.4	89.81	74.66	89.81
96.6	89.29	73.75	89.29
96.8	88.8	72.98	88.8
97.0	88.34	72.37	88.34
97.2	87.94	71.96	87.94
97.4	87.66	72.04	87.66
97.6	87.5	72.55	87.5
97.8	87.41	73.23	87.41
98.0	87.38	74.0	87.38
98.2	87.41	74.81	87.41
98.4	87.45	75.41	87.45
98.6	87.51	75.81	87.51
98.8	87.64	76.2	87.64
99.0	87.87	76.61	87.87
99.2	88.23	77.12	88.23
99.4	88.97	78.03	88.97
99.6	89.71	78.88	89.71
99.8	90.37	79.55	90.37
100.0	90.81	79.89	90.81
100.2	90.54	79.23	90.54
100.4	90.07	78.31	90.07
100.6	89.5	77.23	89.5
100.8	88.91	76.12	88.91
101.0	88.71	75.57	88.71
101.2	88.69	75.26	88.69
101.4	88.72	75.09	88.72
101.6	88.79	75.05	88.79
101.8	88.86	75.11	88.86
102.0	88.77	75.26	88.77
102.2	88.55	75.5	88.55
102.4	88.36	75.77	88.36
102.6	88.24	76.07	88.24
102.8	88.24	76.37	88.24
103.0	88.6	76.43	88.6
103.2	89.14	76.46	89.14
103.4	89.76	76.58	89.76
103.6	90.41	76.85	90.41
103.8	91.04	77.63	91.04
104.0	91.58	79.01	91.58
104.2	92.08	80.45	92.08
104.4	92.51	81.78	92.51
104.6	92.86	82.85	92.86
104.8	93.09	82.9	93.09
105.0	93.22	82.57	93.22
105.2	93.24	81.99	93.24
105.4	93.16	81.24	93.16
105.6	92.86	80.38	92.86
105.8	92.47	79.51	92.47
106.0	92.04	78.69	92.04
106.2	91.64	78.01	91.64
106.4	91.36	77.85	91.36
106.6	91.16	77.87	91.16
106.8	91.04	78.01	91.04
107.0	91.03	78.22	91.03
107.2	91.37	78.56	91.37
107.4	91.71	78.78	91.71
107.6	91.96	78.78	91.96
107.8	91.92	78.25	91.92
108.0	91.37	76.84	91.37
108.2	90.62	75.2	90.62
108.4	89.74	73.52	89.74
108.6	88.8	72.17	88.8
108.8	87.88	71.43	87.88
109.0	86.96	70.91	86.96
109.2	86.08	70.61	86.08
109.4	85.27	70.49	85.27
109.6	84.65	70.53	84.65
109.8	84.14	70.71	84.14
110.0	83.75	71.0	83.75
110.2	83.46	71.37	83.46
110.4	83.33	71.81	83.33
110.6	83.4	72.31	83.4
110.8	83.52	72.79	83.52
111.0	83.62	73.21	83.62
111.2	83.64	73.48	83.64
111.4	83.45	73.45	83.45
111.6	83.18	73.33	83.18
111.8	82.88	73.16	82.88
112.0	82.54	72.98	82.54
112.2	82.18	72.85	82.18
112.4	81.84	72.77	81.84
112.6	81.52	72.76	81.52
112.8	81.26	72.86	81.26
113.0	81.07	73.22	81.07
113.2	80.98	73.79	80.98
113.4	80.98	74.45	80.98
113.6	81.1	75.18	81.1
113.8	81.34	75.94	81.34
114.0	81.93	76.69	81.93
114.2	82.59	77.42	82.59
114.4	83.27	78.09	83.27
114.6	83.91	78.66	83.91
114.8	84.29	79.03	84.29
115.0	84.57	79.27	84.57
115.2	84.76	79.39	84.76
115.4	84.87	79.39	84.87
115.6	84.86	79.15	84.86
115.8	84.8	78.83	84.8
116.0	84.7	78.5	84.7
116.2	84.61	78.23	84.61
116.4	84.59	78.24	84.59
116.6	84.63	78.5	84.63
116.8	84.71	78.85	84.71
117.0	84.86	79.23	84.86
117.2	85.1	79.64	85.1
117.4	85.56	80.08	85.56
117.6	86.0	80.39	86.0
117.8	86.35	80.51	86.35
118.0	86.5	80.25	86.5
118.2	86.16	79.18	86.16
118.4	85.67	77.93	85.67
118.6	85.11	76.62	85.11
118.8	84.53	75.41	84.53
119.0	84.16	74.95	84.16
119.2	83.86	74.78	83.86
119.4	83.65	74.82	83.65
119.6	83.53	75.03	83.53
119.8	83.51	75.37	83.51
120.0	83.54	75.65	83.54
120.2	83.73	76.08	83.73
120.4	84.1	76.68	84.1
120.6	84.69	77.46	84.69
120.8	85.75	78.74	85.75
121.0	87.18	80.33	87.18
121.2	88.68	81.86	88.68
121.4	90.15	83.18	90.15
121.6	91.41	83.88	91.41
121.8	92.42	84.03	92.42
122.0	93.2	83.77	93.2
122.2	93.7	83.1	93.7
122.4	93.51	81.58	93.51
122.6	92.97	79.68	92.97
122.8	92.26	77.67	92.26
123.0	91.51	75.75	91.51
123.2	91.03	74.56	91.03
123.4	91.02	74.46	91.02
123.6	91.14	74.69	91.14
123.8	91.38	75.16	91.38
124.0	91.7	75.76	91.7
124.2	92.09	76.37	92.09
124.4	92.58	76.74	92.58
124.6	93.05	77.03	93.05
124.8	93.47	77.2	93.47
125.0	93.81	77.22	93.81
125.2	93.9	76.9	93.9
125.4	93.83	76.37	93.83
125.6	93.63	75.66	93.63
125.8	93.31	74.81	93.31
126.0	92.78	73.67	92.78
126.2	92.11	72.39	92.11
126.4	91.4	71.1	91.4
126.6	90.68	69.91	90.68
126.8	90.01	68.91	90.01
127.0	89.63	68.63	89.63
127.2	89.36	68.65	89.36
127.4	89.17	68.88	89.17
127.6	89.03	69.28	89.03
127.8	88.95	69.79	88.95
128.0	88.93	70.44	88.93
128.2	88.92	71.11	88.92
128.4	88.89	71.71	88.89
128.6	88.81	72.19	88.81
128.8	88.53	72.17	88.53
129.0	88.08	71.73	88.08
129.2	87.59	71.18	87.59
129.4	87.11	70.64	87.11
129.6	86.67	70.18	86.67
129.8	86.51	70.39	86.51
130.0	86.45	70.81	86.45
130.2	86.45	71.37	86.45
130.4	86.51	72.05	86.51
130.6	86.61	72.81	86.61
130.8	86.69	73.62	86.69
131.0	86.77	74.43	86.77
131.2	86.89	75.22	86.89
131.4	87.04	75.96	87.04
131.6	87.25	76.61	87.25
131.8	87.63	77.14	87.63
132.0	87.98	77.51	87.98
132.2	88.26	77.71	88.26
132.4	88.42	77.69	88.42
132.6	88.1	77.07	88.1
132.8	87.62	76.27	87.62
133.0	87.06	75.38	87.06
133.2	86.46	74.49	86.46
133.4	85.95	73.89	85.95
133.6	85.66	73.82	85.66
133.8	85.42	73.88	85.42
134.0	85.21	74.01	85.21
134.2	85.04	74.18	85.04
134.4	84.89	74.34	84.89
134.6	84.65	74.1	84.65
134.8	84.44	73.84	84.44
135.0	84.28	73.63	84.28
135.2	84.18	73.51	84.18
135.4	84.18	73.59	84.18
135.6	84.41	74.18	84.41
135.8	84.69	74.84	84.69
136.0	84.96	75.48	84.96
136.2	85.2	76.03	85.2
136.4	85.22	76.0	85.22
136.6	85.1	75.67	85.1
136.8	84.94	75.23	84.94
137.0	84.73	74.76	84.73
137.2	84.51	74.31	84.51
137.4	84.29	74.21	84.29
137.6	84.09	74.27	84.09
137.8	83.93	74.43	83.93
138.0	83.83	74.66	83.83
138.2	83.8	74.95	83.8
138.4	84.08	75.42	84.08
138.6	84.45	75.91	84.45
138.8	84.81	76.34	84.81
139.0	85.11	76.65	85.11
139.2	85.15	76.58	85.15
139.4	84.87	76.07	84.87
139.6	84.49	75.43	84.49
139.8	84.04	74.74	84.04
140.0	83.56	74.07	83.56
140.2	83.22	73.79	83.22
140.4	82.93	73.69	82.93
140.6	82.68	73.68	82.68
140.8	82.46	73.77	82.46
141.0	82.27	73.91	82.27
141.2	82.11	74.1	82.11
141.4	81.99	74.31	81.99
141.6	81.9	74.54	81.9
141.8	81.85	74.79	81.85
142.0	81.85	75.05	81.85
142.2	81.94	75.3	81.94
142.4	82.08	75.52	82.08
142.6	82.23	75.73	82.23
142.8	82.35	75.92	82.35
143.0	82.41	76.05	82.41
143.2	82.31	76.1	82.31
143.4	82.17	76.14	82.17
143.6	82.0	76.16	82.0
143.8	81.83	76.2	81.83
144.0	81.67	76.32	81.67
144.2	81.56	76.53	81.56
144.4	81.48	76.76	81.48
144.6	81.43	76.99	81.43
144.8	81.42	77.21	81.42
145.0	81.49	77.37	81.49
145.2	81.66	77.45	81.66
145.4	81.84	77.5	81.84
145.6	82.02	77.51	82.02
145.8	82.17	77.48	82.17
146.0	82.17	77.35	82.17
146.2	82.13	77.19	82.13
146.4	82.06	77.02	82.06
146.6	81.99	76.85	81.99
146.8	81.93	76.7	81.93
147.0	81.88	76.58	81.88
147.2	81.87	76.51	81.87
147.4	81.91	76.51	81.91
147.6	82.03	76.6	82.03
147.8	82.31	76.87	82.31
148.0	82.76	77.31	82.76
148.2	83.23	77.8	83.23
148.4	83.69	78.29	83.69
148.6	84.04	78.71	84.04
148.8	84.21	78.99	84.21
149.0	84.3	79.19	84.3
149.2	84.34	79.32	84.34
149.4	84.33	79.37	84.33
149.6	84.25	79.17	84.25
149.8	84.15	78.9	84.15
150.0	84.08	78.64	84.08
150.2	84.04	78.44	84.04
150.4	84.12	78.44	84.12
150.6	84.4	78.82	84.4
150.8	84.73	79.25	84.73
151.0	85.1	79.68	85.1
151.2	85.48	80.05	85.48
151.4	85.9	80.17	85.9
151.6	86.28	80.17	86.28
151.8	86.56	80.03	86.56
152.0	86.71	79.77	86.71
152.2	86.46	79.23	86.46
152.4	86.03	78.59	86.03
152.6	85.5	77.89	85.5
152.8	84.92	77.19	84.92
153.0	84.39	76.61	84.39
153.2	83.93	76.17	83.93
153.4	83.5	75.82	83.5
153.6	83.12	75.58	83.12
153.8	82.82	75.44	82.82
154.0	82.63	75.53	82.63
154.2	82.54	75.75	82.54
154.4	82.54	76.05	82.54
154.6	82.64	76.4	82.64
154.8	82.88	76.78	82.88
155.0	83.31	77.16	83.31
155.2	83.79	77.52	83.79
155.4	84.26	77.83	84.26
155.6	84.62	78.05	84.62
155.8	84.75	78.11	84.75
156.0	84.82	78.08	84.82
156.2	84.85	77.99	84.85
156.4	84.87	77.84	84.87
156.6	84.96	77.52	84.96
156.8	85.07	77.21	85.07
157.0	85.21	76.94	85.21
157.2	85.38	76.77	85.38
157.4	85.59	76.94	85.59
157.6	85.84	77.43	85.84
157.8	86.14	77.97	86.14
158.0	86.48	78.49	86.48
158.2	86.9	78.92	86.9
158.4	87.49	79.13	87.49
158.6	88.04	79.16	88.04
158.8	88.49	78.96	88.49
159.0	88.69	78.38	88.69
159.2	88.46	77.22	88.46
159.4	88.07	75.9	88.07
159.6	87.57	74.53	87.57
159.8	87.02	73.24	87.02
160.0	86.54	72.47	86.54
160.2	86.08	71.9	86.08
160.4	85.66	71.53	85.66
160.6	85.29	71.37	85.29
160.8	85.01	71.46	85.01
161.0	84.92	71.95	84.92
161.2	84.9	72.59	84.9
161.4	84.96	73.32	84.96
161.6	85.08	74.09	85.08
161.8	85.25	74.78	85.25
162.0	85.47	75.32	85.47
162.2	85.72	75.8	85.72
162.4	85.98	76.23	85.98
162.6	86.24	76.55	86.24
162.8	86.44	76.73	86.44
163.0	86.66	76.87	86.66
163.2	86.9	76.99	86.9
163.4	87.18	77.13	87.18
163.6	87.61	77.45	87.61
163.8	88.07	77.82	88.07
164.0	88.55	78.2	88.55
164.2	89.01	78.58	89.01
164.4	89.39	78.9	89.39
164.6	89.65	79.15	89.65
164.8	89.88	79.36	89.88
165.0	90.09	79.53	90.09
165.2	90.3	79.67	90.3
165.4	90.69	79.87	90.69
165.6	91.08	80.01	91.08
165.8	91.38	80.05	91.38
166.0	91.57	79.95	91.57
166.2	91.4	79.49	91.4
166.4	90.97	78.76	90.97
166.6	90.44	77.95	90.44
166.8	89.85	77.11	89.85
167.0	89.33	76.39	89.33
167.2	88.99	75.93	88.99
167.4	88.69	75.56	88.69
167.6	88.43	75.29	88.43
167.8	88.21	75.11	88.21
168.0	88.02	75.02	88.02
168.2	87.73	74.92	87.73
168.4	87.49	74.92	87.49
168.6	87.33	75.04	87.33
168.8	87.27	75.32	87.27
169.0	87.34	75.76	87.34
169.2	87.77	76.74	87.77
169.4	88.33	77.83	88.33
169.6	88.93	78.88	88.93
169.8	89.53	79.81	89.53
170.0	90.03	80.24	90.03
170.2	90.43	80.32	90.43
170.4	90.75	80.23	90.75
170.6	90.99	79.99	90.99
170.8	91.05	79.68	91.05
171.0	90.97	79.33	90.97
171.2	90.84	78.95	90.84
171.4	90.67	78.56	90.67
171.6	90.52	78.21	90.52
171.8	90.45	77.92	90.45
172.0	90.44	77.72	90.44
172.2	90.48	77.63	90.48
172.4	90.61	77.7	90.61
172.6	90.88	78.11	90.88
172.8	91.34	78.98	91.34
173.0	91.85	79.89	91.85
173.2	92.36	80.73	92.36
173.4	92.84	81.39	92.84
173.6	93.28	81.44	93.28
173.8	93.61	81.21	93.61
174.0	93.78	80.74	93.78
174.2	93.74	80.03	93.74
174.4	93.14	78.89	93.14
174.6	92.35	77.61	92.35
174.8	91.44	76.29	91.44
175.0	90.49	75.03	90.49
175.2	89.74	74.16	89.74
175.4	89.13	73.56	89.13
175.6	88.58	73.17	88.58
175.8	88.1	72.98	88.1
176.0	87.7	73.01	87.7
176.2	87.4	73.55	87.4
176.4	87.19	74.28	87.19
176.6	87.04	75.05	87.04
176.8	86.95	75.75	86.95
177.0	86.92	76.22	86.92
177.2	87.01	76.16	87.01
177.4	87.09	75.96	87.09
177.6	87.11	75.67	87.11
177.8	86.98	75.37	86.98
178.0	86.58	75.14	86.58
178.2	86.1	74.92	86.1
178.4	85.58	74.71	85.58
178.6	85.06	74.52	85.06
178.8	84.65	74.3	84.65
179.0	84.29	74.12	84.29
179.2	83.97	74.02	83.97
179.4	83.7	74.02	83.7
179.6	83.5	74.19	83.5
179.8	83.37	74.56	83.37
180.0	83.31	75.05	83.31
180.2	83.34	75.65	83.34
180.4	83.45	76.35	83.45
180.6	83.8	77.35	83.8
180.8	84.19	78.33	84.19
181.0	84.58	79.23	84.58
181.2	84.91	79.93	84.91
181.4	84.99	80.03	84.99
181.6	85.0	79.94	85.0
181.8	84.97	79.7	84.97
182.0	84.92	79.39	84.92
182.2	84.91	79.12	84.91
182.4	84.92	78.87	84.92
182.6	84.96	78.67	84.96
182.8	85.06	78.54	85.06
183.0	85.21	78.58	85.21
183.2	85.44	78.77	85.44
183.4	85.76	79.08	85.76
183.6	86.19	79.52	86.19
183.8	86.83	80.21	86.83
184.0	87.71	81.2	87.71
184.2	88.61	82.1	88.61
184.4	89.44	82.79	89.44
184.6	90.03	82.82	90.03
184.8	90.33	82.22	90.33
185.0	90.48	81.34	90.48
185.2	90.47	80.3	90.47
185.4	90.29	79.29	90.29
185.6	89.96	78.34	89.96
185.8	89.53	77.43	89.53
186.0	89.05	76.61	89.05
186.2	88.55	75.98	88.55
186.4	88.09	75.65	88.09
186.6	87.64	75.46	87.64
186.8	87.23	75.38	87.23
187.0	86.88	75.41	86.88
187.2	86.56	75.42	86.56
187.4	86.32	75.42	86.32
187.6	86.2	75.55	86.2
187.8	86.25	75.82	86.25
188.0	86.48	76.28	86.48
188.2	87.25	77.3	87.25
188.4	88.16	78.44	88.16
188.6	89.14	79.58	89.14
188.8	90.09	80.63	90.09
189.0	90.84	81.36	90.84
189.2	91.45	81.84	91.45
189.4	91.89	82.02	91.89
189.6	92.12	81.88	92.12
189.8	91.85	80.88	91.85
190.0	91.38	79.59	91.38
190.2	90.79	78.17	90.79
190.4	90.16	76.76	90.16
190.6	89.7	75.81	89.7
190.8	89.4	75.27	89.4
191.0	89.16	74.92	89.16
191.2	89.01	74.77	89.01
191.4	88.93	74.8	88.93
191.6	88.95	75.09	88.95
191.8	89.07	75.54	89.07
192.0	89.27	76.11	89.27
192.2	89.53	76.74	89.53
192.4	89.87	77.4	89.87
192.6	90.32	78.02	90.32
192.8	90.8	78.61	90.8
193.0	91.3	79.13	91.3
193.2	91.77	79.54	91.77
193.4	92.19	79.74	92.19
193.6	92.55	79.79	92.55
193.8	92.85	79.72	92.85
194.0	93.06	79.53	93.06
194.2	93.05	79.09	93.05
194.4	92.95	78.55	92.95
194.6	92.8	78.0	92.8
194.8	92.61	77.47	92.61
195.0	92.46	77.16	92.46
195.2	92.35	77.11	92.35
195.4	92.28	77.15	92.28
195.6	92.24	77.24	92.24
195.8	92.26	77.36	92.26
196.0	92.46	77.49	92.46
196.2	92.72	77.58	92.72
196.4	92.95	77.61	92.95
196.6	93.1	77.52	93.1
196.8	93.0	77.2	93.0
197.0	92.69	76.68	92.69
197.2	92.26	76.03	92.26
197.4	91.74	75.27	91.74
197.6	91.14	74.35	91.14
197.8	90.46	73.3	90.46
198.0	89.77	72.28	89.77
198.2	89.08	71.35	89.08
198.4	88.43	70.59	88.43
198.6	87.89	70.39	87.89
198.8	87.44	70.5	87.44
199.0	87.09	70.82	87.09
199.2	86.85	71.31	86.85
199.4	86.73	71.95	86.73
199.6	86.9	72.81	86.9
199.8	87.19	73.73	87.19
200.0	87.51	74.6	87.51
200.2	87.83	75.35	87.83
200.4	88.03	75.72	88.03
200.6	88.13	75.78	88.13
200.8	88.14	75.68	88.14
201.0	88.05	75.44	88.05
201.2	87.77	75.05	87.77
201.4	87.33	74.58	87.33
201.6	86.84	74.08	86.84
201.8	86.34	73.61	86.34
202.0	85.87	73.25	85.87
202.2	85.49	73.06	85.49
202.4	85.19	73.01	85.19
202.6	85.01	73.13	85.01
202.8	84.96	73.44	84.96
203.0	85.28	74.26	85.28
203.2	85.79	75.33	85.79
203.4	86.37	76.4	86.37
203.6	86.97	77.37	86.97
203.8	87.46	77.95	87.46
204.0	87.84	78.11	87.84
204.2	88.1	78.02	88.1
204.4	88.24	77.7	88.24
204.6	88.1	77.02	88.1
204.8	87.77	76.09	87.77
205.0	87.34	75.1	87.34
205.2	86.87	74.12	86.87
205.4	86.48	73.47	86.48
205.6	86.22	73.23	86.22
205.8	86.0	73.13	86.0
206.0	85.82	73.14	85.82
206.2	85.68	73.21	85.68
206.4	85.55	73.21	85.55
206.6	85.46	73.19	85.46
206.8	85.42	73.21	85.42
207.0	85.46	73.28	85.46
207.2	85.63	73.47	85.63
207.4	85.98	73.82	85.98
207.6	86.34	74.14	86.34
207.8	86.67	74.37	86.67
208.0	86.86	74.35	86.86
208.2	86.82	73.94	86.82
208.4	86.69	73.41	86.69
208.6	86.48	72.83	86.48
208.8	86.21	72.25	86.21
209.0	85.86	71.79	85.86
209.2	85.5	71.43	85.5
209.4	85.15	71.17	85.15
209.6	84.84	71.07	84.84
209.8	84.61	71.26	84.61
210.0	84.5	71.76	84.5
210.2	84.49	72.4	84.49
210.4	84.58	73.15	84.58
210.6	84.78	73.97	84.78
210.8	85.23	74.8	85.23
211.0	85.81	75.63	85.81
211.2	86.44	76.42	86.44
211.4	87.08	77.13	87.08
211.6	87.64	77.71	87.64
211.8	88.12	78.15	88.12
212.0	88.52	78.42	88.52
212.2	88.84	78.5	88.84
212.4	89.02	78.19	89.02
212.6	89.06	77.58	89.06
212.8	89.01	76.85	89.01
213.0	88.88	76.07	88.88
213.2	88.65	75.4	88.65
213.4	88.32	74.95	88.32
213.6	87.95	74.59	87.95
213.8	87.56	74.32	87.56
214.0	87.17	74.14	87.17
214.2	86.83	74.03	86.83
214.4	86.53	74.01	86.53
214.6	86.29	74.09	86.29
214.8	86.1	74.29	86.1
215.0	86.0	74.66	86.0
215.2	86.1	75.41	86.1
215.4	86.22	76.15	86.22
215.6	86.33	76.8	86.33
215.8	86.4	77.25	86.4
216.0	86.23	76.87	86.23
216.2	85.99	76.28	85.99
216.4	85.72	75.58	85.72
216.6	85.43	74.87	85.43
216.8	85.18	74.46	85.18
217.0	84.95	74.27	84.95
217.2	84.75	74.2	84.75
217.4	84.58	74.25	84.58
217.6	84.46	74.45	84.46
217.8	84.41	74.88	84.41
218.0	84.41	75.39	84.41
218.2	84.46	75.94	84.46
218.4	84.58	76.49	84.58
218.6	84.83	76.92	84.83
218.8	85.14	77.28	85.14
219.0	85.44	77.58	85.44
219.2	85.71	77.82	85.71
219.4	85.75	77.86	85.75
219.6	85.74	77.86	85.74
219.8	85.75	77.88	85.75
220.0	85.83	78.01	85.83
220.2	86.14	78.46	86.14
220.4	86.52	79.0	86.52
220.6	86.96	79.57	86.96
220.8	87.48	80.16	87.48
221.0	88.08	80.74	88.08
221.2	88.62	81.21	88.62
221.4	89.02	81.5	89.02
221.6	89.04	81.37	89.04
221.8	88.77	80.92	88.77
222.0	88.33	80.3	88.33
222.2	87.78	79.59	87.78
222.4	87.16	78.84	87.16
222.6	86.5	78.11	86.5
222.8	85.83	77.44	85.83
223.0	85.19	76.89	85.19
223.2	84.64	76.61	84.64
223.4	84.21	76.59	84.21
223.6	83.88	76.76	83.88
223.8	83.66	77.13	83.66
224.0	83.6	77.76	83.6
224.2	83.74	78.79	83.74
224.4	84.0	79.87	84.0
224.6	84.34	80.9	84.34
224.8	84.74	81.68	84.74
225.0	85.19	81.95	85.19
225.2	85.64	82.05	85.64
225.4	86.06	82.02	86.06
225.6	86.38	81.96	86.38
225.8	86.57	81.92	86.57
226.0	86.66	81.77	86.66
226.2	86.61	81.53	86.61
226.4	86.33	81.04	86.33
226.6	85.85	80.36	85.85
226.8	85.29	79.62	85.29
227.0	84.69	78.88	84.69
227.2	84.13	78.23	84.13
227.4	83.67	77.74	83.67
227.6	83.3	77.37	83.3
227.8	83.03	77.14	83.03
228.0	82.9	77.08	82.9
228.2	83.14	77.46	83.14
228.4	83.54	78.01	83.54
228.6	84.0	78.61	84.0
228.8	84.45	79.17	84.45
229.0	84.76	79.53	84.76
229.2	84.92	79.68	84.92
229.4	85.01	79.66	85.01
229.6	85.01	79.45	85.01
229.8	84.9	78.85	84.9
230.0	84.68	77.94	84.68
230.2	84.4	76.94	84.4
230.4	84.09	75.92	84.09
230.6	83.77	75.02	83.77
230.8	83.45	74.48	83.45
231.0	83.15	74.09	83.15
231.2	82.89	73.86	82.89
231.4	82.67	73.79	82.67
231.6	82.52	73.91	82.52
231.8	82.46	74.23	82.46
232.0	82.49	74.69	82.49
232.2	82.64	75.27	82.64
232.4	82.92	75.97	82.92
232.6	83.57	76.97	83.57
232.8	84.28	77.95	84.28
233.0	85.0	78.81	85.0
233.2	85.65	79.44	85.65
233.4	86.03	79.41	86.03
233.6	86.29	79.14	86.29
233.8	86.44	78.68	86.44
234.0	86.45	78.1	86.45
234.2	86.28	77.5	86.28
234.4	86.03	76.86	86.03
234.6	85.7	76.22	85.7
234.8	85.33	75.6	85.33
235.0	84.96	75.12	84.96
235.2	84.6	74.72	84.6
235.4	84.24	74.41	84.24
235.6	83.92	74.2	83.92
235.8	83.63	74.1	83.63
236.0	83.38	74.19	83.38
236.2	83.22	74.37	83.22
236.4	83.15	74.63	83.15
236.6	83.21	74.93	83.21
236.8	83.58	75.3	83.58
237.0	84.17	75.7	84.17
237.2	84.77	76.05	84.77
237.4	85.3	76.32	85.3
237.6	85.54	76.43	85.54
237.8	85.48	76.36	85.48
238.0	85.26	76.14	85.26
238.2	84.9	75.75	84.9
238.4	84.38	75.02	84.38
238.6	83.73	74.01	83.73
238.8	83.03	72.94	83.03
239.0	82.3	71.9	82.3
239.2	81.61	70.97	81.61
239.4	81.08	70.6	81.08
239.6	80.64	70.44	80.64
239.8	80.29	70.48	80.29
240.0	80.03	70.71	80.03
240.2	79.9	71.13	79.9
240.4	79.92	71.78	79.92
240.6	80.06	72.58	80.06
240.8	80.34	73.49	80.34
241.0	80.74	74.49	80.74
241.2	81.4	75.66	81.4
241.4	82.3	76.97	82.3
241.6	83.2	78.14	83.2
241.8	84.01	79.06	84.01
242.0	84.52	79.4	84.52
242.2	84.55	78.89	84.55
242.4	84.43	78.11	84.43
242.6	84.21	77.18	84.21
242.8	83.96	76.27	83.96
243.0	83.87	75.82	83.87
243.2	83.8	75.47	83.8
243.4	83.74	75.23	83.74
243.6	83.71	75.08	83.71
243.8	83.7	75.01	83.7
244.0	83.71	75.0	83.71
244.2	83.77	75.09	83.77
244.4	83.88	75.32	83.88
244.6	84.05	75.7	84.05
244.8	84.27	76.35	84.27
245.0	84.56	77.28	84.56
245.2	84.96	78.29	84.96
245.4	85.49	79.36	85.49
245.6	86.19	80.42	86.19
245.8	87.42	81.39	87.42
246.0	88.71	82.26	88.71
246.2	89.93	83.01	89.93
246.4	90.97	83.6	90.97
246.6	91.52	84.03	91.52
246.8	91.79	84.19	91.79
247.0	91.8	84.03	91.8
247.2	91.45	83.34	91.45
247.4	90.64	81.75	90.64
247.6	89.64	79.92	89.64
247.8	88.56	78.03	88.56
248.0	87.49	76.26	87.49
248.2	86.85	75.52	86.85
248.4	86.4	75.22	86.4
248.6	86.08	75.21	86.08
248.8	85.9	75.46	85.9
249.0	85.85	75.91	85.85
249.2	85.94	76.51	85.94
249.4	86.15	77.23	86.15
249.6	86.47	78.03	86.47
249.8	86.88	78.88	86.88
250.0	87.44	79.77	87.44
250.2	88.17	80.7	88.17
250.4	88.87	81.49	88.87
250.6	89.46	82.06	89.46
250.8	89.76	82.15	89.76
251.0	89.61	81.59	89.61
251.2	89.29	80.78	89.29
251.4	88.84	79.8	88.84
251.6	88.32	78.79	88.32
251.8	87.84	77.99	87.84
252.0	87.36	77.26	87.36
252.2	86.89	76.6	86.89
252.4	86.47	76.05	86.47
252.6	86.12	75.64	86.12
252.8	85.91	75.49	85.91
253.0	85.8	75.49	85.8
253.2	85.78	75.64	85.78
253.4	85.88	75.94	85.88
253.6	86.13	76.44	86.13
253.8	86.72	77.4	86.72
254.0	87.33	78.35	87.33
254.2	87.89	79.16	87.89
254.4	88.32	79.71	88.32
254.6	88.26	79.36	88.26
254.8	87.98	78.62	87.98
255.0	87.56	77.68	87.56
255.2	87.04	76.63	87.04
255.4	86.51	75.71	86.51
255.6	85.96	74.92	85.96
255.8	85.42	74.23	85.42
256.0	84.91	73.67	84.91
256.2	84.45	73.27	84.45
256.4	84.11	73.32	84.11
256.6	83.88	73.6	83.88
256.8	83.74	74.01	83.74
257.0	83.71	74.53	83.71
257.2	83.79	75.11	83.79
257.4	84.1	75.56	84.1
257.6	84.52	76.03	84.52
257.8	84.99	76.55	84.99
258.0	85.5	77.11	85.5
258.2	86.01	77.92	86.01
258.4	86.49	78.83	86.49
258.6	86.9	79.64	86.9
258.8	87.18	80.25	87.18
259.0	87.18	80.24	87.18
259.2	86.95	79.73	86.95
259.4	86.59	79.0	86.59
259.6	86.14	78.13	86.14
259.8	85.65	77.24	85.65
260.0	85.18	76.52	85.18
260.2	84.71	75.85	84.71
260.4	84.25	75.25	84.25
260.6	83.84	74.75	83.84
260.8	83.49	74.42	83.49
261.0	83.23	74.31	83.23
261.2	83.07	74.36	83.07
261.4	83.01	74.57	83.01
261.6	83.07	74.95	83.07
261.8	83.35	75.66	83.35
262.0	83.88	76.7	83.88
262.2	84.45	77.73	84.45
262.4	84.98	78.63	84.98
262.6	85.38	79.17	85.38
262.8	85.47	79.02	85.47
263.0	85.46	78.62	85.46
263.2	85.36	78.04	85.36
263.4	85.2	77.35	85.2
263.6	85.0	76.66	85.0
263.8	84.76	75.94	84.76
264.0	84.52	75.25	84.52
264.2	84.27	74.61	84.27
264.4	84.07	74.13	84.07
264.6	83.91	73.83	83.91
264.8	83.79	73.65	83.79
265.0	83.73	73.59	83.73
265.2	83.73	73.68	83.73
265.4	83.81	74.02	83.81
265.6	83.98	74.51	83.98
265.8	84.22	75.06	84.22
266.0	84.54	75.64	84.54
266.2	85.03	76.22	85.03
266.4	85.7	76.76	85.7
266.6	86.35	77.19	86.35
266.8	86.9	77.47	86.9
267.0	87.19	77.46	87.19
267.2	87.09	77.06	87.09
267.4	86.83	76.5	86.83
267.6	86.44	75.81	86.44
267.8	85.95	75.05	85.95
268.0	85.4	74.27	85.4
268.2	84.82	73.5	84.82
268.4	84.24	72.8	84.24
268.6	83.69	72.21	83.69
268.8	83.26	71.93	83.26
269.0	82.93	71.86	82.93
269.2	82.69	71.93	82.69
269.4	82.54	72.14	82.54
269.6	82.51	72.48	82.51
269.8	82.73	73.08	82.73
270.0	83.02	73.7	83.02
270.2	83.34	74.29	83.34
270.4	83.64	74.76	83.64
270.6	83.83	74.87	83.83
270.8	83.95	74.79	83.95
271.0	83.99	74.55	83.99
271.2	83.93	74.17	83.93
271.4	83.63	73.54	83.63
271.6	83.22	72.82	83.22
271.8	82.76	72.06	82.76
272.0	82.28	71.31	82.28
272.2	81.83	70.67	81.83
272.4	81.45	70.16	81.45
272.6	81.12	69.79	81.12
272.8	80.87	69.6	80.87
273.0	80.73	69.64	80.73
273.2	80.74	70.08	80.74
273.4	80.88	70.72	80.88
273.6	81.15	71.51	81.15
273.8	81.55	72.44	81.55
274.0	82.3	73.62	82.3
274.2	83.16	74.84	83.16
274.4	84.0	75.96	84.0
274.6	84.72	76.87	84.72
274.8	85.04	77.17	85.04
275.0	85.15	77.15	85.15
275.2	85.07	76.87	85.07
275.4	84.81	76.34	84.81
275.6	84.22	75.37	84.22
275.8	83.52	74.3	83.52
276.0	82.76	73.21	82.76
276.2	82.01	72.24	82.01
276.4	81.49	71.84	81.49
276.6	81.18	71.94	81.18
276.8	80.96	72.25	80.96
277.0	80.82	72.71	80.82
277.2	80.74	73.27	80.74
277.4	80.72	73.8	80.72
277.6	80.74	74.31	80.74
277.8	80.78	74.79	80.78
278.0	80.85	75.24	80.85
278.2	80.92	75.59	80.92
278.4	80.96	75.77	80.96
278.6	81.01	75.87	81.01
278.8	81.06	75.91	81.06
279.0	81.13	75.88	81.13
279.2	81.24	75.72	81.24
279.4	81.37	75.53	81.37
279.6	81.5	75.36	81.5
279.8	81.66	75.25	81.66
280.0	81.81	75.24	81.81
280.2	81.86	75.57	81.86
280.4	81.95	76.02	81.95
280.6	82.1	76.57	82.1
280.8	82.35	77.21	82.35
281.0	82.83	77.98	82.83
281.2	83.61	78.89	83.61
281.4	84.45	79.75	84.45
281.6	85.29	80.49	85.29
281.8	86.04	80.99	86.04
282.0	86.57	81.04	86.57
282.2	86.97	80.86	86.97
282.4	87.22	80.46	87.22
282.6	87.29	79.85	87.29
282.8	87.01	78.89	87.01
283.0	86.59	77.83	86.59
283.2	86.09	76.75	86.09
283.4	85.55	75.75	85.55
283.6	85.1	75.13	85.1
283.8	84.73	74.83	84.73
284.0	84.41	74.71	84.41
284.2	84.15	74.74	84.15
284.4	83.96	74.91	83.96
284.6	83.88	75.24	83.88
284.8	83.9	75.68	83.9
285.0	83.99	76.17	83.99
285.2	84.17	76.66	84.17
285.4	84.45	77.12	84.45
285.6	84.92	77.53	84.92
285.8	85.38	77.82	85.38
286.0	85.8	77.94	85.8
286.2	86.09	77.81	86.09
286.4	86.05	77.14	86.05
286.6	85.89	76.31	85.89
286.8	85.63	75.39	85.63
287.0	85.29	74.47	85.29
287.2	84.89	73.81	84.89
287.4	84.47	73.31	84.47
287.6	84.05	72.93	84.05
287.8	83.65	72.68	83.65
