  0.00000	139.82000	 71.50622	139.82000
  0.20000	140.89000	 72.33592	140.89000
  0.40000	141.86000	 73.11793	141.86000
  0.60000	142.73000	 73.84237	142.73000
  0.80000	143.51000	 74.50746	143.51000
  1.00000	144.20000	 75.10728	144.20000
  1.20000	144.81000	 75.64345	144.81000
  1.40000	145.33000	 76.10707	145.33000
  1.60000	145.77000	 76.50229	145.77000
  1.80000	146.13000	 76.82833	146.13000
  2.00000	146.42000	 77.09120	146.42000
  2.20000	146.66000	 77.30343	146.66000
  2.40000	146.89000	 77.48987	146.89000
  2.60000	147.09000	 77.63988	147.09000
  2.80000	147.22000	 77.73116	147.22000
  3.00000	147.30000	 77.77736	147.30000
  3.20000	147.22000	 77.71525	147.22000
  3.40000	147.07000	 77.60094	147.07000
  3.60000	146.87000	 77.44914	146.87000
  3.80000	146.67000	 77.29230	146.67000
  4.00000	146.52000	 77.16245	146.52000
  4.20000	146.39000	 77.04357	146.39000
  4.40000	146.28000	 76.93703	146.28000
  4.60000	146.18000	 76.83793	146.18000
  4.80000	146.15000	 76.78263	146.15000
  5.00000	146.10000	 76.71802	146.10000
  5.20000	146.01000	 76.63251	146.01000
  5.40000	145.80000	 76.47913	145.80000
  5.60000	145.44000	 76.24112	145.44000
  5.80000	145.04000	 75.98543	145.04000
  6.00000	144.62000	 75.72554	144.62000
  6.20000	144.29000	 75.52804	144.29000
  6.40000	144.02000	 75.37570	144.02000
  6.60000	143.73000	 75.22109	143.73000
  6.80000	143.41000	 75.05828	143.41000
  7.00000	142.94000	 74.81622	142.94000
  7.20000	142.40000	 74.54318	142.40000
  7.40000	141.84000	 74.26982	141.84000
  7.60000	141.28000	 74.00882	141.28000
  7.80000	140.79000	 73.80226	140.79000
  8.00000	140.34000	 73.63228	140.34000
  8.20000	139.91000	 73.48657	139.91000
  8.40000	139.50000	 73.36452	139.50000
  8.60000	139.15000	 73.28905	139.15000
  8.80000	138.80000	 73.22346	138.80000
  9.00000	138.46000	 73.17261	138.46000
  9.20000	138.09000	 73.11175	138.09000
  9.40000	137.64000	 73.01042	137.64000
  9.60000	137.22000	 72.93358	137.22000
  9.80000	136.86000	 72.89853	136.86000
 10.00000	136.59000	 72.92221	136.59000
 10.20000	136.44000	 73.02114	136.44000
 10.40000	136.45000	 73.21717	136.45000
 10.60000	136.65000	 73.52557	136.65000
 10.80000	137.25000	 74.06761	137.25000
 11.00000	138.11000	 74.75521	138.11000
 11.20000	139.08000	 75.49376	139.08000
 11.40000	140.07000	 76.22460	140.07000
 11.60000	140.87000	 76.81889	140.87000
 11.80000	141.62000	 77.35732	141.62000
 12.00000	142.32000	 77.83857	142.32000
 12.20000	142.98000	 78.26805	142.98000
 12.40000	143.61000	 78.65178	143.61000
 12.60000	144.17000	 78.96663	144.17000
 12.80000	144.66000	 79.21381	144.66000
 13.00000	145.02000	 79.35945	145.02000
 13.20000	145.26000	 79.41197	145.26000
 13.40000	145.44000	 79.40999	145.44000
 13.60000	145.58000	 79.36849	145.58000
 13.80000	145.73000	 79.32017	145.73000
 14.00000	145.85000	 79.24396	145.85000
 14.20000	145.93000	 79.13644	145.93000
 14.40000	145.95000	 78.98820	145.95000
 14.60000	145.87000	 78.77801	145.87000
 14.80000	145.73000	 78.53226	145.73000
 15.00000	145.53000	 78.25360	145.53000
 15.20000	145.24000	 77.92676	145.24000
 15.40000	144.87000	 77.56029	144.87000
 15.60000	144.49000	 77.19829	144.49000
 15.80000	144.16000	 76.87843	144.16000
 16.00000	144.04000	 76.69692	144.04000
 16.20000	144.06000	 76.61202	144.06000
 16.40000	144.11000	 76.55732	144.11000
 16.60000	144.14000	 76.50185	144.14000
 16.80000	144.03000	 76.37335	144.03000
 17.00000	143.84000	 76.20717	143.84000
 17.20000	143.61000	 76.02720	143.61000
 17.40000	143.33000	 75.82780	143.33000
 17.60000	142.99000	 75.60344	142.99000
 17.80000	142.63000	 75.37843	142.63000
 18.00000	142.27000	 75.16511	142.27000
 18.20000	141.92000	 74.96968	141.92000
 18.40000	141.62000	 74.81592	141.62000
 18.60000	141.33000	 74.67972	141.33000
 18.80000	141.07000	 74.57240	141.07000
 19.00000	140.85000	 74.49918	140.85000
 19.20000	140.66000	 74.45314	140.66000
 19.40000	140.46000	 74.40948	140.46000
 19.60000	140.24000	 74.36131	140.24000
 19.80000	139.90000	 74.24857	139.90000
 20.00000	139.54000	 74.13053	139.54000
 20.20000	139.19000	 74.02502	139.19000
 20.40000	138.88000	 73.94972	138.88000
 20.60000	138.66000	 73.93387	138.66000
 20.80000	138.52000	 73.97062	138.52000
 21.00000	138.46000	 74.05865	138.46000
 21.20000	138.48000	 74.19634	138.48000
 21.40000	138.57000	 74.37589	138.57000
 21.60000	138.83000	 74.65460	138.83000
 21.80000	139.28000	 75.04167	139.28000
 22.00000	140.14000	 75.66421	140.14000
 22.20000	141.30000	 76.45186	141.30000
 22.40000	142.56000	 77.28011	142.56000
 22.60000	143.85000	 78.10206	143.85000
 22.80000	144.93000	 78.77097	144.93000
 23.00000	145.94000	 79.36764	145.94000
 23.20000	146.86000	 79.87912	146.86000
 23.40000	147.70000	 80.31130	147.70000
 23.60000	148.45000	 80.65905	148.45000
 23.80000	149.08000	 80.90613	149.08000
 24.00000	149.56000	 81.03709	149.56000
 24.20000	149.80000	 81.00173	149.80000
 24.40000	149.87000	 80.84591	149.87000
 24.60000	149.85000	 80.62192	149.85000
 24.80000	149.78000	 80.35828	149.78000
 25.00000	149.87000	 80.18396	149.87000
 25.20000	149.93000	 79.98917	149.93000
 25.40000	149.91000	 79.74689	149.91000
 25.60000	149.74000	 79.41831	149.74000
 25.80000	149.34000	 78.95911	149.34000
 26.00000	148.82000	 78.43842	148.82000
 26.20000	148.21000	 77.87794	148.21000
 26.40000	147.51000	 77.28133	147.51000
 26.60000	146.74000	 76.66388	146.74000
 26.80000	145.96000	 76.06423	145.96000
 27.00000	145.17000	 75.48477	145.17000
 27.20000	144.40000	 74.94507	144.40000
 27.40000	143.69000	 74.46990	143.69000
 27.60000	143.06000	 74.07134	143.06000
 27.80000	142.56000	 73.77844	142.56000
 28.00000	142.36000	 73.69039	142.36000
 28.20000	142.33000	 73.72668	142.33000
 28.40000	142.36000	 73.81798	142.36000
 28.60000	142.39000	 73.92464	142.39000
 28.80000	142.22000	 73.92451	142.22000
 29.00000	142.01000	 73.91047	142.01000
 29.20000	141.76000	 73.88100	141.76000
 29.40000	141.46000	 73.82903	141.46000
 29.60000	141.12000	 73.75972	141.12000
 29.80000	140.77000	 73.69040	140.77000
 30.00000	140.42000	 73.62662	140.42000
 30.20000	140.12000	 73.59760	140.12000
 30.40000	139.86000	 73.59674	139.86000
 30.60000	139.65000	 73.62910	139.65000
 30.80000	139.49000	 73.69363	139.49000
 31.00000	139.41000	 73.80688	139.41000
 31.20000	139.39000	 73.95550	139.39000
 31.40000	139.40000	 74.12006	139.40000
 31.60000	139.42000	 74.28718	139.42000
 31.80000	139.38000	 74.41407	139.38000
 32.00000	139.33000	 74.52965	139.33000
 32.20000	139.28000	 74.63941	139.28000
 32.40000	139.26000	 74.76079	139.26000
 32.60000	139.25000	 74.88155	139.25000
 32.80000	139.29000	 75.02510	139.29000
 33.00000	139.41000	 75.20873	139.41000
 33.20000	139.66000	 75.46130	139.66000
 33.40000	140.15000	 75.84667	140.15000
 33.60000	140.72000	 76.26753	140.72000
 33.80000	141.32000	 76.69183	141.32000
 34.00000	141.93000	 77.10568	141.93000
 34.20000	142.51000	 77.48376	142.51000
 34.40000	143.01000	 77.79547	143.01000
 34.60000	143.38000	 78.01102	143.38000
 34.80000	143.43000	 78.01864	143.43000
 35.00000	143.24000	 77.86859	143.24000
 35.20000	142.95000	 77.64784	142.95000
 35.40000	142.60000	 77.38414	142.60000
 35.60000	142.35000	 77.17623	142.35000
 35.80000	142.12000	 76.97935	142.12000
 36.00000	141.88000	 76.77789	141.88000
 36.20000	141.64000	 76.57963	141.64000
 36.40000	141.36000	 76.36240	141.36000
 36.60000	141.07000	 76.14546	141.07000
 36.80000	140.76000	 75.92410	140.76000
 37.00000	140.45000	 75.71127	140.45000
 37.20000	140.12000	 75.49590	140.12000
 37.40000	139.78000	 75.28463	139.78000
 37.60000	139.45000	 75.08986	139.45000
 37.80000	139.12000	 74.90591	139.12000
 38.00000	138.73000	 74.69734	138.73000
 38.20000	138.39000	 74.52968	138.39000
 38.40000	138.14000	 74.42651	138.14000
 38.60000	138.03000	 74.41668	138.03000
 38.80000	138.15000	 74.55196	138.15000
 39.00000	138.44000	 74.79397	138.44000
 39.20000	138.89000	 75.13335	138.89000
 39.40000	139.57000	 75.60775	139.57000
 39.60000	140.51000	 76.23034	140.51000
 39.80000	141.53000	 76.88908	141.53000
 40.00000	142.57000	 77.54354	142.57000
 40.20000	143.47000	 78.09485	143.47000
 40.40000	144.22000	 78.53475	144.22000
 40.60000	144.87000	 78.89204	144.87000
 40.80000	145.41000	 79.16095	145.41000
 41.00000	145.77000	 79.30101	145.77000
 41.20000	146.01000	 79.34998	146.01000
 41.40000	146.19000	 79.34618	146.19000
 41.60000	146.32000	 79.29843	146.32000
 41.80000	146.55000	 79.29852	146.55000
 42.00000	146.77000	 79.28319	146.77000
 42.20000	146.93000	 79.22463	146.93000
 42.40000	147.03000	 79.12478	147.03000
 42.60000	146.94000	 78.90867	146.94000
 42.80000	146.77000	 78.64439	146.77000
 43.00000	146.53000	 78.34083	146.53000
 43.20000	146.25000	 78.01862	146.25000
 43.40000	145.91000	 77.66849	145.91000
 43.60000	145.57000	 77.32845	145.57000
 43.80000	145.22000	 76.99454	145.22000
 44.00000	144.87000	 76.67424	144.87000
 44.20000	144.44000	 76.32130	144.44000
 44.40000	144.15000	 76.06744	144.15000
 44.60000	144.07000	 75.95424	144.07000
 44.80000	144.44000	 76.12263	144.44000
 45.00000	145.44000	 76.67536	145.44000
 45.20000	146.66000	 77.36219	146.66000
 45.40000	147.98000	 78.10459	147.98000
 45.60000	149.20000	 78.77721	149.20000
 45.80000	150.25000	 79.33357	150.25000
 46.00000	151.21000	 79.81805	151.21000
 46.20000	152.06000	 80.21699	152.06000
 46.40000	152.71000	 80.47638	152.71000
 46.60000	153.21000	 80.62672	153.21000
 46.80000	153.59000	 80.68765	153.59000
 47.00000	153.86000	 80.66755	153.86000
 47.20000	154.04000	 80.58117	154.04000
 47.40000	154.13000	 80.43164	154.13000
 47.60000	154.16000	 80.23999	154.16000
 47.80000	154.14000	 80.01533	154.14000
 48.00000	154.14000	 79.80218	154.14000
 48.20000	154.07000	 79.54959	154.07000
 48.40000	153.90000	 79.24220	153.90000
 48.60000	153.62000	 78.87667	153.62000
 48.80000	153.15000	 78.40833	153.15000
 49.00000	152.56000	 77.88200	152.56000
 49.20000	151.86000	 77.30697	151.86000
 49.40000	151.04000	 76.68063	151.04000
 49.60000	150.07000	 75.98846	150.07000
 49.80000	149.05000	 75.29312	149.05000
 50.00000	148.02000	 74.62119	148.02000
 50.20000	147.04000	 74.01037	147.04000
 50.40000	146.14000	 73.47961	146.14000
 50.60000	145.31000	 73.02311	145.31000
 50.80000	144.55000	 72.64022	144.55000
 51.00000	143.94000	 72.37703	143.94000
 51.20000	143.45000	 72.21341	143.45000
 51.40000	143.03000	 72.11673	143.03000
 51.60000	142.64000	 72.06005	142.64000
 51.80000	142.24000	 72.01652	142.24000
 52.00000	141.83000	 71.98335	141.83000
 52.20000	141.42000	 71.96399	141.42000
 52.40000	141.04000	 71.97400	141.04000
 52.60000	140.63000	 71.97561	140.63000
 52.80000	140.25000	 72.00262	140.25000
 53.00000	139.91000	 72.05921	139.91000
 53.20000	139.65000	 72.16732	139.65000
 53.40000	139.51000	 72.34865	139.51000
 53.60000	139.44000	 72.57112	139.44000
 53.80000	139.43000	 72.82636	139.43000
 54.00000	139.47000	 73.10604	139.47000
 54.20000	139.56000	 73.40791	139.56000
 54.40000	139.65000	 73.70022	139.65000
 54.60000	139.74000	 73.98130	139.74000
 54.80000	139.79000	 74.22615	139.79000
 55.00000	139.78000	 74.42222	139.78000
 55.20000	139.72000	 74.57533	139.72000
 55.40000	139.59000	 74.67400	139.59000
 55.60000	139.30000	 74.66573	139.30000
 55.80000	138.94000	 74.60570	138.94000
 56.00000	138.59000	 74.54337	138.59000
 56.20000	138.29000	 74.50423	138.29000
 56.40000	138.26000	 74.61995	138.26000
 56.60000	138.31000	 74.77741	138.31000
 56.80000	138.42000	 74.96394	138.42000
 57.00000	138.56000	 75.16079	138.56000
 57.20000	138.72000	 75.36112	138.72000
 57.40000	138.87000	 75.54636	138.87000
 57.60000	139.02000	 75.72191	139.02000
 57.80000	139.07000	 75.82819	139.07000
 58.00000	139.05000	 75.88341	139.05000
 58.20000	139.06000	 75.94774	139.06000
 58.40000	139.11000	 76.02776	139.11000
 58.60000	139.38000	 76.23062	139.38000
 58.80000	139.72000	 76.46650	139.72000
 59.00000	140.09000	 76.71064	140.09000
 59.20000	140.47000	 76.95022	140.47000
 59.40000	140.78000	 77.13708	140.78000
 59.60000	141.05000	 77.28890	141.05000
 59.80000	141.27000	 77.40003	141.27000
 60.00000	141.41000	 77.45334	141.41000
 60.20000	141.46000	 77.44406	141.46000
 60.40000	141.45000	 77.39156	141.45000
 60.60000	141.38000	 77.29762	141.38000
 60.80000	141.25000	 77.16416	141.25000
 61.00000	141.08000	 77.00507	141.08000
 61.20000	140.86000	 76.81635	140.86000
 61.40000	140.61000	 76.61182	140.61000
 61.60000	140.30000	 76.37548	140.30000
 61.80000	139.97000	 76.13287	139.97000
 62.00000	139.66000	 75.90928	139.66000
 62.20000	139.39000	 75.71772	139.39000
 62.40000	139.28000	 75.62996	139.28000
 62.60000	139.23000	 75.58621	139.23000
 62.80000	139.22000	 75.57372	139.22000
 63.00000	139.23000	 75.57958	139.23000
 63.20000	139.27000	 75.60864	139.27000
 63.40000	139.30000	 75.63603	139.30000
 63.60000	139.30000	 75.64894	139.30000
 63.80000	139.20000	 75.60520	139.20000
 64.00000	138.97000	 75.48703	138.97000
 64.20000	138.72000	 75.36038	138.72000
 64.40000	138.47000	 75.23783	138.47000
 64.60000	138.28000	 75.15548	138.28000
 64.80000	138.15000	 75.11339	138.15000
 65.00000	138.06000	 75.09935	138.06000
 65.20000	138.00000	 75.10684	138.00000
 65.40000	137.97000	 75.13514	137.97000
 65.60000	137.97000	 75.18345	137.97000
 65.80000	138.01000	 75.25680	138.01000
 66.00000	138.07000	 75.34235	138.07000
 66.20000	138.16000	 75.44506	138.16000
 66.40000	138.28000	 75.56394	138.28000
 66.60000	138.43000	 75.69802	138.43000
 66.80000	138.58000	 75.82854	138.58000
 67.00000	138.71000	 75.94284	138.71000
 67.20000	138.88000	 76.07601	138.88000
 67.40000	139.11000	 76.23931	139.11000
 67.60000	139.44000	 76.45564	139.44000
 67.80000	139.90000	 76.74161	139.90000
 68.00000	140.41000	 77.04809	140.41000
 68.20000	140.98000	 77.37940	140.98000
 68.40000	141.62000	 77.73985	141.62000
 68.60000	142.27000	 78.09226	142.27000
 68.80000	142.89000	 78.41164	142.89000
 69.00000	143.44000	 78.67355	143.44000
 69.20000	143.81000	 78.81276	143.81000
 69.40000	144.08000	 78.87792	144.08000
 69.60000	144.25000	 78.87082	144.25000
 69.80000	144.30000	 78.78185	144.30000
 70.00000	144.23000	 78.61370	144.23000
 70.20000	144.07000	 78.38727	144.07000
 70.40000	143.84000	 78.11757	143.84000
 70.60000	143.53000	 77.80181	143.53000
 70.80000	143.17000	 77.46085	143.17000
 71.00000	142.76000	 77.09752	142.76000
 71.20000	142.32000	 76.72630	142.32000
 71.40000	141.87000	 76.36129	141.87000
 71.60000	141.42000	 76.01027	141.42000
 71.80000	140.95000	 75.66276	140.95000
 72.00000	140.48000	 75.33173	140.48000
 72.20000	140.02000	 75.02386	140.02000
 72.40000	139.57000	 74.73955	139.57000
 72.60000	139.10000	 74.46109	139.10000
 72.80000	138.62000	 74.19437	138.62000
 73.00000	138.04000	 73.88590	138.04000
 73.20000	137.43000	 73.57744	137.43000
 73.40000	136.87000	 73.31662	136.87000
 73.60000	136.37000	 73.10907	136.37000
 73.80000	136.06000	 73.03101	136.06000
 74.00000	135.86000	 73.03303	135.86000
 74.20000	135.77000	 73.11263	135.77000
 74.40000	135.77000	 73.25505	135.77000
 74.60000	135.90000	 73.48093	135.90000
 74.80000	136.10000	 73.75128	136.10000
 75.00000	136.33000	 74.03906	136.33000
 75.20000	136.55000	 74.31756	136.55000
 75.40000	136.72000	 74.56066	136.72000
 75.60000	136.88000	 74.79040	136.88000
 75.80000	137.01000	 74.99365	137.01000
 76.00000	137.10000	 75.16371	137.10000
 76.20000	137.14000	 75.29430	137.14000
 76.40000	137.16000	 75.40334	137.16000
 76.60000	137.18000	 75.50304	137.18000
 76.80000	137.22000	 75.60562	137.22000
 77.00000	137.28000	 75.71139	137.28000
 77.20000	137.35000	 75.81467	137.35000
 77.40000	137.43000	 75.91568	137.43000
 77.60000	137.52000	 76.01465	137.52000
 77.80000	137.63000	 76.11773	137.63000
 78.00000	137.75000	 76.21915	137.75000
 78.20000	137.91000	 76.33683	137.91000
 78.40000	138.09000	 76.45892	138.09000
 78.60000	138.32000	 76.60312	138.32000
 78.80000	138.59000	 76.76326	138.59000
 79.00000	138.93000	 76.95675	138.93000
 79.20000	139.40000	 77.21853	139.40000
 79.40000	139.89000	 77.48217	139.89000
 79.60000	140.38000	 77.73481	140.38000
 79.80000	140.80000	 77.93420	140.80000
 80.00000	141.11000	 78.05655	141.11000
 80.20000	141.35000	 78.12629	141.35000
 80.40000	141.54000	 78.15641	141.54000
 80.60000	141.63000	 78.11864	141.63000
 80.80000	141.64000	 78.02668	141.64000
 81.00000	141.63000	 77.91818	141.63000
 81.20000	141.63000	 77.81287	141.63000
 81.40000	141.74000	 77.77163	141.74000
 81.60000	141.96000	 77.79517	141.96000
 81.80000	142.20000	 77.83008	142.20000
 82.00000	142.44000	 77.86437	142.44000
 82.20000	142.64000	 77.87418	142.64000
 82.40000	142.77000	 77.84188	142.77000
 82.60000	142.85000	 77.77986	142.85000
 82.80000	142.86000	 77.67703	142.86000
 83.00000	142.76000	 77.51069	142.76000
 83.20000	142.51000	 77.25866	142.51000
 83.40000	142.21000	 76.98232	142.21000
 83.60000	141.89000	 76.70149	141.89000
 83.80000	141.55000	 76.41790	141.55000
 84.00000	141.21000	 76.14490	141.21000
 84.20000	140.95000	 75.93104	140.95000
 84.40000	140.80000	 75.79446	140.80000
 84.60000	140.85000	 75.78802	140.85000
 84.80000	141.19000	 75.96336	141.19000
 85.00000	141.70000	 76.24606	141.70000
 85.20000	142.37000	 76.62635	142.37000
 85.40000	143.23000	 77.11781	143.23000
 85.60000	144.25000	 77.69802	144.25000
 85.80000	145.33000	 78.30289	145.33000
 86.00000	146.40000	 78.88665	146.40000
 86.20000	147.36000	 79.38665	147.36000
 86.40000	148.16000	 79.77127	148.16000
 86.60000	148.83000	 80.05779	148.83000
 86.80000	149.33000	 80.22309	149.33000
 87.00000	149.54000	 80.19775	149.54000
 87.20000	149.53000	 80.02665	149.53000
 87.40000	149.39000	 79.76744	149.39000
 87.60000	149.19000	 79.46616	149.19000
 87.80000	149.07000	 79.21003	149.07000
 88.00000	148.96000	 78.96067	148.96000
 88.20000	148.82000	 78.69693	148.82000
 88.40000	148.63000	 78.40925	148.63000
 88.60000	148.25000	 78.01678	148.25000
 88.80000	147.82000	 77.60539	147.82000
 89.00000	147.41000	 77.21915	147.41000
 89.20000	147.08000	 76.89555	147.08000
 89.40000	147.03000	 76.75413	147.03000
 89.60000	147.10000	 76.69901	147.10000
 89.80000	147.24000	 76.69881	147.24000
 90.00000	147.46000	 76.75743	147.46000
 90.20000	147.74000	 76.86071	147.74000
 90.40000	148.02000	 76.97069	148.02000
 90.60000	148.26000	 77.06156	148.26000
 90.80000	148.35000	 77.06653	148.35000
 91.00000	148.23000	 76.94956	148.23000
 91.20000	148.03000	 76.78853	148.03000
 91.40000	147.80000	 76.61420	147.80000
 91.60000	147.60000	 76.46321	147.60000
 91.80000	147.45000	 76.34810	147.45000
 92.00000	147.29000	 76.23347	147.29000
 92.20000	147.14000	 76.13134	147.14000
 92.40000	147.01000	 76.04764	147.01000
 92.60000	146.87000	 75.96437	146.87000
 92.80000	146.68000	 75.85766	146.68000
 93.00000	146.43000	 75.72166	146.43000
 93.20000	145.99000	 75.47964	145.99000
 93.40000	145.51000	 75.22188	145.51000
 93.60000	145.00000	 74.95559	145.00000
 93.80000	144.53000	 74.72342	144.53000
 94.00000	144.12000	 74.53786	144.12000
 94.20000	143.75000	 74.38708	143.75000
 94.40000	143.44000	 74.28263	143.44000
 94.60000	143.19000	 74.22375	143.19000
 94.80000	143.02000	 74.22122	143.02000
 95.00000	142.94000	 74.27948	142.94000
 95.20000	142.99000	 74.42036	142.99000
 95.40000	143.21000	 74.66517	143.21000
 95.60000	143.49000	 74.94564	143.49000
 95.80000	143.81000	 75.24697	143.81000
 96.00000	144.12000	 75.53684	144.12000
 96.20000	144.39000	 75.79533	144.39000
 96.40000	144.62000	 76.02096	144.62000
 96.60000	144.75000	 76.17726	144.75000
 96.80000	144.71000	 76.22267	144.71000
 97.00000	144.60000	 76.21754	144.60000
 97.20000	144.44000	 76.17514	144.44000
 97.40000	144.28000	 76.12668	144.28000
 97.60000	144.11000	 76.06762	144.11000
 97.80000	143.95000	 76.01109	143.95000
 98.00000	143.81000	 75.96409	143.81000
 98.20000	143.74000	 75.95705	143.74000
 98.40000	143.68000	 75.95468	143.68000
 98.60000	143.63000	 75.95716	143.63000
 98.80000	143.55000	 75.94089	143.55000
 99.00000	143.44000	 75.90615	143.44000
 99.20000	143.36000	 75.88892	143.36000
 99.40000	143.32000	 75.89533	143.32000
 99.60000	143.35000	 75.94307	143.35000
 99.80000	143.46000	 76.03758	143.46000
100.00000	143.66000	 76.18393	143.66000
100.20000	143.98000	 76.39864	143.98000
100.40000	144.44000	 76.69185	144.44000
100.60000	144.99000	 77.03167	144.99000
100.80000	145.60000	 77.39799	145.60000
101.00000	146.28000	 77.79450	146.28000
101.20000	147.00000	 78.20126	147.00000
101.40000	147.71000	 78.58672	147.71000
101.60000	148.41000	 78.94949	148.41000
101.80000	149.06000	 79.26496	149.06000
102.00000	149.64000	 79.52099	149.64000
102.20000	150.11000	 79.69423	150.11000
102.40000	150.35000	 79.71472	150.35000
102.60000	150.48000	 79.65610	150.48000
102.80000	150.55000	 79.55096	150.55000
103.00000	150.65000	 79.45559	150.65000
103.20000	150.80000	 79.38424	150.80000
103.40000	150.90000	 79.27939	150.90000
103.60000	150.93000	 79.13103	150.93000
103.80000	150.72000	 78.84035	150.72000
104.00000	150.42000	 78.49937	150.42000
104.20000	150.13000	 78.17048	150.13000
104.40000	149.91000	 77.89172	149.91000
104.60000	149.84000	 77.71210	149.84000
104.80000	149.88000	 77.60824	149.88000
105.00000	150.03000	 77.57966	150.03000
105.20000	150.43000	 77.70817	150.43000
105.40000	150.94000	 77.90822	150.94000
105.60000	151.47000	 78.12357	151.47000
105.80000	151.91000	 78.28642	151.91000
106.00000	152.16000	 78.33584	152.16000
106.20000	152.30000	 78.31900	152.30000
106.40000	152.33000	 78.23634	152.33000
106.60000	152.17000	 78.04147	152.17000
106.80000	151.90000	 77.78379	151.90000
107.00000	151.55000	 77.48340	151.55000
107.20000	151.19000	 77.18415	151.19000
107.40000	150.87000	 76.91763	150.87000
107.60000	150.53000	 76.64961	150.53000
107.80000	150.17000	 76.38119	150.17000
108.00000	149.80000	 76.11922	149.80000
108.20000	149.39000	 75.84664	149.39000
108.40000	148.92000	 75.55225	148.92000
108.60000	148.33000	 75.20128	148.33000
108.80000	147.52000	 74.73564	147.52000
109.00000	146.62000	 74.23454	146.62000
109.20000	145.67000	 73.72383	145.67000
109.40000	144.65000	 73.19352	144.65000
109.60000	143.63000	 72.68687	143.63000
109.80000	142.72000	 72.27028	142.72000
110.00000	142.01000	 71.99722	142.01000
110.20000	141.91000	 72.10937	141.91000
110.40000	142.00000	 72.35270	142.00000
110.60000	142.18000	 72.66237	142.18000
110.80000	142.22000	 72.89665	142.22000
111.00000	142.09000	 73.03399	142.09000
111.20000	141.96000	 73.17296	141.96000
111.40000	141.90000	 73.35318	141.90000
111.60000	142.07000	 73.66750	142.07000
111.80000	142.29000	 74.00620	142.29000
112.00000	142.50000	 74.33093	142.50000
112.20000	142.59000	 74.57428	142.59000
112.40000	142.56000	 74.73524	142.56000
112.60000	142.49000	 74.86120	142.49000
112.80000	142.39000	 74.95844	142.39000
113.00000	142.32000	 75.06310	142.32000
113.20000	142.24000	 75.15191	142.24000
113.40000	142.16000	 75.23132	142.16000
113.60000	142.08000	 75.30189	142.08000
113.80000	142.00000	 75.36418	142.00000
114.00000	141.93000	 75.42467	141.93000
114.20000	141.86000	 75.47796	141.86000
114.40000	141.74000	 75.49488	141.74000
114.60000	141.69000	 75.54739	141.69000
114.80000	141.75000	 75.65951	141.75000
115.00000	142.07000	 75.91985	142.07000
115.20000	142.61000	 76.30296	142.61000
115.40000	143.27000	 76.74687	143.27000
115.60000	144.01000	 77.22502	144.01000
115.80000	144.77000	 77.69910	144.77000
116.00000	145.56000	 78.17281	145.56000
116.20000	146.35000	 78.62650	146.35000
116.40000	147.14000	 79.05881	147.14000
116.60000	147.89000	 79.44515	147.89000
116.80000	148.58000	 79.77338	148.58000
117.00000	149.15000	 80.00830	149.15000
117.20000	149.54000	 80.11561	149.54000
117.40000	149.84000	 80.15104	149.84000
117.60000	150.09000	 80.14104	150.09000
117.80000	150.36000	 80.12986	150.36000
118.00000	150.63000	 80.10801	150.63000
118.20000	150.82000	 80.03017	150.82000
118.40000	150.92000	 79.89275	150.92000
118.60000	150.78000	 79.60939	150.78000
118.80000	150.56000	 79.27857	150.56000
119.00000	150.31000	 78.93347	150.31000
119.20000	150.10000	 78.61868	150.10000
119.40000	149.97000	 78.36023	149.97000
119.60000	149.88000	 78.13577	149.88000
119.80000	149.86000	 77.96391	149.86000
120.00000	150.03000	 77.91591	150.03000
120.20000	150.23000	 77.89579	150.23000
120.40000	150.40000	 77.86675	150.40000
120.60000	150.39000	 77.73889	150.39000
120.80000	150.11000	 77.45901	150.11000
121.00000	149.77000	 77.15327	149.77000
121.20000	149.45000	 76.87072	149.45000
121.40000	149.39000	 76.75477	149.39000
121.60000	149.40000	 76.69207	149.40000
121.80000	149.41000	 76.63995	149.41000
122.00000	149.31000	 76.53212	149.31000
122.20000	148.99000	 76.30300	148.99000
122.40000	148.63000	 76.06018	148.63000
122.60000	148.26000	 75.82233	148.26000
122.80000	147.98000	 75.64939	147.98000
123.00000	147.76000	 75.52349	147.76000
123.20000	147.53000	 75.40257	147.53000
123.40000	147.24000	 75.25646	147.24000
123.60000	146.78000	 75.01973	146.78000
123.80000	146.33000	 74.79980	146.33000
124.00000	145.95000	 74.63269	145.95000
124.20000	145.71000	 74.55969	145.71000
124.40000	145.67000	 74.61527	145.67000
124.60000	145.79000	 74.77351	145.79000
124.80000	146.09000	 75.04335	146.09000
125.00000	146.76000	 75.53386	146.76000
125.20000	147.57000	 76.10349	147.57000
125.40000	148.45000	 76.70557	148.45000
125.60000	149.27000	 77.25837	149.27000
125.80000	149.93000	 77.69918	149.93000
126.00000	150.57000	 78.10926	150.57000
126.20000	151.18000	 78.48152	151.18000
126.40000	151.83000	 78.85692	151.83000
126.60000	152.48000	 79.21125	152.48000
126.80000	153.08000	 79.51470	153.08000
127.00000	153.62000	 79.76172	153.62000
127.20000	154.05000	 79.92359	154.05000
127.40000	154.39000	 80.01380	154.39000
127.60000	154.65000	 80.04038	154.65000
127.80000	154.76000	 79.96428	154.76000
128.00000	154.76000	 79.81230	154.76000
128.20000	154.68000	 79.60559	154.68000
128.40000	154.56000	 79.37125	154.56000
128.60000	154.42000	 79.12428	154.42000
128.80000	154.26000	 78.86744	154.26000
129.00000	154.09000	 78.60909	154.09000
129.20000	153.92000	 78.35721	153.92000
129.40000	153.77000	 78.12532	153.77000
129.60000	153.64000	 77.91460	153.64000
129.80000	153.56000	 77.74362	153.56000
130.00000	153.58000	 77.64227	153.58000
130.20000	153.69000	 77.60411	153.69000
130.40000	153.82000	 77.58660	153.82000
130.60000	153.95000	 77.57677	153.95000
130.80000	153.95000	 77.49653	153.95000
131.00000	153.91000	 77.39907	153.91000
131.20000	153.89000	 77.32000	153.89000
131.40000	153.91000	 77.27099	153.91000
131.60000	154.05000	 77.29904	154.05000
131.80000	154.21000	 77.34371	154.21000
132.00000	154.38000	 77.39792	154.38000
132.20000	154.50000	 77.42504	154.50000
132.40000	154.60000	 77.44224	154.60000
132.60000	154.66000	 77.43722	154.66000
132.80000	154.71000	 77.42764	154.71000
133.00000	154.74000	 77.40749	154.74000
133.20000	154.74000	 77.37087	154.74000
133.40000	154.70000	 77.31206	154.70000
133.60000	154.61000	 77.22551	154.61000
133.80000	154.44000	 77.09405	154.44000
134.00000	154.26000	 76.96010	154.26000
134.20000	154.11000	 76.84822	154.11000
134.40000	154.06000	 76.80036	154.06000
134.60000	154.10000	 76.81035	154.10000
134.80000	154.23000	 76.87740	154.23000
135.00000	154.46000	 77.00618	154.46000
135.20000	154.93000	 77.27804	154.93000
135.40000	155.47000	 77.58936	155.47000
135.60000	155.98000	 77.87808	155.98000
135.80000	156.36000	 78.08282	156.36000
136.00000	156.52000	 78.14929	156.52000
136.20000	156.59000	 78.15517	156.59000
136.40000	156.58000	 78.10752	156.58000
136.60000	156.51000	 78.01966	156.51000
136.80000	156.38000	 77.89327	156.38000
137.00000	156.23000	 77.75383	156.23000
137.20000	156.07000	 77.60892	156.07000
137.40000	156.00000	 77.51924	156.00000
137.60000	155.92000	 77.42617	155.92000
137.80000	155.81000	 77.31842	155.81000
138.00000	155.61000	 77.16105	155.61000
138.20000	155.27000	 76.92544	155.27000
138.40000	154.88000	 76.66659	154.88000
138.60000	154.47000	 76.40389	154.47000
138.80000	154.07000	 76.15648	154.07000
139.00000	153.71000	 75.94317	153.71000
139.20000	153.40000	 75.77037	153.40000
139.40000	153.18000	 75.66178	153.18000
139.60000	153.10000	 75.64639	153.10000
139.80000	153.17000	 75.72864	153.17000
140.00000	153.33000	 75.87072	153.33000
140.20000	153.55000	 76.05234	153.55000
140.40000	153.79000	 76.24731	153.79000
140.60000	154.07000	 76.46524	154.07000
140.80000	154.39000	 76.70401	154.39000
141.00000	154.78000	 76.97944	154.78000
141.20000	155.30000	 77.32506	155.30000
141.40000	155.85000	 77.67918	155.85000
141.60000	156.39000	 78.01599	156.39000
141.80000	156.87000	 78.30428	156.87000
142.00000	157.22000	 78.50170	157.22000
142.20000	157.51000	 78.64999	157.51000
142.40000	157.73000	 78.74389	157.73000
142.60000	157.88000	 78.78455	157.88000
142.80000	157.94000	 78.76161	157.94000
143.00000	158.00000	 78.73034	158.00000
143.20000	158.07000	 78.69838	158.07000
143.40000	158.25000	 78.72644	158.25000
143.60000	158.51000	 78.79737	158.51000
143.80000	158.79000	 78.87571	158.79000
144.00000	159.08000	 78.95554	159.08000
144.20000	159.28000	 78.97759	159.28000
144.40000	159.48000	 78.99580	159.48000
144.60000	159.74000	 79.04627	159.74000
144.80000	160.12000	 79.16472	160.12000
145.00000	160.73000	 79.41578	160.73000
145.20000	161.40000	 79.69689	161.40000
145.40000	162.09000	 79.98253	162.09000
145.60000	162.75000	 80.24150	162.75000
145.80000	163.34000	 80.44905	163.34000
146.00000	163.82000	 80.58113	163.82000
146.20000	164.14000	 80.60857	164.14000
146.40000	164.11000	 80.42017	164.11000
146.60000	163.87000	 80.10232	163.87000
146.80000	163.51000	 79.71252	163.51000
147.00000	163.08000	 79.28462	163.08000
147.20000	162.67000	 78.87591	162.67000
147.40000	162.24000	 78.46576	162.24000
147.60000	161.79000	 78.05680	161.79000
147.80000	161.38000	 77.68678	161.38000
148.00000	161.01000	 77.35711	161.01000
148.20000	160.64000	 77.04487	160.64000
148.40000	160.24000	 76.73274	160.24000
148.60000	159.74000	 76.37959	159.74000
148.80000	159.14000	 75.98612	159.14000
149.00000	158.53000	 75.60666	158.53000
149.20000	157.97000	 75.27743	157.97000
149.40000	157.55000	 75.05182	157.55000
149.60000	157.25000	 74.91694	157.25000
149.80000	157.04000	 74.85321	157.04000
150.00000	156.90000	 74.84653	156.90000
150.20000	156.83000	 74.89443	156.83000
150.40000	156.83000	 74.99426	156.83000
150.60000	156.91000	 75.14921	156.91000
150.80000	157.08000	 75.36231	157.08000
151.00000	157.40000	 75.66614	157.40000
151.20000	157.76000	 75.99204	157.76000
151.40000	158.11000	 76.30725	158.11000
151.60000	158.36000	 76.55591	158.36000
151.80000	158.49000	 76.72472	158.49000
152.00000	158.59000	 76.86661	158.59000
152.20000	158.66000	 76.98154	158.66000
152.40000	158.75000	 77.09935	158.75000
152.60000	158.85000	 77.21430	158.85000
152.80000	158.94000	 77.31470	158.94000
153.00000	159.01000	 77.39494	159.01000
153.20000	159.07000	 77.46142	159.07000
153.40000	159.12000	 77.51466	159.12000
153.60000	159.13000	 77.53749	159.13000
153.80000	159.11000	 77.53664	159.11000
154.00000	159.05000	 77.50711	159.05000
154.20000	158.94000	 77.44405	158.94000
154.40000	158.78000	 77.34869	158.78000
154.60000	158.54000	 77.20462	158.54000
154.80000	158.21000	 77.00756	158.21000
155.00000	157.87000	 76.80683	157.87000
155.20000	157.55000	 76.62188	157.55000
155.40000	157.32000	 76.49541	157.32000
155.60000	157.16000	 76.41602	157.16000
155.80000	157.07000	 76.38359	157.07000
156.00000	157.07000	 76.40943	157.07000
156.20000	157.14000	 76.48061	157.14000
156.40000	157.31000	 76.61356	157.31000
156.60000	157.60000	 76.81840	157.60000
156.80000	158.06000	 77.12256	158.06000
157.00000	158.77000	 77.57064	158.77000
157.20000	159.57000	 78.06396	159.57000
157.40000	160.42000	 78.57515	160.42000
157.60000	161.22000	 79.04168	161.22000
157.80000	161.95000	 79.44941	161.95000
158.00000	162.62000	 79.80297	162.62000
158.20000	163.22000	 80.09589	163.22000
158.40000	163.66000	 80.27499	163.66000
158.60000	164.00000	 80.37713	164.00000
158.80000	164.26000	 80.41605	164.26000
159.00000	164.46000	 80.40584	164.46000
159.20000	164.61000	 80.35482	164.61000
159.40000	164.69000	 80.25356	164.69000
159.60000	164.69000	 80.09869	164.69000
159.80000	164.57000	 79.86917	164.57000
160.00000	164.33000	 79.56804	164.33000
160.20000	164.05000	 79.24596	164.05000
160.40000	163.76000	 78.92368	163.76000
160.60000	163.58000	 78.67481	163.58000
160.80000	163.46000	 78.47106	163.46000
161.00000	163.32000	 78.26567	163.32000
161.20000	163.15000	 78.05327	163.15000
161.40000	162.90000	 77.80478	162.90000
161.60000	162.58000	 77.52691	162.58000
161.80000	162.17000	 77.20876	162.17000
162.00000	161.65000	 76.83967	161.65000
162.20000	160.91000	 76.35593	160.91000
162.40000	160.15000	 75.87847	160.15000
162.60000	159.43000	 75.44481	159.43000
162.80000	158.88000	 75.13316	158.88000
163.00000	158.50000	 74.94328	158.50000
163.20000	158.23000	 74.83813	158.23000
163.40000	158.06000	 74.80968	158.06000
163.60000	158.03000	 74.87912	158.03000
163.80000	158.05000	 74.98993	158.05000
164.00000	158.11000	 75.13313	158.11000
164.20000	158.15000	 75.27022	158.15000
164.40000	158.15000	 75.38696	158.15000
164.60000	158.11000	 75.48151	158.11000
164.80000	158.03000	 75.55256	158.03000
165.00000	157.85000	 75.56366	157.85000
165.20000	157.61000	 75.53840	157.61000
165.40000	157.35000	 75.50074	157.35000
165.60000	157.10000	 75.46879	157.10000
165.80000	156.89000	 75.46056	156.89000
166.00000	156.64000	 75.42857	156.64000
166.20000	156.34000	 75.36711	156.34000
166.40000	155.89000	 75.21733	155.89000
166.60000	155.36000	 75.02200	155.36000
166.80000	154.80000	 74.81229	154.80000
167.00000	154.25000	 74.61333	154.25000
167.20000	153.83000	 74.49735	153.83000
167.40000	153.45000	 74.41105	153.45000
167.60000	153.09000	 74.34236	153.09000
167.80000	152.73000	 74.27903	152.73000
168.00000	152.33000	 74.19696	152.33000
168.20000	151.99000	 74.15530	151.99000
168.40000	151.74000	 74.17131	151.74000
168.60000	151.69000	 74.30918	151.69000
168.80000	151.80000	 74.54312	151.80000
169.00000	152.04000	 74.85263	152.04000
169.20000	152.37000	 75.21095	152.37000
169.40000	152.80000	 75.62100	152.80000
169.60000	153.31000	 76.06782	153.31000
169.80000	153.89000	 76.54258	153.89000
170.00000	154.55000	 77.04845	154.55000
170.20000	155.27000	 77.57099	155.27000
170.40000	155.98000	 78.06636	155.98000
170.60000	156.66000	 78.52103	156.66000
170.80000	157.18000	 78.85697	157.18000
171.00000	157.59000	 79.10421	157.59000
171.20000	157.95000	 79.29955	157.95000
171.40000	158.26000	 79.44458	158.26000
171.60000	158.57000	 79.57080	158.57000
171.80000	158.86000	 79.66814	158.86000
172.00000	159.11000	 79.72652	159.11000
172.20000	159.31000	 79.74196	159.31000
172.40000	159.45000	 79.71058	159.45000
172.60000	159.58000	 79.66424	159.58000
172.80000	159.73000	 79.62275	159.73000
173.00000	159.95000	 79.61742	159.95000
173.20000	160.22000	 79.63743	160.22000
173.40000	160.50000	 79.65971	160.50000
173.60000	160.77000	 79.67292	160.77000
173.80000	160.94000	 79.62422	160.94000
174.00000	161.10000	 79.56804	161.10000
174.20000	161.27000	 79.51721	161.27000
174.40000	161.52000	 79.51399	161.52000
174.60000	161.86000	 79.56449	161.86000
174.80000	162.19000	 79.60902	162.19000
175.00000	162.48000	 79.62953	162.48000
175.20000	162.57000	 79.53117	162.57000
175.40000	162.59000	 79.39222	162.59000
175.60000	162.64000	 79.27336	162.64000
175.80000	162.81000	 79.22894	162.81000
176.00000	163.23000	 79.33611	163.23000
176.20000	163.70000	 79.47486	163.70000
176.40000	164.14000	 79.59622	164.14000
176.60000	164.47000	 79.65165	164.47000
176.80000	164.66000	 79.62308	164.66000
177.00000	164.75000	 79.53482	164.75000
177.20000	164.72000	 79.37612	164.72000
177.40000	164.46000	 79.08339	164.46000
177.60000	164.11000	 78.74233	164.11000
177.80000	163.72000	 78.38535	163.72000
178.00000	163.40000	 78.08012	163.40000
178.20000	163.32000	 77.92899	163.32000
178.40000	163.26000	 77.80128	163.26000
178.60000	163.17000	 77.66690	163.17000
178.80000	162.92000	 77.44845	162.92000
179.00000	162.43000	 77.09906	162.43000
179.20000	161.88000	 76.72720	161.88000
179.40000	161.28000	 76.34050	161.28000
179.60000	160.75000	 76.01164	160.75000
179.80000	160.27000	 75.72948	160.27000
180.00000	159.77000	 75.45264	159.77000
180.20000	159.23000	 75.16930	159.23000
180.40000	158.56000	 74.82616	158.56000
180.60000	157.86000	 74.48314	157.86000
180.80000	157.17000	 74.16447	157.17000
181.00000	156.57000	 73.91775	156.57000
181.20000	156.07000	 73.74831	156.07000
181.40000	155.60000	 73.61336	155.60000
181.60000	155.17000	 73.51737	155.17000
181.80000	154.74000	 73.43501	154.74000
182.00000	154.33000	 73.37660	154.33000
182.20000	153.92000	 73.32877	153.92000
182.40000	153.53000	 73.30196	153.53000
182.60000	153.15000	 73.28883	153.15000
182.80000	152.76000	 73.27620	152.76000
183.00000	152.35000	 73.25701	152.35000
183.20000	151.80000	 73.15922	151.80000
183.40000	151.23000	 73.05401	151.23000
183.60000	150.72000	 72.98889	150.72000
183.80000	150.33000	 72.99911	150.33000
184.00000	150.21000	 73.17255	150.21000
184.20000	150.21000	 73.41781	150.21000
184.40000	150.29000	 73.70833	150.29000
184.60000	150.38000	 73.99979	150.38000
184.80000	150.49000	 74.29575	150.49000
185.00000	150.67000	 74.62379	150.67000
185.20000	150.95000	 74.99967	150.95000
185.40000	151.44000	 75.48644	151.44000
185.60000	152.02000	 76.01002	152.02000
185.80000	152.63000	 76.53204	152.63000
186.00000	153.20000	 77.00867	153.20000
186.20000	153.64000	 77.38507	153.64000
186.40000	154.03000	 77.70844	154.03000
186.60000	154.39000	 77.99101	154.39000
186.80000	154.76000	 78.25723	154.76000
187.00000	155.11000	 78.49012	155.11000
187.20000	155.41000	 78.67294	155.41000
187.40000	155.62000	 78.78337	155.62000
187.60000	155.65000	 78.76998	155.65000
187.80000	155.58000	 78.68306	155.58000
188.00000	155.45000	 78.54949	155.45000
188.20000	155.27000	 78.37835	155.27000
188.40000	155.06000	 78.18452	155.06000
188.60000	154.84000	 77.98264	154.84000
188.80000	154.63000	 77.78700	154.63000
189.00000	154.45000	 77.61143	154.45000
189.20000	154.32000	 77.46926	154.32000
189.40000	154.23000	 77.35546	154.23000
189.60000	154.20000	 77.28235	154.20000
189.80000	154.24000	 77.25583	154.24000
190.00000	154.35000	 77.27544	154.35000
190.20000	154.54000	 77.34621	154.54000
190.40000	154.79000	 77.45504	154.79000
190.60000	155.20000	 77.65979	155.20000
190.80000	155.66000	 77.89307	155.66000
191.00000	156.11000	 78.11721	156.11000
191.20000	156.49000	 78.29494	156.49000
191.40000	156.66000	 78.34234	156.66000
191.60000	156.75000	 78.33698	156.75000
191.80000	156.77000	 78.28574	156.77000
192.00000	156.77000	 78.21955	156.77000
192.20000	156.75000	 78.13961	156.75000
192.40000	156.68000	 78.02933	156.68000
192.60000	156.55000	 77.88405	156.55000
192.80000	156.32000	 77.68150	156.32000
193.00000	156.02000	 77.44124	156.02000
193.20000	155.72000	 77.20664	155.72000
193.40000	155.43000	 76.98512	155.43000
193.60000	155.27000	 76.84897	155.27000
193.80000	155.17000	 76.75679	155.17000
194.00000	155.12000	 76.70226	155.12000
194.20000	155.11000	 76.67878	155.11000
194.40000	155.15000	 76.69136	155.15000
194.60000	155.22000	 76.72702	155.22000
194.80000	155.31000	 76.77865	155.31000
195.00000	155.41000	 76.83916	155.41000
195.20000	155.50000	 76.89561	155.50000
195.40000	155.60000	 76.95901	155.60000
195.60000	155.71000	 77.02856	155.71000
195.80000	155.81000	 77.09166	155.81000
196.00000	155.91000	 77.15370	155.91000
196.20000	156.05000	 77.23793	156.05000
196.40000	156.25000	 77.35561	156.25000
196.60000	156.61000	 77.56518	156.61000
196.80000	157.04000	 77.81168	157.04000
197.00000	157.49000	 78.06373	157.49000
197.20000	157.91000	 78.29019	157.91000
197.40000	158.25000	 78.46041	158.25000
197.60000	158.54000	 78.59192	158.54000
197.80000	158.76000	 78.67301	158.76000
198.00000	158.90000	 78.69842	158.90000
198.20000	158.93000	 78.65147	158.93000
198.40000	158.93000	 78.58125	158.93000
198.60000	158.90000	 78.48942	158.90000
198.80000	158.93000	 78.43093	158.93000
199.00000	159.00000	 78.39494	159.00000
199.20000	159.04000	 78.34060	159.04000
199.40000	159.03000	 78.25675	159.03000
199.60000	158.82000	 78.05538	158.82000
199.80000	158.54000	 77.81548	158.54000
200.00000	158.27000	 77.58649	158.27000
200.20000	158.08000	 77.41148	158.08000
200.40000	158.22000	 77.43944	158.22000
200.60000	158.41000	 77.50300	158.41000
200.80000	158.59000	 77.56506	158.59000
201.00000	158.64000	 77.55322	158.64000
201.20000	158.48000	 77.41972	158.48000
201.40000	158.24000	 77.24254	158.24000
201.60000	157.95000	 77.04069	157.95000
201.80000	157.67000	 76.85100	157.67000
202.00000	157.39000	 76.66848	157.39000
202.20000	157.08000	 76.47604	157.08000
202.40000	156.75000	 76.28030	156.75000
202.60000	156.33000	 76.04037	156.33000
202.80000	155.89000	 75.79868	155.89000
203.00000	155.43000	 75.55601	155.43000
203.20000	154.98000	 75.33084	154.98000
203.40000	154.57000	 75.14131	154.57000
203.60000	154.17000	 74.96959	154.17000
203.80000	153.79000	 74.82136	153.79000
204.00000	153.40000	 74.67841	153.40000
204.20000	152.98000	 74.52843	152.98000
204.40000	152.60000	 74.41260	152.60000
204.60000	152.29000	 74.34811	152.29000
204.80000	152.11000	 74.36947	152.11000
205.00000	152.08000	 74.48681	152.08000
205.20000	152.13000	 74.65619	152.13000
205.40000	152.25000	 74.86910	152.25000
205.60000	152.44000	 75.12296	152.44000
205.80000	152.67000	 75.39737	152.67000
206.00000	152.93000	 75.68401	152.93000
206.20000	153.19000	 75.96297	153.19000
206.40000	153.43000	 76.22069	153.43000
206.60000	153.66000	 76.46187	153.66000
206.80000	153.89000	 76.69161	153.89000
207.00000	154.16000	 76.93302	154.16000
207.20000	154.45000	 77.17366	154.45000
207.40000	154.71000	 77.38339	154.71000
207.60000	154.89000	 77.53250	154.89000
207.80000	154.85000	 77.53854	154.85000
208.00000	154.67000	 77.45083	154.67000
208.20000	154.47000	 77.34307	154.47000
208.40000	154.29000	 77.24134	154.29000
208.60000	154.32000	 77.26019	154.32000
208.80000	154.43000	 77.32299	154.43000
209.00000	154.63000	 77.43560	154.63000
209.20000	154.90000	 77.58560	154.90000
209.40000	155.22000	 77.76029	155.22000
209.60000	155.61000	 77.97059	155.61000
209.80000	156.10000	 78.23315	156.10000
210.00000	156.72000	 78.56427	156.72000
210.20000	157.55000	 79.00945	157.55000
210.40000	158.41000	 79.45925	158.41000
210.60000	159.22000	 79.86390	159.22000
210.80000	159.83000	 80.13297	159.83000
211.00000	160.25000	 80.27249	160.25000
211.20000	160.55000	 80.32537	160.55000
211.40000	160.75000	 80.30551	160.75000
211.60000	160.87000	 80.22725	160.87000
211.80000	160.92000	 80.09920	160.92000
212.00000	160.91000	 79.93004	160.91000
212.20000	160.86000	 79.73438	160.86000
212.40000	160.82000	 79.54443	160.82000
212.60000	160.74000	 79.33267	160.74000
212.80000	160.61000	 79.09515	160.61000
213.00000	160.41000	 78.82196	160.41000
213.20000	160.12000	 78.50321	160.12000
213.40000	159.80000	 78.17659	159.80000
213.60000	159.46000	 77.84986	159.46000
213.80000	159.14000	 77.54828	159.14000
214.00000	158.87000	 77.29068	158.87000
214.20000	158.59000	 77.04188	158.59000
214.40000	158.31000	 76.80807	158.31000
214.60000	157.98000	 76.55965	157.98000
214.80000	157.61000	 76.30271	157.61000
215.00000	157.23000	 76.05523	157.23000
215.20000	156.87000	 75.83506	156.87000
215.40000	156.59000	 75.67755	156.59000
215.60000	156.36000	 75.56405	156.36000
215.80000	156.10000	 75.44599	156.10000
216.00000	155.79000	 75.31054	155.79000
216.20000	155.21000	 75.02665	155.21000
216.40000	154.59000	 74.73161	154.59000
216.60000	154.04000	 74.49150	154.04000
216.80000	153.68000	 74.37764	153.68000
217.00000	153.62000	 74.45412	153.62000
217.20000	153.69000	 74.61730	153.69000
217.40000	153.83000	 74.82833	153.83000
217.60000	153.93000	 75.01874	153.93000
217.80000	154.06000	 75.22751	154.06000
218.00000	154.24000	 75.46416	154.24000
218.20000	154.49000	 75.73834	154.49000
218.40000	154.86000	 76.07743	154.86000
218.60000	155.23000	 76.40776	155.23000
218.80000	155.56000	 76.70359	155.56000
219.00000	155.66000	 76.85092	155.66000
219.20000	155.62000	 76.90345	155.62000
219.40000	155.57000	 76.93951	155.57000
219.60000	155.58000	 77.00183	155.58000
219.80000	155.81000	 77.18606	155.81000
220.00000	156.12000	 77.40864	156.12000
220.20000	156.48000	 77.65097	156.48000
220.40000	156.87000	 77.90030	156.87000
220.60000	157.27000	 78.14396	157.27000
220.80000	157.67000	 78.37543	157.67000
221.00000	158.05000	 78.58248	158.05000
221.20000	158.37000	 78.74132	158.37000
221.40000	158.63000	 78.85240	158.63000
221.60000	158.85000	 78.92845	158.85000
221.80000	159.03000	 78.97054	159.03000
222.00000	159.17000	 78.97996	159.17000
222.20000	159.27000	 78.95811	159.27000
222.40000	159.33000	 78.90648	159.33000
222.60000	159.37000	 78.83850	159.37000
222.80000	159.40000	 78.76159	159.40000
223.00000	159.39000	 78.65931	159.39000
223.20000	159.32000	 78.52118	159.32000
223.40000	159.17000	 78.33689	159.17000
223.60000	158.91000	 78.09039	158.91000
223.80000	158.60000	 77.81934	158.60000
224.00000	158.21000	 77.50794	158.21000
224.20000	157.75000	 77.16421	157.75000
224.40000	157.24000	 76.80205	157.24000
224.60000	156.70000	 76.43524	156.70000
224.80000	156.14000	 76.07133	156.14000
225.00000	155.55000	 75.70573	155.55000
225.20000	155.00000	 75.38107	155.00000
225.40000	154.50000	 75.10379	154.50000
225.60000	154.09000	 74.89754	154.09000
225.80000	153.89000	 74.83269	153.89000
226.00000	153.80000	 74.84788	153.80000
226.20000	153.81000	 74.93461	153.81000
226.40000	153.89000	 75.07220	153.89000
226.60000	154.01000	 75.23992	154.01000
226.80000	154.22000	 75.46462	154.22000
227.00000	154.54000	 75.75523	154.54000
227.20000	155.02000	 76.13828	155.02000
227.40000	155.67000	 76.61614	155.67000
227.60000	156.41000	 77.13746	156.41000
227.80000	157.19000	 77.66887	157.19000
228.00000	157.98000	 78.18937	157.98000
228.20000	158.74000	 78.67264	158.74000
228.40000	159.45000	 79.10505	159.45000
228.60000	160.08000	 79.46784	160.08000
228.80000	160.52000	 79.69568	160.52000
229.00000	160.86000	 79.84324	160.86000
229.20000	161.14000	 79.93611	161.14000
229.40000	161.38000	 79.98833	161.38000
229.60000	161.61000	 80.01995	161.61000
229.80000	161.80000	 80.01529	161.80000
230.00000	161.96000	 79.98244	161.96000
230.20000	162.05000	 79.89980	162.05000
230.40000	162.10000	 79.78744	162.10000
230.60000	162.13000	 79.65944	162.13000
230.80000	162.14000	 79.51784	162.14000
231.00000	162.21000	 79.41191	162.21000
231.20000	162.30000	 79.31916	162.30000
231.40000	162.36000	 79.21080	162.36000
231.60000	162.38000	 79.08181	162.38000
231.80000	162.28000	 78.88572	162.28000
232.00000	162.11000	 78.65364	162.11000
232.20000	161.90000	 78.40494	161.90000
232.40000	161.65000	 78.14113	161.65000
232.60000	161.32000	 77.83988	161.32000
232.80000	161.02000	 77.56796	161.02000
233.00000	160.76000	 77.33229	160.76000
233.20000	160.70000	 77.22818	160.70000
233.40000	160.91000	 77.29619	160.91000
233.60000	161.14000	 77.38561	161.14000
233.80000	161.30000	 77.44071	161.30000
234.00000	161.17000	 77.32944	161.17000
234.20000	160.72000	 77.03428	160.72000
234.40000	160.16000	 76.68179	160.16000
234.60000	159.53000	 76.29797	159.53000
234.80000	158.93000	 75.94433	158.93000
235.00000	158.34000	 75.61060	158.34000
235.20000	157.77000	 75.30380	157.77000
235.40000	157.21000	 75.01865	157.21000
235.60000	156.76000	 74.81474	156.76000
235.80000	156.29000	 74.61443	156.29000
236.00000	155.77000	 74.39942	155.77000
236.20000	155.10000	 74.11009	155.10000
236.40000	154.29000	 73.75284	154.29000
236.60000	153.41000	 73.37020	153.41000
236.80000	152.47000	 72.96923	152.47000
237.00000	151.55000	 72.59846	151.55000
237.20000	150.59000	 72.22292	150.59000
237.40000	149.58000	 71.83723	149.58000
237.60000	148.49000	 71.42413	148.49000
237.80000	147.29000	 70.96653	147.29000
238.00000	146.02000	 70.48917	146.02000
238.20000	144.69000	 69.99899	144.69000
238.40000	143.24000	 69.46139	143.24000
238.60000	141.64000	 68.85984	141.64000
238.80000	140.13000	 68.33830	140.13000
239.00000	138.82000	 67.96255	138.82000
239.20000	138.00000	 67.90353	138.00000
239.40000	137.70000	 68.17499	137.70000
239.60000	137.69000	 68.63388	137.69000
239.80000	137.92000	 69.24300	137.92000
240.00000	138.28000	 69.92930	138.28000
240.20000	138.79000	 70.69724	138.79000
240.40000	139.45000	 71.53980	139.45000
240.60000	140.25000	 72.44441	140.25000
240.80000	141.27000	 73.45231	141.27000
241.00000	142.37000	 74.47428	142.37000
241.20000	143.50000	 75.47535	143.50000
241.40000	144.60000	 76.41571	144.60000
241.60000	145.60000	 77.25093	145.60000
241.80000	146.50000	 77.97966	146.50000
242.00000	147.27000	 78.58409	147.27000
242.20000	147.78000	 78.98841	147.78000
242.40000	148.09000	 79.23130	148.09000
242.60000	148.28000	 79.36448	148.28000
242.80000	148.39000	 79.41639	148.39000
243.00000	148.47000	 79.42152	148.47000
243.20000	148.53000	 79.39037	148.53000
243.40000	148.61000	 79.35090	148.61000
243.60000	148.73000	 79.31863	148.73000
243.80000	149.04000	 79.38554	149.04000
244.00000	149.36000	 79.44651	149.36000
244.20000	149.67000	 79.49108	149.67000
244.40000	149.89000	 79.47319	149.89000
244.60000	149.92000	 79.33534	149.92000
244.80000	149.91000	 79.16915	149.91000
245.00000	149.87000	 78.98313	149.87000
245.20000	149.82000	 78.79148	149.82000
245.40000	149.78000	 78.60810	149.78000
245.60000	149.82000	 78.47614	149.82000
245.80000	149.97000	 78.41422	149.97000
246.00000	150.45000	 78.55281	150.45000
246.20000	151.13000	 78.81285	151.13000
246.40000	151.85000	 79.09658	151.85000
246.60000	152.54000	 79.35984	152.54000
246.80000	152.99000	 79.47610	152.99000
247.00000	153.32000	 79.51625	153.32000
247.20000	153.52000	 79.47491	153.52000
247.40000	153.55000	 79.32966	153.55000
247.60000	153.38000	 79.06484	153.38000
247.80000	153.09000	 78.73085	153.09000
248.00000	152.73000	 78.36054	152.73000
248.20000	152.34000	 77.98067	152.34000
248.40000	151.96000	 77.61761	151.96000
248.60000	151.56000	 77.25562	151.56000
248.80000	151.16000	 76.90827	151.16000
249.00000	150.74000	 76.56498	150.74000
249.20000	150.34000	 76.25048	150.34000
249.40000	149.96000	 75.96531	149.96000
249.60000	149.62000	 75.72149	149.62000
249.80000	149.39000	 75.56020	149.39000
250.00000	149.25000	 75.46850	149.25000
250.20000	149.12000	 75.39731	149.12000
250.40000	148.95000	 75.31539	148.95000
250.60000	148.62000	 75.15035	148.62000
250.80000	148.19000	 74.93751	148.19000
251.00000	147.72000	 74.71272	147.72000
251.20000	147.23000	 74.48815	147.23000
251.40000	146.78000	 74.29963	146.78000
251.60000	146.34000	 74.12922	146.34000
251.80000	145.90000	 73.97067	145.90000
252.00000	145.44000	 73.81172	145.44000
252.20000	144.92000	 73.62831	144.92000
252.40000	144.37000	 73.43815	144.37000
252.60000	143.83000	 73.26496	143.83000
252.80000	143.30000	 73.10857	143.30000
253.00000	142.82000	 72.99235	142.82000
253.20000	142.39000	 72.91562	142.39000
253.40000	142.00000	 72.87146	142.00000
253.60000	141.65000	 72.85870	141.65000
253.80000	141.31000	 72.85826	141.31000
254.00000	141.02000	 72.89263	141.02000
254.20000	140.80000	 72.97227	140.80000
254.40000	140.67000	 73.10741	140.67000
254.60000	140.75000	 73.36729	140.75000
254.80000	140.96000	 73.70160	140.96000
255.00000	141.25000	 74.07755	141.25000
255.20000	141.57000	 74.46244	141.57000
255.40000	141.87000	 74.82398	141.87000
255.60000	142.16000	 75.16608	142.16000
255.80000	142.41000	 75.46951	142.41000
256.00000	142.60000	 75.72157	142.60000
256.20000	142.67000	 75.88651	142.67000
256.40000	142.65000	 75.98286	142.65000
256.60000	142.59000	 76.04159	142.59000
256.80000	142.49000	 76.06421	142.49000
257.00000	142.37000	 76.06420	142.37000
257.20000	142.24000	 76.04913	142.24000
257.40000	142.12000	 76.03237	142.12000
257.60000	142.03000	 76.02709	142.03000
257.80000	142.05000	 76.08171	142.05000
258.00000	142.12000	 76.16091	142.12000
258.20000	142.21000	 76.24687	142.21000
258.40000	142.29000	 76.32171	142.29000
258.60000	142.29000	 76.34399	142.29000
258.80000	142.26000	 76.34390	142.26000
259.00000	142.23000	 76.33994	142.23000
259.20000	142.22000	 76.34459	142.22000
259.40000	142.31000	 76.40575	142.31000
259.60000	142.42000	 76.47580	142.42000
259.80000	142.54000	 76.54858	142.54000
260.00000	142.64000	 76.60608	142.64000
260.20000	142.65000	 76.60677	142.65000
260.40000	142.65000	 76.59862	142.65000
260.60000	142.64000	 76.58219	142.64000
260.80000	142.65000	 76.57580	142.65000
261.00000	142.73000	 76.60946	142.73000
261.20000	142.82000	 76.64751	142.82000
261.40000	142.92000	 76.68983	142.92000
261.60000	143.02000	 76.73035	143.02000
261.80000	143.10000	 76.75711	143.10000
262.00000	143.18000	 76.78203	143.18000
262.20000	143.27000	 76.81110	143.27000
262.40000	143.36000	 76.83842	143.36000
262.60000	143.45000	 76.86401	143.45000
262.80000	143.56000	 76.89978	143.56000
263.00000	143.70000	 76.95160	143.70000
263.20000	143.87000	 77.01926	143.87000
263.40000	144.13000	 77.13800	144.13000
263.60000	144.42000	 77.27146	144.42000
263.80000	144.71000	 77.40106	144.71000
264.00000	145.00000	 77.52616	145.00000
264.20000	145.26000	 77.62849	145.26000
264.40000	145.50000	 77.71380	145.50000
264.60000	145.68000	 77.75840	145.68000
264.80000	145.80000	 77.76274	145.80000
265.00000	145.81000	 77.69793	145.81000
265.20000	145.76000	 77.59497	145.76000
265.40000	145.67000	 77.46723	145.67000
265.60000	145.54000	 77.31624	145.54000
265.80000	145.36000	 77.13758	145.36000
266.00000	145.18000	 76.96244	145.18000
266.20000	145.02000	 76.80394	145.02000
266.40000	144.92000	 76.68670	144.92000
266.60000	144.91000	 76.62884	144.91000
266.80000	144.96000	 76.61225	144.96000
267.00000	145.06000	 76.63033	145.06000
267.20000	145.24000	 76.69992	145.24000
267.40000	145.51000	 76.82567	145.51000
267.60000	145.80000	 76.96441	145.80000
267.80000	146.07000	 77.09090	146.07000
268.00000	146.27000	 77.17434	146.27000
268.20000	146.34000	 77.17861	146.34000
268.40000	146.36000	 77.15147	146.36000
268.60000	146.34000	 77.09943	146.34000
268.80000	146.32000	 77.04697	146.32000
269.00000	146.28000	 76.98287	146.28000
269.20000	146.22000	 76.90776	146.22000
269.40000	146.13000	 76.81638	146.13000
269.60000	146.00000	 76.70353	146.00000
269.80000	145.82000	 76.56407	145.82000
270.00000	145.60000	 76.40489	145.60000
270.20000	145.37000	 76.24476	145.37000
270.40000	145.11000	 76.07265	145.11000
270.60000	144.82000	 75.88940	144.82000
270.80000	144.54000	 75.71951	144.54000
271.00000	144.30000	 75.58128	144.30000
271.20000	144.15000	 75.50447	144.15000
271.40000	144.12000	 75.50636	144.12000
271.60000	144.15000	 75.55013	144.15000
271.80000	144.24000	 75.63433	144.24000
272.00000	144.38000	 75.75138	144.38000
272.20000	144.56000	 75.89365	144.56000
272.40000	144.76000	 76.04759	144.76000
272.60000	144.95000	 76.19385	144.95000
272.80000	145.06000	 76.28973	145.06000
273.00000	145.07000	 76.32284	145.07000
273.20000	145.06000	 76.34081	145.06000
273.40000	145.05000	 76.35579	145.05000
273.60000	145.06000	 76.37995	145.06000
273.80000	145.10000	 76.41938	145.10000
274.00000	145.19000	 76.48592	145.19000
274.20000	145.34000	 76.58522	145.34000
274.40000	145.66000	 76.78193	145.66000
274.60000	146.12000	 77.05684	146.12000
274.80000	146.60000	 77.33682	146.60000
275.00000	147.05000	 77.59050	147.05000
275.20000	147.35000	 77.74558	147.35000
275.40000	147.47000	 77.78427	147.47000
275.60000	147.48000	 77.74926	147.48000
275.80000	147.39000	 77.64821	147.39000
276.00000	147.11000	 77.42988	147.11000
276.20000	146.70000	 77.13282	146.70000
276.40000	146.27000	 76.82553	146.27000
276.60000	145.86000	 76.53457	145.86000
276.80000	145.61000	 76.34521	145.61000
277.00000	145.47000	 76.22867	145.47000
277.20000	145.41000	 76.16715	145.41000
277.40000	145.46000	 76.17789	145.46000
277.60000	145.71000	 76.31305	145.71000
277.80000	145.99000	 76.46958	145.99000
278.00000	146.23000	 76.60387	146.23000
278.20000	146.28000	 76.62543	146.28000
278.40000	146.10000	 76.51036	146.10000
278.60000	145.83000	 76.34284	145.83000
278.80000	145.54000	 76.16593	145.54000
279.00000	145.35000	 76.05213	145.35000
279.20000	145.22000	 75.97827	145.22000
279.40000	145.08000	 75.90289	145.08000
279.60000	144.91000	 75.81418	144.91000
279.80000	144.60000	 75.64709	144.60000
280.00000	144.22000	 75.44405	144.22000
280.20000	143.83000	 75.24175	143.83000
280.40000	143.46000	 75.05891	143.46000
280.60000	143.10000	 74.89017	143.10000
280.80000	142.81000	 74.77146	142.81000
281.00000	142.63000	 74.72626	142.63000
281.20000	142.60000	 74.77737	142.60000
281.40000	142.85000	 75.00010	142.85000
281.60000	143.28000	 75.33197	143.28000
281.80000	143.88000	 75.76327	143.88000
282.00000	144.70000	 76.31949	144.70000
282.20000	145.86000	 77.06700	145.86000
282.40000	147.11000	 77.85170	147.11000
282.60000	148.33000	 78.59712	148.33000
282.80000	149.36000	 79.20434	149.36000
283.00000	149.98000	 79.54093	149.98000
283.20000	150.47000	 79.77390	150.47000
283.40000	150.87000	 79.92891	150.87000
283.60000	151.28000	 80.06767	151.28000
283.80000	151.77000	 80.23391	151.77000
284.00000	152.19000	 80.34033	152.19000
284.20000	152.51000	 80.37115	152.51000
284.40000	152.64000	 80.27544	152.64000
284.60000	152.51000	 80.01505	152.51000
284.80000	152.27000	 79.68336	152.27000
285.00000	151.97000	 79.31451	151.97000
285.20000	151.70000	 78.96598	151.70000
285.40000	151.55000	 78.69442	151.55000
285.60000	151.36000	 78.40696	151.36000
285.80000	151.11000	 78.09357	151.11000
286.00000	150.72000	 77.70861	150.72000
286.20000	150.02000	 77.15350	150.02000
286.40000	149.28000	 76.59185	149.28000
286.60000	148.54000	 76.05040	148.54000
286.80000	147.88000	 75.57889	147.88000
287.00000	147.56000	 75.33271	147.56000
287.20000	147.32000	 75.15648	147.32000
287.40000	147.11000	 75.01879	147.11000
287.60000	146.91000	 74.90591	146.91000
