  0.00000	113.86000	 60.73905	113.86000
  0.20000	113.30000	 60.71832	113.30000
  0.40000	112.95000	 60.80837	112.95000
  0.60000	112.76000	 60.97544	112.76000
  0.80000	112.74000	 61.21733	112.74000
  1.00000	112.86000	 61.50222	112.86000
  1.20000	113.09000	 61.79835	113.09000
  1.40000	113.42000	 62.08961	113.42000
  1.60000	113.82000	 62.35081	113.82000
  1.80000	114.33000	 62.60596	114.33000
  2.00000	114.88000	 62.81045	114.88000
  2.20000	115.40000	 62.92462	115.40000
  2.40000	115.84000	 62.92851	115.84000
  2.60000	115.99000	 62.70753	115.99000
  2.80000	115.97000	 62.37146	115.97000
  3.00000	115.88000	 62.01773	115.88000
  3.20000	115.78000	 61.70955	115.78000
  3.40000	115.86000	 61.58042	115.86000
  3.60000	116.06000	 61.58466	116.06000
  3.80000	116.25000	 61.62207	116.25000
  4.00000	116.42000	 61.67084	116.42000
  4.20000	116.47000	 61.65577	116.47000
  4.40000	116.30000	 61.51123	116.30000
  4.60000	116.10000	 61.36803	116.10000
  4.80000	115.89000	 61.24592	115.89000
  5.00000	115.70000	 61.16678	115.70000
  5.20000	115.66000	 61.21094	115.66000
  5.40000	115.67000	 61.30212	115.67000
  5.60000	115.71000	 61.41429	115.71000
  5.80000	115.79000	 61.54263	115.79000
  6.00000	115.92000	 61.68423	115.92000
  6.20000	116.07000	 61.81250	116.07000
  6.40000	116.23000	 61.91715	116.23000
  6.60000	116.37000	 61.97865	116.37000
  6.80000	116.43000	 61.96271	116.43000
  7.00000	116.44000	 61.89815	116.44000
  7.20000	116.46000	 61.83432	116.46000
  7.40000	116.50000	 61.78536	116.50000
  7.60000	116.64000	 61.80598	116.64000
  7.80000	116.92000	 61.91785	116.92000
  8.00000	117.20000	 62.02120	117.20000
  8.20000	117.44000	 62.08385	117.44000
  8.40000	117.61000	 62.08586	117.61000
  8.60000	117.42000	 61.84845	117.42000
  8.80000	117.19000	 61.60014	117.19000
  9.00000	116.98000	 61.39776	116.98000
  9.20000	116.85000	 61.28801	116.85000
  9.40000	117.10000	 61.45837	117.10000
  9.60000	117.48000	 61.72247	117.48000
  9.80000	117.89000	 61.98890	117.89000
 10.00000	118.30000	 62.21905	118.30000
 10.20000	118.52000	 62.28234	118.52000
 10.40000	118.69000	 62.27609	118.69000
 10.60000	118.81000	 62.21272	118.81000
 10.80000	118.89000	 62.11255	118.89000
 11.00000	118.92000	 61.98234	118.92000
 11.20000	118.92000	 61.84662	118.92000
 11.40000	118.87000	 61.70140	118.87000
 11.60000	118.78000	 61.55990	118.78000
 11.80000	118.63000	 61.41376	118.63000
 12.00000	118.46000	 61.29174	118.46000
 12.20000	118.27000	 61.19385	118.27000
 12.40000	118.06000	 61.11781	118.06000
 12.60000	117.84000	 61.06628	117.84000
 12.80000	117.64000	 61.05340	117.64000
 13.00000	117.47000	 61.07849	117.47000
 13.20000	117.38000	 61.16484	117.38000
 13.40000	117.41000	 61.32626	117.41000
 13.60000	117.48000	 61.49711	117.48000
 13.80000	117.57000	 61.65352	117.57000
 14.00000	117.64000	 61.76378	117.64000
 14.20000	117.68000	 61.82150	117.68000
 14.40000	117.74000	 61.86326	117.74000
 14.60000	117.83000	 61.90034	117.83000
 14.80000	118.02000	 61.98099	118.02000
 15.00000	118.26000	 62.07220	118.26000
 15.20000	118.55000	 62.17214	118.55000
 15.40000	118.86000	 62.25974	118.86000
 15.60000	119.27000	 62.38548	119.27000
 15.80000	119.66000	 62.46965	119.66000
 16.00000	119.99000	 62.48830	119.99000
 16.20000	120.21000	 62.41682	120.21000
 16.40000	119.97000	 62.04668	119.97000
 16.60000	119.69000	 61.68103	119.69000
 16.80000	119.48000	 61.41469	119.48000
 17.00000	119.58000	 61.40784	119.58000
 17.20000	120.26000	 61.81299	120.26000
 17.40000	121.05000	 62.28104	121.05000
 17.60000	121.81000	 62.68200	121.81000
 17.80000	122.26000	 62.81614	122.26000
 18.00000	122.34000	 62.65490	122.34000
 18.20000	122.30000	 62.39084	122.30000
 18.40000	122.18000	 62.08250	122.18000
 18.60000	122.12000	 61.84568	122.12000
 18.80000	122.04000	 61.64171	122.04000
 19.00000	121.92000	 61.46313	121.92000
 19.20000	121.75000	 61.30476	121.75000
 19.40000	121.57000	 61.19075	121.57000
 19.60000	121.28000	 61.05272	121.28000
 19.80000	120.85000	 60.87030	120.85000
 20.00000	120.13000	 60.55152	120.13000
 20.20000	119.12000	 60.11111	119.12000
 20.40000	118.03000	 59.70352	118.03000
 20.60000	116.94000	 59.39104	116.94000
 20.80000	116.16000	 59.36916	116.16000
 21.00000	115.43000	 59.44526	115.43000
 21.20000	114.71000	 59.56552	114.71000
 21.40000	113.87000	 59.62365	113.87000
 21.60000	112.89000	 59.59617	112.89000
 21.80000	112.01000	 59.63568	112.01000
 22.00000	111.29000	 59.77428	111.29000
 22.20000	111.12000	 60.24591	111.12000
 22.40000	111.21000	 60.82668	111.21000
 22.60000	111.41000	 61.38378	111.41000
 22.80000	111.62000	 61.83005	111.62000
 23.00000	111.74000	 62.09616	111.74000
 23.20000	111.79000	 62.20763	111.79000
 23.40000	111.71000	 62.14985	111.71000
 23.60000	111.29000	 61.82183	111.29000
 23.80000	110.66000	 61.35336	110.66000
 24.00000	109.98000	 60.89170	109.98000
 24.20000	109.31000	 60.50593	109.31000
 24.40000	108.96000	 60.40685	108.96000
 24.60000	108.71000	 60.43818	108.71000
 24.80000	108.51000	 60.54433	108.51000
 25.00000	108.35000	 60.69541	108.35000
 25.20000	108.07000	 60.76948	108.07000
 25.40000	107.78000	 60.82922	107.78000
 25.60000	107.55000	 60.91543	107.55000
 25.80000	107.41000	 61.04227	107.41000
 26.00000	107.43000	 61.24696	107.43000
 26.20000	107.60000	 61.51107	107.60000
 26.40000	107.92000	 61.82076	107.92000
 26.60000	108.39000	 62.16233	108.39000
 26.80000	109.02000	 62.52978	109.02000
 27.00000	109.81000	 62.91233	109.81000
 27.20000	110.82000	 63.33929	110.82000
 27.40000	112.08000	 63.81971	112.08000
 27.60000	113.83000	 64.49404	113.83000
 27.80000	115.68000	 65.08924	115.68000
 28.00000	117.49000	 65.50630	117.49000
 28.20000	119.02000	 65.60280	119.02000
 28.40000	120.23000	 65.39011	120.23000
 28.60000	121.18000	 64.96058	121.18000
 28.80000	121.81000	 64.33400	121.81000
 29.00000	121.97000	 63.47360	121.97000
 29.20000	121.89000	 62.58709	121.89000
 29.40000	121.63000	 61.75756	121.63000
 29.60000	121.35000	 61.11201	121.35000
 29.80000	121.07000	 60.66339	121.07000
 30.00000	120.73000	 60.35521	120.73000
 30.20000	120.36000	 60.18035	120.36000
 30.40000	119.93000	 60.08902	119.93000
 30.60000	119.48000	 60.07731	119.48000
 30.80000	119.03000	 60.13006	119.03000
 31.00000	118.61000	 60.24092	118.61000
 31.20000	118.25000	 60.40587	118.25000
 31.40000	117.97000	 60.61661	117.97000
 31.60000	117.76000	 60.84801	117.76000
 31.80000	117.63000	 61.09156	117.63000
 32.00000	117.60000	 61.34857	117.60000
 32.20000	117.85000	 61.72413	117.85000
 32.40000	118.10000	 62.02364	118.10000
 32.60000	118.25000	 62.17906	118.25000
 32.80000	118.13000	 62.09295	118.13000
 33.00000	117.58000	 61.69355	117.58000
 33.20000	116.89000	 61.21437	116.89000
 33.40000	116.11000	 60.72888	116.11000
 33.60000	115.38000	 60.35523	115.38000
 33.80000	114.73000	 60.12228	114.73000
 34.00000	114.11000	 59.99192	114.11000
 34.20000	113.52000	 59.95003	113.52000
 34.40000	113.00000	 60.00385	113.00000
 34.60000	112.55000	 60.13186	112.55000
 34.80000	112.17000	 60.31223	112.17000
 35.00000	111.84000	 60.51229	111.84000
 35.20000	111.57000	 60.72274	111.57000
 35.40000	111.30000	 60.89379	111.30000
 35.60000	111.14000	 61.09079	111.14000
 35.80000	111.10000	 61.31468	111.10000
 36.00000	111.24000	 61.59739	111.24000
 36.20000	111.73000	 62.03707	111.73000
 36.40000	112.32000	 62.45418	112.32000
 36.60000	112.95000	 62.79837	112.95000
 36.80000	113.53000	 63.01099	113.53000
 37.00000	113.99000	 63.05898	113.99000
 37.20000	114.35000	 62.97828	114.35000
 37.40000	114.60000	 62.79071	114.60000
 37.60000	114.61000	 62.44336	114.61000
 37.80000	114.45000	 62.01586	114.45000
 38.00000	114.19000	 61.58437	114.19000
 38.20000	113.86000	 61.19016	113.86000
 38.40000	113.49000	 60.86405	113.49000
 38.60000	113.11000	 60.62673	113.11000
 38.80000	112.76000	 60.49630	112.76000
 39.00000	112.48000	 60.48300	112.48000
 39.20000	112.48000	 60.69846	112.48000
 39.40000	112.57000	 60.98609	112.57000
 39.60000	112.67000	 61.26339	112.67000
 39.80000	112.74000	 61.48401	112.74000
 40.00000	112.47000	 61.44226	112.47000
 40.20000	112.09000	 61.30195	112.09000
 40.40000	111.80000	 61.21156	111.80000
 40.60000	111.67000	 61.22586	111.67000
 40.80000	112.07000	 61.57684	112.07000
 41.00000	112.74000	 62.06672	112.74000
 41.20000	113.57000	 62.59014	113.57000
 41.40000	114.52000	 63.09405	114.52000
 41.60000	115.52000	 63.51694	115.52000
 41.80000	116.51000	 63.81662	116.51000
 42.00000	117.43000	 63.96383	117.43000
 42.20000	118.13000	 63.88393	118.13000
 42.40000	118.59000	 63.59962	118.59000
 42.60000	118.93000	 63.23052	118.93000
 42.80000	119.17000	 62.82735	119.17000
 43.00000	119.40000	 62.47658	119.40000
 43.20000	119.58000	 62.16829	119.58000
 43.40000	119.72000	 61.91538	119.72000
 43.60000	119.83000	 61.72347	119.83000
 43.80000	119.94000	 61.60525	119.94000
 44.00000	120.03000	 61.53669	120.03000
 44.20000	120.09000	 61.49889	120.09000
 44.40000	120.11000	 61.47382	120.11000
 44.60000	120.07000	 61.43951	120.07000
 44.80000	119.99000	 61.40296	119.99000
 45.00000	119.85000	 61.34775	119.85000
 45.20000	119.65000	 61.27298	119.65000
 45.40000	119.41000	 61.19249	119.41000
 45.60000	119.14000	 61.11389	119.14000
 45.80000	118.78000	 60.99986	118.78000
 46.00000	118.33000	 60.85410	118.33000
 46.20000	117.76000	 60.66306	117.76000
 46.40000	116.79000	 60.25722	116.79000
 46.60000	115.75000	 59.87106	115.75000
 46.80000	114.71000	 59.56457	114.71000
 47.00000	113.74000	 59.38537	113.74000
 47.20000	113.02000	 59.43783	113.02000
 47.40000	112.59000	 59.71895	112.59000
 47.60000	112.32000	 60.10540	112.32000
 47.80000	112.20000	 60.55273	112.20000
 48.00000	112.27000	 61.05432	112.27000
 48.20000	112.59000	 61.62115	112.59000
 48.40000	113.00000	 62.12721	113.00000
 48.60000	113.45000	 62.52964	113.45000
 48.80000	113.89000	 62.79888	113.89000
 49.00000	114.23000	 62.89195	114.23000
 49.20000	114.49000	 62.84783	114.49000
 49.40000	114.64000	 62.67860	114.64000
 49.60000	114.55000	 62.33512	114.55000
 49.80000	114.18000	 61.83124	114.18000
 50.00000	113.71000	 61.32307	113.71000
 50.20000	113.21000	 60.88434	113.21000
 50.40000	112.80000	 60.60482	112.80000
 50.60000	112.50000	 60.49174	112.50000
 50.80000	112.28000	 60.50665	112.28000
 51.00000	112.13000	 60.61777	112.13000
 51.20000	112.09000	 60.82380	112.09000
 51.40000	112.16000	 61.09743	112.16000
 51.60000	112.31000	 61.39448	112.31000
 51.80000	112.55000	 61.70174	112.55000
 52.00000	112.96000	 62.05552	112.96000
 52.20000	113.43000	 62.37195	113.43000
 52.40000	113.89000	 62.60045	113.89000
 52.60000	114.28000	 62.70702	114.28000
 52.80000	114.46000	 62.61717	114.46000
 53.00000	114.53000	 62.42248	114.53000
 53.20000	114.49000	 62.15228	114.49000
 53.40000	114.31000	 61.81487	114.31000
 53.60000	113.93000	 61.39732	113.93000
 53.80000	113.54000	 61.04478	113.54000
 54.00000	113.20000	 60.80625	113.20000
 54.20000	113.20000	 60.86238	113.20000
 54.40000	113.50000	 61.15814	113.50000
 54.60000	113.80000	 61.46052	113.80000
 54.80000	114.02000	 61.68851	114.02000
 55.00000	113.74000	 61.56187	113.74000
 55.20000	113.22000	 61.26865	113.22000
 55.40000	112.60000	 60.92918	112.60000
 55.60000	111.96000	 60.62028	111.96000
 55.80000	111.56000	 60.52192	111.56000
 56.00000	111.20000	 60.49819	111.20000
 56.20000	110.84000	 60.51039	110.84000
 56.40000	110.46000	 60.53320	110.46000
 56.60000	109.90000	 60.45543	109.90000
 56.80000	109.33000	 60.38736	109.33000
 57.00000	108.80000	 60.36151	108.80000
 57.20000	108.34000	 60.39352	108.34000
 57.40000	108.18000	 60.62142	108.18000
 57.60000	108.09000	 60.87591	108.09000
 57.80000	108.03000	 61.11291	108.03000
 58.00000	107.95000	 61.28943	107.95000
 58.20000	107.49000	 61.17521	107.49000
 58.40000	107.05000	 61.04939	107.05000
 58.60000	106.76000	 61.01322	106.76000
 58.80000	106.79000	 61.17919	106.79000
 59.00000	107.54000	 61.78537	107.54000
 59.20000	108.47000	 62.43797	108.47000
 59.40000	109.44000	 63.00840	109.44000
 59.60000	110.19000	 63.31212	110.19000
 59.80000	110.66000	 63.32240	110.66000
 60.00000	110.98000	 63.15691	110.98000
 60.20000	111.14000	 62.85019	111.14000
 60.40000	110.99000	 62.34866	110.99000
 60.60000	110.68000	 61.79417	110.68000
 60.80000	110.34000	 61.30634	110.34000
 61.00000	110.02000	 60.93627	110.02000
 61.20000	110.08000	 60.91446	110.08000
 61.40000	110.24000	 61.03252	110.24000
 61.60000	110.44000	 61.21791	110.44000
 61.80000	110.65000	 61.42139	110.65000
 62.00000	110.63000	 61.46820	110.63000
 62.20000	110.61000	 61.50303	110.61000
 62.40000	110.66000	 61.57060	110.66000
 62.60000	110.84000	 61.70619	110.84000
 62.80000	111.51000	 62.12977	111.51000
 63.00000	112.23000	 62.53012	112.23000
 63.20000	112.90000	 62.82371	112.90000
 63.40000	113.34000	 62.89255	113.34000
 63.60000	113.29000	 62.59017	113.29000
 63.80000	113.08000	 62.17296	113.08000
 64.00000	112.73000	 61.69696	112.73000
 64.20000	112.33000	 61.25465	112.33000
 64.40000	111.92000	 60.89267	111.92000
 64.60000	111.49000	 60.61178	111.49000
 64.80000	111.05000	 60.41555	111.05000
 65.00000	110.62000	 60.30671	110.62000
 65.20000	110.27000	 60.31447	110.27000
 65.40000	109.93000	 60.37304	109.93000
 65.60000	109.60000	 60.46278	109.60000
 65.80000	109.28000	 60.56715	109.28000
 66.00000	108.80000	 60.56560	108.80000
 66.20000	108.33000	 60.56682	108.33000
 66.40000	107.97000	 60.63462	107.97000
 66.60000	107.77000	 60.79481	107.77000
 66.80000	108.03000	 61.22490	108.03000
 67.00000	108.64000	 61.82143	108.64000
 67.20000	109.35000	 62.38724	109.35000
 67.40000	110.10000	 62.86055	110.10000
 67.60000	110.70000	 63.11328	110.70000
 67.80000	111.18000	 63.17985	111.18000
 68.00000	111.54000	 63.08842	111.54000
 68.20000	111.73000	 62.84160	111.73000
 68.40000	111.53000	 62.33819	111.53000
 68.60000	111.17000	 61.77430	111.17000
 68.80000	110.70000	 61.22196	110.70000
 69.00000	110.17000	 60.73960	110.17000
 69.20000	109.70000	 60.41507	109.70000
 69.40000	109.26000	 60.22265	109.26000
 69.60000	108.83000	 60.13256	108.83000
 69.80000	108.44000	 60.14230	108.44000
 70.00000	108.09000	 60.22754	108.09000
 70.20000	107.80000	 60.37706	107.80000
 70.40000	107.59000	 60.58095	107.59000
 70.60000	107.47000	 60.82485	107.47000
 70.80000	107.47000	 61.10980	107.47000
 71.00000	107.67000	 61.47030	107.67000
 71.20000	108.00000	 61.84384	108.00000
 71.40000	108.45000	 62.21045	108.45000
 71.60000	109.00000	 62.54884	109.00000
 71.80000	109.69000	 62.88115	109.69000
 72.00000	110.46000	 63.16791	110.46000
 72.20000	111.26000	 63.38080	111.26000
 72.40000	112.08000	 63.52289	112.08000
 72.60000	113.00000	 63.65808	113.00000
 72.80000	113.76000	 63.63153	113.76000
 73.00000	114.26000	 63.40182	114.26000
 73.20000	114.10000	 62.74960	114.10000
 73.40000	113.37000	 61.79473	113.37000
 73.60000	112.46000	 60.85591	112.46000
 73.80000	111.52000	 60.07596	111.52000
 74.00000	111.03000	 59.77708	111.03000
 74.20000	110.66000	 59.71756	110.66000
 74.40000	110.38000	 59.83334	110.38000
 74.60000	110.18000	 60.07039	110.18000
 74.80000	110.04000	 60.37164	110.04000
 75.00000	109.97000	 60.70669	109.97000
 75.20000	109.93000	 61.02163	109.93000
 75.40000	109.94000	 61.31131	109.94000
 75.60000	109.95000	 61.53415	109.95000
 75.80000	109.91000	 61.65794	109.91000
 76.00000	109.90000	 61.74234	109.90000
 76.20000	109.91000	 61.79099	109.91000
 76.40000	109.96000	 61.82686	109.96000
 76.60000	110.04000	 61.85202	110.04000
 76.80000	110.16000	 61.87966	110.16000
 77.00000	110.35000	 61.93337	110.35000
 77.20000	110.63000	 62.02659	110.63000
 77.40000	111.00000	 62.15623	111.00000
 77.60000	111.52000	 62.35483	111.52000
 77.80000	112.17000	 62.59958	112.17000
 78.00000	112.93000	 62.86656	112.93000
 78.20000	113.78000	 63.13334	113.78000
 78.40000	114.79000	 63.43767	114.79000
 78.60000	115.88000	 63.72088	115.88000
 78.80000	116.96000	 63.92254	116.96000
 79.00000	117.99000	 64.02263	117.99000
 79.20000	118.84000	 63.95202	118.84000
 79.40000	119.55000	 63.76119	119.55000
 79.60000	120.06000	 63.44071	120.06000
 79.80000	120.35000	 63.00974	120.35000
 80.00000	120.11000	 62.30405	120.11000
 80.20000	119.70000	 61.59950	119.70000
 80.40000	119.19000	 60.97316	119.19000
 80.60000	118.65000	 60.48453	118.65000
 80.80000	118.56000	 60.43522	118.56000
 81.00000	118.53000	 60.53519	118.53000
 81.20000	118.47000	 60.68367	118.47000
 81.40000	118.31000	 60.80138	118.31000
 81.60000	117.83000	 60.72750	117.83000
 81.80000	116.94000	 60.40797	116.94000
 82.00000	115.99000	 60.08941	115.99000
 82.20000	115.04000	 59.82689	115.04000
 82.40000	114.19000	 59.69026	114.19000
 82.60000	113.85000	 59.93206	113.85000
 82.80000	113.61000	 60.25215	113.61000
 83.00000	113.42000	 60.58366	113.42000
 83.20000	113.22000	 60.86318	113.22000
 83.40000	112.82000	 60.95763	112.82000
 83.60000	112.23000	 60.88187	112.23000
 83.80000	111.59000	 60.74641	111.59000
 84.00000	110.93000	 60.59094	110.93000
 84.20000	110.26000	 60.43799	110.26000
 84.40000	109.68000	 60.36189	109.68000
 84.60000	109.14000	 60.33135	109.14000
 84.80000	108.64000	 60.34242	108.64000
 85.00000	108.20000	 60.40111	108.20000
 85.20000	107.82000	 60.49838	107.82000
 85.40000	107.51000	 60.63075	107.51000
 85.60000	107.28000	 60.79449	107.28000
 85.80000	107.11000	 60.96711	107.11000
 86.00000	107.03000	 61.16003	107.03000
 86.20000	107.09000	 61.39790	107.09000
 86.40000	107.20000	 61.61470	107.20000
 86.60000	107.34000	 61.79358	107.34000
 86.80000	107.48000	 61.91630	107.48000
 87.00000	107.61000	 61.98233	107.61000
 87.20000	107.69000	 61.97572	107.69000
 87.40000	107.72000	 61.90980	107.72000
 87.60000	107.65000	 61.76764	107.65000
 87.80000	107.39000	 61.50954	107.39000
 88.00000	107.04000	 61.22162	107.04000
 88.20000	106.63000	 60.94135	106.63000
 88.40000	106.18000	 60.69341	106.18000
 88.60000	105.63000	 60.44494	105.63000
 88.80000	105.11000	 60.28187	105.11000
 89.00000	104.66000	 60.22393	104.66000
 89.20000	104.32000	 60.28274	104.32000
 89.40000	104.37000	 60.61531	104.37000
 89.60000	104.57000	 61.02993	104.57000
 89.80000	104.84000	 61.44088	104.84000
 90.00000	105.10000	 61.77366	105.10000
 90.20000	105.22000	 61.93678	105.22000
 90.40000	105.27000	 61.98420	105.27000
 90.60000	105.25000	 61.93345	105.25000
 90.80000	105.15000	 61.79952	105.15000
 91.00000	104.80000	 61.49721	104.80000
 91.20000	104.38000	 61.17187	104.38000
 91.40000	104.01000	 60.92328	104.01000
 91.60000	103.74000	 60.79237	103.74000
 91.80000	103.88000	 60.97099	103.88000
 92.00000	104.19000	 61.27498	104.19000
 92.20000	104.60000	 61.62616	104.60000
 92.40000	105.06000	 61.96506	105.06000
 92.60000	105.51000	 62.23565	105.51000
 92.80000	105.94000	 62.42558	105.94000
 93.00000	106.35000	 62.53830	106.35000
 93.20000	106.70000	 62.55813	106.70000
 93.40000	106.92000	 62.45614	106.92000
 93.60000	107.07000	 62.29240	107.07000
 93.80000	107.15000	 62.08793	107.15000
 94.00000	107.18000	 61.87376	107.18000
 94.20000	107.00000	 61.56202	107.00000
 94.40000	106.82000	 61.30417	106.82000
 94.60000	106.70000	 61.14586	106.70000
 94.80000	106.72000	 61.13371	106.72000
 95.00000	107.14000	 61.41602	107.14000
 95.20000	107.73000	 61.80819	107.73000
 95.40000	108.43000	 62.23513	108.43000
 95.60000	109.24000	 62.66800	109.24000
 95.80000	110.10000	 63.04841	110.10000
 96.00000	111.00000	 63.36091	111.00000
 96.20000	111.91000	 63.58668	111.91000
 96.40000	112.77000	 63.69606	112.77000
 96.60000	113.53000	 63.67408	113.53000
 96.80000	114.27000	 63.59536	114.27000
 97.00000	114.97000	 63.46912	114.97000
 97.20000	115.68000	 63.34667	115.68000
 97.40000	116.42000	 63.25391	116.42000
 97.60000	117.11000	 63.14652	117.11000
 97.80000	117.72000	 63.01124	117.72000
 98.00000	118.17000	 62.80387	118.17000
 98.20000	118.46000	 62.53557	118.46000
 98.40000	118.64000	 62.25132	118.64000
 98.60000	118.72000	 61.96804	118.72000
 98.80000	118.71000	 61.69918	118.71000
 99.00000	118.62000	 61.45454	118.62000
 99.20000	118.46000	 61.24046	118.46000
 99.40000	118.26000	 61.07296	118.26000
 99.60000	118.01000	 60.93920	118.01000
 99.80000	117.71000	 60.83141	117.71000
100.00000	117.42000	 60.77971	117.42000
100.20000	117.18000	 60.79871	117.18000
100.40000	117.05000	 60.91233	117.05000
100.60000	117.14000	 61.17174	117.14000
100.80000	117.29000	 61.44910	117.29000
101.00000	117.47000	 61.70551	117.47000
101.20000	117.62000	 61.89117	117.62000
101.40000	117.70000	 61.97925	117.70000
101.60000	117.76000	 62.00957	117.76000
101.80000	117.81000	 61.99955	117.81000
102.00000	117.86000	 61.96699	117.86000
102.20000	117.93000	 61.93465	117.93000
102.40000	117.97000	 61.87781	117.97000
102.60000	117.99000	 61.80993	117.99000
102.80000	117.96000	 61.71794	117.96000
103.00000	117.77000	 61.53847	117.77000
103.20000	117.56000	 61.37272	117.56000
103.40000	117.35000	 61.24069	117.35000
103.60000	117.17000	 61.16326	117.17000
103.80000	117.05000	 61.15562	117.05000
104.00000	117.01000	 61.22125	117.01000
104.20000	117.06000	 61.35328	117.06000
104.40000	117.22000	 61.54907	117.22000
104.60000	117.64000	 61.88719	117.64000
104.80000	118.17000	 62.24796	118.17000
105.00000	118.73000	 62.56165	118.73000
105.20000	119.25000	 62.77519	119.25000
105.40000	119.53000	 62.76524	119.53000
105.60000	119.73000	 62.65646	119.73000
105.80000	119.86000	 62.48052	119.86000
106.00000	119.94000	 62.27394	119.94000
106.20000	119.93000	 62.03068	119.93000
106.40000	119.91000	 61.81821	119.91000
106.60000	119.90000	 61.65787	119.90000
106.80000	119.92000	 61.56341	119.92000
107.00000	119.98000	 61.53573	119.98000
107.20000	120.14000	 61.60279	120.14000
107.40000	120.43000	 61.76780	120.43000
107.60000	120.91000	 62.04874	120.91000
107.80000	121.79000	 62.55407	121.79000
108.00000	122.80000	 63.07484	122.80000
108.20000	123.87000	 63.53918	123.87000
108.40000	124.91000	 63.87645	124.91000
108.60000	125.86000	 64.05118	125.86000
108.80000	126.70000	 64.06775	126.70000
109.00000	127.38000	 63.92112	127.38000
109.20000	127.83000	 63.60063	127.83000
109.40000	128.05000	 63.14581	128.05000
109.60000	128.04000	 62.59645	128.04000
109.80000	127.74000	 61.95077	127.74000
110.00000	127.09000	 61.20457	127.09000
110.20000	126.24000	 60.48547	126.24000
110.40000	125.25000	 59.85122	125.25000
110.60000	124.16000	 59.33262	124.16000
110.80000	123.02000	 58.95406	123.02000
111.00000	121.90000	 58.74155	121.90000
111.20000	120.88000	 58.71736	120.88000
111.40000	120.15000	 58.96456	120.15000
111.60000	119.50000	 59.29881	119.50000
111.80000	118.90000	 59.65748	118.90000
112.00000	118.31000	 59.98279	118.31000
112.20000	117.55000	 60.14136	117.55000
112.40000	116.85000	 60.28119	116.85000
112.60000	116.26000	 60.43736	116.26000
112.80000	115.93000	 60.70587	115.93000
113.00000	116.07000	 61.21016	116.07000
113.20000	116.26000	 61.65555	116.26000
113.40000	116.41000	 61.97094	116.41000
113.60000	116.19000	 61.94968	116.19000
113.80000	115.53000	 61.58058	115.53000
114.00000	114.76000	 61.12817	114.76000
114.20000	113.95000	 60.68291	113.95000
114.40000	113.35000	 60.43443	113.35000
114.60000	112.88000	 60.33525	112.88000
114.80000	112.45000	 60.31655	112.45000
115.00000	112.03000	 60.34362	112.03000
115.20000	111.48000	 60.31252	111.48000
115.40000	110.86000	 60.25611	110.86000
115.60000	110.30000	 60.25552	110.30000
115.80000	109.84000	 60.33001	109.84000
116.00000	109.66000	 60.58247	109.66000
116.20000	109.83000	 61.03299	109.83000
116.40000	110.12000	 61.50066	110.12000
116.60000	110.47000	 61.92165	110.47000
116.80000	110.77000	 62.21287	110.77000
117.00000	110.70000	 62.17445	110.70000
117.20000	110.76000	 62.15614	110.76000
117.40000	111.07000	 62.25497	111.07000
117.60000	111.95000	 62.67748	111.95000
117.80000	113.59000	 63.51672	113.59000
118.00000	115.47000	 64.38562	115.47000
118.20000	117.43000	 65.14044	117.43000
118.40000	119.36000	 65.69304	119.36000
118.60000	121.10000	 65.94839	121.10000
118.80000	122.48000	 65.83105	122.48000
119.00000	123.15000	 65.17642	123.15000
119.20000	122.73000	 63.83329	122.73000
119.40000	121.97000	 62.40294	121.97000
119.60000	121.07000	 61.10717	121.07000
119.80000	120.77000	 60.46790	120.77000
120.00000	121.01000	 60.42228	121.01000
120.20000	121.39000	 60.64403	121.39000
120.40000	121.84000	 61.01329	121.84000
120.60000	122.31000	 61.43220	122.31000
120.80000	122.37000	 61.57775	122.37000
121.00000	122.27000	 61.59885	122.27000
121.20000	122.16000	 61.59552	122.16000
121.40000	122.10000	 61.61156	122.10000
121.60000	122.12000	 61.66818	122.12000
121.80000	122.52000	 61.95331	122.52000
122.00000	123.00000	 62.25407	123.00000
122.20000	123.54000	 62.54070	123.54000
122.40000	124.11000	 62.78373	124.11000
122.60000	124.74000	 62.99912	124.74000
122.80000	125.33000	 63.12406	125.33000
123.00000	125.79000	 63.11042	125.79000
123.20000	126.07000	 62.94563	126.07000
123.40000	125.76000	 62.39716	125.76000
123.60000	125.16000	 61.70972	125.16000
123.80000	124.47000	 61.06063	124.47000
124.00000	123.75000	 60.51919	123.75000
124.20000	123.38000	 60.33768	123.38000
124.40000	123.31000	 60.45866	123.31000
124.60000	123.31000	 60.69024	123.31000
124.80000	123.37000	 60.98378	123.37000
125.00000	123.42000	 61.25984	123.42000
125.20000	123.30000	 61.39435	123.30000
125.40000	123.09000	 61.43553	123.09000
125.60000	122.87000	 61.44112	122.87000
125.80000	122.68000	 61.44467	122.68000
126.00000	122.54000	 61.46477	122.54000
126.20000	122.67000	 61.64345	122.67000
126.40000	122.79000	 61.79034	122.79000
126.60000	122.84000	 61.86148	122.84000
126.80000	122.79000	 61.84084	122.79000
127.00000	122.29000	 61.51720	122.29000
127.20000	121.67000	 61.13525	121.67000
127.40000	120.99000	 60.76297	120.99000
127.60000	120.30000	 60.45180	120.30000
127.80000	119.79000	 60.33004	119.79000
128.00000	119.37000	 60.32840	119.37000
128.20000	119.03000	 60.42077	119.03000
128.40000	118.77000	 60.58469	118.77000
128.60000	118.62000	 60.81691	118.62000
128.80000	118.58000	 61.09571	118.58000
129.00000	118.64000	 61.39544	118.64000
129.20000	118.78000	 61.68816	118.78000
129.40000	119.00000	 61.96410	119.00000
129.60000	119.30000	 62.21816	119.30000
129.80000	119.67000	 62.44264	119.67000
130.00000	120.09000	 62.62681	120.09000
130.20000	120.56000	 62.77589	120.56000
130.40000	121.13000	 62.92858	121.13000
130.60000	121.73000	 63.04512	121.73000
130.80000	122.29000	 63.08780	122.29000
131.00000	122.78000	 63.04917	122.78000
131.20000	122.93000	 62.77371	122.93000
131.40000	123.01000	 62.46538	123.01000
131.60000	123.06000	 62.17526	123.06000
131.80000	123.17000	 61.97649	123.17000
132.00000	123.63000	 62.05542	123.63000
132.20000	124.17000	 62.21680	124.17000
132.40000	124.74000	 62.40454	124.74000
132.60000	125.28000	 62.56127	125.28000
132.80000	125.66000	 62.59409	125.66000
133.00000	125.92000	 62.53262	125.92000
133.20000	126.12000	 62.42664	126.12000
133.40000	126.27000	 62.29474	126.27000
133.60000	126.45000	 62.19853	126.45000
133.80000	126.59000	 62.09784	126.59000
134.00000	126.63000	 61.95791	126.63000
134.20000	126.53000	 61.75925	126.53000
134.40000	126.03000	 61.34654	126.03000
134.60000	125.34000	 60.87919	125.34000
134.80000	124.61000	 60.47546	124.61000
135.00000	123.91000	 60.18968	123.91000
135.20000	123.58000	 60.23313	123.58000
135.40000	123.57000	 60.54047	123.57000
135.60000	123.63000	 60.90534	123.63000
135.80000	123.72000	 61.26386	123.72000
136.00000	123.77000	 61.54564	123.77000
136.20000	123.46000	 61.53705	123.46000
136.40000	123.01000	 61.39711	123.01000
136.60000	122.56000	 61.24037	122.56000
136.80000	122.15000	 61.11165	122.15000
137.00000	121.91000	 61.10423	121.91000
137.20000	121.91000	 61.25872	121.91000
137.40000	121.97000	 61.44339	121.97000
137.60000	122.08000	 61.63690	122.08000
137.80000	122.19000	 61.79642	122.19000
138.00000	122.28000	 61.90474	122.28000
138.20000	122.32000	 61.94456	122.32000
138.40000	122.31000	 61.92349	122.31000
138.60000	122.18000	 61.80812	122.18000
138.80000	121.85000	 61.56413	121.85000
139.00000	121.48000	 61.31620	121.48000
139.20000	121.09000	 61.09345	121.09000
139.40000	120.72000	 60.93021	120.72000
139.60000	120.47000	 60.89046	120.47000
139.80000	120.28000	 60.92503	120.28000
140.00000	120.18000	 61.03828	120.18000
140.20000	120.17000	 61.21271	120.17000
140.40000	120.35000	 61.49389	120.35000
140.60000	120.63000	 61.80260	120.63000
140.80000	120.98000	 62.10195	120.98000
141.00000	121.39000	 62.37422	121.39000
141.20000	121.76000	 62.55077	121.76000
141.40000	122.18000	 62.69403	122.18000
141.60000	122.67000	 62.82362	122.67000
141.80000	123.29000	 62.98373	123.29000
142.00000	124.15000	 63.24563	124.15000
142.20000	125.06000	 63.48063	125.06000
142.40000	125.98000	 63.66024	125.98000
142.60000	126.85000	 63.74952	126.85000
142.80000	127.62000	 63.72742	127.62000
143.00000	128.26000	 63.59270	128.26000
143.20000	128.73000	 63.34284	128.73000
143.40000	128.91000	 62.92827	128.91000
143.60000	128.74000	 62.34455	128.74000
143.80000	128.40000	 61.74462	128.40000
144.00000	127.94000	 61.18838	127.94000
144.20000	127.36000	 60.69111	127.36000
144.40000	126.76000	 60.32102	126.76000
144.60000	126.20000	 60.10743	126.20000
144.80000	125.79000	 60.09925	125.79000
145.00000	125.85000	 60.46565	125.85000
145.20000	125.94000	 60.86952	125.94000
145.40000	125.95000	 61.19734	125.95000
145.60000	125.60000	 61.24841	125.60000
145.80000	124.85000	 61.00707	124.85000
146.00000	123.87000	 60.61498	123.87000
146.20000	122.68000	 60.12230	122.68000
146.40000	121.17000	 59.49451	121.17000
146.60000	119.51000	 58.87615	119.51000
146.80000	117.81000	 58.36134	117.81000
147.00000	116.14000	 58.00149	116.14000
147.20000	114.78000	 57.96429	114.78000
147.40000	113.64000	 58.15578	113.64000
147.60000	112.65000	 58.48463	112.65000
147.80000	111.82000	 58.91184	111.82000
148.00000	111.14000	 59.39057	111.14000
148.20000	110.57000	 59.86274	110.57000
148.40000	110.18000	 60.35079	110.18000
148.60000	109.97000	 60.83826	109.97000
148.80000	109.97000	 61.33306	109.97000
149.00000	110.26000	 61.87774	110.26000
149.20000	110.81000	 62.44328	110.81000
149.40000	111.51000	 62.95135	111.51000
149.60000	112.36000	 63.40165	112.36000
149.80000	113.40000	 63.82493	113.40000
150.00000	114.51000	 64.15168	114.51000
150.20000	115.57000	 64.31959	115.57000
150.40000	116.46000	 64.27711	116.46000
150.60000	116.81000	 63.82638	116.81000
150.80000	116.99000	 63.26532	116.99000
151.00000	117.07000	 62.69242	117.07000
151.20000	117.18000	 62.22856	117.18000
151.40000	117.45000	 61.97248	117.45000
151.60000	117.73000	 61.82095	117.73000
151.80000	118.00000	 61.74575	118.00000
152.00000	118.23000	 61.70988	118.23000
152.20000	118.30000	 61.62105	118.30000
152.40000	118.40000	 61.59326	118.40000
152.60000	118.59000	 61.65438	118.59000
152.80000	118.95000	 61.83973	118.95000
153.00000	119.65000	 62.23489	119.65000
153.20000	120.47000	 62.66560	120.47000
153.40000	121.36000	 63.07283	121.36000
153.60000	122.38000	 63.47800	122.38000
153.80000	123.48000	 63.83827	123.48000
154.00000	124.41000	 63.99182	124.41000
154.20000	125.02000	 63.86060	125.02000
154.40000	124.98000	 63.27383	124.98000
154.60000	124.40000	 62.37012	124.40000
154.80000	123.36000	 61.27726	123.36000
155.00000	121.74000	 59.98990	121.74000
155.20000	119.23000	 58.37821	119.23000
155.40000	116.56000	 56.98069	116.56000
155.60000	113.97000	 55.98146	113.97000
155.80000	112.34000	 55.92282	112.34000
156.00000	112.09000	 56.97240	112.09000
156.20000	112.29000	 58.36920	112.29000
156.40000	112.78000	 59.86073	112.78000
156.60000	113.37000	 61.21336	113.37000
156.80000	113.52000	 62.01971	113.52000
157.00000	112.96000	 62.11476	112.96000
157.20000	112.34000	 61.98122	112.34000
157.40000	111.73000	 61.73399	111.73000
157.60000	111.20000	 61.47705	111.20000
157.80000	111.03000	 61.43015	111.03000
158.00000	111.15000	 61.55873	111.15000
158.20000	111.40000	 61.75192	111.40000
158.40000	111.76000	 61.98452	111.76000
158.60000	112.20000	 62.22526	112.20000
158.80000	112.63000	 62.40792	112.63000
159.00000	113.13000	 62.58236	113.13000
159.20000	113.69000	 62.74249	113.69000
159.40000	114.31000	 62.88995	114.31000
159.60000	115.06000	 63.07147	115.06000
159.80000	115.87000	 63.24128	115.87000
160.00000	116.67000	 63.35522	116.67000
160.20000	117.42000	 63.39333	117.42000
160.40000	118.00000	 63.29044	118.00000
160.60000	118.47000	 63.10524	118.47000
160.80000	118.84000	 62.86605	118.84000
161.00000	119.11000	 62.59306	119.11000
161.20000	119.20000	 62.25263	119.20000
161.40000	119.19000	 61.91345	119.19000
161.60000	119.14000	 61.62577	119.14000
161.80000	119.09000	 61.41847	119.09000
162.00000	119.14000	 61.34976	119.14000
162.20000	119.32000	 61.42209	119.32000
162.40000	119.56000	 61.56640	119.56000
162.60000	119.88000	 61.77156	119.88000
162.80000	120.31000	 62.03442	120.31000
163.00000	121.15000	 62.52445	121.15000
163.20000	121.87000	 62.87041	121.87000
163.40000	122.35000	 62.98527	122.35000
163.60000	122.34000	 62.72458	122.34000
163.80000	121.08000	 61.65130	121.08000
164.00000	119.46000	 60.43587	119.46000
164.20000	117.66000	 59.27905	117.66000
164.40000	115.89000	 58.36815	115.89000
164.60000	114.95000	 58.22454	114.95000
164.80000	114.23000	 58.39983	114.23000
165.00000	113.68000	 58.78966	113.68000
165.20000	113.28000	 59.31091	113.28000
165.40000	112.99000	 59.87723	112.99000
165.60000	112.71000	 60.37885	112.71000
165.80000	112.48000	 60.81516	112.48000
166.00000	112.34000	 61.19977	112.34000
166.20000	112.29000	 61.52956	112.29000
166.40000	112.34000	 61.81401	112.34000
166.60000	112.47000	 62.04703	112.47000
166.80000	112.70000	 62.25080	112.70000
167.00000	113.02000	 62.42849	113.02000
167.20000	113.43000	 62.58922	113.43000
167.40000	114.03000	 62.80443	114.03000
167.60000	114.72000	 63.01137	114.72000
167.80000	115.42000	 63.16066	115.42000
168.00000	116.10000	 63.23969	116.10000
168.20000	116.51000	 63.10106	116.51000
168.40000	116.87000	 62.91213	116.87000
168.60000	117.23000	 62.72864	117.23000
168.80000	117.63000	 62.59208	117.63000
169.00000	118.28000	 62.64232	118.28000
169.20000	119.00000	 62.75257	119.00000
169.40000	119.77000	 62.89577	119.77000
169.60000	120.59000	 63.05890	120.59000
169.80000	121.53000	 63.27548	121.53000
170.00000	122.44000	 63.43803	122.44000
170.20000	123.23000	 63.48597	123.23000
170.40000	123.83000	 63.38321	123.83000
170.60000	123.98000	 62.98471	123.98000
170.80000	123.96000	 62.50910	123.96000
171.00000	123.80000	 62.01096	123.80000
171.20000	123.71000	 61.65000	123.71000
171.40000	123.61000	 61.38101	123.61000
171.60000	123.28000	 61.05966	123.28000
171.80000	122.57000	 60.59215	122.57000
172.00000	120.85000	 59.59345	120.85000
172.20000	118.87000	 58.59788	118.87000
172.40000	116.83000	 57.77241	116.83000
172.60000	114.92000	 57.24915	114.92000
172.80000	114.38000	 57.79363	114.38000
173.00000	114.19000	 58.64581	114.19000
173.20000	114.23000	 59.62231	114.23000
173.40000	114.41000	 60.58028	114.41000
173.60000	114.61000	 61.38618	114.61000
173.80000	114.29000	 61.67239	114.29000
174.00000	113.74000	 61.65373	113.74000
174.20000	113.23000	 61.55138	113.23000
174.40000	112.84000	 61.45868	112.84000
174.60000	112.65000	 61.45509	112.65000
174.80000	113.01000	 61.77413	113.01000
175.00000	113.50000	 62.12782	113.50000
175.20000	114.05000	 62.45358	114.05000
175.40000	114.57000	 62.68449	114.57000
175.60000	114.95000	 62.75292	114.95000
175.80000	115.26000	 62.71990	115.26000
176.00000	115.48000	 62.59383	115.48000
176.20000	115.51000	 62.33460	115.51000
176.40000	115.35000	 61.97070	115.35000
176.60000	115.15000	 61.62662	115.15000
176.80000	114.98000	 61.36516	114.98000
177.00000	115.01000	 61.29906	115.01000
177.20000	115.32000	 61.46420	115.32000
177.40000	115.71000	 61.70202	115.71000
177.60000	116.14000	 61.95835	116.14000
177.80000	116.56000	 62.17986	116.56000
178.00000	116.86000	 62.28512	116.86000
178.20000	117.14000	 62.34027	117.14000
178.40000	117.41000	 62.35829	117.41000
178.60000	117.69000	 62.35994	117.69000
178.80000	118.00000	 62.36507	118.00000
179.00000	118.29000	 62.34666	118.29000
179.20000	118.52000	 62.28478	118.52000
179.40000	118.61000	 62.13653	118.61000
179.60000	118.55000	 61.90900	118.55000
179.80000	118.47000	 61.70119	118.47000
180.00000	118.39000	 61.53539	118.39000
180.20000	118.46000	 61.50934	118.46000
180.40000	118.70000	 61.62453	118.70000
180.60000	118.95000	 61.75862	118.95000
180.80000	119.20000	 61.88902	119.20000
181.00000	119.39000	 61.96678	119.39000
181.20000	119.38000	 61.90053	119.38000
181.40000	119.33000	 61.80325	119.33000
181.60000	119.25000	 61.69217	119.25000
181.80000	119.17000	 61.59513	119.17000
182.00000	119.18000	 61.57394	119.18000
182.20000	119.18000	 61.56144	119.18000
182.40000	119.16000	 61.54787	119.16000
182.60000	119.07000	 61.49921	119.07000
182.80000	118.85000	 61.37909	118.85000
183.00000	118.60000	 61.25863	118.60000
183.20000	118.36000	 61.16853	118.36000
183.40000	118.17000	 61.13501	118.17000
183.60000	118.08000	 61.18504	118.08000
183.80000	118.07000	 61.29490	118.07000
184.00000	118.13000	 61.44503	118.13000
184.20000	118.27000	 61.62888	118.27000
184.40000	118.56000	 61.87881	118.56000
184.60000	118.92000	 62.12972	118.92000
184.80000	119.34000	 62.36531	119.34000
185.00000	119.79000	 62.56117	119.79000
185.20000	120.31000	 62.74272	120.31000
185.40000	120.81000	 62.85442	120.81000
185.60000	121.24000	 62.87219	121.24000
185.80000	121.53000	 62.76574	121.53000
186.00000	121.45000	 62.41064	121.45000
186.20000	121.28000	 62.02224	121.28000
186.40000	121.07000	 61.66148	121.07000
186.60000	120.90000	 61.39667	120.90000
186.80000	121.09000	 61.43378	121.09000
187.00000	121.35000	 61.56302	121.35000
187.20000	121.62000	 61.71974	121.62000
187.40000	121.87000	 61.86391	121.87000
187.60000	121.87000	 61.83637	121.87000
187.80000	121.68000	 61.68182	121.68000
188.00000	121.52000	 61.55614	121.52000
188.20000	121.45000	 61.50603	121.45000
188.40000	121.69000	 61.66990	121.69000
188.60000	122.33000	 62.08417	122.33000
188.80000	123.05000	 62.50854	123.05000
189.00000	123.76000	 62.85914	123.76000
189.20000	124.30000	 63.02297	124.30000
189.40000	124.66000	 63.00313	124.66000
189.60000	124.86000	 62.83604	124.86000
189.80000	124.89000	 62.54550	124.89000
190.00000	124.45000	 61.97376	124.45000
190.20000	123.86000	 61.37209	123.86000
190.40000	123.22000	 60.84009	123.22000
190.60000	122.64000	 60.46589	122.64000
190.80000	122.61000	 60.55794	122.61000
191.00000	122.76000	 60.83678	122.76000
191.20000	122.97000	 61.17776	122.97000
191.40000	123.18000	 61.50340	123.18000
191.60000	123.24000	 61.69277	123.24000
191.80000	123.10000	 61.70900	123.10000
192.00000	122.88000	 61.64071	122.88000
192.20000	122.59000	 61.51085	122.59000
192.40000	122.23000	 61.33665	122.23000
192.60000	121.83000	 61.15318	121.83000
192.80000	121.36000	 60.95338	121.36000
193.00000	120.84000	 60.75963	120.84000
193.20000	120.20000	 60.53368	120.20000
193.40000	119.47000	 60.30167	119.47000
193.60000	118.78000	 60.15140	118.78000
193.80000	118.17000	 60.10428	118.17000
194.00000	117.80000	 60.24930	117.80000
194.20000	117.79000	 60.63604	117.79000
194.40000	117.91000	 61.07792	117.91000
194.60000	118.11000	 61.50995	118.11000
194.80000	118.34000	 61.87841	118.34000
195.00000	118.43000	 62.06635	118.43000
195.20000	118.53000	 62.17940	118.53000
195.40000	118.64000	 62.23197	118.64000
195.60000	118.77000	 62.24612	118.77000
195.80000	118.95000	 62.25539	118.95000
196.00000	119.16000	 62.25771	119.16000
196.20000	119.39000	 62.25475	119.39000
196.40000	119.65000	 62.25893	119.65000
196.60000	119.93000	 62.26749	119.93000
196.80000	120.22000	 62.27617	120.22000
197.00000	120.51000	 62.28006	120.51000
197.20000	120.78000	 62.26795	120.78000
197.40000	121.02000	 62.23599	121.02000
197.60000	121.25000	 62.20043	121.25000
197.80000	121.51000	 62.18941	121.51000
198.00000	121.80000	 62.20260	121.80000
198.20000	122.16000	 62.26285	122.16000
198.40000	122.54000	 62.33237	122.54000
198.60000	122.93000	 62.39974	122.93000
198.80000	123.35000	 62.47434	123.35000
199.00000	123.80000	 62.55324	123.80000
199.20000	124.20000	 62.58332	124.20000
199.40000	124.49000	 62.52947	124.49000
199.60000	124.57000	 62.33812	124.57000
199.80000	124.41000	 62.00981	124.41000
200.00000	124.13000	 61.64684	124.13000
200.20000	123.75000	 61.28317	123.75000
200.40000	123.30000	 60.95250	123.30000
200.60000	122.82000	 60.68715	122.82000
200.80000	122.34000	 60.50472	122.34000
201.00000	121.90000	 60.42176	121.90000
201.20000	121.62000	 60.49884	121.62000
201.40000	121.65000	 60.80536	121.65000
201.60000	121.71000	 61.12473	121.71000
201.80000	121.75000	 61.39699	121.75000
202.00000	121.72000	 61.57531	121.72000
202.20000	121.33000	 61.47422	121.33000
202.40000	120.80000	 61.25804	120.80000
202.60000	120.23000	 61.01807	120.23000
202.80000	119.67000	 60.80757	119.67000
203.00000	119.25000	 60.72107	119.25000
203.20000	118.91000	 60.71738	118.91000
203.40000	118.66000	 60.79290	118.66000
203.60000	118.50000	 60.93336	118.50000
203.80000	118.53000	 61.18622	118.53000
204.00000	118.70000	 61.49836	118.70000
204.20000	118.94000	 61.80512	118.94000
204.40000	119.25000	 62.09306	119.25000
204.60000	119.55000	 62.30403	119.55000
204.80000	119.79000	 62.40845	119.79000
205.00000	120.08000	 62.48753	120.08000
205.20000	120.44000	 62.56435	120.44000
205.40000	120.93000	 62.68446	120.93000
205.60000	121.70000	 62.94417	121.70000
205.80000	122.48000	 63.16034	122.48000
206.00000	123.19000	 63.27808	123.19000
206.20000	123.64000	 63.18331	123.64000
206.40000	123.73000	 62.83684	123.73000
206.60000	123.72000	 62.44360	123.72000
206.80000	123.67000	 62.07374	123.67000
207.00000	123.76000	 61.86130	123.76000
207.20000	123.99000	 61.80538	123.99000
207.40000	124.26000	 61.82730	124.26000
207.60000	124.55000	 61.89648	124.55000
207.80000	124.86000	 61.99609	124.86000
208.00000	125.17000	 62.09892	125.17000
208.20000	125.47000	 62.18828	125.47000
208.40000	125.71000	 62.22658	125.71000
208.60000	125.88000	 62.20815	125.88000
208.80000	125.96000	 62.12606	125.96000
209.00000	125.92000	 61.97121	125.92000
209.20000	125.76000	 61.75719	125.76000
209.40000	125.45000	 61.47986	125.45000
209.60000	124.83000	 61.05391	124.83000
209.80000	124.07000	 60.61196	124.07000
210.00000	123.24000	 60.21692	123.24000
210.20000	122.41000	 59.92148	122.41000
210.40000	121.76000	 59.83605	121.76000
210.60000	121.19000	 59.87504	121.19000
210.80000	120.68000	 59.99873	120.68000
211.00000	120.23000	 60.18042	120.23000
211.20000	119.96000	 60.47230	119.96000
211.40000	119.85000	 60.83492	119.85000
211.60000	119.72000	 61.12918	119.72000
211.80000	119.50000	 61.29982	119.50000
212.00000	119.08000	 61.28119	119.08000
212.20000	117.96000	 60.77687	117.96000
212.40000	116.80000	 60.26451	116.80000
212.60000	115.73000	 59.86830	115.73000
212.80000	114.96000	 59.73938	114.96000
213.00000	115.06000	 60.22657	115.06000
213.20000	115.40000	 60.86467	115.40000
213.40000	115.90000	 61.54332	115.90000
213.60000	116.43000	 62.13522	116.43000
213.80000	116.63000	 62.38932	116.63000
214.00000	116.80000	 62.51154	116.80000
214.20000	116.95000	 62.53157	116.95000
214.40000	117.09000	 62.48158	117.09000
214.60000	117.04000	 62.27198	117.04000
214.80000	117.10000	 62.12475	117.10000
215.00000	117.36000	 62.11321	117.36000
215.20000	118.08000	 62.40082	118.08000
215.40000	119.43000	 63.06662	119.43000
215.60000	120.87000	 63.71343	120.87000
215.80000	122.26000	 64.21640	122.26000
216.00000	123.18000	 64.29789	123.18000
216.20000	123.82000	 64.10973	123.82000
216.40000	124.18000	 63.69887	124.18000
216.60000	124.06000	 62.99180	124.06000
216.80000	123.57000	 62.12255	123.57000
217.00000	122.97000	 61.31538	122.97000
217.20000	122.41000	 60.70051	122.41000
217.40000	122.37000	 60.58833	122.37000
217.60000	122.42000	 60.66363	122.42000
217.80000	122.51000	 60.84750	122.51000
218.00000	122.58000	 61.05900	122.58000
218.20000	122.36000	 61.09468	122.36000
218.40000	122.09000	 61.10053	122.09000
218.60000	121.82000	 61.10681	121.82000
218.80000	121.57000	 61.12514	121.57000
219.00000	121.63000	 61.33748	121.63000
219.20000	121.67000	 61.51541	121.67000
219.40000	121.60000	 61.59176	121.60000
219.60000	121.27000	 61.47396	121.27000
219.80000	120.36000	 60.97898	120.36000
220.00000	119.32000	 60.44073	119.32000
220.20000	118.27000	 59.97297	118.27000
220.40000	117.41000	 59.72182	117.41000
220.60000	117.02000	 59.85793	117.02000
220.80000	116.79000	 60.14394	116.79000
221.00000	116.71000	 60.53125	116.71000
221.20000	116.73000	 60.94949	116.73000
221.40000	116.72000	 61.28667	116.72000
221.60000	116.74000	 61.56798	116.74000
221.80000	116.89000	 61.85324	116.89000
222.00000	117.22000	 62.17144	117.22000
222.20000	117.80000	 62.56219	117.80000
222.40000	118.75000	 63.09169	118.75000
222.60000	119.86000	 63.60731	119.86000
222.80000	121.09000	 64.07168	121.09000
223.00000	122.40000	 64.45614	122.40000
223.20000	123.75000	 64.74070	123.75000
223.40000	125.06000	 64.88787	125.06000
223.60000	126.30000	 64.90075	126.30000
223.80000	127.23000	 64.65516	127.23000
224.00000	127.93000	 64.24524	127.93000
224.20000	128.54000	 63.80508	128.54000
224.40000	129.09000	 63.38786	129.09000
224.60000	129.83000	 63.17344	129.83000
224.80000	130.64000	 63.08159	130.64000
225.00000	131.31000	 62.96482	131.31000
225.20000	131.76000	 62.76465	131.76000
225.40000	131.81000	 62.36923	131.81000
225.60000	131.42000	 61.77278	131.42000
225.80000	130.70000	 61.07707	130.70000
226.00000	129.63000	 60.30060	129.63000
226.20000	127.98000	 59.32641	127.98000
226.40000	125.75000	 58.19248	125.75000
226.60000	123.41000	 57.23742	123.41000
226.80000	121.14000	 56.58644	121.14000
227.00000	119.17000	 56.36432	119.17000
227.20000	118.89000	 57.39728	118.89000
227.40000	119.03000	 58.72565	119.03000
227.60000	119.45000	 60.12611	119.45000
227.80000	120.02000	 61.41661	120.02000
228.00000	120.61000	 62.45634	120.61000
228.20000	120.82000	 62.97511	120.82000
228.40000	120.49000	 62.90883	120.49000
228.60000	120.09000	 62.63597	120.09000
228.80000	119.67000	 62.26350	119.67000
229.00000	119.28000	 61.88461	119.28000
229.20000	118.99000	 61.58690	118.99000
229.40000	118.77000	 61.37372	118.77000
229.60000	118.66000	 61.27797	118.66000
229.80000	118.70000	 61.31928	118.70000
230.00000	119.10000	 61.61395	119.10000
230.20000	119.55000	 61.93034	119.55000
230.40000	119.99000	 62.20406	119.99000
230.60000	120.34000	 62.37022	120.34000
230.80000	119.99000	 62.04240	119.99000
231.00000	119.63000	 61.70404	119.63000
231.20000	119.40000	 61.47677	119.40000
231.40000	119.50000	 61.49977	119.50000
231.60000	120.56000	 62.15764	120.56000
231.80000	121.82000	 62.89953	121.82000
232.00000	123.10000	 63.55580	123.10000
232.20000	123.99000	 63.83621	123.99000
232.40000	124.52000	 63.77390	124.52000
232.60000	124.99000	 63.60078	124.99000
232.80000	125.58000	 63.47031	125.58000
233.00000	126.62000	 63.61497	126.62000
233.20000	127.58000	 63.68950	127.58000
233.40000	128.29000	 63.58623	128.29000
233.60000	128.06000	 62.88439	128.06000
233.80000	127.36000	 61.94890	127.36000
234.00000	126.55000	 61.07591	126.55000
234.20000	125.94000	 60.50289	125.94000
234.40000	126.21000	 60.66106	126.21000
234.60000	126.59000	 60.99438	126.59000
234.80000	126.95000	 61.35689	126.95000
235.00000	127.06000	 61.55606	127.06000
235.20000	126.44000	 61.27042	126.44000
235.40000	125.65000	 60.88803	125.65000
235.60000	124.76000	 60.48511	124.76000
235.80000	123.94000	 60.19331	123.94000
236.00000	123.33000	 60.10747	123.33000
236.20000	122.75000	 60.09848	122.75000
236.40000	122.20000	 60.14870	122.20000
236.60000	121.62000	 60.20231	121.62000
236.80000	120.99000	 60.23398	120.99000
237.00000	120.38000	 60.28131	120.38000
237.20000	119.82000	 60.35720	119.82000
237.40000	119.36000	 60.48643	119.36000
237.60000	119.06000	 60.69734	119.06000
237.80000	118.80000	 60.89962	118.80000
238.00000	118.56000	 61.07158	118.56000
238.20000	118.31000	 61.19087	118.31000
238.40000	117.97000	 61.20945	117.97000
238.60000	117.61000	 61.18295	117.61000
238.80000	117.23000	 61.12341	117.23000
239.00000	116.79000	 61.01694	116.79000
239.20000	116.31000	 60.88850	116.31000
239.40000	115.83000	 60.77398	115.83000
239.60000	115.35000	 60.67937	115.35000
239.80000	114.92000	 60.63862	114.92000
240.00000	114.56000	 60.66092	114.56000
240.20000	114.23000	 60.71262	114.23000
240.40000	113.94000	 60.79159	113.94000
240.60000	113.62000	 60.84503	113.62000
240.80000	113.26000	 60.86317	113.26000
241.00000	113.05000	 60.96735	113.05000
241.20000	113.08000	 61.20728	113.08000
241.40000	113.66000	 61.76179	113.66000
241.60000	114.69000	 62.52618	114.69000
241.80000	115.86000	 63.25601	115.86000
242.00000	117.05000	 63.84546	117.05000
242.20000	118.04000	 64.14781	118.04000
242.40000	118.88000	 64.21664	118.88000
242.60000	119.51000	 64.05103	119.51000
242.80000	119.69000	 63.54646	119.69000
243.00000	119.40000	 62.75478	119.40000
243.20000	119.00000	 61.97545	119.00000
243.40000	118.61000	 61.33259	118.61000
243.60000	118.80000	 61.20782	118.80000
243.80000	119.20000	 61.33237	119.20000
244.00000	119.64000	 61.55142	119.64000
244.20000	120.04000	 61.77278	120.04000
244.40000	120.07000	 61.75830	120.07000
244.60000	119.90000	 61.61754	119.90000
244.80000	119.66000	 61.44587	119.66000
245.00000	119.39000	 61.28047	119.39000
245.20000	119.33000	 61.28102	119.33000
245.40000	119.29000	 61.31685	119.29000
245.60000	119.16000	 61.30785	119.16000
245.80000	118.86000	 61.20025	118.86000
246.00000	117.99000	 60.74753	117.99000
246.20000	116.93000	 60.22740	116.93000
246.40000	115.78000	 59.73488	115.78000
246.60000	114.63000	 59.34624	114.63000
246.80000	113.78000	 59.25506	113.78000
247.00000	113.12000	 59.36621	113.12000
247.20000	112.54000	 59.57347	112.54000
247.40000	112.04000	 59.84254	112.04000
247.60000	111.60000	 60.13125	111.60000
247.80000	111.18000	 60.39206	111.18000
248.00000	110.82000	 60.63759	110.82000
248.20000	110.52000	 60.86058	110.52000
248.40000	110.29000	 61.06453	110.29000
248.60000	110.12000	 61.24302	110.12000
248.80000	110.02000	 61.40484	110.02000
249.00000	110.01000	 61.56598	110.01000
249.20000	110.08000	 61.72262	110.08000
249.40000	110.31000	 61.92769	110.31000
249.60000	110.63000	 62.13400	110.63000
249.80000	111.01000	 62.32054	111.01000
250.00000	111.41000	 62.46255	111.41000
250.20000	111.80000	 62.54565	111.80000
250.40000	112.19000	 62.58495	112.19000
250.60000	112.57000	 62.58434	112.57000
250.80000	112.89000	 62.52297	112.89000
251.00000	113.13000	 62.40136	113.13000
251.20000	113.36000	 62.27860	113.36000
251.40000	113.62000	 62.19036	113.62000
251.60000	113.94000	 62.15953	113.94000
251.80000	114.37000	 62.21516	114.37000
252.00000	114.85000	 62.30931	114.85000
252.20000	115.37000	 62.42520	115.37000
252.40000	115.92000	 62.54726	115.92000
252.60000	116.51000	 62.67489	116.51000
252.80000	117.12000	 62.79012	117.12000
253.00000	117.76000	 62.89682	117.76000
253.20000	118.46000	 63.01316	118.46000
253.40000	119.16000	 63.09966	119.16000
253.60000	119.82000	 63.13281	119.82000
253.80000	120.36000	 63.06816	120.36000
254.00000	120.75000	 62.90016	120.75000
254.20000	121.09000	 62.71111	121.09000
254.40000	121.39000	 62.52239	121.39000
254.60000	121.80000	 62.43938	121.80000
254.80000	122.25000	 62.41501	122.25000
255.00000	122.62000	 62.36581	122.62000
255.20000	122.85000	 62.25090	122.85000
255.40000	122.70000	 61.92223	122.70000
255.60000	122.19000	 61.41507	122.19000
255.80000	121.58000	 60.92634	121.58000
256.00000	120.94000	 60.52077	120.94000
256.20000	120.48000	 60.33765	120.48000
256.40000	120.26000	 60.39846	120.26000
256.60000	120.08000	 60.54215	120.08000
256.80000	119.90000	 60.71186	119.90000
257.00000	119.58000	 60.79456	119.58000
257.20000	119.07000	 60.74981	119.07000
257.40000	118.54000	 60.69116	118.54000
257.60000	118.05000	 60.66191	118.05000
257.80000	117.64000	 60.68837	117.64000
258.00000	117.69000	 61.00685	117.69000
258.20000	117.83000	 61.35259	117.83000
258.40000	117.99000	 61.65784	117.99000
258.60000	118.13000	 61.88489	118.13000
258.80000	118.01000	 61.88045	118.01000
259.00000	117.57000	 61.62730	117.57000
259.20000	117.16000	 61.38482	117.16000
259.40000	116.88000	 61.24144	116.88000
259.60000	116.95000	 61.34470	116.95000
259.80000	117.52000	 61.77234	117.52000
260.00000	118.24000	 62.26043	118.24000
260.20000	119.03000	 62.72356	119.03000
260.40000	119.75000	 63.05145	119.75000
260.60000	120.38000	 63.22918	120.38000
260.80000	120.92000	 63.26935	120.92000
261.00000	121.34000	 63.17455	121.34000
261.20000	121.42000	 62.83295	121.42000
261.40000	121.40000	 62.43874	121.40000
261.60000	121.35000	 62.07027	121.35000
261.80000	121.36000	 61.80563	121.36000
262.00000	121.71000	 61.82712	121.71000
262.20000	122.10000	 61.92124	122.10000
262.40000	122.50000	 62.04599	122.50000
262.60000	122.86000	 62.15087	122.86000
262.80000	122.96000	 62.08526	122.96000
263.00000	123.00000	 61.98400	123.00000
263.20000	123.01000	 61.87502	123.01000
263.40000	123.03000	 61.79051	123.03000
263.60000	123.21000	 61.82801	123.21000
263.80000	123.34000	 61.84473	123.34000
264.00000	123.37000	 61.80420	123.37000
264.20000	123.14000	 61.60699	123.14000
264.40000	122.52000	 61.18660	122.52000
264.60000	121.78000	 60.74584	121.78000
264.80000	120.99000	 60.35278	120.99000
265.00000	120.29000	 60.10799	120.29000
265.20000	119.82000	 60.09447	119.82000
265.40000	119.37000	 60.15353	119.37000
265.60000	118.92000	 60.24792	118.92000
265.80000	118.44000	 60.33830	118.44000
266.00000	117.76000	 60.30315	117.76000
266.20000	117.05000	 60.25236	117.05000
266.40000	116.32000	 60.19519	116.32000
266.60000	115.62000	 60.16592	115.62000
266.80000	114.98000	 60.18277	114.98000
267.00000	114.40000	 60.24089	114.40000
267.20000	113.89000	 60.33941	113.89000
267.40000	113.45000	 60.46962	113.45000
267.60000	113.12000	 60.64792	113.12000
267.80000	112.89000	 60.85735	112.89000
268.00000	112.72000	 61.06237	112.72000
268.20000	112.59000	 61.24376	112.59000
268.40000	112.35000	 61.30418	112.35000
268.60000	112.06000	 61.29142	112.06000
268.80000	111.92000	 61.34587	111.92000
269.00000	112.00000	 61.51515	112.00000
269.20000	112.47000	 61.89866	112.47000
269.40000	113.34000	 62.47712	113.34000
269.60000	114.52000	 63.15781	114.52000
269.80000	116.03000	 63.91936	116.03000
270.00000	118.30000	 65.00351	118.30000
270.20000	120.74000	 65.98535	120.74000
270.40000	122.93000	 66.57328	122.93000
270.60000	124.19000	 66.35570	124.19000
270.80000	124.30000	 65.28177	124.30000
271.00000	124.08000	 64.01225	124.08000
271.20000	123.80000	 62.83401	123.80000
271.40000	124.16000	 62.26217	124.16000
271.60000	124.50000	 61.87120	124.50000
271.80000	124.71000	 61.56924	124.71000
272.00000	124.34000	 61.04718	124.34000
272.20000	123.77000	 60.54946	123.77000
272.40000	123.17000	 60.18378	123.17000
272.60000	122.97000	 60.21010	122.97000
272.80000	123.08000	 60.52603	123.08000
273.00000	123.21000	 60.88935	123.21000
273.20000	123.26000	 61.19174	123.26000
273.40000	122.90000	 61.19861	122.90000
273.60000	122.26000	 61.00226	122.26000
273.80000	121.45000	 60.69815	121.45000
274.00000	120.50000	 60.33311	120.50000
274.20000	119.39000	 59.91934	119.39000
274.40000	118.19000	 59.52282	118.19000
274.60000	116.98000	 59.20752	116.98000
274.80000	115.78000	 58.98756	115.78000
275.00000	114.77000	 58.96903	114.77000
275.20000	113.89000	 59.08951	113.89000
275.40000	113.09000	 59.28745	113.09000
275.60000	112.37000	 59.53489	112.37000
275.80000	111.70000	 59.78892	111.70000
276.00000	110.99000	 59.97535	110.99000
276.20000	110.39000	 60.18376	110.39000
276.40000	109.91000	 60.41472	109.91000
276.60000	109.59000	 60.68760	109.59000
276.80000	109.57000	 61.08323	109.57000
277.00000	109.78000	 61.54050	109.78000
277.20000	110.12000	 61.97888	110.12000
277.40000	110.55000	 62.36308	110.55000
277.60000	111.06000	 62.68513	111.06000
277.80000	111.59000	 62.91184	111.59000
278.00000	112.06000	 63.00492	112.06000
278.20000	112.40000	 62.94117	112.40000
278.40000	112.38000	 62.60416	112.38000
278.60000	112.29000	 62.22344	112.29000
278.80000	112.18000	 61.86645	112.18000
279.00000	112.23000	 61.66973	112.23000
279.20000	112.46000	 61.64654	112.46000
279.40000	112.73000	 61.69232	112.73000
279.60000	113.04000	 61.78964	113.04000
279.80000	112.96000	 61.64906	112.96000
280.00000	112.93000	 61.55982	112.93000
280.20000	113.29000	 61.73977	113.29000
280.40000	114.60000	 62.52050	114.60000
280.60000	117.89000	 64.48291	117.89000
280.80000	121.18000	 66.21274	121.18000
281.00000	123.86000	 67.23510	123.86000
281.20000	123.69000	 66.13536	123.69000
281.40000	121.83000	 63.84982	121.83000
281.60000	119.46000	 61.37581	119.46000
281.80000	117.40000	 59.42297	117.40000
282.00000	116.70000	 58.73934	116.70000
282.20000	116.30000	 58.59164	116.30000
282.40000	116.09000	 58.81726	116.09000
282.60000	115.83000	 59.16466	115.83000
282.80000	115.53000	 59.55975	115.53000
283.00000	115.27000	 59.99300	115.27000
283.20000	115.04000	 60.41281	115.04000
283.40000	114.85000	 60.79546	114.85000
283.60000	114.69000	 61.11741	114.69000
283.80000	114.57000	 61.37885	114.57000
284.00000	114.50000	 61.58764	114.50000
284.20000	114.56000	 61.80058	114.56000
284.40000	114.65000	 61.95829	114.65000
284.60000	114.71000	 62.03075	114.71000
284.80000	114.70000	 62.00620	114.70000
285.00000	114.51000	 61.83343	114.51000
285.20000	114.24000	 61.60246	114.24000
285.40000	113.89000	 61.33713	113.89000
285.60000	113.45000	 61.05078	113.45000
285.80000	112.91000	 60.75256	112.91000
286.00000	112.35000	 60.50492	112.35000
286.20000	111.82000	 60.34286	111.82000
286.40000	111.38000	 60.29863	111.38000
286.60000	111.12000	 60.41423	111.12000
286.80000	110.92000	 60.58828	110.92000
287.00000	110.79000	 60.80411	110.79000
287.20000	110.67000	 61.00389	110.67000
287.40000	110.48000	 61.12476	110.48000
287.60000	110.41000	 61.28609	110.41000
