  0.00000	100.53000	 67.20697	100.53000
  0.20000	101.70000	 68.24262	101.70000
  0.40000	102.52000	 68.98272	102.52000
  0.60000	103.05000	 69.47045	103.05000
  0.80000	103.35000	 69.75257	103.35000
  1.00000	103.49000	 69.88674	103.49000
  1.20000	103.53000	 69.92389	103.53000
  1.40000	103.54000	 69.92412	103.54000
  1.60000	103.57000	 69.93094	103.57000
  1.80000	103.79000	 70.08747	103.79000
  2.00000	104.26000	 70.44347	104.26000
  2.20000	104.83000	 70.87191	104.83000
  2.40000	105.46000	 71.33696	105.46000
  2.60000	106.14000	 71.82783	106.14000
  2.80000	106.84000	 72.31723	106.84000
  3.00000	107.52000	 72.76993	107.52000
  3.20000	108.18000	 73.18471	108.18000
  3.40000	108.73000	 73.48600	108.73000
  3.60000	109.18000	 73.68274	109.18000
  3.80000	109.56000	 73.80152	109.56000
  4.00000	109.88000	 73.85280	109.88000
  4.20000	110.11000	 73.81410	110.11000
  4.40000	110.28000	 73.71341	110.28000
  4.60000	110.40000	 73.56223	110.40000
  4.80000	110.48000	 73.37208	110.48000
  5.00000	110.61000	 73.22096	110.61000
  5.20000	110.71000	 73.04448	110.71000
  5.40000	110.75000	 72.81976	110.75000
  5.60000	110.71000	 72.53239	110.71000
  5.80000	110.55000	 72.15159	110.55000
  6.00000	110.28000	 71.68873	110.28000
  6.20000	109.92000	 71.16384	109.92000
  6.40000	109.44000	 70.55539	109.44000
  6.60000	108.76000	 69.80046	108.76000
  6.80000	107.98000	 68.98691	107.98000
  7.00000	107.14000	 68.15244	107.14000
  7.20000	106.27000	 67.32592	106.27000
  7.40000	105.45000	 66.57712	105.45000
  7.60000	104.74000	 65.95785	104.74000
  7.80000	104.04000	 65.38506	104.04000
  8.00000	103.36000	 64.86674	103.36000
  8.20000	102.69000	 64.39372	102.69000
  8.40000	101.96000	 63.90649	101.96000
  8.60000	101.18000	 63.41246	101.18000
  8.80000	100.44000	 62.98582	100.44000
  9.00000	 99.76000	 62.64190	 99.76000
  9.20000	 99.17000	 62.40369	 99.17000
  9.40000	 98.77000	 62.35169	 98.77000
  9.60000	 98.56000	 62.48170	 98.56000
  9.80000	 98.46000	 62.72170	 98.46000
 10.00000	 98.46000	 63.05771	 98.46000
 10.20000	 98.55000	 63.47567	 98.55000
 10.40000	 98.71000	 63.95328	 98.71000
 10.60000	 98.92000	 64.46851	 98.92000
 10.80000	 99.20000	 65.03315	 99.20000
 11.00000	 99.54000	 65.63426	 99.54000
 11.20000	 99.93000	 66.25931	 99.93000
 11.40000	100.38000	 66.91285	100.38000
 11.60000	100.87000	 67.57479	100.87000
 11.80000	101.37000	 68.21720	101.37000
 12.00000	101.86000	 68.82117	101.86000
 12.20000	102.30000	 69.35190	102.30000
 12.40000	102.66000	 69.78393	102.66000
 12.60000	103.01000	 70.17615	103.01000
 12.80000	103.34000	 70.52119	103.34000
 13.00000	103.64000	 70.81203	103.64000
 13.20000	103.93000	 71.06698	103.93000
 13.40000	104.24000	 71.31282	104.24000
 13.60000	104.62000	 71.59281	104.62000
 13.80000	105.17000	 71.99130	105.17000
 14.00000	105.87000	 72.49135	105.87000
 14.20000	106.58000	 72.97518	106.58000
 14.40000	107.26000	 73.40865	107.26000
 14.60000	107.76000	 73.66669	107.76000
 14.80000	108.16000	 73.81754	108.16000
 15.00000	108.48000	 73.88033	108.48000
 15.20000	108.76000	 73.89137	108.76000
 15.40000	109.05000	 73.89532	109.05000
 15.60000	109.25000	 73.81159	109.25000
 15.80000	109.33000	 73.61830	109.33000
 16.00000	109.24000	 73.27756	109.24000
 16.20000	108.92000	 72.74404	108.92000
 16.40000	108.45000	 72.09015	108.45000
 16.60000	107.87000	 71.35531	107.87000
 16.80000	107.15000	 70.52046	107.15000
 17.00000	106.31000	 69.60822	106.31000
 17.20000	105.41000	 68.67434	105.41000
 17.40000	104.48000	 67.74883	104.48000
 17.60000	103.54000	 66.85249	103.54000
 17.80000	102.74000	 66.11336	102.74000
 18.00000	102.00000	 65.46586	102.00000
 18.20000	101.29000	 64.88493	101.29000
 18.40000	100.61000	 64.36978	100.61000
 18.60000	 99.95000	 63.91072	 99.95000
 18.80000	 99.28000	 63.48102	 99.28000
 19.00000	 98.62000	 63.09553	 98.62000
 19.20000	 98.00000	 62.77723	 98.00000
 19.40000	 97.43000	 62.53204	 97.43000
 19.60000	 96.92000	 62.36552	 96.92000
 19.80000	 96.52000	 62.31615	 96.52000
 20.00000	 96.19000	 62.34675	 96.19000
 20.20000	 95.92000	 62.44495	 95.92000
 20.40000	 95.71000	 62.60660	 95.71000
 20.60000	 95.54000	 62.81095	 95.54000
 20.80000	 95.43000	 63.07075	 95.43000
 21.00000	 95.34000	 63.34883	 95.34000
 21.20000	 95.29000	 63.65844	 95.29000
 21.40000	 95.25000	 63.97140	 95.25000
 21.60000	 95.22000	 64.28498	 95.22000
 21.80000	 95.17000	 64.57192	 95.17000
 22.00000	 95.13000	 64.85556	 95.13000
 22.20000	 95.09000	 65.12622	 95.09000
 22.40000	 95.07000	 65.39957	 95.07000
 22.60000	 95.02000	 65.63313	 95.02000
 22.80000	 94.98000	 65.85992	 94.98000
 23.00000	 94.98000	 66.10474	 94.98000
 23.20000	 95.04000	 66.38396	 95.04000
 23.40000	 95.16000	 66.69700	 95.16000
 23.60000	 95.34000	 67.04304	 95.34000
 23.80000	 95.66000	 67.48771	 95.66000
 24.00000	 96.16000	 68.06252	 96.16000
 24.20000	 96.90000	 68.81465	 96.90000
 24.40000	 98.05000	 69.88157	 98.05000
 24.60000	 99.36000	 71.04854	 99.36000
 24.80000	100.75000	 72.24245	100.75000
 25.00000	102.17000	 73.41600	102.17000
 25.20000	103.54000	 74.49803	103.54000
 25.40000	104.85000	 75.47737	104.85000
 25.60000	106.02000	 76.28607	106.02000
 25.80000	106.97000	 76.85818	106.97000
 26.00000	107.70000	 77.19667	107.70000
 26.20000	108.21000	 77.30642	108.21000
 26.40000	108.48000	 77.17721	108.48000
 26.60000	108.36000	 76.69201	108.36000
 26.80000	108.04000	 76.01921	108.04000
 27.00000	107.55000	 75.19429	107.55000
 27.20000	106.94000	 74.26924	106.94000
 27.40000	106.32000	 73.34538	106.32000
 27.60000	105.63000	 72.38090	105.63000
 27.80000	104.90000	 71.40805	104.90000
 28.00000	104.13000	 70.43299	104.13000
 28.20000	103.36000	 69.49422	103.36000
 28.40000	102.63000	 68.62900	102.63000
 28.60000	101.91000	 67.81492	101.91000
 28.80000	101.18000	 67.03692	101.18000
 29.00000	100.47000	 66.32091	100.47000
 29.20000	 99.77000	 65.65869	 99.77000
 29.40000	 99.08000	 65.04977	 99.08000
 29.60000	 98.41000	 64.50148	 98.41000
 29.80000	 97.76000	 64.01234	 97.76000
 30.00000	 97.15000	 63.59712	 97.15000
 30.20000	 96.58000	 63.25344	 96.58000
 30.40000	 96.06000	 62.98687	 96.06000
 30.60000	 95.60000	 62.80262	 95.60000
 30.80000	 95.18000	 62.68053	 95.18000
 31.00000	 94.80000	 62.61702	 94.80000
 31.20000	 94.46000	 62.60845	 94.46000
 31.40000	 94.14000	 62.63453	 94.14000
 31.60000	 93.86000	 62.70848	 93.86000
 31.80000	 93.61000	 62.81862	 93.61000
 32.00000	 93.39000	 62.96171	 93.39000
 32.20000	 93.20000	 63.13471	 93.20000
 32.40000	 93.05000	 63.34307	 93.05000
 32.60000	 92.92000	 63.56737	 92.92000
 32.80000	 92.81000	 63.80512	 92.81000
 33.00000	 92.71000	 64.04576	 92.71000
 33.20000	 92.52000	 64.20412	 92.52000
 33.40000	 92.32000	 64.34604	 92.32000
 33.60000	 92.19000	 64.53766	 92.19000
 33.80000	 92.16000	 64.80309	 92.16000
 34.00000	 92.37000	 65.25742	 92.37000
 34.20000	 92.76000	 65.84759	 92.76000
 34.40000	 93.22000	 66.47802	 93.22000
 34.60000	 93.73000	 67.12836	 93.73000
 34.80000	 94.25000	 67.76199	 94.25000
 35.00000	 94.75000	 68.35134	 94.75000
 35.20000	 95.23000	 68.89470	 95.23000
 35.40000	 95.64000	 69.34949	 95.64000
 35.60000	 95.96000	 69.69918	 95.96000
 35.80000	 96.21000	 69.96160	 96.21000
 36.00000	 96.38000	 70.13033	 96.38000
 36.20000	 96.45000	 70.19127	 96.45000
 36.40000	 96.42000	 70.14768	 96.42000
 36.60000	 96.33000	 70.03669	 96.33000
 36.80000	 96.20000	 69.87884	 96.20000
 37.00000	 96.05000	 69.69457	 96.05000
 37.20000	 95.88000	 69.48731	 95.88000
 37.40000	 95.67000	 69.24356	 95.67000
 37.60000	 95.43000	 68.97464	 95.43000
 37.80000	 95.13000	 68.65837	 95.13000
 38.00000	 94.77000	 68.29755	 94.77000
 38.20000	 94.39000	 67.92832	 94.39000
 38.40000	 94.01000	 67.56976	 94.01000
 38.60000	 93.64000	 67.23214	 93.64000
 38.80000	 93.32000	 66.95017	 93.32000
 39.00000	 93.03000	 66.70782	 93.03000
 39.20000	 92.79000	 66.52185	 92.79000
 39.40000	 92.61000	 66.40009	 92.61000
 39.60000	 92.50000	 66.34981	 92.50000
 39.80000	 92.52000	 66.41934	 92.52000
 40.00000	 92.60000	 66.54782	 92.60000
 40.20000	 92.73000	 66.72415	 92.73000
 40.40000	 92.91000	 66.94551	 92.91000
 40.60000	 93.10000	 67.17578	 93.10000
 40.80000	 93.31000	 67.42081	 93.31000
 41.00000	 93.54000	 67.67838	 93.54000
 41.20000	 93.82000	 67.97147	 93.82000
 41.40000	 94.14000	 68.28975	 94.14000
 41.60000	 94.54000	 68.66457	 94.54000
 41.80000	 94.95000	 69.03544	 94.95000
 42.00000	 95.37000	 69.40057	 95.37000
 42.20000	 95.77000	 69.73355	 95.77000
 42.40000	 96.10000	 69.99186	 96.10000
 42.60000	 96.39000	 70.20052	 96.39000
 42.80000	 96.66000	 70.37671	 96.66000
 43.00000	 96.88000	 70.49625	 96.88000
 43.20000	 97.07000	 70.57704	 97.07000
 43.40000	 97.21000	 70.60388	 97.21000
 43.60000	 97.32000	 70.59520	 97.32000
 43.80000	 97.36000	 70.51955	 97.36000
 44.00000	 97.28000	 70.33755	 97.28000
 44.20000	 97.19000	 70.14374	 97.19000
 44.40000	 97.16000	 69.99904	 97.16000
 44.60000	 97.23000	 69.93846	 97.23000
 44.80000	 97.55000	 70.08752	 97.55000
 45.00000	 97.95000	 70.30306	 97.95000
 45.20000	 98.43000	 70.58308	 98.43000
 45.40000	 98.95000	 70.89196	 98.95000
 45.60000	 99.49000	 71.21081	 99.49000
 45.80000	100.04000	 71.52930	100.04000
 46.00000	100.58000	 71.82915	100.58000
 46.20000	101.01000	 72.02588	101.01000
 46.40000	101.40000	 72.17781	101.40000
 46.60000	101.80000	 72.32708	101.80000
 46.80000	102.24000	 72.49912	102.24000
 47.00000	102.89000	 72.83565	102.89000
 47.20000	103.54000	 73.16031	103.54000
 47.40000	104.14000	 73.43035	104.14000
 47.60000	104.56000	 73.53711	104.56000
 47.80000	104.72000	 73.41531	104.72000
 48.00000	104.75000	 73.17659	104.75000
 48.20000	104.66000	 72.83333	104.66000
 48.40000	104.49000	 72.42328	104.49000
 48.60000	104.23000	 71.94252	104.23000
 48.80000	103.92000	 71.42880	103.92000
 49.00000	103.54000	 70.86948	103.54000
 49.20000	103.14000	 70.31004	103.14000
 49.40000	102.70000	 69.73706	102.70000
 49.60000	102.26000	 69.18666	102.26000
 49.80000	101.82000	 68.66096	101.82000
 50.00000	101.40000	 68.17815	101.40000
 50.20000	101.06000	 67.78900	101.06000
 50.40000	100.79000	 67.48492	100.79000
 50.60000	100.57000	 67.24815	100.57000
 50.80000	100.37000	 67.05206	100.37000
 51.00000	100.20000	 66.90318	100.20000
 51.20000	 99.98000	 66.73288	 99.98000
 51.40000	 99.77000	 66.58961	 99.77000
 51.60000	 99.61000	 66.50512	 99.61000
 51.80000	 99.51000	 66.48582	 99.51000
 52.00000	 99.52000	 66.57106	 99.52000
 52.20000	 99.70000	 66.80783	 99.70000
 52.40000	 99.97000	 67.12547	 99.97000
 52.60000	100.30000	 67.49481	100.30000
 52.80000	100.68000	 67.90345	100.68000
 53.00000	101.17000	 68.39755	101.17000
 53.20000	101.67000	 68.88977	101.67000
 53.40000	102.13000	 69.33511	102.13000
 53.60000	102.51000	 69.69789	102.51000
 53.80000	102.61000	 69.81041	102.61000
 54.00000	102.54000	 69.76582	102.54000
 54.20000	102.39000	 69.64194	102.39000
 54.40000	102.21000	 69.48365	102.21000
 54.60000	102.06000	 69.34399	102.06000
 54.80000	101.96000	 69.24202	101.96000
 55.00000	101.89000	 69.16274	101.89000
 55.20000	101.90000	 69.14898	101.90000
 55.40000	102.03000	 69.23438	102.03000
 55.60000	102.29000	 69.42655	102.29000
 55.80000	102.61000	 69.66555	102.61000
 56.00000	102.99000	 69.94952	102.99000
 56.20000	103.40000	 70.25148	103.40000
 56.40000	103.82000	 70.55290	103.82000
 56.60000	104.26000	 70.86057	104.26000
 56.80000	104.68000	 71.13980	104.68000
 57.00000	105.08000	 71.38976	105.08000
 57.20000	105.44000	 71.59339	105.44000
 57.40000	105.72000	 71.71750	105.72000
 57.60000	105.92000	 71.76301	105.92000
 57.80000	105.96000	 71.66489	105.96000
 58.00000	105.89000	 71.46753	105.89000
 58.20000	105.71000	 71.17426	105.71000
 58.40000	105.41000	 70.78052	105.41000
 58.60000	104.95000	 70.25717	104.95000
 58.80000	104.42000	 69.68396	104.42000
 59.00000	103.84000	 69.08207	103.84000
 59.20000	103.26000	 68.49723	103.26000
 59.40000	102.74000	 67.98266	102.74000
 59.60000	102.26000	 67.52371	102.26000
 59.80000	101.84000	 67.13816	101.84000
 60.00000	101.50000	 66.84284	101.50000
 60.20000	101.28000	 66.67030	101.28000
 60.40000	101.32000	 66.73522	101.32000
 60.60000	101.42000	 66.86707	101.42000
 60.80000	101.56000	 67.04513	101.56000
 61.00000	101.70000	 67.23222	101.70000
 61.20000	101.74000	 67.34171	101.74000
 61.40000	101.65000	 67.34653	101.65000
 61.60000	101.53000	 67.32925	101.53000
 61.80000	101.41000	 67.31449	101.41000
 62.00000	101.30000	 67.31023	101.30000
 62.20000	101.25000	 67.35770	101.25000
 62.40000	101.21000	 67.41441	101.21000
 62.60000	101.17000	 67.47124	101.17000
 62.80000	101.13000	 67.52749	101.13000
 63.00000	101.08000	 67.57427	101.08000
 63.20000	101.02000	 67.61119	101.02000
 63.40000	100.93000	 67.62138	100.93000
 63.60000	100.83000	 67.62158	100.83000
 63.80000	100.69000	 67.58696	100.69000
 64.00000	100.52000	 67.52636	100.52000
 64.20000	100.31000	 67.43210	100.31000
 64.40000	100.06000	 67.30511	100.06000
 64.60000	 99.72000	 67.10483	 99.72000
 64.80000	 99.28000	 66.82457	 99.28000
 65.00000	 98.83000	 66.54147	 98.83000
 65.20000	 98.40000	 66.28235	 98.40000
 65.40000	 98.03000	 66.08185	 98.03000
 65.60000	 97.78000	 65.99044	 97.78000
 65.80000	 97.63000	 65.99080	 97.63000
 66.00000	 97.57000	 66.07312	 97.57000
 66.20000	 97.61000	 66.24365	 97.61000
 66.40000	 97.79000	 66.53307	 97.79000
 66.60000	 98.07000	 66.90467	 98.07000
 66.80000	 98.46000	 67.36308	 98.46000
 67.00000	 98.95000	 67.89601	 98.95000
 67.20000	 99.59000	 68.54104	 99.59000
 67.40000	100.31000	 69.23533	100.31000
 67.60000	101.05000	 69.92463	101.05000
 67.80000	101.77000	 70.57210	101.77000
 68.00000	102.41000	 71.12524	102.41000
 68.20000	102.99000	 71.59954	102.99000
 68.40000	103.50000	 71.98652	103.50000
 68.60000	103.94000	 72.28693	103.94000
 68.80000	104.28000	 72.47734	104.28000
 69.00000	104.50000	 72.54353	104.50000
 69.20000	104.61000	 72.49712	104.61000
 69.40000	104.47000	 72.22546	104.47000
 69.60000	104.21000	 71.84238	104.21000
 69.80000	103.87000	 71.38702	103.87000
 70.00000	103.47000	 70.88165	103.47000
 70.20000	103.13000	 70.43143	103.13000
 70.40000	102.78000	 69.98194	102.78000
 70.60000	102.43000	 69.54473	102.43000
 70.80000	102.07000	 69.11404	102.07000
 71.00000	101.71000	 68.70031	101.71000
 71.20000	101.35000	 68.30511	101.35000
 71.40000	101.00000	 67.93789	101.00000
 71.60000	100.66000	 67.59929	100.66000
 71.80000	100.35000	 67.30619	100.35000
 72.00000	100.04000	 67.03335	100.04000
 72.20000	 99.77000	 66.81360	 99.77000
 72.40000	 99.54000	 66.64601	 99.54000
 72.60000	 99.37000	 66.54590	 99.37000
 72.80000	 99.27000	 66.51979	 99.27000
 73.00000	 99.29000	 66.60702	 99.29000
 73.20000	 99.37000	 66.75457	 99.37000
 73.40000	 99.53000	 66.97590	 99.53000
 73.60000	 99.74000	 67.24258	 99.74000
 73.80000	100.04000	 67.58459	100.04000
 74.00000	100.40000	 67.97336	100.40000
 74.20000	100.80000	 68.38877	100.80000
 74.40000	101.21000	 68.80266	101.21000
 74.60000	101.62000	 69.20404	101.62000
 74.80000	102.03000	 69.59083	102.03000
 75.00000	102.40000	 69.92812	102.40000
 75.20000	102.69000	 70.18174	102.69000
 75.40000	102.87000	 70.32688	102.87000
 75.60000	102.82000	 70.26483	102.82000
 75.80000	102.70000	 70.13193	102.70000
 76.00000	102.56000	 69.97318	102.56000
 76.20000	102.46000	 69.84161	102.46000
 76.40000	102.52000	 69.83948	102.52000
 76.60000	102.60000	 69.85089	102.60000
 76.80000	102.70000	 69.87629	102.70000
 77.00000	102.78000	 69.88259	102.78000
 77.20000	102.76000	 69.80356	102.76000
 77.40000	102.76000	 69.74032	102.76000
 77.60000	102.81000	 69.71868	102.81000
 77.80000	102.96000	 69.78058	102.96000
 78.00000	103.27000	 69.97537	103.27000
 78.20000	103.66000	 70.23464	103.66000
 78.40000	104.12000	 70.54787	104.12000
 78.60000	104.63000	 70.89605	104.63000
 78.80000	105.18000	 71.26853	105.18000
 79.00000	105.76000	 71.65476	105.76000
 79.20000	106.35000	 72.03614	106.35000
 79.40000	106.97000	 72.42771	106.97000
 79.60000	107.56000	 72.77809	107.56000
 79.80000	108.12000	 73.08648	108.12000
 80.00000	108.62000	 73.32770	108.62000
 80.20000	109.06000	 73.50225	109.06000
 80.40000	109.37000	 73.55295	109.37000
 80.60000	109.51000	 73.44867	109.51000
 80.80000	109.34000	 73.07625	109.34000
 81.00000	108.93000	 72.49951	108.93000
 81.20000	108.36000	 71.79180	108.36000
 81.40000	107.65000	 70.97672	107.65000
 81.60000	106.84000	 70.09451	106.84000
 81.80000	105.94000	 69.15998	105.94000
 82.00000	104.98000	 68.20405	104.98000
 82.20000	104.00000	 67.26523	104.00000
 82.40000	103.05000	 66.38933	103.05000
 82.60000	102.15000	 65.59584	102.15000
 82.80000	101.27000	 64.86129	101.27000
 83.00000	100.41000	 64.18635	100.41000
 83.20000	 99.58000	 63.57924	 99.58000
 83.40000	 98.81000	 63.06413	 98.81000
 83.60000	 98.09000	 62.63106	 98.09000
 83.80000	 97.40000	 62.26114	 97.40000
 84.00000	 96.75000	 61.96011	 96.75000
 84.20000	 96.13000	 61.71678	 96.13000
 84.40000	 95.52000	 61.51145	 95.52000
 84.60000	 94.92000	 61.34114	 94.92000
 84.80000	 94.37000	 61.23628	 94.37000
 85.00000	 93.86000	 61.18544	 93.86000
 85.20000	 93.40000	 61.19377	 93.40000
 85.40000	 93.01000	 61.27464	 93.01000
 85.60000	 92.70000	 61.43287	 92.70000
 85.80000	 92.44000	 61.63974	 92.44000
 86.00000	 92.24000	 61.89994	 92.24000
 86.20000	 92.08000	 62.19322	 92.08000
 86.40000	 91.97000	 62.52454	 91.97000
 86.60000	 91.89000	 62.87405	 91.89000
 86.80000	 91.86000	 63.25552	 91.86000
 87.00000	 91.85000	 63.64124	 91.85000
 87.20000	 91.87000	 64.03723	 91.87000
 87.40000	 91.89000	 64.41645	 91.89000
 87.60000	 91.93000	 64.79402	 91.93000
 87.80000	 91.98000	 65.16035	 91.98000
 88.00000	 92.06000	 65.53118	 92.06000
 88.20000	 92.17000	 65.90571	 92.17000
 88.40000	 92.30000	 66.27492	 92.30000
 88.60000	 92.46000	 66.64663	 92.46000
 88.80000	 92.64000	 67.01210	 92.64000
 89.00000	 92.83000	 67.36274	 92.83000
 89.20000	 92.98000	 67.65685	 92.98000
 89.40000	 93.18000	 67.96992	 93.18000
 89.60000	 93.48000	 68.34388	 93.48000
 89.80000	 93.91000	 68.80339	 93.91000
 90.00000	 94.59000	 69.44727	 94.59000
 90.20000	 95.39000	 70.16450	 95.39000
 90.40000	 96.27000	 70.91877	 96.27000
 90.60000	 97.23000	 71.70720	 97.23000
 90.80000	 98.22000	 72.48543	 98.22000
 91.00000	 99.20000	 73.21801	 99.20000
 91.20000	100.12000	 73.86196	100.12000
 91.40000	100.82000	 74.28388	100.82000
 91.60000	101.41000	 74.57747	101.41000
 91.80000	101.94000	 74.78745	101.94000
 92.00000	102.43000	 74.93395	102.43000
 92.20000	102.92000	 75.05388	102.92000
 92.40000	103.39000	 75.13390	103.39000
 92.60000	103.85000	 75.18555	103.85000
 92.80000	104.34000	 75.24517	104.34000
 93.00000	104.82000	 75.28191	104.82000
 93.20000	105.26000	 75.27314	105.26000
 93.40000	105.63000	 75.19629	105.63000
 93.60000	105.83000	 74.97085	105.83000
 93.80000	105.92000	 74.65055	105.92000
 94.00000	105.92000	 74.25621	105.92000
 94.20000	105.85000	 73.80870	105.85000
 94.40000	105.69000	 73.29546	105.69000
 94.60000	105.47000	 72.74554	105.47000
 94.80000	105.19000	 72.16275	105.19000
 95.00000	104.87000	 71.56724	104.87000
 95.20000	104.50000	 70.95374	104.50000
 95.40000	104.08000	 70.32496	104.08000
 95.60000	103.67000	 69.73329	103.67000
 95.80000	103.28000	 69.18868	103.28000
 96.00000	102.95000	 68.72533	102.95000
 96.20000	102.79000	 68.43471	102.79000
 96.40000	102.70000	 68.23171	102.70000
 96.60000	102.67000	 68.10554	102.67000
 96.80000	102.70000	 68.05332	102.70000
 97.00000	102.77000	 68.05521	102.77000
 97.20000	102.88000	 68.10799	102.88000
 97.40000	103.02000	 68.20005	103.02000
 97.60000	103.20000	 68.33658	103.20000
 97.80000	103.41000	 68.50615	103.41000
 98.00000	103.66000	 68.71412	103.66000
 98.20000	103.93000	 68.94096	103.93000
 98.40000	104.21000	 69.17573	104.21000
 98.60000	104.47000	 69.39116	104.47000
 98.80000	104.66000	 69.54391	104.66000
 99.00000	104.83000	 69.67477	104.83000
 99.20000	104.99000	 69.79162	104.99000
 99.40000	105.16000	 69.91085	105.16000
 99.60000	105.40000	 70.08220	105.40000
 99.80000	105.66000	 70.26334	105.66000
100.00000	105.90000	 70.42027	105.90000
100.20000	106.11000	 70.54435	106.11000
100.40000	106.30000	 70.64395	106.30000
100.60000	106.41000	 70.66942	106.41000
100.80000	106.41000	 70.59680	106.41000
101.00000	106.20000	 70.34462	106.20000
101.20000	105.81000	 69.94123	105.81000
101.40000	105.30000	 69.44089	105.30000
101.60000	104.69000	 68.86487	104.69000
101.80000	103.94000	 68.18448	103.94000
102.00000	103.20000	 67.52955	103.20000
102.20000	102.57000	 66.98721	102.57000
102.40000	102.31000	 66.77609	102.31000
102.60000	102.35000	 66.83635	102.35000
102.80000	102.47000	 66.98074	102.47000
103.00000	102.59000	 67.13841	102.59000
103.20000	102.45000	 67.08911	102.45000
103.40000	102.26000	 67.00663	102.26000
103.60000	102.04000	 66.90701	102.04000
103.80000	101.85000	 66.83989	101.85000
104.00000	101.68000	 66.79632	101.68000
104.20000	101.48000	 66.73391	101.48000
104.40000	101.25000	 66.65218	101.25000
104.60000	100.91000	 66.48433	100.91000
104.80000	100.52000	 66.28099	100.52000
105.00000	100.07000	 66.03476	100.07000
105.20000	 99.60000	 65.78014	 99.60000
105.40000	 99.14000	 65.54321	 99.14000
105.60000	 98.63000	 65.27472	 98.63000
105.80000	 98.04000	 64.95060	 98.04000
106.00000	 97.36000	 64.56383	 97.36000
106.20000	 96.41000	 63.96625	 96.41000
106.40000	 95.39000	 63.32793	 95.39000
106.60000	 94.33000	 62.67720	 94.33000
106.80000	 93.25000	 62.03367	 93.25000
107.00000	 92.25000	 61.48296	 92.25000
107.20000	 91.33000	 61.02612	 91.33000
107.40000	 90.47000	 60.64640	 90.47000
107.60000	 89.67000	 60.34294	 89.67000
107.80000	 88.97000	 60.14750	 88.97000
108.00000	 88.41000	 60.09102	 88.41000
108.20000	 87.94000	 60.12843	 87.94000
108.40000	 87.56000	 60.25589	 87.56000
108.60000	 87.28000	 60.47758	 87.28000
108.80000	 87.08000	 60.77241	 87.08000
109.00000	 86.94000	 61.11923	 86.94000
109.20000	 86.92000	 61.56372	 86.92000
109.40000	 87.02000	 62.10129	 87.02000
109.60000	 87.25000	 62.73548	 87.25000
109.80000	 87.72000	 63.55292	 87.72000
110.00000	 88.32000	 64.45600	 88.32000
110.20000	 89.01000	 65.40554	 89.01000
110.40000	 89.80000	 66.40447	 89.80000
110.60000	 90.71000	 67.46446	 90.71000
110.80000	 91.65000	 68.50579	 91.65000
111.00000	 92.57000	 69.48305	 92.57000
111.20000	 93.43000	 70.36044	 93.43000
111.40000	 94.06000	 70.99534	 94.06000
111.60000	 94.58000	 71.48928	 94.58000
111.80000	 95.02000	 71.87003	 95.02000
112.00000	 95.40000	 72.15780	 95.40000
112.20000	 95.72000	 72.35654	 95.72000
112.40000	 96.00000	 72.48716	 96.00000
112.60000	 96.26000	 72.57063	 96.26000
112.80000	 96.51000	 72.61939	 96.51000
113.00000	 96.87000	 72.73725	 96.87000
113.20000	 97.19000	 72.80186	 97.19000
113.40000	 97.46000	 72.80762	 97.46000
113.60000	 97.65000	 72.73246	 97.65000
113.80000	 97.56000	 72.41311	 97.56000
114.00000	 97.38000	 72.01297	 97.38000
114.20000	 97.14000	 71.56221	 97.14000
114.40000	 96.89000	 71.10736	 96.89000
114.60000	 96.71000	 70.71916	 96.71000
114.80000	 96.57000	 70.37545	 96.57000
115.00000	 96.49000	 70.09480	 96.49000
115.20000	 96.46000	 69.86985	 96.46000
115.40000	 96.54000	 69.75081	 96.54000
115.60000	 96.72000	 69.72848	 96.72000
115.80000	 96.95000	 69.75952	 96.95000
116.00000	 97.21000	 69.82529	 97.21000
116.20000	 97.47000	 69.89878	 97.47000
116.40000	 97.73000	 69.97819	 97.73000
116.60000	 98.00000	 70.07029	 98.00000
116.80000	 98.29000	 70.18193	 98.29000
117.00000	 98.56000	 70.27839	 98.56000
117.20000	 98.86000	 70.40024	 98.86000
117.40000	 99.19000	 70.54635	 99.19000
117.60000	 99.58000	 70.74050	 99.58000
117.80000	100.16000	 71.08945	100.16000
118.00000	100.76000	 71.44885	100.76000
118.20000	101.33000	 71.77462	101.33000
118.40000	101.78000	 71.99010	101.78000
118.60000	102.06000	 72.05330	102.06000
118.80000	102.21000	 71.99879	102.21000
119.00000	102.25000	 71.84547	102.25000
119.20000	102.14000	 71.56289	102.14000
119.40000	101.88000	 71.15477	101.88000
119.60000	101.53000	 70.67546	101.53000
119.80000	101.11000	 70.14600	101.11000
120.00000	100.64000	 69.58726	100.64000
120.20000	100.13000	 69.01135	100.13000
120.40000	 99.62000	 68.45495	 99.62000
120.60000	 99.11000	 67.92067	 99.11000
120.80000	 98.64000	 67.44378	 98.64000
121.00000	 98.27000	 67.07530	 98.27000
121.20000	 98.02000	 66.83164	 98.02000
121.40000	 97.83000	 66.66139	 97.83000
121.60000	 97.68000	 66.54589	 97.68000
121.80000	 97.57000	 66.48290	 97.57000
122.00000	 97.42000	 66.40338	 97.42000
122.20000	 97.22000	 66.29708	 97.22000
122.40000	 97.07000	 66.24593	 97.07000
122.60000	 97.02000	 66.28986	 97.02000
122.80000	 97.08000	 66.43479	 97.08000
123.00000	 97.43000	 66.82759	 97.43000
123.20000	 98.03000	 67.42990	 98.03000
123.40000	 98.72000	 68.10216	 98.72000
123.60000	 99.46000	 68.80504	 99.46000
123.80000	100.19000	 69.48321	100.19000
124.00000	100.81000	 70.04914	100.81000
124.20000	101.35000	 70.52538	101.35000
124.40000	101.81000	 70.91078	101.81000
124.60000	102.18000	 71.19701	102.18000
124.80000	102.35000	 71.29345	102.35000
125.00000	102.35000	 71.22785	102.35000
125.20000	102.27000	 71.07911	102.27000
125.40000	102.15000	 70.88473	102.15000
125.60000	102.03000	 70.68199	102.03000
125.80000	101.94000	 70.49935	101.94000
126.00000	101.89000	 70.34784	101.89000
126.20000	101.89000	 70.23775	101.89000
126.40000	101.96000	 70.18701	101.96000
126.60000	102.24000	 70.31265	102.24000
126.80000	102.58000	 70.48839	102.58000
127.00000	102.95000	 70.68760	102.95000
127.20000	103.31000	 70.87533	103.31000
127.40000	103.57000	 70.97539	103.57000
127.60000	103.78000	 71.02925	103.78000
127.80000	103.97000	 71.06221	103.97000
128.00000	104.13000	 71.06641	104.13000
128.20000	104.23000	 71.01758	104.23000
128.40000	104.33000	 70.96679	104.33000
128.60000	104.46000	 70.93999	104.46000
128.80000	104.66000	 70.97106	104.66000
129.00000	105.12000	 71.21813	105.12000
129.20000	105.63000	 71.50409	105.63000
129.40000	106.12000	 71.76838	106.12000
129.60000	106.50000	 71.93439	106.50000
129.80000	106.63000	 71.88509	106.63000
130.00000	106.64000	 71.73052	106.64000
130.20000	106.52000	 71.46494	106.52000
130.40000	106.28000	 71.09992	106.28000
130.60000	105.89000	 70.61424	105.89000
130.80000	105.42000	 70.07054	105.42000
131.00000	104.87000	 69.47305	104.87000
131.20000	104.25000	 68.83418	104.25000
131.40000	103.57000	 68.16611	103.57000
131.60000	102.88000	 67.51395	102.88000
131.80000	102.20000	 66.89714	102.20000
132.00000	101.57000	 66.35091	101.57000
132.20000	101.10000	 65.96777	101.10000
132.40000	100.74000	 65.70518	100.74000
132.60000	100.44000	 65.51951	100.44000
132.80000	100.22000	 65.42494	100.22000
133.00000	100.06000	 65.40179	100.06000
133.20000	 99.91000	 65.40516	 99.91000
133.40000	 99.81000	 65.46529	 99.81000
133.60000	 99.79000	 65.60402	 99.79000
133.80000	 99.86000	 65.82624	 99.86000
134.00000	100.03000	 66.13652	100.03000
134.20000	100.42000	 66.63076	100.42000
134.40000	100.90000	 67.19546	100.90000
134.60000	101.45000	 67.80886	101.45000
134.80000	102.04000	 68.44120	102.04000
135.00000	102.65000	 69.07165	102.65000
135.20000	103.28000	 69.69670	103.28000
135.40000	103.86000	 70.25519	103.86000
135.60000	104.36000	 70.72044	104.36000
135.80000	104.74000	 71.05865	104.74000
136.00000	104.79000	 71.09581	104.79000
136.20000	104.70000	 70.99394	104.70000
136.40000	104.52000	 70.79926	104.52000
136.60000	104.31000	 70.56654	104.31000
136.80000	104.18000	 70.39183	104.18000
137.00000	104.13000	 70.27830	104.13000
137.20000	104.07000	 70.15309	104.07000
137.40000	104.00000	 70.01804	104.00000
137.60000	103.87000	 69.83320	103.87000
137.80000	103.59000	 69.52552	103.59000
138.00000	103.29000	 69.20609	103.29000
138.20000	103.01000	 68.91068	103.01000
138.40000	102.79000	 68.67448	102.79000
138.60000	102.72000	 68.57337	102.72000
138.80000	102.76000	 68.57350	102.76000
139.00000	102.88000	 68.64839	102.88000
139.20000	103.08000	 68.79605	103.08000
139.40000	103.43000	 69.07234	103.43000
139.60000	103.84000	 69.39898	103.84000
139.80000	104.26000	 69.73105	104.26000
140.00000	104.65000	 70.03239	104.65000
140.20000	104.84000	 70.15938	104.84000
140.40000	104.95000	 70.21194	104.95000
140.60000	105.02000	 70.22413	105.02000
140.80000	105.06000	 70.20532	105.06000
141.00000	105.13000	 70.20668	105.13000
141.20000	105.21000	 70.21236	105.21000
141.40000	105.29000	 70.21466	105.29000
141.60000	105.41000	 70.24750	105.41000
141.80000	105.68000	 70.40264	105.68000
142.00000	105.92000	 70.52914	105.92000
142.20000	106.09000	 70.59309	106.09000
142.40000	106.11000	 70.52800	106.11000
142.60000	105.75000	 70.14372	105.75000
142.80000	105.25000	 69.64447	105.25000
143.00000	104.63000	 69.05173	104.63000
143.20000	103.93000	 68.40378	103.93000
143.40000	103.20000	 67.74699	103.20000
143.60000	102.47000	 67.11040	102.47000
143.80000	101.73000	 66.48886	101.73000
144.00000	101.03000	 65.92654	101.03000
144.20000	100.38000	 65.43324	100.38000
144.40000	 99.93000	 65.13443	 99.93000
144.60000	 99.55000	 64.92032	 99.55000
144.80000	 99.24000	 64.78878	 99.24000
145.00000	 99.00000	 64.73713	 99.00000
145.20000	 98.82000	 64.75400	 98.82000
145.40000	 98.60000	 64.75282	 98.60000
145.60000	 98.46000	 64.83093	 98.46000
145.80000	 98.42000	 65.00199	 98.42000
146.00000	 98.50000	 65.27918	 98.50000
146.20000	 98.74000	 65.69184	 98.74000
146.40000	 99.39000	 66.44344	 99.39000
146.60000	100.16000	 67.28517	100.16000
146.80000	101.01000	 68.17663	101.01000
147.00000	101.88000	 69.06145	101.88000
147.20000	102.71000	 69.88433	102.71000
147.40000	103.42000	 70.57482	103.42000
147.60000	104.05000	 71.16437	104.05000
147.80000	104.59000	 71.64412	104.59000
148.00000	105.02000	 71.99809	105.02000
148.20000	105.13000	 72.05329	105.13000
148.40000	105.12000	 71.98085	105.12000
148.60000	105.05000	 71.83591	105.05000
148.80000	104.96000	 71.65687	104.96000
149.00000	104.99000	 71.56496	104.99000
149.20000	105.22000	 71.62988	105.22000
149.40000	105.45000	 71.68610	105.45000
149.60000	105.66000	 71.71794	105.66000
149.80000	105.83000	 71.70980	105.83000
150.00000	105.74000	 71.47978	105.74000
150.20000	105.58000	 71.18941	105.58000
150.40000	105.42000	 70.90038	105.42000
150.60000	105.27000	 70.62386	105.27000
150.80000	105.25000	 70.46204	105.25000
151.00000	105.32000	 70.38237	105.32000
151.20000	105.46000	 70.36800	105.46000
151.40000	105.67000	 70.41812	105.67000
151.60000	105.99000	 70.56469	105.99000
151.80000	106.39000	 70.78064	106.39000
152.00000	106.82000	 71.02187	106.82000
152.20000	107.24000	 71.25275	107.24000
152.40000	107.58000	 71.41313	107.58000
152.60000	107.87000	 71.52716	107.87000
152.80000	108.12000	 71.60290	108.12000
153.00000	108.33000	 71.64053	108.33000
153.20000	108.52000	 71.65724	108.52000
153.40000	108.67000	 71.63705	108.67000
153.60000	108.76000	 71.56422	108.76000
153.80000	108.79000	 71.44007	108.79000
154.00000	108.75000	 71.25789	108.75000
154.20000	108.62000	 71.00296	108.62000
154.40000	108.39000	 70.66932	108.39000
154.60000	108.06000	 70.25973	108.06000
154.80000	107.50000	 69.66901	107.50000
155.00000	106.85000	 69.01814	106.85000
155.20000	106.15000	 68.34469	106.15000
155.40000	105.44000	 67.68579	105.44000
155.60000	104.84000	 67.14439	104.84000
155.80000	104.29000	 66.67189	104.29000
156.00000	103.76000	 66.24372	103.76000
156.20000	103.24000	 65.85145	103.24000
156.40000	102.73000	 65.49459	102.73000
156.60000	102.16000	 65.11405	102.16000
156.80000	101.61000	 64.77600	101.61000
157.00000	101.09000	 64.48792	101.09000
157.20000	100.61000	 64.25690	100.61000
157.40000	100.20000	 64.10630	100.20000
157.60000	 99.90000	 64.06721	 99.90000
157.80000	 99.68000	 64.11167	 99.68000
158.00000	 99.53000	 64.22798	 99.53000
158.20000	 99.47000	 64.42923	 99.47000
158.40000	 99.49000	 64.70323	 99.49000
158.60000	 99.70000	 65.13759	 99.70000
158.80000	 99.98000	 65.62742	 99.98000
159.00000	100.30000	 66.14303	100.30000
159.20000	100.64000	 66.66352	100.64000
159.40000	100.95000	 67.14368	100.95000
159.60000	101.16000	 67.52258	101.16000
159.80000	101.34000	 67.85737	101.34000
160.00000	101.49000	 68.14752	101.49000
160.20000	101.62000	 68.40139	101.62000
160.40000	101.74000	 68.62770	101.74000
160.60000	101.84000	 68.81877	101.84000
160.80000	101.92000	 68.97551	101.92000
161.00000	101.96000	 69.08239	101.96000
161.20000	101.92000	 69.10757	101.92000
161.40000	101.82000	 69.06977	101.82000
161.60000	101.73000	 69.02967	101.73000
161.80000	101.67000	 69.00595	101.67000
162.00000	101.72000	 69.06679	101.72000
162.20000	101.88000	 69.21269	101.88000
162.40000	102.10000	 69.40157	102.10000
162.60000	102.37000	 69.62432	102.37000
162.80000	102.70000	 69.88826	102.70000
163.00000	103.06000	 70.16719	103.06000
163.20000	103.43000	 70.44327	103.43000
163.40000	103.79000	 70.69889	103.79000
163.60000	104.09000	 70.89183	104.09000
163.80000	104.34000	 71.03056	104.34000
164.00000	104.55000	 71.12409	104.55000
164.20000	104.72000	 71.17346	104.72000
164.40000	104.81000	 71.14668	104.81000
164.60000	104.86000	 71.07894	104.86000
164.80000	104.88000	 70.98058	104.88000
165.00000	104.90000	 70.87857	104.90000
165.20000	104.98000	 70.82461	104.98000
165.40000	105.07000	 70.77803	105.07000
165.60000	105.15000	 70.72293	105.15000
165.80000	105.20000	 70.64336	105.20000
166.00000	105.19000	 70.51520	105.19000
166.20000	105.12000	 70.33963	105.12000
166.40000	105.00000	 70.12646	105.00000
166.60000	104.81000	 69.86065	104.81000
166.80000	104.54000	 69.53575	104.54000
167.00000	104.14000	 69.11229	104.14000
167.20000	103.69000	 68.65968	103.69000
167.40000	103.21000	 68.19720	103.21000
167.60000	102.73000	 67.75213	102.73000
167.80000	102.27000	 67.34285	102.27000
168.00000	101.86000	 66.99545	101.86000
168.20000	101.48000	 66.69354	101.48000
168.40000	101.16000	 66.46187	101.16000
168.60000	100.90000	 66.29949	100.90000
168.80000	100.74000	 66.23823	100.74000
169.00000	100.69000	 66.28413	100.69000
169.20000	100.71000	 66.40086	100.71000
169.40000	100.81000	 66.59350	100.81000
169.60000	100.98000	 66.85022	100.98000
169.80000	101.24000	 67.18406	101.24000
170.00000	101.57000	 67.57456	101.57000
170.20000	101.96000	 68.00965	101.96000
170.40000	102.40000	 68.47737	102.40000
170.60000	102.89000	 68.97437	102.89000
170.80000	103.44000	 69.50587	103.44000
171.00000	104.02000	 70.04396	104.02000
171.20000	104.61000	 70.56945	104.61000
171.40000	105.20000	 71.07205	105.20000
171.60000	105.76000	 71.52536	105.76000
171.80000	106.26000	 71.90373	106.26000
172.00000	106.71000	 72.21571	106.71000
172.20000	107.12000	 72.47048	107.12000
172.40000	107.46000	 72.64440	107.46000
172.60000	107.72000	 72.73108	107.72000
172.80000	107.90000	 72.73306	107.90000
173.00000	108.01000	 72.66167	108.01000
173.20000	108.04000	 72.51186	108.04000
173.40000	107.94000	 72.24553	107.94000
173.60000	107.72000	 71.87519	107.72000
173.80000	107.46000	 71.47199	107.46000
174.00000	107.21000	 71.08172	107.21000
174.20000	107.02000	 70.74940	107.02000
174.40000	106.98000	 70.55220	106.98000
174.60000	107.00000	 70.41572	107.00000
174.80000	107.06000	 70.32315	107.06000
175.00000	107.18000	 70.29053	107.18000
175.20000	107.34000	 70.30011	107.34000
175.40000	107.53000	 70.34221	107.53000
175.60000	107.73000	 70.39868	107.73000
175.80000	107.91000	 70.44315	107.91000
176.00000	108.06000	 70.46623	108.06000
176.20000	108.18000	 70.46723	108.18000
176.40000	108.28000	 70.45413	108.28000
176.60000	108.34000	 70.41010	108.34000
176.80000	108.37000	 70.34364	108.37000
177.00000	108.35000	 70.23846	108.35000
177.20000	108.30000	 70.11189	108.30000
177.40000	108.25000	 69.98971	108.25000
177.60000	108.18000	 69.85588	108.18000
177.80000	108.04000	 69.66939	108.04000
178.00000	107.81000	 69.41463	107.81000
178.20000	107.40000	 69.01821	107.40000
178.40000	106.79000	 68.46620	106.79000
178.60000	106.10000	 67.86235	106.10000
178.80000	105.36000	 67.23536	105.36000
179.00000	104.60000	 66.61355	104.60000
179.20000	103.94000	 66.09959	103.94000
179.40000	103.31000	 65.63640	103.31000
179.60000	102.74000	 65.24943	102.74000
179.80000	102.24000	 64.94664	102.24000
180.00000	101.83000	 64.74347	101.83000
180.20000	101.61000	 64.72119	101.61000
180.40000	101.48000	 64.79297	101.48000
180.60000	101.43000	 64.94657	101.43000
180.80000	101.46000	 65.17783	101.46000
181.00000	101.56000	 65.47414	101.56000
181.20000	101.59000	 65.71468	101.59000
181.40000	101.71000	 66.02963	101.71000
181.60000	101.94000	 66.43236	101.94000
181.80000	102.31000	 66.94419	102.31000
182.00000	102.96000	 67.67758	102.96000
182.20000	103.91000	 68.64346	103.91000
182.40000	104.94000	 69.65156	104.94000
182.60000	105.99000	 70.64554	105.99000
182.80000	106.98000	 71.55361	106.98000
183.00000	107.80000	 72.28068	107.80000
183.20000	108.50000	 72.86733	108.50000
183.40000	109.07000	 73.30576	109.07000
183.60000	109.46000	 73.55632	109.46000
183.80000	109.51000	 73.48935	109.51000
184.00000	109.44000	 73.29428	109.44000
184.20000	109.29000	 73.01095	109.29000
184.40000	109.11000	 72.68742	109.11000
184.60000	108.99000	 72.40445	108.99000
184.80000	108.92000	 72.15824	108.92000
185.00000	108.92000	 71.96886	108.92000
185.20000	109.03000	 71.87195	109.03000
185.40000	109.43000	 72.01845	109.43000
185.60000	110.03000	 72.33184	110.03000
185.80000	110.69000	 72.69258	110.69000
186.00000	111.34000	 73.03940	111.34000
186.20000	111.83000	 73.24503	111.83000
186.40000	112.14000	 73.29225	112.14000
186.60000	112.35000	 73.24877	112.35000
186.80000	112.48000	 73.13312	112.48000
187.00000	112.61000	 73.01417	112.61000
187.20000	112.74000	 72.89389	112.74000
187.40000	112.71000	 72.64071	112.71000
187.60000	112.47000	 72.21571	112.47000
187.80000	111.76000	 71.40640	111.76000
188.00000	110.52000	 70.17001	110.52000
188.20000	109.11000	 68.81662	109.11000
188.40000	107.64000	 67.44764	107.64000
188.60000	106.34000	 66.26299	106.34000
188.80000	105.62000	 65.60926	105.62000
189.00000	105.07000	 65.14403	105.07000
189.20000	104.68000	 64.85623	104.68000
189.40000	104.41000	 64.70839	104.41000
189.60000	104.25000	 64.68725	104.25000
189.80000	104.12000	 64.72074	104.12000
190.00000	103.99000	 64.77870	103.99000
190.20000	103.93000	 64.91480	103.93000
190.40000	103.95000	 65.13267	103.95000
190.60000	104.04000	 65.41920	104.04000
190.80000	104.24000	 65.80296	104.24000
191.00000	104.57000	 66.29565	104.57000
191.20000	104.95000	 66.82539	104.95000
191.40000	105.36000	 67.37074	105.36000
191.60000	105.78000	 67.91085	105.78000
191.80000	106.19000	 68.42561	106.19000
192.00000	106.58000	 68.90406	106.58000
192.20000	106.91000	 69.31106	106.91000
192.40000	107.17000	 69.63746	107.17000
192.60000	107.30000	 69.83344	107.30000
192.80000	107.11000	 69.74224	107.11000
193.00000	106.89000	 69.60946	106.89000
193.20000	106.72000	 69.50559	106.72000
193.40000	106.65000	 69.47528	106.65000
193.60000	107.02000	 69.80345	107.02000
193.80000	107.54000	 70.24658	107.54000
194.00000	108.15000	 70.75184	108.15000
194.20000	108.83000	 71.29956	108.83000
194.40000	109.53000	 71.84517	109.53000
194.60000	110.22000	 72.36125	110.22000
194.80000	110.89000	 72.83773	110.89000
195.00000	111.49000	 73.23194	111.49000
195.20000	111.96000	 73.49390	111.96000
195.40000	112.34000	 73.65822	112.34000
195.60000	112.63000	 73.72703	112.63000
195.80000	112.79000	 73.66976	112.79000
196.00000	112.82000	 73.49002	112.82000
196.20000	112.75000	 73.21705	112.75000
196.40000	112.59000	 72.86370	112.59000
196.60000	112.37000	 72.45959	112.37000
196.80000	112.10000	 72.01744	112.10000
197.00000	111.76000	 71.52469	111.76000
197.20000	111.35000	 70.98526	111.35000
197.40000	110.86000	 70.39459	110.86000
197.60000	110.20000	 69.68140	110.20000
197.80000	109.47000	 68.93325	109.47000
198.00000	108.71000	 68.18738	108.71000
198.20000	107.95000	 67.47204	107.95000
198.40000	107.21000	 66.80627	107.21000
198.60000	106.62000	 66.29984	106.62000
198.80000	106.09000	 65.87742	106.09000
199.00000	105.63000	 65.54616	105.63000
199.20000	105.23000	 65.29579	105.23000
199.40000	104.90000	 65.13216	104.90000
199.60000	104.65000	 65.06061	104.65000
199.80000	104.48000	 65.07768	104.48000
200.00000	104.37000	 65.16290	104.37000
200.20000	104.32000	 65.31235	104.32000
200.40000	104.33000	 65.52208	104.33000
200.60000	104.39000	 65.77982	104.39000
200.80000	104.51000	 66.09008	104.51000
201.00000	104.67000	 66.43248	104.67000
201.20000	104.87000	 66.80356	104.87000
201.40000	105.11000	 67.20012	105.11000
201.60000	105.37000	 67.60258	105.37000
201.80000	105.66000	 68.01673	105.66000
202.00000	105.99000	 68.44869	105.99000
202.20000	106.36000	 68.89641	106.36000
202.40000	106.77000	 69.35805	106.77000
202.60000	107.21000	 69.82361	107.21000
202.80000	107.69000	 70.29998	107.69000
203.00000	108.21000	 70.78589	108.21000
203.20000	108.78000	 71.28851	108.78000
203.40000	109.38000	 71.79007	109.38000
203.60000	110.01000	 72.28969	110.01000
203.80000	110.64000	 72.76168	110.64000
204.00000	111.28000	 73.21408	111.28000
204.20000	111.92000	 73.63855	111.92000
204.40000	112.54000	 74.01874	112.54000
204.60000	113.15000	 74.36368	113.15000
204.80000	113.73000	 74.65773	113.73000
205.00000	114.28000	 74.90224	114.28000
205.20000	114.78000	 75.08223	114.78000
205.40000	115.23000	 75.19980	115.23000
205.60000	115.62000	 75.24900	115.62000
205.80000	115.93000	 75.21590	115.93000
206.00000	116.15000	 75.09531	116.15000
206.20000	116.27000	 74.88241	116.27000
206.40000	116.24000	 74.53947	116.24000
206.60000	116.11000	 74.11271	116.11000
206.80000	115.85000	 73.58183	115.85000
207.00000	115.47000	 72.96016	115.47000
207.20000	114.89000	 72.18618	114.89000
207.40000	114.21000	 71.34894	114.21000
207.60000	113.46000	 70.47892	113.46000
207.80000	112.66000	 69.59770	112.66000
208.00000	111.86000	 68.75113	111.86000
208.20000	111.08000	 67.95904	111.08000
208.40000	110.32000	 67.22351	110.32000
208.60000	109.57000	 66.53736	109.57000
208.80000	108.85000	 65.91767	108.85000
209.00000	108.20000	 65.39741	108.20000
209.20000	107.61000	 64.96692	107.61000
209.40000	107.07000	 64.61581	107.07000
209.60000	106.59000	 64.34985	106.59000
209.80000	106.16000	 64.15764	106.16000
210.00000	105.80000	 64.05252	105.80000
210.20000	105.50000	 64.02243	105.50000
210.40000	105.27000	 64.07180	105.27000
210.60000	105.12000	 64.20487	105.12000
210.80000	105.07000	 64.43396	105.07000
211.00000	105.16000	 64.78780	105.16000
211.20000	105.39000	 65.26126	105.39000
211.40000	105.68000	 65.78220	105.68000
211.60000	106.00000	 66.32053	106.00000
211.80000	106.35000	 66.87179	106.35000
212.00000	106.66000	 67.37379	106.66000
212.20000	106.94000	 67.83211	106.94000
212.40000	107.19000	 68.24488	107.19000
212.60000	107.39000	 68.59435	107.39000
212.80000	107.50000	 68.84694	107.50000
213.00000	107.49000	 68.97844	107.49000
213.20000	107.42000	 69.04069	107.42000
213.40000	107.31000	 69.05263	107.31000
213.60000	107.17000	 69.02504	107.17000
213.80000	106.97000	 68.93541	106.97000
214.00000	106.76000	 68.82810	106.76000
214.20000	106.58000	 68.73888	106.58000
214.40000	106.45000	 68.68632	106.45000
214.60000	106.42000	 68.71330	106.42000
214.80000	106.51000	 68.83675	106.51000
215.00000	106.67000	 69.01428	106.67000
215.20000	106.89000	 69.23641	106.89000
215.40000	107.23000	 69.55170	107.23000
215.60000	107.65000	 69.92473	107.65000
215.80000	108.08000	 70.29485	108.08000
216.00000	108.50000	 70.64349	108.50000
216.20000	108.87000	 70.93594	108.87000
216.40000	109.17000	 71.15495	109.17000
216.60000	109.37000	 71.27577	109.37000
216.80000	109.44000	 71.27462	109.44000
217.00000	109.26000	 71.05382	109.26000
217.20000	108.88000	 70.65910	108.88000
217.40000	108.42000	 70.19557	108.42000
217.60000	107.90000	 69.68495	107.90000
217.80000	107.44000	 69.23188	107.44000
218.00000	107.04000	 68.83977	107.04000
218.20000	106.65000	 68.46921	106.65000
218.40000	106.26000	 68.11353	106.26000
218.60000	105.87000	 67.77398	105.87000
218.80000	105.42000	 67.40144	105.42000
219.00000	104.95000	 67.03025	104.95000
219.20000	104.49000	 66.68623	104.49000
219.40000	104.06000	 66.38645	104.06000
219.60000	103.67000	 66.13912	103.67000
219.80000	103.42000	 66.02686	103.42000
220.00000	103.24000	 65.98949	103.24000
220.20000	103.10000	 65.99965	103.10000
220.40000	102.99000	 66.04652	102.99000
220.60000	102.88000	 66.10265	102.88000
220.80000	102.74000	 66.14087	102.74000
221.00000	102.57000	 66.15951	102.57000
221.20000	102.40000	 66.18235	102.40000
221.40000	102.23000	 66.20830	102.23000
221.60000	102.06000	 66.23642	102.06000
221.80000	101.74000	 66.14101	101.74000
222.00000	101.49000	 66.10580	101.49000
222.20000	101.35000	 66.16396	101.35000
222.40000	101.38000	 66.36440	101.38000
222.60000	101.78000	 66.87136	101.78000
222.80000	102.49000	 67.62988	102.49000
223.00000	103.36000	 68.50833	103.36000
223.20000	104.36000	 69.47491	104.36000
223.40000	105.49000	 70.52301	105.49000
223.60000	106.68000	 71.58798	106.68000
223.80000	107.85000	 72.59774	107.85000
224.00000	108.95000	 73.50662	108.95000
224.20000	109.81000	 74.17073	109.81000
224.40000	110.50000	 74.64890	110.50000
224.60000	111.03000	 74.95178	111.03000
224.80000	111.39000	 75.07483	111.39000
225.00000	111.51000	 74.96477	111.51000
225.20000	111.47000	 74.69480	111.47000
225.40000	111.30000	 74.29706	111.30000
225.60000	111.03000	 73.80388	111.03000
225.80000	110.69000	 73.24736	110.69000
226.00000	110.29000	 72.64248	110.29000
226.20000	109.86000	 72.02031	109.86000
226.40000	109.41000	 71.39446	109.41000
226.60000	108.95000	 70.77772	108.95000
226.80000	108.63000	 70.29865	108.63000
227.00000	108.35000	 69.87568	108.35000
227.20000	108.08000	 69.48464	108.08000
227.40000	107.80000	 69.10924	107.80000
227.60000	107.51000	 68.74960	107.51000
227.80000	107.18000	 68.38065	107.18000
228.00000	106.79000	 67.98573	106.79000
228.20000	106.36000	 67.58171	106.36000
228.40000	105.88000	 67.16054	105.88000
228.60000	105.34000	 66.71424	105.34000
228.80000	104.63000	 66.15174	104.63000
229.00000	103.75000	 65.47461	103.75000
229.20000	102.87000	 64.82685	102.87000
229.40000	102.07000	 64.27681	102.07000
229.60000	101.37000	 63.84159	101.37000
229.80000	101.03000	 63.73689	101.03000
230.00000	100.93000	 63.85877	100.93000
230.20000	100.97000	 64.11831	100.97000
230.40000	101.11000	 64.47602	101.11000
230.60000	101.32000	 64.90074	101.32000
230.80000	101.56000	 65.35326	101.56000
231.00000	101.85000	 65.84502	101.85000
231.20000	102.18000	 66.36287	102.18000
231.40000	102.56000	 66.91084	102.56000
231.60000	102.99000	 67.48505	102.99000
231.80000	103.39000	 68.01533	103.39000
232.00000	103.75000	 68.49084	103.75000
232.20000	104.00000	 68.85175	104.00000
232.40000	104.12000	 69.08126	104.12000
232.60000	104.14000	 69.20557	104.14000
232.80000	104.05000	 69.21847	104.05000
233.00000	103.79000	 69.07289	103.79000
233.20000	103.40000	 68.80619	103.40000
233.40000	102.94000	 68.47295	102.94000
233.60000	102.43000	 68.09440	102.43000
233.80000	101.92000	 67.71648	101.92000
234.00000	101.48000	 67.40110	101.48000
234.20000	101.07000	 67.11737	101.07000
234.40000	100.69000	 66.86699	100.69000
234.60000	100.35000	 66.65941	100.35000
234.80000	100.07000	 66.51175	100.07000
235.00000	 99.92000	 66.48213	 99.92000
235.20000	 99.81000	 66.49423	 99.81000
235.40000	 99.73000	 66.53816	 99.73000
235.60000	 99.68000	 66.61229	 99.68000
235.80000	 99.63000	 66.68994	 99.63000
236.00000	 99.51000	 66.71136	 99.51000
236.20000	 99.38000	 66.72584	 99.38000
236.40000	 99.27000	 66.75785	 99.27000
236.60000	 99.16000	 66.79016	 99.16000
236.80000	 99.07000	 66.83891	 99.07000
237.00000	 99.05000	 66.94514	 99.05000
237.20000	 99.03000	 67.04950	 99.03000
237.40000	 99.01000	 67.15111	 99.01000
237.60000	 98.96000	 67.22428	 98.96000
237.80000	 98.83000	 67.22705	 98.83000
238.00000	 98.61000	 67.15155	 98.61000
238.20000	 98.41000	 67.09054	 98.41000
238.40000	 98.23000	 67.04485	 98.23000
238.60000	 98.12000	 67.05667	 98.12000
238.80000	 98.14000	 67.17585	 98.14000
239.00000	 98.24000	 67.35959	 98.24000
239.20000	 98.44000	 67.62293	 98.44000
239.40000	 98.72000	 67.94706	 98.72000
239.60000	 99.12000	 68.36288	 99.12000
239.80000	 99.60000	 68.83414	 99.60000
240.00000	100.17000	 69.36616	100.17000
240.20000	100.84000	 69.96412	100.84000
240.40000	101.68000	 70.68306	101.68000
240.60000	102.53000	 71.38579	102.53000
240.80000	103.32000	 72.01090	103.32000
241.00000	103.93000	 72.45663	103.93000
241.20000	104.28000	 72.65664	104.28000
241.40000	104.51000	 72.73023	104.51000
241.60000	104.64000	 72.69764	104.64000
241.80000	104.74000	 72.62126	104.74000
242.00000	104.78000	 72.48001	104.78000
242.20000	104.72000	 72.24453	104.72000
242.40000	104.53000	 71.89414	104.53000
242.60000	104.10000	 71.34199	104.10000
242.80000	103.49000	 70.64407	103.49000
243.00000	102.79000	 69.88183	102.79000
243.20000	102.04000	 69.09472	102.04000
243.40000	101.29000	 68.32975	101.29000
243.60000	100.66000	 67.69113	100.66000
243.80000	100.05000	 67.09792	100.05000
244.00000	 99.48000	 66.56824	 99.48000
244.20000	 98.96000	 66.11099	 98.96000
244.40000	 98.50000	 65.73422	 98.50000
244.60000	 98.13000	 65.46184	 98.13000
244.80000	 97.82000	 65.26690	 97.82000
245.00000	 97.57000	 65.14693	 97.57000
245.20000	 97.39000	 65.10742	 97.39000
245.40000	 97.26000	 65.12847	 97.26000
245.60000	 97.20000	 65.22341	 97.20000
245.80000	 97.20000	 65.38033	 97.20000
246.00000	 97.25000	 65.58728	 97.25000
246.20000	 97.34000	 65.83234	 97.34000
246.40000	 97.47000	 66.11214	 97.47000
246.60000	 97.62000	 66.40681	 97.62000
246.80000	 97.81000	 66.73015	 97.81000
247.00000	 98.02000	 67.06285	 98.02000
247.20000	 98.25000	 67.40256	 98.25000
247.40000	 98.50000	 67.74725	 98.50000
247.60000	 98.76000	 68.08684	 98.76000
247.80000	 99.03000	 68.41995	 99.03000
248.00000	 99.30000	 68.73712	 99.30000
248.20000	 99.54000	 69.01264	 99.54000
248.40000	 99.76000	 69.25464	 99.76000
248.60000	100.01000	 69.50492	100.01000
248.80000	100.29000	 69.76360	100.29000
249.00000	100.66000	 70.08063	100.66000
249.20000	101.10000	 70.43882	101.10000
249.40000	101.59000	 70.82065	101.59000
249.60000	102.15000	 71.24184	102.15000
249.80000	102.79000	 71.70956	102.79000
250.00000	103.48000	 72.19740	103.48000
250.20000	104.18000	 72.67068	104.18000
250.40000	104.91000	 73.14508	104.91000
250.60000	105.64000	 73.59479	105.64000
250.80000	106.29000	 73.95280	106.29000
251.00000	106.81000	 74.17804	106.81000
251.20000	107.13000	 74.21410	107.13000
251.40000	107.23000	 74.04778	107.23000
251.60000	107.09000	 73.66740	107.09000
251.80000	106.66000	 73.03765	106.66000
252.00000	105.64000	 71.91653	105.64000
252.20000	104.38000	 70.60699	104.38000
252.40000	102.95000	 69.17887	102.95000
252.60000	101.45000	 67.72631	101.45000
252.80000	100.17000	 66.50017	100.17000
253.00000	 99.00000	 65.41442	 99.00000
253.20000	 97.89000	 64.43068	 97.89000
253.40000	 96.86000	 63.56726	 96.86000
253.60000	 95.89000	 62.80765	 95.89000
253.80000	 95.03000	 62.19249	 95.03000
254.00000	 94.30000	 61.73613	 94.30000
254.20000	 93.65000	 61.39333	 93.65000
254.40000	 93.09000	 61.16819	 93.09000
254.60000	 92.60000	 61.03931	 92.60000
254.80000	 92.19000	 61.00999	 92.19000
255.00000	 91.84000	 61.05831	 91.84000
255.20000	 91.55000	 61.17906	 91.55000
255.40000	 91.34000	 61.38373	 91.34000
255.60000	 91.21000	 61.66713	 91.21000
255.80000	 91.17000	 62.03241	 91.17000
256.00000	 91.22000	 62.47439	 91.22000
256.20000	 91.38000	 63.00461	 91.38000
256.40000	 91.62000	 63.59288	 91.62000
256.60000	 91.94000	 64.23425	 91.94000
256.80000	 92.34000	 64.92406	 92.34000
257.00000	 92.83000	 65.66621	 92.83000
257.20000	 93.40000	 66.44820	 93.40000
257.40000	 94.02000	 67.24111	 94.02000
257.60000	 94.68000	 68.03327	 94.68000
257.80000	 95.37000	 68.81355	 95.37000
258.00000	 96.10000	 69.58809	 96.10000
258.20000	 96.82000	 70.31352	 96.82000
258.40000	 97.49000	 70.95558	 97.49000
258.60000	 98.11000	 71.51438	 98.11000
258.80000	 98.44000	 71.79101	 98.44000
259.00000	 98.73000	 71.99731	 98.73000
259.20000	 99.03000	 72.17876	 99.03000
259.40000	 99.39000	 72.38048	 99.39000
259.60000	 99.94000	 72.71352	 99.94000
259.80000	100.62000	 73.12898	100.62000
260.00000	101.44000	 73.63530	101.44000
260.20000	102.47000	 74.28995	102.47000
260.40000	103.80000	 75.16579	103.80000
260.60000	105.18000	 76.05067	105.18000
260.80000	106.52000	 76.86627	106.52000
261.00000	107.62000	 77.44391	107.62000
261.20000	108.53000	 77.82586	108.53000
261.40000	109.31000	 78.06462	109.31000
261.60000	109.96000	 78.16377	109.96000
261.80000	110.52000	 78.16108	110.52000
262.00000	110.93000	 78.01137	110.93000
262.20000	111.14000	 77.67854	111.14000
262.40000	111.03000	 77.06915	111.03000
262.60000	110.61000	 76.19979	110.61000
262.80000	110.06000	 75.22987	110.06000
263.00000	109.42000	 74.20172	109.42000
263.20000	108.86000	 73.26508	108.86000
263.40000	108.44000	 72.47583	108.44000
263.60000	108.04000	 71.73755	108.04000
263.80000	107.67000	 71.06095	107.67000
264.00000	107.32000	 70.43907	107.32000
264.20000	106.99000	 69.87246	106.99000
264.40000	106.68000	 69.36100	106.68000
264.60000	106.38000	 68.89567	106.38000
264.80000	106.11000	 68.49203	106.11000
265.00000	105.84000	 68.12353	105.84000
265.20000	105.61000	 67.82176	105.61000
265.40000	105.39000	 67.55959	105.39000
265.60000	105.17000	 67.32646	105.17000
265.80000	104.95000	 67.12017	104.95000
266.00000	104.71000	 66.92191	104.71000
266.20000	104.43000	 66.71310	104.43000
266.40000	104.14000	 66.51718	104.14000
266.60000	103.83000	 66.32438	103.83000
266.80000	103.51000	 66.14175	103.51000
267.00000	103.12000	 65.91814	103.12000
267.20000	102.69000	 65.67792	102.69000
267.40000	102.30000	 65.48733	102.30000
267.60000	101.98000	 65.37053	101.98000
267.80000	101.80000	 65.38436	101.80000
268.00000	101.81000	 65.56791	101.81000
268.20000	101.94000	 65.85906	101.94000
268.40000	102.19000	 66.25349	102.19000
268.60000	102.57000	 66.75486	102.57000
268.80000	103.09000	 67.36649	103.09000
269.00000	103.69000	 68.03313	103.69000
269.20000	104.35000	 68.73312	104.35000
269.40000	105.04000	 69.43695	105.04000
269.60000	105.74000	 70.12415	105.74000
269.80000	106.40000	 70.75005	106.40000
270.00000	107.01000	 71.30442	107.01000
270.20000	107.51000	 71.73644	107.51000
270.40000	107.89000	 72.03830	107.89000
270.60000	108.15000	 72.21179	108.15000
270.80000	108.26000	 72.23473	108.26000
271.00000	108.15000	 72.05274	108.15000
271.20000	107.91000	 71.74610	107.91000
271.40000	107.56000	 71.33723	107.56000
271.60000	107.14000	 70.86532	107.14000
271.80000	106.69000	 70.36928	106.69000
272.00000	106.20000	 69.84573	106.20000
272.20000	105.68000	 69.30742	105.68000
272.40000	105.15000	 68.77488	105.15000
272.60000	104.65000	 68.28461	104.65000
272.80000	104.18000	 67.83885	104.18000
273.00000	103.72000	 67.42236	103.72000
273.20000	103.30000	 67.06101	103.30000
273.40000	102.92000	 66.75498	102.92000
273.60000	102.59000	 66.51214	102.59000
273.80000	102.31000	 66.33149	102.31000
274.00000	102.06000	 66.19486	102.06000
274.20000	101.86000	 66.11720	101.86000
274.40000	101.70000	 66.08811	101.70000
274.60000	101.57000	 66.09702	101.57000
274.80000	101.48000	 66.15000	101.48000
275.00000	101.44000	 66.25300	101.44000
275.20000	101.45000	 66.40352	101.45000
275.40000	101.52000	 66.60729	101.52000
275.60000	101.62000	 66.83663	101.62000
275.80000	101.72000	 67.06401	101.72000
276.00000	101.82000	 67.28732	101.82000
276.20000	101.88000	 67.47149	101.88000
276.40000	101.95000	 67.65712	101.95000
276.60000	102.03000	 67.84328	102.03000
276.80000	102.09000	 68.00424	102.09000
277.00000	102.13000	 68.13962	102.13000
277.20000	102.25000	 68.33264	102.25000
277.40000	102.50000	 68.62432	102.50000
277.60000	103.03000	 69.13809	103.03000
277.80000	103.83000	 69.86216	103.83000
278.00000	104.75000	 70.66663	104.75000
278.20000	105.75000	 71.51322	105.75000
278.40000	106.79000	 72.36402	106.79000
278.60000	107.83000	 73.18186	107.83000
278.80000	108.81000	 73.91387	108.81000
279.00000	109.64000	 74.48356	109.64000
279.20000	110.24000	 74.82468	110.24000
279.40000	110.73000	 75.03978	110.73000
279.60000	111.17000	 75.18232	111.17000
279.80000	111.68000	 75.35593	111.68000
280.00000	112.15000	 75.47188	112.15000
280.20000	112.51000	 75.47485	112.51000
280.40000	112.67000	 75.29358	112.67000
280.60000	112.57000	 74.88305	112.57000
280.80000	112.32000	 74.34134	112.32000
281.00000	111.92000	 73.67521	111.92000
281.20000	111.39000	 72.90824	111.39000
281.40000	110.75000	 72.06393	110.75000
281.60000	110.03000	 71.17377	110.03000
281.80000	109.24000	 70.25202	109.24000
282.00000	108.42000	 69.33724	108.42000
282.20000	107.59000	 68.45043	107.59000
282.40000	106.75000	 67.59492	106.75000
282.60000	105.93000	 66.79813	105.93000
282.80000	105.15000	 66.07816	105.15000
283.00000	104.47000	 65.48534	104.47000
283.20000	103.85000	 64.98539	103.85000
283.40000	103.28000	 64.56817	103.28000
283.60000	102.75000	 64.22296	102.75000
283.80000	102.26000	 63.94699	102.26000
284.00000	101.80000	 63.72886	101.80000
284.20000	101.40000	 63.59036	101.40000
284.40000	101.05000	 63.51964	101.05000
284.60000	100.75000	 63.51304	100.75000
284.80000	100.51000	 63.57512	100.51000
285.00000	100.33000	 63.70203	100.33000
285.20000	100.23000	 63.90650	100.23000
285.40000	100.20000	 64.17611	100.20000
285.60000	100.30000	 64.55674	100.30000
285.80000	100.50000	 65.01883	100.50000
286.00000	100.76000	 65.52444	100.76000
286.20000	101.06000	 66.05255	101.06000
286.40000	101.35000	 66.55767	101.35000
286.60000	101.63000	 67.03679	101.63000
286.80000	101.92000	 67.50429	101.92000
287.00000	102.22000	 67.95842	102.22000
287.20000	102.50000	 68.37286	102.50000
287.40000	102.80000	 68.78022	102.80000
287.60000	103.15000	 69.20501	103.15000
