  0.00000	104.52000	 66.56622	104.52000
  0.20000	104.83000	 66.87667	104.83000
  0.40000	105.31000	 67.32240	105.31000
  0.60000	105.94000	 67.88571	105.94000
  0.80000	106.70000	 68.54929	106.70000
  1.00000	107.54000	 69.27259	107.54000
  1.20000	108.45000	 70.04680	108.45000
  1.40000	109.39000	 70.83978	109.39000
  1.60000	110.34000	 71.63533	110.34000
  1.80000	111.24000	 72.38603	111.24000
  2.00000	112.08000	 73.08397	112.08000
  2.20000	112.86000	 73.72925	112.86000
  2.40000	113.59000	 74.32993	113.59000
  2.60000	114.26000	 74.87846	114.26000
  2.80000	114.85000	 75.35946	114.85000
  3.00000	115.37000	 75.78119	115.37000
  3.20000	115.79000	 76.12050	115.79000
  3.40000	116.06000	 76.33862	116.06000
  3.60000	116.18000	 76.43616	116.18000
  3.80000	116.21000	 76.46089	116.21000
  4.00000	116.20000	 76.45270	116.20000
  4.20000	116.18000	 76.43567	116.18000
  4.40000	116.17000	 76.42585	116.17000
  4.60000	116.18000	 76.43134	116.18000
  4.80000	116.20000	 76.44442	116.20000
  5.00000	116.26000	 76.48874	116.26000
  5.20000	116.33000	 76.54071	116.33000
  5.40000	116.47000	 76.64745	116.47000
  5.60000	116.72000	 76.84025	116.72000
  5.80000	117.11000	 77.14242	117.11000
  6.00000	117.83000	 77.70279	117.83000
  6.20000	118.69000	 78.37137	118.69000
  6.40000	119.61000	 79.08460	119.61000
  6.60000	120.57000	 79.82623	120.57000
  6.80000	121.50000	 80.54085	121.50000
  7.00000	122.38000	 81.21255	122.38000
  7.20000	123.17000	 81.80991	123.17000
  7.40000	123.83000	 82.30167	123.83000
  7.60000	124.21000	 82.57037	124.21000
  7.80000	124.40000	 82.68742	124.40000
  8.00000	124.45000	 82.69287	124.45000
  8.20000	124.37000	 82.59538	124.37000
  8.40000	124.21000	 82.43495	124.21000
  8.60000	123.96000	 82.20436	123.96000
  8.80000	123.63000	 81.91204	123.63000
  9.00000	123.22000	 81.55848	123.22000
  9.20000	122.74000	 81.15199	122.74000
  9.40000	122.20000	 80.70081	122.20000
  9.60000	121.62000	 80.22100	121.62000
  9.80000	120.99000	 79.70496	120.99000
 10.00000	120.32000	 79.16078	120.32000
 10.20000	119.62000	 78.59650	119.62000
 10.40000	118.92000	 78.03581	118.92000
 10.60000	118.20000	 77.46307	118.20000
 10.80000	117.46000	 76.87830	117.46000
 11.00000	116.72000	 76.29725	116.72000
 11.20000	115.96000	 75.70417	115.96000
 11.40000	115.16000	 75.08333	115.16000
 11.60000	114.37000	 74.47402	114.37000
 11.80000	113.60000	 73.88405	113.60000
 12.00000	112.85000	 73.31330	112.85000
 12.20000	112.15000	 72.78522	112.15000
 12.40000	111.44000	 72.25247	111.44000
 12.60000	110.80000	 71.77774	110.80000
 12.80000	110.27000	 71.39219	110.27000
 13.00000	109.86000	 71.10330	109.86000
 13.20000	109.63000	 70.95773	109.63000
 13.40000	109.76000	 71.09624	109.76000
 13.60000	110.03000	 71.34505	110.03000
 13.80000	110.40000	 71.67183	110.40000
 14.00000	110.85000	 72.06012	110.85000
 14.20000	111.28000	 72.43074	111.28000
 14.40000	111.68000	 72.77547	111.68000
 14.60000	112.11000	 73.14125	112.11000
 14.80000	112.57000	 73.52791	112.57000
 15.00000	113.03000	 73.91178	113.03000
 15.20000	113.51000	 74.30851	113.51000
 15.40000	114.01000	 74.71806	114.01000
 15.60000	114.55000	 75.15610	114.55000
 15.80000	115.15000	 75.63830	115.15000
 16.00000	115.81000	 76.16454	115.81000
 16.20000	116.51000	 76.71899	116.51000
 16.40000	117.21000	 77.27012	117.21000
 16.60000	117.91000	 77.81787	117.91000
 16.80000	118.58000	 78.33868	118.58000
 17.00000	119.23000	 78.84050	119.23000
 17.20000	119.87000	 79.33128	119.87000
 17.40000	120.48000	 79.79547	120.48000
 17.60000	121.06000	 80.23321	121.06000
 17.80000	121.61000	 80.64470	121.61000
 18.00000	122.13000	 81.03013	122.13000
 18.20000	122.66000	 81.42114	122.66000
 18.40000	123.16000	 81.78646	123.16000
 18.60000	123.59000	 82.09485	123.59000
 18.80000	123.92000	 82.32298	123.92000
 19.00000	124.05000	 82.39267	124.05000
 19.20000	123.95000	 82.28091	123.95000
 19.40000	123.75000	 82.09056	123.75000
 19.60000	123.47000	 81.83797	123.47000
 19.80000	123.16000	 81.56301	123.16000
 20.00000	122.95000	 81.36818	122.95000
 20.20000	122.71000	 81.15150	122.71000
 20.40000	122.42000	 80.89739	122.42000
 20.60000	122.07000	 80.59812	122.07000
 20.80000	121.59000	 80.19888	121.59000
 21.00000	120.97000	 79.69211	120.97000
 21.20000	120.30000	 79.14890	120.30000
 21.40000	119.61000	 78.59312	119.61000
 21.60000	118.90000	 78.02499	118.90000
 21.80000	118.28000	 77.53105	118.28000
 22.00000	117.69000	 77.06409	117.69000
 22.20000	117.13000	 76.62399	117.13000
 22.40000	116.57000	 76.18701	116.57000
 22.60000	116.03000	 75.76871	116.03000
 22.80000	115.50000	 75.36108	115.50000
 23.00000	114.97000	 74.95610	114.97000
 23.20000	114.44000	 74.55366	114.44000
 23.40000	113.90000	 74.14577	113.90000
 23.60000	113.35000	 73.73236	113.35000
 23.80000	112.72000	 73.25838	112.72000
 24.00000	112.06000	 72.76316	112.06000
 24.20000	111.42000	 72.28603	111.42000
 24.40000	110.80000	 71.82697	110.80000
 24.60000	110.22000	 71.40164	110.22000
 24.80000	109.73000	 71.04917	109.73000
 25.00000	109.30000	 70.74575	109.30000
 25.20000	108.95000	 70.50680	108.95000
 25.40000	108.68000	 70.33198	108.68000
 25.60000	108.51000	 70.23664	108.51000
 25.80000	108.48000	 70.25178	108.48000
 26.00000	108.54000	 70.33761	108.54000
 26.20000	108.66000	 70.47010	108.66000
 26.40000	108.84000	 70.64881	108.84000
 26.60000	109.04000	 70.84198	109.04000
 26.80000	109.27000	 71.05717	109.27000
 27.00000	109.55000	 71.30987	109.55000
 27.20000	109.86000	 71.58419	109.86000
 27.40000	110.22000	 71.89564	110.22000
 27.60000	110.62000	 72.23621	110.62000
 27.80000	111.06000	 72.60574	111.06000
 28.00000	111.52000	 72.98837	111.52000
 28.20000	112.00000	 73.38400	112.00000
 28.40000	112.50000	 73.79257	112.50000
 28.60000	113.01000	 74.20615	113.01000
 28.80000	113.53000	 74.62473	113.53000
 29.00000	114.02000	 75.01688	114.02000
 29.20000	114.47000	 75.37483	114.47000
 29.40000	114.93000	 75.73798	114.93000
 29.60000	115.41000	 76.11430	115.41000
 29.80000	115.97000	 76.55097	115.97000
 30.00000	116.58000	 77.02437	116.58000
 30.20000	117.21000	 77.51086	117.21000
 30.40000	117.83000	 77.98681	117.83000
 30.60000	118.41000	 78.42864	118.41000
 30.80000	118.94000	 78.82861	118.94000
 31.00000	119.40000	 79.17115	119.40000
 31.20000	119.79000	 79.45653	119.79000
 31.40000	120.03000	 79.62220	120.03000
 31.60000	120.17000	 79.70790	120.17000
 31.80000	120.24000	 79.73768	120.24000
 32.00000	120.25000	 79.71982	120.25000
 32.20000	120.22000	 79.67044	120.22000
 32.40000	120.17000	 79.60559	120.17000
 32.60000	120.09000	 79.51768	120.09000
 32.80000	120.00000	 79.42262	120.00000
 33.00000	119.95000	 79.35985	119.95000
 33.20000	119.91000	 79.30584	119.91000
 33.40000	119.86000	 79.24487	119.86000
 33.60000	119.78000	 79.16126	119.78000
 33.80000	119.65000	 79.03933	119.65000
 34.00000	119.44000	 78.85562	119.44000
 34.20000	119.20000	 78.64959	119.20000
 34.40000	118.93000	 78.42138	118.93000
 34.60000	118.64000	 78.17900	118.64000
 34.80000	118.34000	 77.93041	118.34000
 35.00000	118.05000	 77.69139	118.05000
 35.20000	117.75000	 77.44625	117.75000
 35.40000	117.46000	 77.21071	117.46000
 35.60000	117.19000	 76.99260	117.19000
 35.80000	116.97000	 76.81542	116.97000
 36.00000	116.77000	 76.65545	116.77000
 36.20000	116.56000	 76.48901	116.56000
 36.40000	116.35000	 76.32385	116.35000
 36.60000	116.09000	 76.12062	116.09000
 36.80000	115.81000	 75.90290	115.81000
 37.00000	115.52000	 75.67857	115.52000
 37.20000	115.23000	 75.45551	115.23000
 37.40000	114.93000	 75.22586	114.93000
 37.60000	114.61000	 74.98179	114.61000
 37.80000	114.31000	 74.75471	114.31000
 38.00000	114.07000	 74.57603	114.07000
 38.20000	113.89000	 74.44561	113.89000
 38.40000	113.81000	 74.39468	113.81000
 38.60000	113.84000	 74.43079	113.84000
 38.80000	113.96000	 74.53785	113.96000
 39.00000	114.19000	 74.73116	114.19000
 39.20000	114.58000	 75.04956	114.58000
 39.40000	115.11000	 75.47678	115.11000
 39.60000	115.71000	 75.95726	115.71000
 39.80000	116.35000	 76.46696	116.35000
 40.00000	117.01000	 76.98980	117.01000
 40.20000	117.65000	 77.49410	117.65000
 40.40000	118.27000	 77.97975	118.27000
 40.60000	118.82000	 78.40746	118.82000
 40.80000	119.19000	 78.69097	119.19000
 41.00000	119.49000	 78.91707	119.49000
 41.20000	119.75000	 79.10971	119.75000
 41.40000	120.00000	 79.29283	120.00000
 41.60000	120.25000	 79.47454	120.25000
 41.80000	120.52000	 79.67076	120.52000
 42.00000	120.81000	 79.88161	120.81000
 42.20000	121.19000	 80.16212	121.19000
 42.40000	121.62000	 80.48078	121.62000
 42.60000	122.05000	 80.79820	122.05000
 42.80000	122.44000	 81.08290	122.44000
 43.00000	122.69000	 81.25635	122.69000
 43.20000	122.87000	 81.37378	122.87000
 43.40000	123.00000	 81.45119	123.00000
 43.60000	123.11000	 81.51243	123.11000
 43.80000	123.24000	 81.58913	123.24000
 44.00000	123.34000	 81.64216	123.34000
 44.20000	123.41000	 81.67165	123.41000
 44.40000	123.42000	 81.65418	123.42000
 44.60000	123.35000	 81.57423	123.35000
 44.80000	123.23000	 81.45560	123.23000
 45.00000	123.04000	 81.28283	123.04000
 45.20000	122.80000	 81.07190	122.80000
 45.40000	122.50000	 80.81520	122.50000
 45.60000	122.14000	 80.51298	122.14000
 45.80000	121.74000	 80.18120	121.74000
 46.00000	121.31000	 79.82791	121.31000
 46.20000	120.85000	 79.45330	120.85000
 46.40000	120.37000	 79.06536	120.37000
 46.60000	119.85000	 78.64848	119.85000
 46.80000	119.31000	 78.21848	119.31000
 47.00000	118.70000	 77.73618	118.70000
 47.20000	118.08000	 77.24882	118.08000
 47.40000	117.46000	 76.76435	117.46000
 47.60000	116.86000	 76.29849	116.86000
 47.80000	116.36000	 75.91404	116.36000
 48.00000	115.91000	 75.57151	115.91000
 48.20000	115.49000	 75.25495	115.49000
 48.40000	115.10000	 74.96410	115.10000
 48.60000	114.68000	 74.65163	114.68000
 48.80000	114.25000	 74.33309	114.25000
 49.00000	113.84000	 74.03197	113.84000
 49.20000	113.44000	 73.74029	113.44000
 49.40000	113.08000	 73.48152	113.08000
 49.60000	112.70000	 73.20838	112.70000
 49.80000	112.40000	 72.99932	112.40000
 50.00000	112.20000	 72.86986	112.20000
 50.20000	112.12000	 72.83539	112.12000
 50.40000	112.20000	 72.92694	112.20000
 50.60000	112.45000	 73.15183	112.45000
 50.80000	112.89000	 73.52514	112.89000
 51.00000	113.57000	 74.08543	113.57000
 51.20000	114.54000	 74.87111	114.54000
 51.40000	115.70000	 75.80265	115.70000
 51.60000	117.04000	 76.87124	117.04000
 51.80000	118.56000	 78.07599	118.56000
 52.00000	120.19000	 79.36109	120.19000
 52.20000	121.87000	 80.67874	121.87000
 52.40000	123.53000	 81.97351	123.53000
 52.60000	125.14000	 83.22160	125.14000
 52.80000	126.69000	 84.41517	126.69000
 53.00000	128.14000	 85.52297	128.14000
 53.20000	129.45000	 86.51394	129.45000
 53.40000	130.67000	 87.42786	130.67000
 53.60000	131.79000	 88.25746	131.79000
 53.80000	132.81000	 89.00331	132.81000
 54.00000	133.75000	 89.68175	133.75000
 54.20000	134.60000	 90.28551	134.60000
 54.40000	135.46000	 90.89370	135.46000
 54.60000	136.23000	 91.42821	136.23000
 54.80000	136.86000	 91.85023	136.86000
 55.00000	137.28000	 92.10532	137.28000
 55.20000	137.39000	 92.11569	137.39000
 55.40000	137.33000	 91.99227	137.33000
 55.60000	137.13000	 91.75957	137.13000
 55.80000	136.81000	 91.43416	136.81000
 56.00000	136.44000	 91.07175	136.44000
 56.20000	135.98000	 90.64152	135.98000
 56.40000	135.46000	 90.16752	135.46000
 56.60000	134.89000	 89.65800	134.89000
 56.80000	134.29000	 89.12899	134.29000
 57.00000	133.67000	 88.58855	133.67000
 57.20000	133.03000	 88.03683	133.03000
 57.40000	132.38000	 87.48175	132.38000
 57.60000	131.71000	 86.91551	131.71000
 57.80000	131.06000	 86.36950	131.06000
 58.00000	130.42000	 85.83580	130.42000
 58.20000	129.77000	 85.29860	129.77000
 58.40000	129.13000	 84.77349	129.13000
 58.60000	128.50000	 84.26036	128.50000
 58.80000	127.87000	 83.75119	127.87000
 59.00000	127.25000	 83.25372	127.25000
 59.20000	126.66000	 82.78349	126.66000
 59.40000	126.09000	 82.33248	126.09000
 59.60000	125.60000	 81.94760	125.60000
 59.80000	125.14000	 81.58930	125.14000
 60.00000	124.69000	 81.24161	124.69000
 60.20000	124.23000	 80.88857	124.23000
 60.40000	123.73000	 80.50648	123.73000
 60.60000	123.14000	 80.05599	123.14000
 60.80000	122.55000	 79.60784	122.55000
 61.00000	121.97000	 79.16992	121.97000
 61.20000	121.42000	 78.75790	121.42000
 61.40000	120.93000	 78.39527	120.93000
 61.60000	120.50000	 78.08185	120.50000
 61.80000	120.13000	 77.81739	120.13000
 62.00000	119.84000	 77.61734	119.84000
 62.20000	119.64000	 77.48923	119.64000
 62.40000	119.63000	 77.51121	119.63000
 62.60000	119.68000	 77.58062	119.68000
 62.80000	119.78000	 77.68914	119.78000
 63.00000	119.91000	 77.82064	119.91000
 63.20000	120.00000	 77.91984	120.00000
 63.40000	120.07000	 78.00231	120.07000
 63.60000	120.14000	 78.08369	120.14000
 63.80000	120.21000	 78.16396	120.21000
 64.00000	120.27000	 78.23526	120.27000
 64.20000	120.33000	 78.30546	120.33000
 64.40000	120.39000	 78.37459	120.39000
 64.60000	120.46000	 78.45053	120.46000
 64.80000	120.52000	 78.51759	120.52000
 65.00000	120.58000	 78.58366	120.58000
 65.20000	120.69000	 78.68803	120.69000
 65.40000	120.85000	 78.83067	120.85000
 65.60000	121.19000	 79.11357	121.19000
 65.80000	121.66000	 79.49712	121.66000
 66.00000	122.14000	 79.88666	122.14000
 66.20000	122.59000	 80.25049	122.59000
 66.40000	122.82000	 80.43927	122.82000
 66.60000	122.99000	 80.57894	122.99000
 66.80000	123.18000	 80.73264	123.18000
 67.00000	123.50000	 80.98695	123.50000
 67.20000	124.01000	 81.38894	124.01000
 67.40000	124.52000	 81.78906	124.52000
 67.60000	124.97000	 82.13999	124.97000
 67.80000	125.15000	 82.27680	125.15000
 68.00000	125.22000	 82.32555	125.22000
 68.20000	125.21000	 82.31031	125.21000
 68.40000	125.19000	 82.28650	125.19000
 68.60000	125.21000	 82.29374	125.21000
 68.80000	125.19000	 82.26937	125.19000
 69.00000	125.11000	 82.19786	125.11000
 69.20000	124.91000	 82.03230	124.91000
 69.40000	124.58000	 81.76519	124.58000
 69.60000	124.19000	 81.45192	124.19000
 69.80000	123.75000	 81.10072	123.75000
 70.00000	123.28000	 80.72761	123.28000
 70.20000	122.80000	 80.34855	122.80000
 70.40000	122.28000	 79.94015	122.28000
 70.60000	121.74000	 79.51827	121.74000
 70.80000	121.17000	 79.07517	121.17000
 71.00000	120.55000	 78.59524	120.55000
 71.20000	119.91000	 78.10216	119.91000
 71.40000	119.26000	 77.60388	119.26000
 71.60000	118.60000	 77.10046	118.60000
 71.80000	117.97000	 76.62331	117.97000
 72.00000	117.35000	 76.15669	117.35000
 72.20000	116.72000	 75.68480	116.72000
 72.40000	116.09000	 75.21543	116.09000
 72.60000	115.44000	 74.73280	115.44000
 72.80000	114.77000	 74.23687	114.77000
 73.00000	114.11000	 73.75118	114.11000
 73.20000	113.47000	 73.28352	113.47000
 73.40000	112.85000	 72.83382	112.85000
 73.60000	112.29000	 72.43337	112.29000
 73.80000	111.77000	 72.06626	111.77000
 74.00000	111.30000	 71.74013	111.30000
 74.20000	110.86000	 71.43905	110.86000
 74.40000	110.48000	 71.18633	110.48000
 74.60000	110.14000	 70.96602	110.14000
 74.80000	109.86000	 70.79357	109.86000
 75.00000	109.63000	 70.66086	109.63000
 75.20000	109.41000	 70.53620	109.41000
 75.40000	109.18000	 70.40369	109.18000
 75.60000	109.07000	 70.36530	109.07000
 75.80000	109.14000	 70.46789	109.14000
 76.00000	109.49000	 70.78952	109.49000
 76.20000	110.30000	 71.47082	110.30000
 76.40000	111.27000	 72.27497	111.27000
 76.60000	112.35000	 73.16166	112.35000
 76.80000	113.42000	 74.03578	113.42000
 77.00000	114.37000	 74.81045	114.37000
 77.20000	115.35000	 75.60334	115.35000
 77.40000	116.35000	 76.40656	116.35000
 77.60000	117.46000	 77.29074	117.46000
 77.80000	118.64000	 78.22435	118.64000
 78.00000	119.77000	 79.11299	119.77000
 78.20000	120.81000	 79.92529	120.81000
 78.40000	121.58000	 80.52011	121.58000
 78.60000	122.20000	 80.99232	122.20000
 78.80000	122.70000	 81.36618	122.70000
 79.00000	123.07000	 81.63457	123.07000
 79.20000	123.27000	 81.76679	123.27000
 79.40000	123.42000	 81.85786	123.42000
 79.60000	123.58000	 81.95555	123.58000
 79.80000	123.87000	 82.15452	123.87000
 80.00000	124.31000	 82.47056	124.31000
 80.20000	124.82000	 82.84070	124.82000
 80.40000	125.37000	 83.24114	125.37000
 80.60000	125.99000	 83.69527	125.99000
 80.80000	126.65000	 84.17928	126.65000
 81.00000	127.29000	 84.64585	127.29000
 81.20000	127.89000	 85.07918	127.89000
 81.40000	128.38000	 85.42432	128.38000
 81.60000	128.78000	 85.69718	128.78000
 81.80000	129.07000	 85.88235	129.07000
 82.00000	129.25000	 85.98022	129.25000
 82.20000	129.23000	 85.92054	129.23000
 82.40000	129.09000	 85.76677	129.09000
 82.60000	128.85000	 85.53523	128.85000
 82.80000	128.53000	 85.24219	128.53000
 83.00000	128.19000	 84.93526	128.19000
 83.20000	127.80000	 84.59123	127.80000
 83.40000	127.37000	 84.21825	127.37000
 83.60000	126.90000	 83.81657	126.90000
 83.80000	126.39000	 83.38637	126.39000
 84.00000	125.86000	 82.94354	125.86000
 84.20000	125.30000	 82.48034	125.30000
 84.40000	124.72000	 82.00471	124.72000
 84.60000	124.11000	 81.50887	124.11000
 84.80000	123.51000	 81.02427	123.51000
 85.00000	122.88000	 80.51951	122.88000
 85.20000	122.22000	 79.99458	122.22000
 85.40000	121.53000	 79.44949	121.53000
 85.60000	120.76000	 78.84501	120.76000
 85.80000	119.91000	 78.18125	119.91000
 86.00000	119.06000	 77.52119	119.06000
 86.20000	118.23000	 76.88062	118.23000
 86.40000	117.44000	 76.27523	117.44000
 86.60000	116.77000	 75.76773	116.77000
 86.80000	116.18000	 75.32640	116.18000
 87.00000	115.65000	 74.93517	115.65000
 87.20000	115.18000	 74.59368	115.18000
 87.40000	114.77000	 74.30154	114.77000
 87.60000	114.27000	 73.94059	114.27000
 87.80000	113.87000	 73.65991	113.87000
 88.00000	113.60000	 73.48281	113.60000
 88.20000	113.51000	 73.44814	113.51000
 88.40000	113.75000	 73.67315	113.75000
 88.60000	114.46000	 74.26689	114.46000
 88.80000	115.28000	 74.94528	115.28000
 89.00000	116.15000	 75.66011	116.15000
 89.20000	116.96000	 76.32422	116.96000
 89.40000	117.27000	 76.59166	117.27000
 89.60000	117.57000	 76.84780	117.57000
 89.80000	117.96000	 77.17160	117.96000
 90.00000	118.59000	 77.68105	118.59000
 90.20000	119.72000	 78.58010	119.72000
 90.40000	121.00000	 79.59298	121.00000
 90.60000	122.37000	 80.67175	122.37000
 90.80000	123.73000	 81.73723	123.73000
 91.00000	125.04000	 82.75763	125.04000
 91.20000	126.30000	 83.73284	126.30000
 91.40000	127.47000	 84.63150	127.47000
 91.60000	128.44000	 85.36748	128.44000
 91.80000	129.34000	 86.04338	129.34000
 92.00000	130.21000	 86.69117	130.21000
 92.20000	131.17000	 87.40551	131.17000
 92.40000	132.16000	 88.13951	132.16000
 92.60000	133.10000	 88.83046	133.10000
 92.80000	133.99000	 89.47857	133.99000
 93.00000	134.79000	 90.05268	134.79000
 93.20000	135.38000	 90.45890	135.38000
 93.40000	135.63000	 90.59571	135.63000
 93.60000	135.29000	 90.26776	135.29000
 93.80000	134.69000	 89.73579	134.69000
 94.00000	133.93000	 89.07984	133.93000
 94.20000	133.24000	 88.48179	133.24000
 94.40000	132.71000	 88.01303	132.71000
 94.60000	132.16000	 87.53239	132.16000
 94.80000	131.58000	 87.03214	131.58000
 95.00000	130.96000	 86.50453	130.96000
 95.20000	130.18000	 85.85539	130.18000
 95.40000	129.34000	 85.16353	129.34000
 95.60000	128.46000	 84.44490	128.46000
 95.80000	127.56000	 83.71536	127.56000
 96.00000	126.66000	 82.99073	126.66000
 96.20000	125.79000	 82.29460	125.79000
 96.40000	124.93000	 81.61116	124.93000
 96.60000	124.09000	 80.94817	124.09000
 96.80000	123.26000	 80.29759	123.26000
 97.00000	122.47000	 79.68282	122.47000
 97.20000	121.73000	 79.11150	121.73000
 97.40000	121.02000	 78.56764	121.02000
 97.60000	120.33000	 78.04312	120.33000
 97.80000	119.66000	 77.53768	119.66000
 98.00000	119.00000	 77.04324	119.00000
 98.20000	118.34000	 76.55173	118.34000
 98.40000	117.69000	 76.07085	117.69000
 98.60000	117.08000	 75.62398	117.08000
 98.80000	116.50000	 75.20308	116.50000
 99.00000	115.93000	 74.79223	115.93000
 99.20000	115.30000	 74.33629	115.30000
 99.40000	114.76000	 73.95301	114.76000
 99.60000	114.35000	 73.67361	114.35000
 99.80000	114.11000	 73.52915	114.11000
100.00000	114.22000	 73.66047	114.22000
100.20000	114.78000	 74.14520	114.78000
100.40000	115.46000	 74.72285	115.46000
100.60000	116.18000	 75.32949	116.18000
100.80000	116.88000	 75.91725	116.88000
101.00000	117.19000	 76.19508	117.19000
101.20000	117.41000	 76.39892	117.41000
101.40000	117.61000	 76.58415	117.61000
101.60000	117.84000	 76.79036	117.84000
101.80000	118.28000	 77.15914	118.28000
102.00000	118.79000	 77.58036	118.79000
102.20000	119.32000	 78.01455	119.32000
102.40000	119.84000	 78.43802	119.84000
102.60000	120.23000	 78.75648	120.23000
102.80000	120.59000	 79.04866	120.59000
103.00000	120.93000	 79.32263	120.93000
103.20000	121.30000	 79.61784	121.30000
103.40000	121.63000	 79.87945	121.63000
103.60000	122.03000	 80.19399	122.03000
103.80000	122.55000	 80.60075	122.55000
104.00000	123.25000	 81.14671	123.25000
104.20000	124.53000	 82.14563	124.53000
104.40000	125.95000	 83.25083	125.95000
104.60000	127.36000	 84.34355	127.36000
104.80000	128.62000	 85.31325	128.62000
105.00000	129.50000	 85.97918	129.50000
105.20000	130.15000	 86.45974	130.15000
105.40000	130.55000	 86.74000	130.55000
105.60000	130.56000	 86.71099	130.56000
105.80000	130.21000	 86.39759	130.21000
106.00000	129.67000	 85.93476	129.67000
106.20000	129.00000	 85.37094	129.00000
106.40000	128.39000	 84.85641	128.39000
106.60000	127.86000	 84.40751	127.86000
106.80000	127.31000	 83.94595	127.31000
107.00000	126.74000	 83.47193	126.74000
107.20000	126.15000	 82.98556	126.15000
107.40000	125.51000	 82.46337	125.51000
107.60000	124.85000	 81.92901	124.85000
107.80000	124.17000	 81.38255	124.17000
108.00000	123.47000	 80.82403	123.47000
108.20000	122.75000	 80.25346	122.75000
108.40000	122.04000	 79.69443	122.04000
108.60000	121.32000	 79.13117	121.32000
108.80000	120.59000	 78.56363	120.59000
109.00000	119.84000	 77.98390	119.84000
109.20000	119.08000	 77.39980	119.08000
109.40000	118.28000	 76.78772	118.28000
109.60000	117.47000	 76.17121	117.47000
109.80000	116.66000	 75.55811	116.66000
110.00000	115.86000	 74.95622	115.86000
110.20000	115.09000	 74.38117	115.09000
110.40000	114.27000	 73.76999	114.27000
110.60000	113.49000	 73.19332	113.49000
110.80000	112.79000	 72.68245	112.79000
111.00000	112.21000	 72.26856	112.21000
111.20000	111.77000	 71.96697	111.77000
111.40000	111.78000	 72.02063	111.78000
111.60000	111.96000	 72.20859	111.96000
111.80000	112.20000	 72.44346	112.20000
112.00000	112.46000	 72.69305	112.46000
112.20000	112.68000	 72.90969	112.68000
112.40000	112.51000	 72.81821	112.51000
112.60000	112.29000	 72.68607	112.29000
112.80000	112.05000	 72.53722	112.05000
113.00000	111.84000	 72.41122	111.84000
113.20000	111.73000	 72.36321	111.73000
113.40000	111.76000	 72.42458	111.76000
113.60000	111.86000	 72.54010	111.86000
113.80000	112.02000	 72.70166	112.02000
114.00000	112.24000	 72.90900	112.24000
114.20000	112.44000	 73.09902	112.44000
114.40000	112.73000	 73.35799	112.73000
114.60000	113.13000	 73.70139	113.13000
114.80000	113.65000	 74.13680	113.65000
115.00000	114.51000	 74.83661	114.51000
115.20000	115.46000	 75.60372	115.46000
115.40000	116.45000	 76.39826	116.45000
115.60000	117.41000	 77.16480	117.41000
115.80000	118.25000	 77.83243	118.25000
116.00000	118.98000	 78.40912	118.98000
116.20000	119.58000	 78.87942	119.58000
116.40000	119.99000	 79.19666	119.99000
116.60000	120.14000	 79.30650	120.14000
116.80000	120.13000	 79.28834	120.13000
117.00000	120.00000	 79.17446	120.00000
117.20000	119.76000	 78.97352	119.76000
117.40000	119.44000	 78.70979	119.44000
117.60000	119.05000	 78.39173	119.05000
117.80000	118.61000	 78.03559	118.61000
118.00000	118.16000	 77.67318	118.16000
118.20000	117.77000	 77.35978	117.77000
118.40000	117.37000	 77.04049	117.37000
118.60000	116.95000	 76.70751	116.95000
118.80000	116.50000	 76.35303	116.50000
119.00000	115.98000	 75.94569	115.98000
119.20000	115.40000	 75.49348	115.40000
119.40000	114.82000	 75.04368	114.82000
119.60000	114.26000	 74.61207	114.26000
119.80000	113.75000	 74.22222	113.75000
120.00000	113.42000	 73.97612	113.42000
120.20000	113.16000	 73.78701	113.16000
120.40000	112.93000	 73.62308	112.93000
120.60000	112.73000	 73.48402	112.73000
120.80000	112.53000	 73.34597	112.53000
121.00000	112.28000	 73.16947	112.28000
121.20000	112.03000	 72.99372	112.03000
121.40000	111.78000	 72.81867	111.78000
121.60000	111.53000	 72.64427	111.53000
121.80000	111.29000	 72.47834	111.29000
122.00000	111.04000	 72.30513	111.04000
122.20000	110.81000	 72.14818	110.81000
122.40000	110.61000	 72.01528	110.61000
122.60000	110.44000	 71.90636	110.44000
122.80000	110.29000	 71.81344	110.29000
123.00000	110.17000	 71.74428	110.17000
123.20000	110.13000	 71.73801	110.13000
123.40000	110.20000	 71.81799	110.20000
123.60000	110.39000	 71.99175	110.39000
123.80000	110.90000	 72.41598	110.90000
124.00000	111.59000	 72.97994	111.59000
124.20000	112.34000	 73.58863	112.34000
124.40000	113.12000	 74.21786	113.12000
124.60000	113.82000	 74.78083	113.82000
124.80000	114.38000	 75.23027	114.38000
125.00000	114.93000	 75.66846	114.93000
125.20000	115.49000	 76.11126	115.49000
125.40000	116.09000	 76.58237	116.09000
125.60000	116.75000	 77.09753	116.75000
125.80000	117.45000	 77.64103	117.45000
126.00000	118.17000	 78.19709	118.17000
126.20000	118.92000	 78.77355	118.92000
126.40000	119.70000	 79.37037	119.70000
126.60000	120.48000	 79.96393	120.48000
126.80000	121.24000	 80.53854	121.24000
127.00000	121.90000	 81.03145	121.90000
127.20000	122.46000	 81.44287	122.46000
127.40000	123.02000	 81.85170	123.02000
127.60000	123.62000	 82.28960	123.62000
127.80000	124.36000	 82.83526	124.36000
128.00000	125.26000	 83.50427	125.26000
128.20000	126.18000	 84.18638	126.18000
128.40000	127.11000	 84.87355	127.11000
128.60000	128.03000	 85.54992	128.03000
128.80000	128.89000	 86.17618	128.89000
129.00000	129.61000	 86.68961	129.61000
129.20000	130.13000	 87.04339	130.13000
129.40000	130.20000	 87.04175	130.20000
129.60000	130.02000	 86.84285	130.02000
129.80000	129.66000	 86.50281	129.66000
130.00000	129.15000	 86.04628	129.15000
130.20000	128.61000	 85.56842	128.61000
130.40000	127.98000	 85.02280	127.98000
130.60000	127.27000	 84.41782	127.27000
130.80000	126.50000	 83.76968	126.50000
131.00000	125.68000	 83.08660	125.68000
131.20000	124.81000	 82.36888	124.81000
131.40000	123.93000	 81.64816	123.93000
131.60000	123.04000	 80.92457	123.04000
131.80000	122.16000	 80.21386	122.16000
132.00000	121.36000	 79.57098	121.36000
132.20000	120.59000	 78.95646	120.59000
132.40000	119.85000	 78.37008	119.85000
132.60000	119.14000	 77.81158	119.14000
132.80000	118.47000	 77.28856	118.47000
133.00000	117.88000	 76.83215	117.88000
133.20000	117.32000	 76.40273	117.32000
133.40000	116.78000	 75.99213	116.78000
133.60000	116.27000	 75.60792	116.27000
133.80000	115.77000	 75.23412	115.77000
134.00000	115.23000	 74.83124	115.23000
134.20000	114.71000	 74.44630	114.71000
134.40000	114.21000	 74.07916	114.21000
134.60000	113.73000	 73.72968	113.73000
134.80000	113.27000	 73.39772	113.27000
135.00000	112.82000	 73.07527	112.82000
135.20000	112.41000	 72.78576	112.41000
135.40000	112.06000	 72.54473	112.06000
135.60000	111.79000	 72.36766	111.79000
135.80000	111.62000	 72.26997	111.62000
136.00000	111.58000	 72.27486	111.58000
136.20000	111.64000	 72.35831	111.64000
136.40000	111.82000	 72.53557	111.82000
136.60000	112.11000	 72.79828	112.11000
136.80000	112.55000	 73.17735	112.55000
137.00000	113.11000	 73.64865	113.11000
137.20000	113.77000	 74.19592	113.77000
137.40000	114.51000	 74.80296	114.51000
137.60000	115.33000	 75.46932	115.33000
137.80000	116.20000	 76.17105	116.20000
138.00000	117.10000	 76.89214	117.10000
138.20000	118.02000	 77.62453	118.02000
138.40000	118.84000	 78.27383	118.84000
138.60000	119.66000	 78.91871	119.66000
138.80000	120.53000	 79.59854	120.53000
139.00000	121.56000	 80.39976	121.56000
139.20000	122.85000	 81.40074	122.85000
139.40000	124.14000	 82.39679	124.14000
139.60000	125.36000	 83.33267	125.36000
139.80000	126.23000	 83.98844	126.23000
140.00000	126.91000	 84.49034	126.91000
140.20000	127.51000	 84.92550	127.51000
140.40000	128.11000	 85.35743	128.11000
140.60000	128.75000	 85.81801	128.75000
140.80000	129.34000	 86.23687	129.34000
141.00000	129.89000	 86.62217	129.89000
141.20000	130.39000	 86.96634	130.39000
141.40000	130.79000	 87.23040	130.79000
141.60000	131.06000	 87.39118	131.06000
141.80000	131.08000	 87.35490	131.08000
142.00000	130.91000	 87.16940	130.91000
142.20000	130.60000	 86.87473	130.60000
142.40000	130.16000	 86.47950	130.16000
142.60000	129.63000	 86.01582	129.63000
142.80000	129.02000	 85.49213	129.02000
143.00000	128.33000	 84.90894	128.33000
143.20000	127.57000	 84.27454	127.57000
143.40000	126.76000	 83.60498	126.76000
143.60000	125.91000	 82.90843	125.91000
143.80000	125.04000	 82.20079	125.04000
144.00000	124.14000	 81.47435	124.14000
144.20000	123.23000	 80.74490	123.23000
144.40000	122.37000	 80.05958	122.37000
144.60000	121.51000	 79.37903	121.51000
144.80000	120.66000	 78.71097	120.66000
145.00000	119.80000	 78.03955	119.80000
145.20000	118.94000	 77.37251	118.94000
145.40000	118.02000	 76.66257	118.02000
145.60000	117.10000	 75.95684	117.10000
145.80000	116.20000	 75.27095	116.20000
146.00000	115.34000	 74.62049	115.34000
146.20000	114.52000	 74.00527	114.52000
146.40000	113.84000	 73.50361	113.84000
146.60000	113.22000	 73.05227	113.22000
146.80000	112.64000	 72.63513	112.64000
147.00000	112.10000	 72.25183	112.10000
147.20000	111.60000	 71.90204	111.60000
147.40000	111.09000	 71.54617	111.09000
147.60000	110.60000	 71.20757	110.60000
147.80000	110.15000	 70.90175	110.15000
148.00000	109.74000	 70.62851	109.74000
148.20000	109.37000	 70.38763	109.37000
148.40000	109.02000	 70.16319	109.02000
148.60000	108.71000	 69.97070	108.71000
148.80000	108.48000	 69.84139	108.48000
149.00000	108.33000	 69.77499	108.33000
149.20000	108.27000	 69.77904	108.27000
149.40000	108.40000	 69.93175	108.40000
149.60000	108.65000	 70.17760	108.65000
149.80000	108.98000	 70.48464	108.98000
150.00000	109.39000	 70.85241	109.39000
150.20000	109.84000	 71.24905	109.84000
150.40000	110.27000	 71.62712	110.27000
150.60000	110.77000	 72.05714	110.77000
150.80000	111.35000	 72.54678	111.35000
151.00000	112.04000	 73.11936	112.04000
151.20000	113.02000	 73.91597	113.02000
151.40000	114.12000	 74.80247	114.12000
151.60000	115.23000	 75.69192	115.23000
151.80000	116.27000	 76.52114	116.27000
152.00000	117.01000	 77.10941	117.01000
152.20000	117.51000	 77.50434	117.51000
152.40000	117.89000	 77.80092	117.89000
152.60000	118.18000	 78.02344	118.18000
152.80000	118.45000	 78.22755	118.45000
153.00000	118.71000	 78.42163	118.71000
153.20000	118.91000	 78.56680	118.91000
153.40000	119.06000	 78.67129	119.06000
153.60000	119.08000	 78.67262	119.08000
153.80000	118.95000	 78.55554	118.95000
154.00000	118.82000	 78.43840	118.82000
154.20000	118.73000	 78.35298	118.73000
154.40000	118.74000	 78.34660	118.74000
154.60000	119.16000	 78.66269	119.16000
154.80000	119.69000	 79.06496	119.69000
155.00000	120.27000	 79.50566	120.27000
155.20000	120.85000	 79.94504	120.85000
155.40000	121.35000	 80.31994	121.35000
155.60000	121.75000	 80.61457	121.75000
155.80000	122.07000	 80.84476	122.07000
156.00000	122.29000	 80.99502	122.29000
156.20000	122.35000	 81.01857	122.35000
156.40000	122.22000	 80.89232	122.22000
156.60000	122.00000	 80.69544	122.00000
156.80000	121.72000	 80.45206	121.72000
157.00000	121.43000	 80.20192	121.43000
157.20000	121.23000	 80.02388	121.23000
157.40000	121.03000	 79.84734	121.03000
157.60000	120.79000	 79.64091	120.79000
157.80000	120.52000	 79.41252	120.52000
158.00000	120.12000	 79.08369	120.12000
158.20000	119.64000	 78.69395	119.64000
158.40000	119.14000	 78.29069	119.14000
158.60000	118.65000	 77.89765	118.65000
158.80000	118.20000	 77.53849	118.20000
159.00000	117.95000	 77.33885	117.95000
159.20000	117.75000	 77.18055	117.75000
159.40000	117.59000	 77.05542	117.59000
159.60000	117.45000	 76.94743	117.45000
159.80000	117.33000	 76.85632	117.33000
160.00000	117.18000	 76.74260	117.18000
160.20000	117.03000	 76.62973	117.03000
160.40000	116.87000	 76.50976	116.87000
160.60000	116.69000	 76.37480	116.69000
160.80000	116.47000	 76.20913	116.47000
161.00000	116.04000	 75.87929	116.04000
161.20000	115.64000	 75.57411	115.64000
161.40000	115.32000	 75.33306	115.32000
161.60000	115.12000	 75.18753	115.12000
161.80000	115.18000	 75.24726	115.18000
162.00000	115.75000	 75.70802	115.75000
162.20000	116.43000	 76.25449	116.43000
162.40000	117.16000	 76.83857	117.16000
162.60000	117.87000	 77.40457	117.87000
162.80000	118.33000	 77.77141	118.33000
163.00000	118.55000	 77.94706	118.55000
163.20000	118.72000	 78.08125	118.72000
163.40000	118.86000	 78.19010	118.86000
163.60000	119.00000	 78.29753	119.00000
163.80000	119.17000	 78.42737	119.17000
164.00000	119.40000	 78.60331	119.40000
164.20000	119.72000	 78.84893	119.72000
164.40000	120.23000	 79.24263	120.23000
164.60000	121.02000	 79.85474	121.02000
164.80000	121.88000	 80.51964	121.88000
165.00000	122.73000	 81.17395	122.73000
165.20000	123.45000	 81.72312	123.45000
165.40000	123.94000	 82.08861	123.94000
165.60000	124.40000	 82.42788	124.40000
165.80000	124.85000	 82.75701	124.85000
166.00000	125.37000	 83.13907	125.37000
166.20000	125.95000	 83.56633	125.95000
166.40000	126.58000	 84.03090	126.58000
166.60000	127.30000	 84.56415	127.30000
166.80000	128.16000	 85.20518	128.16000
167.00000	128.96000	 85.79659	128.96000
167.20000	129.64000	 86.29119	129.64000
167.40000	129.93000	 86.47707	129.93000
167.60000	130.02000	 86.50419	130.02000
167.80000	129.95000	 86.40480	129.95000
168.00000	129.76000	 86.21115	129.76000
168.20000	129.51000	 85.97110	129.51000
168.40000	129.16000	 85.65383	129.16000
168.60000	128.73000	 85.27561	128.73000
168.80000	128.23000	 84.84477	128.23000
169.00000	127.67000	 84.36958	127.67000
169.20000	127.07000	 83.86609	127.07000
169.40000	126.42000	 83.32672	126.42000
169.60000	125.74000	 82.76739	125.74000
169.80000	125.04000	 82.19614	125.04000
170.00000	124.33000	 81.62091	124.33000
170.20000	123.62000	 81.04962	123.62000
170.40000	122.92000	 80.49010	122.92000
170.60000	122.22000	 79.93445	122.22000
170.80000	121.62000	 79.46113	121.62000
171.00000	121.05000	 79.01490	121.05000
171.20000	120.49000	 78.57982	120.49000
171.40000	119.91000	 78.13209	119.91000
171.60000	119.31000	 77.67158	119.31000
171.80000	118.59000	 77.11965	118.59000
172.00000	117.76000	 76.48424	117.76000
172.20000	116.93000	 75.85195	116.93000
172.40000	116.10000	 75.22290	116.10000
172.60000	115.29000	 74.61282	115.29000
172.80000	114.51000	 74.02954	114.51000
173.00000	113.75000	 73.46510	113.75000
173.20000	113.10000	 72.99005	113.10000
173.40000	112.61000	 72.64336	112.61000
173.60000	112.30000	 72.44027	112.30000
173.80000	112.37000	 72.53720	112.37000
174.00000	112.94000	 73.02738	112.94000
174.20000	113.66000	 73.63441	113.66000
174.40000	114.45000	 74.29423	114.45000
174.60000	115.23000	 74.94308	115.23000
174.80000	115.72000	 75.36046	115.72000
175.00000	116.03000	 75.63287	116.03000
175.20000	116.31000	 75.87847	116.31000
175.40000	116.58000	 76.11332	116.58000
175.60000	116.93000	 76.40838	116.93000
175.80000	117.37000	 76.77159	117.37000
176.00000	117.83000	 77.14791	117.83000
176.20000	118.30000	 77.52945	118.30000
176.40000	118.68000	 77.83765	118.68000
176.60000	119.02000	 78.11194	119.02000
176.80000	119.45000	 78.45460	119.45000
177.00000	120.01000	 78.89707	120.01000
177.20000	120.99000	 79.66692	120.99000
177.40000	122.12000	 80.55135	122.12000
177.60000	123.34000	 81.50253	123.34000
177.80000	124.55000	 82.44134	124.55000
178.00000	125.70000	 83.32817	125.70000
178.20000	126.80000	 84.17078	126.80000
178.40000	127.80000	 84.92998	127.80000
178.60000	128.65000	 85.56674	128.65000
178.80000	129.38000	 86.10509	129.38000
179.00000	129.98000	 86.53771	129.98000
179.20000	130.46000	 86.87306	130.46000
179.40000	130.81000	 87.10391	130.81000
179.60000	131.05000	 87.24664	131.05000
179.80000	131.16000	 87.28617	131.16000
180.00000	131.15000	 87.23100	131.15000
180.20000	131.05000	 87.10533	131.05000
180.40000	130.85000	 86.90187	130.85000
180.60000	130.59000	 86.65259	130.59000
180.80000	130.30000	 86.38148	130.30000
181.00000	129.96000	 86.07317	129.96000
181.20000	129.56000	 85.72009	129.56000
181.40000	129.12000	 85.33822	129.12000
181.60000	128.63000	 84.91991	128.63000
181.80000	128.10000	 84.47322	128.10000
182.00000	127.52000	 83.99046	127.52000
182.20000	126.89000	 83.47180	126.89000
182.40000	126.19000	 82.90167	126.19000
182.60000	125.42000	 82.28026	125.42000
182.80000	124.64000	 81.65488	124.64000
183.00000	123.84000	 81.01779	123.84000
183.20000	123.07000	 80.40833	123.07000
183.40000	122.36000	 79.85000	122.36000
183.60000	121.67000	 79.31124	121.67000
183.80000	120.98000	 78.77615	120.98000
184.00000	120.29000	 78.24457	120.29000
184.20000	119.55000	 77.67710	119.55000
184.40000	118.78000	 77.08939	118.78000
184.60000	118.01000	 76.50497	118.01000
184.80000	117.27000	 75.94735	117.27000
185.00000	116.56000	 75.41643	116.56000
185.20000	115.83000	 74.87279	115.83000
185.40000	115.17000	 74.38700	115.17000
185.60000	114.61000	 73.98240	114.61000
185.80000	114.19000	 73.69010	114.19000
186.00000	113.98000	 73.56461	113.98000
186.20000	114.00000	 73.62095	114.00000
186.40000	114.20000	 73.81904	114.20000
186.60000	114.57000	 74.15018	114.57000
186.80000	115.13000	 74.62924	115.13000
187.00000	115.93000	 75.29463	115.93000
187.20000	116.84000	 76.04331	116.84000
187.40000	117.81000	 76.83523	117.81000
187.60000	118.74000	 77.59129	118.74000
187.80000	119.62000	 78.30333	119.62000
188.00000	120.53000	 79.03410	120.53000
188.20000	121.49000	 79.79928	121.49000
188.40000	122.64000	 80.70874	122.64000
188.60000	123.79000	 81.61298	123.79000
188.80000	124.89000	 82.47258	124.89000
189.00000	125.79000	 83.16978	125.79000
189.20000	126.55000	 83.75208	126.55000
189.40000	127.18000	 84.22788	127.18000
189.60000	127.70000	 84.61349	127.70000
189.80000	128.10000	 84.90168	128.10000
190.00000	128.41000	 85.11666	128.41000
190.20000	128.64000	 85.26690	128.64000
190.40000	128.76000	 85.32938	128.76000
190.60000	128.83000	 85.35180	128.83000
190.80000	128.88000	 85.35819	128.88000
191.00000	128.96000	 85.38816	128.96000
191.20000	129.24000	 85.57543	129.24000
191.40000	129.54000	 85.77844	129.54000
191.60000	129.82000	 85.96562	129.82000
191.80000	130.03000	 86.09764	130.03000
192.00000	130.06000	 86.08816	130.06000
192.20000	129.98000	 85.99248	129.98000
192.40000	129.79000	 85.81100	129.79000
192.60000	129.48000	 85.53630	129.48000
192.80000	128.99000	 85.12172	128.99000
193.00000	128.40000	 84.63069	128.40000
193.20000	127.73000	 84.07946	127.73000
193.40000	127.00000	 83.48418	127.00000
193.60000	126.25000	 82.87666	126.25000
193.80000	125.50000	 82.27286	125.50000
194.00000	124.74000	 81.66506	124.74000
194.20000	123.98000	 81.06119	123.98000
194.40000	123.23000	 80.46910	123.23000
194.60000	122.55000	 79.93586	122.55000
194.80000	121.91000	 79.43774	121.91000
195.00000	121.28000	 78.95096	121.28000
195.20000	120.66000	 78.47529	120.66000
195.40000	120.04000	 78.00272	120.04000
195.60000	119.33000	 77.46239	119.33000
195.80000	118.62000	 76.92500	118.62000
196.00000	117.93000	 76.40623	117.93000
196.20000	117.27000	 75.91384	117.27000
196.40000	116.64000	 75.44772	116.64000
196.60000	116.13000	 75.07838	116.13000
196.80000	115.68000	 74.75838	115.68000
197.00000	115.28000	 74.47952	115.28000
197.20000	114.93000	 74.24149	114.93000
197.40000	114.62000	 74.03611	114.62000
197.60000	114.38000	 73.88665	114.38000
197.80000	114.18000	 73.76924	114.18000
198.00000	114.00000	 73.66788	114.00000
198.20000	113.83000	 73.57450	113.83000
198.40000	113.65000	 73.47320	113.65000
198.60000	113.32000	 73.25395	113.32000
198.80000	112.96000	 73.01115	112.96000
199.00000	112.64000	 72.79995	112.64000
199.20000	112.38000	 72.63608	112.38000
199.40000	112.21000	 72.54305	112.21000
199.60000	112.35000	 72.69345	112.35000
199.80000	112.64000	 72.96101	112.64000
200.00000	113.00000	 73.28225	113.00000
200.20000	113.38000	 73.61736	113.38000
200.40000	113.77000	 73.95813	113.77000
200.60000	113.92000	 74.10794	113.92000
200.80000	114.06000	 74.24768	114.06000
201.00000	114.23000	 74.40894	114.23000
201.20000	114.46000	 74.61540	114.46000
201.40000	114.79000	 74.89847	114.79000
201.60000	115.28000	 75.30512	115.28000
201.80000	115.87000	 75.78791	115.87000
202.00000	116.56000	 76.34649	116.56000
202.20000	117.36000	 76.98833	117.36000
202.40000	118.31000	 77.74447	118.31000
202.60000	119.35000	 78.56730	119.35000
202.80000	120.47000	 79.44856	120.47000
203.00000	121.66000	 80.38003	121.66000
203.20000	123.05000	 81.46348	123.05000
203.40000	124.44000	 82.54138	124.44000
203.60000	125.73000	 83.53492	125.73000
203.80000	126.82000	 84.36560	126.82000
204.00000	127.40000	 84.79035	127.40000
204.20000	127.78000	 85.05376	127.78000
204.40000	128.03000	 85.21191	128.03000
204.60000	128.22000	 85.32080	128.22000
204.80000	128.40000	 85.42047	128.40000
205.00000	128.56000	 85.50364	128.56000
205.20000	128.73000	 85.59430	128.73000
205.40000	129.13000	 85.86551	129.13000
205.60000	129.53000	 86.13645	129.53000
205.80000	129.84000	 86.33635	129.84000
206.00000	129.96000	 86.38672	129.96000
206.20000	129.58000	 86.04446	129.58000
206.40000	129.04000	 85.57761	129.04000
206.60000	128.40000	 85.03423	128.40000
206.80000	127.72000	 84.46220	127.72000
207.00000	127.25000	 84.05843	127.25000
207.20000	126.79000	 83.66586	126.79000
207.40000	126.34000	 83.28447	126.34000
207.60000	125.88000	 82.89846	125.88000
207.80000	125.39000	 82.49206	125.39000
208.00000	124.85000	 82.04954	124.85000
208.20000	124.31000	 81.61019	124.31000
208.40000	123.76000	 81.16614	123.76000
208.60000	123.21000	 80.72522	123.21000
208.80000	122.70000	 80.31880	122.70000
209.00000	122.21000	 79.93105	122.21000
209.20000	121.72000	 79.54610	121.72000
209.40000	121.23000	 79.16383	121.23000
209.60000	120.72000	 78.76843	120.72000
209.80000	120.15000	 78.32839	120.15000
210.00000	119.55000	 77.86732	119.55000
210.20000	118.95000	 77.40879	118.95000
210.40000	118.34000	 76.94497	118.34000
210.60000	117.75000	 76.49939	117.75000
210.80000	117.20000	 76.08770	117.20000
211.00000	116.67000	 75.69406	116.67000
211.20000	116.17000	 75.32619	116.17000
211.40000	115.68000	 74.96820	115.68000
211.60000	115.22000	 74.63566	115.22000
211.80000	114.78000	 74.32054	114.78000
212.00000	114.37000	 74.03054	114.37000
212.20000	113.97000	 73.74977	113.97000
212.40000	113.58000	 73.47809	113.58000
212.60000	113.19000	 73.20751	113.19000
212.80000	112.76000	 72.90653	112.76000
213.00000	112.29000	 72.57513	112.29000
213.20000	111.83000	 72.25261	111.83000
213.40000	111.40000	 71.95470	111.40000
213.60000	111.02000	 71.69703	111.02000
213.80000	110.70000	 71.48735	110.70000
214.00000	110.46000	 71.34117	110.46000
214.20000	110.31000	 71.26608	110.31000
214.40000	110.26000	 71.26961	110.26000
214.60000	110.32000	 71.35924	110.32000
214.80000	110.51000	 71.55025	110.51000
215.00000	111.06000	 72.02278	111.06000
215.20000	111.69000	 72.55605	111.69000
215.40000	112.38000	 73.13365	112.38000
215.60000	113.08000	 73.71576	113.08000
215.80000	113.73000	 74.25491	113.73000
216.00000	114.10000	 74.57034	114.10000
216.20000	114.43000	 74.85092	114.43000
216.40000	114.74000	 75.11274	114.74000
216.60000	115.04000	 75.36395	115.04000
216.80000	115.39000	 75.65193	115.39000
217.00000	115.83000	 76.00821	115.83000
217.20000	116.28000	 76.36992	116.28000
217.40000	116.75000	 76.74491	116.75000
217.60000	117.22000	 77.11745	117.22000
217.80000	117.63000	 77.44043	117.63000
218.00000	118.06000	 77.77680	118.06000
218.20000	118.53000	 78.14235	118.53000
218.40000	119.06000	 78.55280	119.06000
218.60000	119.72000	 79.06306	119.72000
218.80000	120.47000	 79.64149	120.47000
219.00000	121.28000	 80.26426	121.28000
219.20000	122.14000	 80.92328	122.14000
219.40000	123.12000	 81.67329	123.12000
219.60000	124.13000	 82.44331	124.13000
219.80000	125.09000	 83.17029	125.09000
220.00000	125.95000	 83.81493	125.95000
220.20000	126.52000	 84.22820	126.52000
220.40000	126.88000	 84.47352	126.88000
220.60000	127.10000	 84.60665	127.10000
220.80000	127.19000	 84.63621	127.19000
221.00000	127.16000	 84.57079	127.16000
221.20000	127.03000	 84.42681	127.03000
221.40000	126.81000	 84.21274	126.81000
221.60000	126.51000	 83.93701	126.51000
221.80000	126.15000	 83.61583	126.15000
222.00000	125.77000	 83.28102	125.77000
222.20000	125.33000	 82.90147	125.33000
222.40000	124.85000	 82.49316	124.85000
222.60000	124.33000	 82.05629	124.33000
222.80000	123.76000	 81.58321	123.76000
223.00000	123.15000	 81.08194	123.15000
223.20000	122.52000	 80.56834	122.52000
223.40000	121.89000	 80.05820	121.89000
223.60000	121.28000	 79.56728	121.28000
223.80000	120.71000	 79.11123	120.71000
224.00000	120.17000	 78.68208	120.17000
224.20000	119.69000	 78.30320	119.69000
224.40000	119.27000	 77.97438	119.27000
224.60000	118.93000	 77.71102	118.93000
224.80000	118.75000	 77.57561	118.75000
225.00000	118.66000	 77.51266	118.66000
225.20000	118.63000	 77.49811	118.63000
225.40000	118.65000	 77.52365	118.65000
225.60000	118.70000	 77.57319	118.70000
225.80000	118.75000	 77.62283	118.75000
226.00000	118.81000	 77.68022	118.81000
226.20000	118.87000	 77.73734	118.87000
226.40000	118.92000	 77.78624	118.92000
226.60000	118.96000	 77.82684	118.96000
226.80000	118.94000	 77.81988	118.94000
227.00000	118.90000	 77.79685	118.90000
227.20000	118.85000	 77.76570	118.85000
227.40000	118.77000	 77.71080	118.77000
227.60000	118.67000	 77.64012	118.67000
227.80000	118.46000	 77.48308	118.46000
228.00000	118.26000	 77.33416	118.26000
228.20000	118.09000	 77.20921	118.09000
228.40000	117.98000	 77.13185	117.98000
228.60000	117.96000	 77.12556	117.96000
228.80000	118.17000	 77.30012	118.17000
229.00000	118.49000	 77.56078	118.49000
229.20000	118.91000	 77.89919	118.91000
229.40000	119.44000	 78.32270	119.44000
229.60000	120.06000	 78.81511	120.06000
229.80000	120.76000	 79.36812	120.76000
230.00000	121.56000	 79.99701	121.56000
230.20000	122.43000	 80.67781	122.43000
230.40000	123.39000	 81.42586	123.39000
230.60000	124.48000	 82.27223	124.48000
230.80000	125.64000	 83.16939	125.64000
231.00000	126.81000	 84.06987	126.81000
231.20000	127.95000	 84.94205	127.95000
231.40000	128.94000	 85.69166	128.94000
231.60000	129.85000	 86.37391	129.85000
231.80000	130.74000	 87.03627	130.74000
232.00000	131.65000	 87.71046	131.65000
232.20000	132.80000	 88.56948	132.80000
232.40000	133.91000	 89.39323	133.91000
232.60000	134.89000	 90.11100	134.89000
232.80000	135.50000	 90.53452	135.50000
233.00000	135.76000	 90.68028	135.76000
233.20000	135.95000	 90.76928	135.95000
233.40000	136.21000	 90.91233	136.21000
233.60000	136.81000	 91.32199	136.81000
233.80000	137.46000	 91.77030	137.46000
234.00000	138.11000	 92.21780	138.11000
234.20000	138.69000	 92.60937	138.69000
234.40000	139.17000	 92.92150	139.17000
234.60000	139.48000	 93.09939	139.48000
234.80000	139.56000	 93.09632	139.56000
235.00000	139.15000	 92.70874	139.15000
235.20000	138.54000	 92.16560	138.54000
235.40000	137.78000	 91.50729	137.78000
235.60000	136.96000	 90.80545	136.96000
235.80000	136.25000	 90.19431	136.25000
236.00000	135.52000	 89.57204	135.52000
236.20000	134.76000	 88.93096	134.76000
236.40000	133.97000	 88.27119	133.97000
236.60000	133.14000	 87.58496	133.14000
236.80000	132.28000	 86.88016	132.28000
237.00000	131.40000	 86.16472	131.40000
237.20000	130.50000	 85.43863	130.50000
237.40000	129.57000	 84.69402	129.57000
237.60000	128.59000	 83.91518	128.59000
237.80000	127.61000	 83.14140	127.61000
238.00000	126.66000	 82.39619	126.66000
238.20000	125.75000	 81.68730	125.75000
238.40000	124.97000	 81.08520	124.97000
238.60000	124.32000	 80.58951	124.32000
238.80000	123.73000	 80.14476	123.73000
239.00000	123.20000	 79.75045	123.20000
239.20000	122.69000	 79.37473	122.69000
239.40000	122.20000	 79.01723	122.20000
239.60000	121.72000	 78.66979	121.72000
239.80000	121.24000	 78.32430	121.24000
240.00000	120.78000	 77.99629	120.78000
240.20000	120.31000	 77.66202	120.31000
240.40000	119.73000	 77.24283	119.73000
240.60000	119.12000	 76.80163	119.12000
240.80000	118.56000	 76.40133	118.56000
241.00000	118.07000	 76.05760	118.07000
241.20000	117.69000	 75.80171	117.69000
241.40000	117.61000	 75.78257	117.61000
241.60000	117.72000	 75.91313	117.72000
241.80000	117.92000	 76.11407	117.92000
242.00000	118.19000	 76.36904	118.19000
242.20000	118.50000	 76.65392	118.50000
242.40000	118.68000	 76.83478	118.68000
242.60000	118.86000	 77.01365	118.86000
242.80000	119.09000	 77.22979	119.09000
243.00000	119.36000	 77.47526	119.36000
243.20000	119.74000	 77.80495	119.74000
243.40000	120.26000	 78.24219	120.26000
243.60000	120.83000	 78.71598	120.83000
243.80000	121.43000	 79.21032	121.43000
244.00000	122.03000	 79.70143	122.03000
244.20000	122.61000	 80.17350	122.61000
244.40000	123.18000	 80.63438	123.18000
244.60000	123.72000	 81.06840	123.72000
244.80000	124.13000	 81.39712	124.13000
245.00000	124.46000	 81.66014	124.46000
245.20000	124.85000	 81.96777	124.85000
245.40000	125.36000	 82.36729	125.36000
245.60000	126.29000	 83.09429	126.29000
245.80000	127.43000	 83.98317	127.43000
246.00000	128.67000	 84.94678	128.67000
246.20000	129.95000	 85.93738	129.95000
246.40000	131.22000	 86.91525	131.22000
246.60000	132.38000	 87.80162	132.38000
246.80000	133.37000	 88.54942	133.37000
247.00000	133.97000	 88.98625	133.97000
247.20000	134.06000	 89.01875	134.06000
247.40000	133.92000	 88.86828	133.92000
247.60000	133.60000	 88.57549	133.60000
247.80000	133.27000	 88.27510	133.27000
248.00000	132.98000	 88.00724	132.98000
248.20000	132.62000	 87.68601	132.62000
248.40000	132.18000	 87.30400	132.18000
248.60000	131.67000	 86.86946	131.67000
248.80000	131.01000	 86.31992	131.01000
249.00000	130.28000	 85.71866	130.28000
249.20000	129.49000	 85.07393	129.49000
249.40000	128.65000	 84.39388	128.65000
249.60000	127.79000	 83.70234	127.79000
249.80000	126.92000	 83.00733	126.92000
250.00000	126.04000	 82.30893	126.04000
250.20000	125.17000	 81.62286	125.17000
250.40000	124.32000	 80.95696	124.32000
250.60000	123.51000	 80.32681	123.51000
250.80000	122.75000	 79.74009	122.75000
251.00000	122.05000	 79.20441	122.05000
251.20000	121.42000	 78.72735	121.42000
251.40000	120.87000	 78.31638	120.87000
251.60000	120.47000	 78.02611	120.47000
251.80000	120.23000	 77.86384	120.23000
252.00000	120.08000	 77.77397	120.08000
252.20000	119.99000	 77.73234	119.99000
252.40000	119.97000	 77.74629	119.97000
252.60000	119.91000	 77.72899	119.91000
252.80000	119.85000	 77.71158	119.85000
253.00000	119.84000	 77.73318	119.84000
253.20000	119.93000	 77.83284	119.93000
253.40000	120.12000	 78.01029	120.12000
253.60000	120.62000	 78.43011	120.62000
253.80000	121.21000	 78.91882	121.21000
254.00000	121.83000	 79.42869	121.83000
254.20000	122.45000	 79.93572	122.45000
254.40000	122.85000	 80.26687	122.85000
254.60000	123.15000	 80.51657	123.15000
254.80000	123.47000	 80.77940	123.47000
255.00000	123.87000	 81.10267	123.87000
255.20000	124.50000	 81.60423	124.50000
255.40000	125.25000	 82.19739	125.25000
255.60000	126.08000	 82.85036	126.08000
255.80000	126.97000	 83.54708	126.97000
256.00000	127.87000	 84.24799	127.87000
256.20000	128.79000	 84.96076	128.79000
256.40000	129.70000	 85.66171	129.70000
256.60000	130.66000	 86.39795	130.66000
256.80000	131.57000	 87.09087	131.57000
257.00000	132.30000	 87.63847	132.30000
257.20000	132.69000	 87.91546	132.69000
257.40000	132.67000	 87.86771	132.67000
257.60000	132.45000	 87.66136	132.45000
257.80000	132.08000	 87.33685	132.08000
258.00000	131.63000	 86.95020	131.63000
258.20000	131.17000	 86.55719	131.17000
258.40000	130.78000	 86.22122	130.78000
258.60000	130.64000	 86.08390	130.64000
258.80000	130.66000	 86.07430	130.66000
259.00000	130.83000	 86.18413	130.83000
259.20000	131.30000	 86.53065	131.30000
259.40000	131.94000	 87.01089	131.94000
259.60000	132.62000	 87.52191	132.62000
259.80000	133.23000	 87.97669	133.23000
260.00000	133.66000	 88.28853	133.66000
260.20000	133.94000	 88.48107	133.94000
260.40000	134.04000	 88.53108	134.04000
260.60000	133.77000	 88.28982	133.77000
260.80000	133.28000	 87.87605	133.28000
261.00000	132.62000	 87.33001	132.62000
261.20000	131.87000	 86.71543	131.87000
261.40000	131.09000	 86.08020	131.09000
261.60000	130.24000	 85.39341	130.24000
261.80000	129.33000	 84.66335	129.33000
262.00000	128.36000	 83.89038	128.36000
262.20000	127.34000	 83.08263	127.34000
262.40000	126.30000	 82.26390	126.30000
262.60000	125.25000	 81.44219	125.25000
262.80000	124.23000	 80.64896	124.23000
263.00000	123.26000	 79.89988	123.26000
263.20000	122.33000	 79.18692	122.33000
263.40000	121.44000	 78.50987	121.44000
263.60000	120.60000	 77.87632	120.60000
263.80000	119.87000	 77.33309	119.87000
264.00000	119.19000	 76.83265	119.19000
264.20000	118.54000	 76.35890	118.54000
264.40000	117.90000	 75.89579	117.90000
264.60000	117.17000	 75.36449	117.17000
264.80000	116.39000	 74.79636	116.39000
265.00000	115.65000	 74.26206	115.65000
265.20000	114.99000	 73.79295	114.99000
265.40000	114.43000	 73.40451	114.43000
265.60000	114.06000	 73.16710	114.06000
265.80000	113.85000	 73.05664	113.85000
266.00000	113.82000	 73.08821	113.82000
266.20000	113.98000	 73.26894	113.98000
266.40000	114.45000	 73.69229	114.45000
266.60000	115.16000	 74.30227	115.16000
266.80000	116.05000	 75.05072	116.05000
267.00000	117.07000	 75.89740	117.07000
267.20000	118.17000	 76.80223	118.17000
267.40000	119.33000	 77.74885	119.33000
267.60000	120.58000	 78.76036	120.58000
267.80000	121.90000	 79.82063	121.90000
268.00000	123.33000	 80.96077	123.33000
268.20000	124.82000	 82.14117	124.82000
268.40000	126.30000	 83.30662	126.30000
268.60000	127.72000	 84.41776	127.72000
268.80000	129.00000	 85.41186	129.00000
269.00000	130.18000	 86.32073	130.18000
269.20000	131.24000	 87.12911	131.24000
269.40000	132.09000	 87.76690	132.09000
269.60000	132.78000	 88.27414	132.78000
269.80000	133.49000	 88.79303	133.49000
270.00000	134.36000	 89.43409	134.36000
270.20000	135.75000	 90.48021	135.75000
270.40000	137.08000	 91.47522	137.08000
270.60000	138.18000	 92.28530	138.18000
270.80000	138.43000	 92.42371	138.43000
271.00000	138.23000	 92.20610	138.23000
271.20000	137.84000	 91.83842	137.84000
271.40000	137.52000	 91.52636	137.52000
271.60000	137.38000	 91.35720	137.38000
271.80000	137.29000	 91.22918	137.29000
272.00000	137.30000	 91.18168	137.30000
272.20000	137.53000	 91.30884	137.53000
272.40000	137.80000	 91.46887	137.80000
272.60000	138.04000	 91.60643	138.04000
272.80000	138.12000	 91.61920	138.12000
273.00000	137.99000	 91.46802	137.99000
273.20000	137.74000	 91.22394	137.74000
273.40000	137.35000	 90.87171	137.35000
273.60000	136.77000	 90.37254	136.77000
273.80000	136.04000	 89.75848	136.04000
274.00000	135.23000	 89.08512	135.23000
274.20000	134.36000	 88.36868	134.36000
274.40000	133.49000	 87.65669	133.49000
274.60000	132.64000	 86.96509	132.64000
274.80000	131.80000	 86.28609	131.80000
275.00000	130.97000	 85.61970	130.97000
275.20000	130.18000	 84.98940	130.18000
275.40000	129.46000	 84.41859	129.46000
275.60000	128.77000	 83.87561	128.77000
275.80000	128.10000	 83.35232	128.10000
276.00000	127.44000	 82.84062	127.44000
276.20000	126.77000	 82.32457	126.77000
276.40000	126.09000	 81.80402	126.09000
276.60000	125.40000	 81.27881	125.40000
276.80000	124.72000	 80.76455	124.72000
277.00000	124.05000	 80.26112	124.05000
277.20000	123.31000	 79.70557	123.31000
277.40000	122.57000	 79.15285	122.57000
277.60000	121.87000	 78.63437	121.87000
277.80000	121.24000	 78.17355	121.24000
278.00000	120.70000	 77.78590	120.70000
278.20000	120.32000	 77.52608	120.32000
278.40000	120.09000	 77.38576	120.09000
278.60000	119.99000	 77.34863	119.99000
278.80000	120.01000	 77.40624	120.01000
279.00000	120.18000	 77.58155	120.18000
279.20000	120.60000	 77.95243	120.60000
279.40000	121.13000	 78.40811	121.13000
279.60000	121.74000	 78.92431	121.74000
279.80000	122.39000	 79.46902	122.39000
280.00000	123.03000	 80.00255	123.03000
280.20000	123.65000	 80.51679	123.65000
280.40000	124.24000	 81.00379	124.24000
280.60000	124.80000	 81.46356	124.80000
280.80000	125.28000	 81.85693	125.28000
281.00000	125.69000	 82.19198	125.69000
281.20000	126.03000	 82.46900	126.03000
281.40000	126.28000	 82.67263	126.28000
281.60000	126.39000	 82.76400	126.39000
281.80000	126.45000	 82.81431	126.45000
282.00000	126.50000	 82.85543	126.50000
282.20000	126.56000	 82.90339	126.56000
282.40000	126.67000	 82.98982	126.67000
282.60000	126.86000	 83.13838	126.86000
282.80000	127.21000	 83.41181	127.21000
283.00000	127.85000	 83.91194	127.85000
283.20000	128.55000	 84.45748	128.55000
283.40000	129.25000	 85.00081	129.25000
283.60000	129.76000	 85.39238	129.76000
283.80000	130.10000	 85.64800	130.10000
284.00000	130.34000	 85.82300	130.34000
284.20000	130.48000	 85.91781	130.48000
284.40000	130.55000	 85.95646	130.55000
284.60000	130.51000	 85.90795	130.51000
284.80000	130.38000	 85.78849	130.38000
285.00000	130.14000	 85.58282	130.14000
285.20000	129.77000	 85.27572	129.77000
285.40000	129.30000	 84.89130	129.30000
285.60000	128.74000	 84.43791	128.74000
285.80000	128.11000	 83.93172	128.11000
286.00000	127.36000	 83.33388	127.36000
286.20000	126.56000	 82.69979	126.56000
286.40000	125.74000	 82.05337	125.74000
286.60000	124.91000	 81.40269	124.91000
286.80000	124.16000	 80.81859	124.16000
287.00000	123.52000	 80.32455	123.52000
287.20000	122.92000	 79.86535	122.92000
287.40000	122.35000	 79.43285	122.35000
287.60000	121.80000	 79.01894	121.80000
