  0.00000	 97.73000	 64.12022	 97.73000
  0.20000	 98.01000	 64.37135	 98.01000
  0.40000	 98.23000	 64.57258	 98.23000
  0.60000	 98.40000	 64.73020	 98.40000
  0.80000	 98.52000	 64.84300	 98.52000
  1.00000	 98.60000	 64.91864	 98.60000
  1.20000	 98.64000	 64.95703	 98.64000
  1.40000	 98.66000	 64.97494	 98.66000
  1.60000	 98.65000	 64.96457	 98.65000
  1.80000	 98.63000	 64.94307	 98.63000
  2.00000	 98.59000	 64.90289	 98.59000
  2.20000	 98.52000	 64.83653	 98.52000
  2.40000	 98.39000	 64.72016	 98.39000
  2.60000	 98.21000	 64.56329	 98.21000
  2.80000	 97.99000	 64.37561	 97.99000
  3.00000	 97.75000	 64.17516	 97.75000
  3.20000	 97.50000	 63.97159	 97.50000
  3.40000	 97.24000	 63.76611	 97.24000
  3.60000	 96.99000	 63.57626	 96.99000
  3.80000	 96.75000	 63.40274	 96.75000
  4.00000	 96.52000	 63.24598	 96.52000
  4.20000	 96.29000	 63.09792	 96.29000
  4.40000	 96.10000	 62.99158	 96.10000
  4.60000	 95.99000	 62.95956	 95.99000
  4.80000	 95.98000	 63.01728	 95.98000
  5.00000	 96.24000	 63.30307	 96.24000
  5.20000	 96.57000	 63.64825	 96.57000
  5.40000	 96.93000	 64.01609	 96.93000
  5.60000	 97.29000	 64.37841	 97.29000
  5.80000	 97.54000	 64.64175	 97.54000
  6.00000	 97.76000	 64.87067	 97.76000
  6.20000	 97.92000	 65.03962	 97.92000
  6.40000	 98.03000	 65.15680	 98.03000
  6.60000	 98.05000	 65.18969	 98.05000
  6.80000	 98.03000	 65.18076	 98.03000
  7.00000	 97.95000	 65.11500	 97.95000
  7.20000	 97.83000	 65.01072	 97.83000
  7.40000	 97.67000	 64.86984	 97.67000
  7.60000	 97.49000	 64.71083	 97.49000
  7.80000	 97.33000	 64.56853	 97.33000
  8.00000	 97.22000	 64.46904	 97.22000
  8.20000	 97.18000	 64.42962	 97.18000
  8.40000	 97.15000	 64.40083	 97.15000
  8.60000	 97.14000	 64.39082	 97.14000
  8.80000	 97.10000	 64.35813	 97.10000
  9.00000	 97.02000	 64.29451	 97.02000
  9.20000	 96.97000	 64.25797	 96.97000
  9.40000	 96.99000	 64.28147	 96.99000
  9.60000	 97.15000	 64.42209	 97.15000
  9.80000	 97.47000	 64.69465	 97.47000
 10.00000	 97.86000	 65.02221	 97.86000
 10.20000	 98.28000	 65.36897	 98.28000
 10.40000	 98.69000	 65.69935	 98.69000
 10.60000	 99.07000	 65.99488	 99.07000
 10.80000	 99.43000	 66.26248	 99.43000
 11.00000	 99.77000	 66.50130	 99.77000
 11.20000	100.11000	 66.72744	100.11000
 11.40000	100.40000	 66.89950	100.40000
 11.60000	100.61000	 66.99313	100.61000
 11.80000	100.69000	 66.96825	100.69000
 12.00000	100.54000	 66.74457	100.54000
 12.20000	100.29000	 66.43305	100.29000
 12.40000	100.00000	 66.08722	100.00000
 12.60000	 99.75000	 65.77679	 99.75000
 12.80000	 99.56000	 65.52109	 99.56000
 13.00000	 99.37000	 65.27248	 99.37000
 13.20000	 99.17000	 65.02418	 99.17000
 13.40000	 98.93000	 64.75269	 98.93000
 13.60000	 98.67000	 64.47573	 98.67000
 13.80000	 98.38000	 64.18615	 98.38000
 14.00000	 98.09000	 63.90971	 98.09000
 14.20000	 97.78000	 63.63065	 97.78000
 14.40000	 97.46000	 63.35784	 97.46000
 14.60000	 97.16000	 63.11643	 97.16000
 14.80000	 96.91000	 62.93122	 96.91000
 15.00000	 96.76000	 62.84286	 96.76000
 15.20000	 96.72000	 62.85817	 96.72000
 15.40000	 96.78000	 62.96664	 96.78000
 15.60000	 96.93000	 63.15719	 96.93000
 15.80000	 97.21000	 63.45958	 97.21000
 16.00000	 97.61000	 63.86172	 97.61000
 16.20000	 98.09000	 64.32641	 98.09000
 16.40000	 98.61000	 64.81652	 98.61000
 16.60000	 99.16000	 65.32004	 99.16000
 16.80000	 99.71000	 65.80895	 99.71000
 17.00000	100.23000	 66.25591	100.23000
 17.20000	100.70000	 66.64268	100.70000
 17.40000	101.04000	 66.90246	101.04000
 17.60000	101.28000	 67.06053	101.28000
 17.80000	101.44000	 67.13490	101.44000
 18.00000	101.50000	 67.11121	101.50000
 18.20000	101.41000	 66.95103	101.41000
 18.40000	101.27000	 66.74050	101.27000
 18.60000	101.09000	 66.49153	101.09000
 18.80000	100.91000	 66.24053	100.91000
 19.00000	100.80000	 66.04814	100.80000
 19.20000	100.72000	 65.88329	100.72000
 19.40000	100.68000	 65.75551	100.68000
 19.60000	100.68000	 65.66555	100.68000
 19.80000	100.76000	 65.64661	100.76000
 20.00000	100.89000	 65.67344	100.89000
 20.20000	101.06000	 65.73689	101.06000
 20.40000	101.25000	 65.81937	101.25000
 20.60000	101.49000	 65.94445	101.49000
 20.80000	101.73000	 66.06954	101.73000
 21.00000	101.97000	 66.19346	101.97000
 21.20000	102.20000	 66.30702	102.20000
 21.40000	102.46000	 66.44245	102.46000
 21.60000	102.62000	 66.49180	102.62000
 21.80000	102.64000	 66.42227	102.64000
 22.00000	102.35000	 66.09507	102.35000
 22.20000	101.83000	 65.57984	101.83000
 22.40000	101.19000	 64.97225	101.19000
 22.60000	100.48000	 64.31861	100.48000
 22.80000	 99.75000	 63.66490	 99.75000
 23.00000	 99.06000	 63.06456	 99.06000
 23.20000	 98.47000	 62.56984	 98.47000
 23.40000	 98.27000	 62.42107	 98.27000
 23.60000	 98.20000	 62.40154	 98.20000
 23.80000	 98.22000	 62.47494	 98.22000
 24.00000	 98.26000	 62.57981	 98.26000
 24.20000	 98.25000	 62.65497	 98.25000
 24.40000	 98.23000	 62.73072	 98.23000
 24.60000	 98.20000	 62.80482	 98.20000
 24.80000	 98.13000	 62.85065	 98.13000
 25.00000	 98.02000	 62.86689	 98.02000
 25.20000	 97.86000	 62.84449	 97.86000
 25.40000	 97.65000	 62.78314	 97.65000
 25.60000	 97.33000	 62.63352	 97.33000
 25.80000	 96.92000	 62.41309	 96.92000
 26.00000	 96.46000	 62.15637	 96.46000
 26.20000	 95.98000	 61.88973	 95.98000
 26.40000	 95.49000	 61.62289	 95.49000
 26.60000	 95.01000	 61.37357	 95.01000
 26.80000	 94.54000	 61.14264	 94.54000
 27.00000	 94.10000	 60.94711	 94.10000
 27.20000	 93.73000	 60.82003	 93.73000
 27.40000	 93.42000	 60.75253	 93.42000
 27.60000	 93.15000	 60.72699	 93.15000
 27.80000	 92.94000	 60.75851	 92.94000
 28.00000	 92.71000	 60.77942	 92.71000
 28.20000	 92.57000	 60.87900	 92.57000
 28.40000	 92.55000	 61.08005	 92.55000
 28.60000	 92.69000	 61.41289	 92.69000
 28.80000	 93.16000	 62.01411	 93.16000
 29.00000	 93.76000	 62.71318	 93.76000
 29.20000	 94.44000	 63.46317	 94.44000
 29.40000	 95.16000	 64.22579	 95.16000
 29.60000	 95.87000	 64.95524	 95.87000
 29.80000	 96.57000	 65.64802	 96.57000
 30.00000	 97.20000	 66.25213	 97.20000
 30.20000	 97.71000	 66.72513	 97.71000
 30.40000	 98.14000	 67.10030	 98.14000
 30.60000	 98.46000	 67.35418	 98.46000
 30.80000	 98.69000	 67.50556	 98.69000
 31.00000	 98.82000	 67.54922	 98.82000
 31.20000	 98.81000	 67.45580	 98.81000
 31.40000	 98.62000	 67.19678	 98.62000
 31.60000	 98.19000	 66.72813	 98.19000
 31.80000	 97.70000	 66.20488	 97.70000
 32.00000	 97.22000	 65.69089	 97.22000
 32.20000	 96.94000	 65.34787	 96.94000
 32.40000	 96.83000	 65.15367	 96.83000
 32.60000	 96.80000	 65.03479	 96.80000
 32.80000	 96.83000	 64.97455	 96.83000
 33.00000	 96.85000	 64.91448	 96.85000
 33.20000	 96.88000	 64.87045	 96.88000
 33.40000	 97.00000	 64.90766	 97.00000
 33.60000	 97.25000	 65.05768	 97.25000
 33.80000	 97.75000	 65.41710	 97.75000
 34.00000	 98.45000	 65.94064	 98.45000
 34.20000	 99.26000	 66.54907	 99.26000
 34.40000	100.14000	 67.20435	100.14000
 34.60000	101.07000	 67.88523	101.07000
 34.80000	101.98000	 68.52979	101.98000
 35.00000	102.83000	 69.10187	102.83000
 35.20000	103.60000	 69.58307	103.60000
 35.40000	104.22000	 69.91499	104.22000
 35.60000	104.59000	 70.01615	104.59000
 35.80000	104.59000	 69.79074	104.59000
 36.00000	103.92000	 68.99739	103.92000
 36.20000	103.01000	 68.00119	103.01000
 36.40000	101.98000	 66.91205	101.98000
 36.60000	101.13000	 65.98745	101.13000
 36.80000	100.57000	 65.32496	100.57000
 37.00000	100.09000	 64.75468	100.09000
 37.20000	 99.69000	 64.27834	 99.69000
 37.40000	 99.36000	 63.88819	 99.36000
 37.60000	 99.06000	 63.55078	 99.06000
 37.80000	 98.80000	 63.27339	 98.80000
 38.00000	 98.58000	 63.05459	 98.58000
 38.20000	 98.39000	 62.88432	 98.39000
 38.40000	 98.24000	 62.76877	 98.24000
 38.60000	 98.06000	 62.64795	 98.06000
 38.80000	 97.89000	 62.55294	 97.89000
 39.00000	 97.79000	 62.53132	 97.79000
 39.20000	 97.79000	 62.60548	 97.79000
 39.40000	 97.95000	 62.82196	 97.95000
 39.60000	 98.36000	 63.25103	 98.36000
 39.80000	 98.86000	 63.75541	 98.86000
 40.00000	 99.43000	 64.31329	 99.43000
 40.20000	100.05000	 64.90320	100.05000
 40.40000	100.70000	 65.50413	100.70000
 40.60000	101.31000	 66.05448	101.31000
 40.80000	101.83000	 66.51027	101.83000
 41.00000	102.16000	 66.78772	102.16000
 41.20000	102.25000	 66.84628	102.25000
 41.40000	102.23000	 66.79585	102.23000
 41.60000	102.11000	 66.64812	102.11000
 41.80000	101.95000	 66.45641	101.95000
 42.00000	101.75000	 66.22444	101.75000
 42.20000	101.49000	 65.93927	101.49000
 42.40000	101.20000	 65.62914	101.20000
 42.60000	100.86000	 65.28076	100.86000
 42.80000	100.49000	 64.91372	100.49000
 43.00000	100.10000	 64.53901	100.10000
 43.20000	 99.69000	 64.15905	 99.69000
 43.40000	 99.29000	 63.80062	 99.29000
 43.60000	 98.88000	 63.44875	 98.88000
 43.80000	 98.50000	 63.13759	 98.50000
 44.00000	 98.15000	 62.86772	 98.15000
 44.20000	 97.86000	 62.66393	 97.86000
 44.40000	 97.72000	 62.59977	 97.72000
 44.60000	 97.66000	 62.61560	 97.66000
 44.80000	 97.63000	 62.66776	 97.63000
 45.00000	 97.63000	 62.75380	 97.63000
 45.20000	 97.61000	 62.83012	 97.61000
 45.40000	 97.55000	 62.87830	 97.55000
 45.60000	 97.49000	 62.92996	 97.49000
 45.80000	 97.42000	 62.97568	 97.42000
 46.00000	 97.33000	 63.00628	 97.33000
 46.20000	 97.21000	 63.01289	 97.21000
 46.40000	 97.10000	 63.02817	 97.10000
 46.60000	 97.00000	 63.05179	 97.00000
 46.80000	 96.94000	 63.10810	 96.94000
 47.00000	 96.94000	 63.21296	 96.94000
 47.20000	 96.98000	 63.34887	 96.98000
 47.40000	 97.05000	 63.50641	 97.05000
 47.60000	 97.16000	 63.69264	 97.16000
 47.80000	 97.27000	 63.87330	 97.27000
 48.00000	 97.42000	 64.08033	 97.42000
 48.20000	 97.64000	 64.33736	 97.64000
 48.40000	 97.95000	 64.65942	 97.95000
 48.60000	 98.42000	 65.10240	 98.42000
 48.80000	 98.93000	 65.56461	 98.93000
 49.00000	 99.46000	 66.02710	 99.46000
 49.20000	 99.95000	 66.43832	 99.95000
 49.40000	100.39000	 66.78881	100.39000
 49.60000	100.75000	 67.05345	100.75000
 49.80000	101.00000	 67.20804	101.00000
 50.00000	101.07000	 67.19645	101.07000
 50.20000	100.97000	 67.02995	100.97000
 50.40000	100.76000	 66.76206	100.76000
 50.60000	100.48000	 66.43024	100.48000
 50.80000	100.18000	 66.08010	100.18000
 51.00000	 99.85000	 65.70729	 99.85000
 51.20000	 99.50000	 65.32356	 99.50000
 51.40000	 99.12000	 64.92372	 99.12000
 51.60000	 98.72000	 64.51873	 98.72000
 51.80000	 98.32000	 64.12742	 98.32000
 52.00000	 97.94000	 63.76808	 97.94000
 52.20000	 97.59000	 63.45014	 97.59000
 52.40000	 97.32000	 63.21539	 97.32000
 52.60000	 97.14000	 63.07170	 97.14000
 52.80000	 97.03000	 63.00134	 97.03000
 53.00000	 97.00000	 63.01078	 97.00000
 53.20000	 97.06000	 63.10593	 97.06000
 53.40000	 97.25000	 63.31695	 97.25000
 53.60000	 97.50000	 63.58260	 97.50000
 53.80000	 97.76000	 63.85813	 97.76000
 54.00000	 98.02000	 64.13222	 98.02000
 54.20000	 98.22000	 64.35285	 98.22000
 54.40000	 98.39000	 64.54311	 98.39000
 54.60000	 98.52000	 64.69370	 98.52000
 54.80000	 98.56000	 64.76292	 98.56000
 55.00000	 98.52000	 64.75940	 98.52000
 55.20000	 98.43000	 64.70896	 98.43000
 55.40000	 98.30000	 64.62121	 98.30000
 55.60000	 98.15000	 64.51418	 98.15000
 55.80000	 97.99000	 64.39761	 97.99000
 56.00000	 97.80000	 64.25635	 97.80000
 56.20000	 97.59000	 64.10003	 97.59000
 56.40000	 97.32000	 63.89700	 97.32000
 56.60000	 97.02000	 63.67356	 97.02000
 56.80000	 96.74000	 63.47244	 96.74000
 57.00000	 96.51000	 63.31942	 96.51000
 57.20000	 96.36000	 63.23963	 96.36000
 57.40000	 96.31000	 63.24914	 96.31000
 57.60000	 96.35000	 63.33848	 96.35000
 57.80000	 96.50000	 63.52230	 96.50000
 58.00000	 96.80000	 63.83106	 96.80000
 58.20000	 97.22000	 64.23667	 97.22000
 58.40000	 97.72000	 64.70239	 97.72000
 58.60000	 98.29000	 65.21619	 98.29000
 58.80000	 98.93000	 65.77441	 98.93000
 59.00000	 99.59000	 66.33234	 99.59000
 59.20000	100.25000	 66.87056	100.25000
 59.40000	100.87000	 67.35385	100.87000
 59.60000	101.43000	 67.76441	101.43000
 59.80000	101.89000	 68.06889	101.89000
 60.00000	102.22000	 68.24336	102.22000
 60.20000	102.39000	 68.26506	102.39000
 60.40000	102.36000	 68.10423	102.36000
 60.60000	102.12000	 67.75717	102.12000
 60.80000	101.41000	 67.01528	101.41000
 61.00000	100.49000	 66.10161	100.49000
 61.20000	 99.51000	 65.14887	 99.51000
 61.40000	 98.74000	 64.38764	 98.74000
 61.60000	 98.44000	 64.03706	 98.44000
 61.80000	 98.25000	 63.80033	 98.25000
 62.00000	 98.12000	 63.63502	 98.12000
 62.20000	 97.99000	 63.48993	 97.99000
 62.40000	 97.51000	 63.07485	 97.51000
 62.60000	 96.94000	 62.60533	 96.94000
 62.80000	 96.41000	 62.19010	 96.41000
 63.00000	 95.95000	 61.85463	 95.95000
 63.20000	 95.75000	 61.75535	 95.75000
 63.40000	 95.76000	 61.84850	 95.76000
 63.60000	 95.90000	 62.06408	 95.90000
 63.80000	 96.16000	 62.38916	 96.16000
 64.00000	 96.56000	 62.83520	 96.56000
 64.20000	 97.05000	 63.35553	 97.05000
 64.40000	 97.59000	 63.91183	 97.59000
 64.60000	 98.13000	 64.45806	 98.13000
 64.80000	 98.61000	 64.94079	 98.61000
 65.00000	 99.02000	 65.34907	 99.02000
 65.20000	 99.38000	 65.69790	 99.38000
 65.40000	 99.64000	 65.94541	 99.64000
 65.60000	 99.79000	 66.08382	 99.79000
 65.80000	 99.83000	 66.11465	 99.83000
 66.00000	 99.74000	 66.02378	 99.74000
 66.20000	 99.42000	 65.73200	 99.42000
 66.40000	 98.89000	 65.26053	 98.89000
 66.60000	 98.28000	 64.72231	 98.28000
 66.80000	 97.67000	 64.18881	 97.67000
 67.00000	 97.25000	 63.82125	 97.25000
 67.20000	 96.99000	 63.59712	 96.99000
 67.40000	 96.79000	 63.43441	 96.79000
 67.60000	 96.62000	 63.30814	 96.62000
 67.80000	 96.42000	 63.16823	 96.42000
 68.00000	 96.12000	 62.95661	 96.12000
 68.20000	 95.87000	 62.79729	 95.87000
 68.40000	 95.69000	 62.70654	 95.69000
 68.60000	 95.65000	 62.74120	 95.65000
 68.80000	 95.86000	 62.98993	 95.86000
 69.00000	 96.16000	 63.31701	 96.16000
 69.20000	 96.53000	 63.70196	 96.53000
 69.40000	 96.93000	 64.10785	 96.93000
 69.60000	 97.32000	 64.49818	 97.32000
 69.80000	 97.70000	 64.87012	 97.70000
 70.00000	 98.06000	 65.21327	 98.06000
 70.20000	 98.37000	 65.50137	 98.37000
 70.40000	 98.62000	 65.72545	 98.62000
 70.60000	 98.81000	 65.88555	 98.81000
 70.80000	 98.93000	 65.97413	 98.93000
 71.00000	 98.93000	 65.95128	 98.93000
 71.20000	 98.84000	 65.84395	 98.84000
 71.40000	 98.68000	 65.67138	 98.68000
 71.60000	 98.42000	 65.41178	 98.42000
 71.80000	 98.05000	 65.06028	 98.05000
 72.00000	 97.64000	 64.67832	 97.64000
 72.20000	 97.22000	 64.29411	 97.22000
 72.40000	 96.84000	 63.95177	 96.84000
 72.60000	 96.53000	 63.67808	 96.53000
 72.80000	 96.27000	 63.45758	 96.27000
 73.00000	 96.08000	 63.30706	 96.08000
 73.20000	 95.99000	 63.25081	 95.99000
 73.40000	 96.01000	 63.29574	 96.01000
 73.60000	 96.12000	 63.42323	 96.12000
 73.80000	 96.30000	 63.61415	 96.30000
 74.00000	 96.57000	 63.88214	 96.57000
 74.20000	 96.91000	 64.20754	 96.91000
 74.40000	 97.28000	 64.55411	 97.28000
 74.60000	 97.68000	 64.91893	 97.68000
 74.80000	 98.10000	 65.29110	 98.10000
 75.00000	 98.50000	 65.63534	 98.50000
 75.20000	 98.85000	 65.92529	 98.85000
 75.40000	 99.12000	 66.13538	 99.12000
 75.60000	 99.23000	 66.19980	 99.23000
 75.80000	 99.23000	 66.16132	 99.23000
 76.00000	 99.09000	 65.99757	 99.09000
 76.20000	 98.72000	 65.63761	 98.72000
 76.40000	 98.14000	 65.10262	 98.14000
 76.60000	 97.50000	 64.52195	 97.50000
 76.80000	 96.86000	 63.95030	 96.86000
 77.00000	 96.47000	 63.59808	 96.47000
 77.20000	 96.21000	 63.36780	 96.21000
 77.40000	 96.01000	 63.20175	 96.01000
 77.60000	 95.86000	 63.09100	 95.86000
 77.80000	 95.66000	 62.95200	 95.66000
 78.00000	 95.43000	 62.80054	 95.43000
 78.20000	 95.26000	 62.71034	 95.26000
 78.40000	 95.20000	 62.72159	 95.20000
 78.60000	 95.34000	 62.90660	 95.34000
 78.80000	 95.69000	 63.27028	 95.69000
 79.00000	 96.15000	 63.72561	 96.15000
 79.20000	 96.71000	 64.25957	 96.71000
 79.40000	 97.35000	 64.85087	 97.35000
 79.60000	 98.04000	 65.47017	 98.04000
 79.80000	 98.72000	 66.06388	 98.72000
 80.00000	 99.35000	 66.59579	 99.35000
 80.20000	 99.88000	 67.02263	 99.88000
 80.40000	100.28000	 67.31900	100.28000
 80.60000	100.52000	 67.46094	100.52000
 80.80000	100.44000	 67.31876	100.44000
 81.00000	100.09000	 66.93840	100.09000
 81.20000	 99.63000	 66.45810	 99.63000
 81.40000	 99.14000	 65.95017	 99.14000
 81.60000	 98.87000	 65.62631	 98.87000
 81.80000	 98.63000	 65.33284	 98.63000
 82.00000	 98.42000	 65.07187	 98.42000
 82.20000	 98.21000	 64.82017	 98.21000
 82.40000	 97.90000	 64.49643	 97.90000
 82.60000	 97.62000	 64.20947	 97.62000
 82.80000	 97.42000	 64.00154	 97.42000
 83.00000	 97.35000	 63.91389	 97.35000
 83.20000	 97.53000	 64.04428	 97.53000
 83.40000	 97.81000	 64.26589	 97.81000
 83.60000	 98.18000	 64.56690	 98.18000
 83.80000	 98.59000	 64.90227	 98.59000
 84.00000	 99.04000	 65.26843	 99.04000
 84.20000	 99.48000	 65.62088	 99.48000
 84.40000	 99.87000	 65.92399	 99.87000
 84.60000	100.19000	 66.15958	100.19000
 84.80000	100.40000	 66.29389	100.40000
 85.00000	100.48000	 66.31082	100.48000
 85.20000	100.33000	 66.12945	100.33000
 85.40000	 99.83000	 65.65410	 99.83000
 85.60000	 99.23000	 65.09653	 99.23000
 85.80000	 98.61000	 64.52827	 98.61000
 86.00000	 98.25000	 64.18493	 98.25000
 86.20000	 98.09000	 64.01887	 98.09000
 86.40000	 97.98000	 63.90617	 97.98000
 86.60000	 97.89000	 63.82133	 97.89000
 86.80000	 97.65000	 63.62328	 97.65000
 87.00000	 97.29000	 63.33709	 97.29000
 87.20000	 96.96000	 63.08754	 96.96000
 87.40000	 96.73000	 62.93291	 96.73000
 87.60000	 96.72000	 62.97164	 96.72000
 87.80000	 96.95000	 63.21788	 96.95000
 88.00000	 97.31000	 63.57692	 97.31000
 88.20000	 97.79000	 64.03597	 97.79000
 88.40000	 98.39000	 64.59021	 98.39000
 88.60000	 99.08000	 65.20991	 99.08000
 88.80000	 99.82000	 65.85724	 99.82000
 89.00000	100.59000	 66.51135	100.59000
 89.20000	101.42000	 67.19327	101.42000
 89.40000	102.19000	 67.80071	102.19000
 89.60000	102.84000	 68.28213	102.84000
 89.80000	103.21000	 68.50518	103.21000
 90.00000	103.24000	 68.42263	103.24000
 90.20000	103.13000	 68.20429	103.13000
 90.40000	102.96000	 67.92162	102.96000
 90.60000	102.89000	 67.71184	102.89000
 90.80000	102.84000	 67.51277	102.84000
 91.00000	102.83000	 67.34398	102.83000
 91.20000	102.93000	 67.26544	102.93000
 91.40000	103.24000	 67.36061	103.24000
 91.60000	103.53000	 67.43905	103.53000
 91.80000	103.71000	 67.42599	103.71000
 92.00000	103.60000	 67.17352	103.60000
 92.20000	103.10000	 66.60195	103.10000
 92.40000	102.45000	 65.91462	102.45000
 92.60000	101.69000	 65.15027	101.69000
 92.80000	100.89000	 64.37223	100.89000
 93.00000	100.08000	 63.61007	100.08000
 93.20000	 99.29000	 62.89241	 99.29000
 93.40000	 98.59000	 62.27976	 98.59000
 93.60000	 98.12000	 61.88880	 98.12000
 93.80000	 97.76000	 61.61945	 97.76000
 94.00000	 97.51000	 61.46949	 97.51000
 94.20000	 97.36000	 61.42756	 97.36000
 94.40000	 97.36000	 61.53117	 97.36000
 94.60000	 97.43000	 61.70976	 97.43000
 94.80000	 97.55000	 61.94222	 97.55000
 95.00000	 97.69000	 62.19934	 97.69000
 95.20000	 97.83000	 62.46063	 97.83000
 95.40000	 97.94000	 62.69794	 97.94000
 95.60000	 98.01000	 62.90037	 98.01000
 95.80000	 98.01000	 63.04132	 98.01000
 96.00000	 97.91000	 63.09510	 97.91000
 96.20000	 97.72000	 63.07001	 97.72000
 96.40000	 97.45000	 62.97513	 97.45000
 96.60000	 97.01000	 62.73770	 97.01000
 96.80000	 96.50000	 62.44275	 96.50000
 97.00000	 95.95000	 62.11779	 95.95000
 97.20000	 95.43000	 61.82315	 95.43000
 97.40000	 94.99000	 61.60194	 94.99000
 97.60000	 94.59000	 61.42207	 94.59000
 97.80000	 94.23000	 61.28383	 94.23000
 98.00000	 93.87000	 61.15410	 93.87000
 98.20000	 93.49000	 61.01615	 93.49000
 98.40000	 93.21000	 60.96878	 93.21000
 98.60000	 93.08000	 61.05217	 93.08000
 98.80000	 93.18000	 61.33011	 93.18000
 99.00000	 93.55000	 61.83180	 93.55000
 99.20000	 94.08000	 62.46114	 94.08000
 99.40000	 94.76000	 63.20409	 94.76000
 99.60000	 95.68000	 64.12879	 95.68000
 99.80000	 96.66000	 65.08001	 96.66000
100.00000	 97.62000	 65.98579	 97.62000
100.20000	 98.41000	 66.71790	 98.41000
100.40000	 99.01000	 67.25775	 99.01000
100.60000	 99.49000	 67.66324	 99.49000
100.80000	 99.84000	 67.92766	 99.84000
101.00000	100.06000	 68.05377	100.06000
101.20000	100.13000	 68.02881	100.13000
101.40000	100.00000	 67.81622	100.00000
101.60000	 99.63000	 67.38887	 99.63000
101.80000	 99.16000	 66.86923	 99.16000
102.00000	 98.64000	 66.30540	 98.64000
102.20000	 98.18000	 65.79429	 98.18000
102.40000	 97.78000	 65.34063	 97.78000
102.60000	 97.45000	 64.95607	 97.45000
102.80000	 97.21000	 64.65924	 97.21000
103.00000	 97.18000	 64.54999	 97.18000
103.20000	 97.28000	 64.56128	 97.28000
103.40000	 97.48000	 64.66623	 97.48000
103.60000	 97.78000	 64.86209	 97.78000
103.80000	 98.24000	 65.19508	 98.24000
104.00000	 98.77000	 65.58691	 98.77000
104.20000	 99.28000	 65.95936	 99.28000
104.40000	 99.75000	 66.29275	 99.75000
104.60000	100.06000	 66.48586	100.06000
104.80000	100.26000	 66.57936	100.26000
105.00000	100.33000	 66.55734	100.33000
105.20000	100.21000	 66.37196	100.21000
105.40000	 99.90000	 66.02623	 99.90000
105.60000	 99.49000	 65.59848	 99.49000
105.80000	 99.03000	 65.13422	 99.03000
106.00000	 98.62000	 64.71986	 98.62000
106.20000	 98.20000	 64.30879	 98.20000
106.40000	 97.80000	 63.92809	 97.80000
106.60000	 97.42000	 63.57941	 97.42000
106.80000	 97.05000	 63.25559	 97.05000
107.00000	 96.74000	 62.99845	 96.74000
107.20000	 96.53000	 62.84082	 96.53000
107.40000	 96.43000	 62.78980	 96.43000
107.60000	 96.53000	 62.91752	 96.53000
107.80000	 96.78000	 63.17927	 96.78000
108.00000	 97.19000	 63.57897	 97.19000
108.20000	 97.76000	 64.11160	 97.76000
108.40000	 98.65000	 64.90351	 98.65000
108.60000	 99.58000	 65.71665	 99.58000
108.80000	100.47000	 66.47876	100.47000
109.00000	101.12000	 67.02021	101.12000
109.20000	101.51000	 67.32272	101.51000
109.40000	101.73000	 67.46136	101.73000
109.60000	101.79000	 67.44679	101.79000
109.80000	101.71000	 67.29908	101.71000
110.00000	101.47000	 67.00610	101.47000
110.20000	101.07000	 66.57301	101.07000
110.40000	100.37000	 65.89012	100.37000
110.60000	 99.60000	 65.15435	 99.60000
110.80000	 98.84000	 64.43834	 98.84000
111.00000	 98.28000	 63.90411	 98.28000
111.20000	 98.16000	 63.75222	 98.16000
111.40000	 98.16000	 63.71738	 98.16000
111.60000	 98.22000	 63.74766	 98.22000
111.80000	 98.29000	 63.79908	 98.29000
112.00000	 98.09000	 63.63830	 98.09000
112.20000	 97.80000	 63.41367	 97.80000
112.40000	 97.55000	 63.23292	 97.55000
112.60000	 97.37000	 63.12084	 97.37000
112.80000	 97.38000	 63.17568	 97.38000
113.00000	 97.57000	 63.38699	 97.57000
113.20000	 97.89000	 63.71009	 97.89000
113.40000	 98.35000	 64.14921	 98.35000
113.60000	 99.08000	 64.80696	 99.08000
113.80000	 99.93000	 65.55370	 99.93000
114.00000	100.75000	 66.25986	100.75000
114.20000	101.46000	 66.85492	101.46000
114.40000	101.78000	 67.10537	101.78000
114.60000	101.91000	 67.17723	101.91000
114.80000	101.89000	 67.10626	101.89000
115.00000	101.68000	 66.86330	101.68000
115.20000	101.29000	 66.46150	101.29000
115.40000	100.82000	 65.98906	100.82000
115.60000	100.29000	 65.46800	100.29000
115.80000	 99.78000	 64.96942	 99.78000
116.00000	 99.33000	 64.53041	 99.33000
116.20000	 98.90000	 64.12085	 98.90000
116.40000	 98.50000	 63.75108	 98.50000
116.60000	 98.14000	 63.43070	 98.14000
116.80000	 97.82000	 63.16033	 97.82000
117.00000	 97.56000	 62.95649	 97.56000
117.20000	 97.35000	 62.81024	 97.35000
117.40000	 97.20000	 62.72867	 97.20000
117.60000	 97.16000	 62.75137	 97.16000
117.80000	 97.22000	 62.86765	 97.22000
118.00000	 97.31000	 63.01682	 97.31000
118.20000	 97.41000	 63.17953	 97.41000
118.40000	 97.49000	 63.32851	 97.49000
118.60000	 97.50000	 63.42053	 97.50000
118.80000	 97.50000	 63.50393	 97.50000
119.00000	 97.47000	 63.56134	 97.47000
119.20000	 97.41000	 63.59231	 97.41000
119.40000	 97.31000	 63.58847	 97.31000
119.60000	 97.19000	 63.56654	 97.19000
119.80000	 97.07000	 63.54339	 97.07000
120.00000	 96.96000	 63.52761	 96.96000
120.20000	 96.89000	 63.54414	 96.89000
120.40000	 96.83000	 63.56811	 96.83000
120.60000	 96.76000	 63.58283	 96.76000
120.80000	 96.69000	 63.59649	 96.69000
121.00000	 96.53000	 63.53485	 96.53000
121.20000	 96.39000	 63.48929	 96.39000
121.40000	 96.30000	 63.48498	 96.30000
121.60000	 96.28000	 63.53837	 96.28000
121.80000	 96.49000	 63.78074	 96.49000
122.00000	 96.76000	 64.06955	 96.76000
122.20000	 97.07000	 64.38584	 97.07000
122.40000	 97.36000	 64.67781	 97.36000
122.60000	 97.57000	 64.89426	 97.57000
122.80000	 97.74000	 65.06747	 97.74000
123.00000	 97.86000	 65.18906	 97.86000
123.20000	 97.93000	 65.25942	 97.93000
123.40000	 97.93000	 65.26295	 97.93000
123.60000	 97.87000	 65.20928	 97.87000
123.80000	 97.76000	 65.10842	 97.76000
124.00000	 97.55000	 64.92112	 97.55000
124.20000	 97.29000	 64.69111	 97.29000
124.40000	 96.99000	 64.42918	 96.99000
124.60000	 96.69000	 64.17076	 96.69000
124.80000	 96.43000	 63.95086	 96.43000
125.00000	 96.19000	 63.75431	 96.19000
125.20000	 95.99000	 63.59848	 95.99000
125.40000	 95.82000	 63.47545	 95.82000
125.60000	 95.66000	 63.36865	 95.66000
125.80000	 95.55000	 63.31085	 95.55000
126.00000	 95.54000	 63.34256	 95.54000
126.20000	 95.64000	 63.47054	 95.64000
126.40000	 95.98000	 63.79975	 95.98000
126.60000	 96.46000	 64.24388	 96.46000
126.80000	 97.05000	 64.77380	 97.05000
127.00000	 97.73000	 65.36845	 97.73000
127.20000	 98.54000	 66.05634	 98.54000
127.40000	 99.35000	 66.72562	 99.35000
127.60000	100.10000	 67.32309	100.10000
127.80000	100.71000	 67.78042	100.71000
128.00000	101.11000	 68.03929	101.11000
128.20000	101.34000	 68.13419	101.34000
128.40000	101.37000	 68.04329	101.37000
128.60000	100.99000	 67.59786	100.99000
128.80000	100.47000	 67.02764	100.47000
129.00000	 99.93000	 66.43888	 99.93000
129.20000	 99.65000	 66.06873	 99.65000
129.40000	 99.68000	 65.96158	 99.68000
129.60000	 99.78000	 65.91962	 99.78000
129.80000	 99.92000	 65.91751	 99.92000
130.00000	100.02000	 65.88836	100.02000
130.20000	 99.83000	 65.62559	 99.83000
130.40000	 99.62000	 65.35363	 99.62000
130.60000	 99.43000	 65.10713	 99.43000
130.80000	 99.29000	 64.91195	 99.29000
131.00000	 99.39000	 64.92514	 99.39000
131.20000	 99.54000	 64.98838	 99.54000
131.40000	 99.73000	 65.09146	 99.73000
131.60000	 99.92000	 65.19935	 99.92000
131.80000	100.06000	 65.26906	100.06000
132.00000	100.17000	 65.31596	100.17000
132.20000	100.23000	 65.32283	100.23000
132.40000	100.21000	 65.26474	100.21000
132.60000	100.07000	 65.10919	100.07000
132.80000	 99.87000	 64.90700	 99.87000
133.00000	 99.62000	 64.66803	 99.62000
133.20000	 99.32000	 64.39399	 99.32000
133.40000	 98.97000	 64.08668	 98.97000
133.60000	 98.61000	 63.78090	 98.61000
133.80000	 98.25000	 63.48642	 98.25000
134.00000	 97.92000	 63.22910	 97.92000
134.20000	 97.62000	 63.00953	 97.62000
134.40000	 97.34000	 62.81958	 97.34000
134.60000	 97.10000	 62.67550	 97.10000
134.80000	 96.87000	 62.55192	 96.87000
135.00000	 96.69000	 62.48101	 96.69000
135.20000	 96.56000	 62.46160	 96.56000
135.40000	 96.53000	 62.53337	 96.53000
135.60000	 96.65000	 62.73534	 96.65000
135.80000	 96.89000	 63.03960	 96.89000
136.00000	 97.20000	 63.40126	 97.20000
136.20000	 97.55000	 63.79192	 97.55000
136.40000	 97.93000	 64.19994	 97.93000
136.60000	 98.31000	 64.59760	 98.31000
136.80000	 98.64000	 64.94125	 98.64000
137.00000	 98.89000	 65.20468	 98.89000
137.20000	 99.00000	 65.33799	 99.00000
137.40000	 98.99000	 65.35862	 98.99000
137.60000	 98.86000	 65.26851	 98.86000
137.80000	 98.49000	 64.97149	 98.49000
138.00000	 97.98000	 64.55437	 97.98000
138.20000	 97.44000	 64.11273	 97.44000
138.40000	 96.96000	 63.72511	 96.96000
138.60000	 96.65000	 63.48533	 96.65000
138.80000	 96.43000	 63.32859	 96.43000
139.00000	 96.30000	 63.25503	 96.30000
139.20000	 96.27000	 63.27218	 96.27000
139.40000	 96.33000	 63.37026	 96.33000
139.60000	 96.49000	 63.55542	 96.49000
139.80000	 96.75000	 63.82502	 96.75000
140.00000	 97.13000	 64.19248	 97.13000
140.20000	 97.67000	 64.68721	 97.67000
140.40000	 98.28000	 65.23077	 98.28000
140.60000	 98.91000	 65.77788	 98.91000
140.80000	 99.57000	 66.33333	 99.57000
141.00000	100.19000	 66.83646	100.19000
141.20000	100.75000	 67.26884	100.75000
141.40000	101.19000	 67.58008	101.19000
141.60000	101.42000	 67.69647	101.42000
141.80000	101.51000	 67.67807	101.51000
142.00000	101.43000	 67.50348	101.43000
142.20000	101.05000	 67.06995	101.05000
142.40000	100.50000	 66.49094	100.50000
142.60000	 99.89000	 65.86388	 99.89000
142.80000	 99.32000	 65.27735	 99.32000
143.00000	 99.17000	 65.04938	 99.17000
143.20000	 99.11000	 64.90838	 99.11000
143.40000	 99.12000	 64.83737	 99.12000
143.60000	 99.14000	 64.78573	 99.14000
143.80000	 99.01000	 64.62042	 99.01000
144.00000	 98.83000	 64.42400	 98.83000
144.20000	 98.67000	 64.25459	 98.67000
144.40000	 98.57000	 64.14524	 98.57000
144.60000	 98.67000	 64.21077	 98.67000
144.80000	 98.89000	 64.38305	 98.89000
145.00000	 99.16000	 64.60141	 99.16000
145.20000	 99.46000	 64.84644	 99.46000
145.40000	 99.71000	 65.04944	 99.71000
145.60000	 99.95000	 65.24150	 99.95000
145.80000	100.16000	 65.40464	100.16000
146.00000	100.36000	 65.55439	100.36000
146.20000	100.55000	 65.69010	100.55000
146.40000	100.66000	 65.75365	100.66000
146.60000	100.66000	 65.72068	100.66000
146.80000	100.42000	 65.48533	100.42000
147.00000	 99.98000	 65.08369	 99.98000
147.20000	 99.48000	 64.63541	 99.48000
147.40000	 98.97000	 64.18579	 98.97000
147.60000	 98.67000	 63.91959	 98.67000
147.80000	 98.45000	 63.73069	 98.45000
148.00000	 98.30000	 63.61097	 98.30000
148.20000	 98.20000	 63.54330	 98.20000
148.40000	 98.12000	 63.50190	 98.12000
148.60000	 98.08000	 63.50211	 98.08000
148.80000	 98.11000	 63.56724	 98.11000
149.00000	 98.20000	 63.68723	 98.20000
149.20000	 98.46000	 63.95064	 98.46000
149.40000	 98.75000	 64.23886	 98.75000
149.60000	 99.04000	 64.52424	 99.04000
149.80000	 99.26000	 64.74662	 99.26000
150.00000	 99.36000	 64.86336	 99.36000
150.20000	 99.35000	 64.88257	 99.35000
150.40000	 99.23000	 64.80510	 99.23000
150.60000	 98.86000	 64.51726	 98.86000
150.80000	 98.35000	 64.11324	 98.35000
151.00000	 97.78000	 63.66313	 97.78000
151.20000	 97.22000	 63.22855	 97.22000
151.40000	 96.75000	 62.87861	 96.75000
151.60000	 96.33000	 62.58212	 96.33000
151.80000	 95.95000	 62.33182	 95.95000
152.00000	 95.63000	 62.14453	 95.63000
152.20000	 95.35000	 62.00341	 95.35000
152.40000	 95.16000	 61.94889	 95.16000
152.60000	 95.07000	 61.98769	 95.07000
152.80000	 95.15000	 62.17528	 95.15000
153.00000	 95.45000	 62.54949	 95.45000
153.20000	 95.87000	 63.02320	 95.87000
153.40000	 96.36000	 63.55023	 96.36000
153.60000	 96.92000	 64.12588	 96.92000
153.80000	 97.52000	 64.72099	 97.52000
154.00000	 98.09000	 65.27394	 98.09000
154.20000	 98.58000	 65.74068	 98.58000
154.40000	 98.97000	 66.10318	 98.97000
154.60000	 99.18000	 66.29529	 99.18000
154.80000	 99.16000	 66.27734	 99.16000
155.00000	 98.62000	 65.81370	 98.62000
155.20000	 97.77000	 65.08481	 97.77000
155.40000	 96.83000	 64.28084	 96.83000
155.60000	 96.08000	 63.64078	 96.08000
155.80000	 95.82000	 63.41718	 95.82000
156.00000	 95.71000	 63.33002	 95.71000
156.20000	 95.70000	 63.33695	 95.70000
156.40000	 95.75000	 63.40307	 95.75000
156.60000	 95.67000	 63.36953	 95.67000
156.80000	 95.59000	 63.34261	 95.59000
157.00000	 95.56000	 63.36270	 95.56000
157.20000	 95.59000	 63.43689	 95.59000
157.40000	 95.78000	 63.64606	 95.78000
157.60000	 96.07000	 63.93814	 96.07000
157.80000	 96.38000	 64.24413	 96.38000
158.00000	 96.68000	 64.53660	 96.68000
158.20000	 96.87000	 64.73099	 96.87000
158.40000	 97.00000	 64.86770	 97.00000
158.60000	 97.11000	 64.97962	 97.11000
158.80000	 97.19000	 65.05866	 97.19000
159.00000	 97.32000	 65.17125	 97.32000
159.20000	 97.42000	 65.25153	 97.42000
159.40000	 97.49000	 65.29991	 97.49000
159.60000	 97.50000	 65.29231	 97.50000
159.80000	 97.41000	 65.19688	 97.41000
160.00000	 97.28000	 65.06492	 97.28000
160.20000	 97.12000	 64.90656	 97.12000
160.40000	 96.92000	 64.71544	 96.92000
160.60000	 96.69000	 64.50170	 96.69000
160.80000	 96.48000	 64.30839	 96.48000
161.00000	 96.32000	 64.16155	 96.32000
161.20000	 96.27000	 64.11130	 96.27000
161.40000	 96.34000	 64.16545	 96.34000
161.60000	 96.47000	 64.27315	 96.47000
161.80000	 96.64000	 64.41618	 96.64000
162.00000	 96.85000	 64.59276	 96.85000
162.20000	 97.07000	 64.77628	 97.07000
162.40000	 97.30000	 64.96513	 97.30000
162.60000	 97.51000	 65.13316	 97.51000
162.80000	 97.68000	 65.26289	 97.68000
163.00000	 97.81000	 65.35388	 97.81000
163.20000	 97.90000	 65.40615	 97.90000
163.40000	 97.94000	 65.41188	 97.94000
163.60000	 97.88000	 65.33066	 97.88000
163.80000	 97.78000	 65.21350	 97.78000
164.00000	 97.66000	 65.07858	 97.66000
164.20000	 97.54000	 64.94396	 97.54000
164.40000	 97.44000	 64.82746	 97.44000
164.60000	 97.37000	 64.73826	 97.37000
164.80000	 97.32000	 64.66865	 97.32000
165.00000	 97.32000	 64.64358	 97.32000
165.20000	 97.37000	 64.66281	 97.37000
165.40000	 97.47000	 64.72568	 97.47000
165.60000	 97.64000	 64.84769	 97.64000
165.80000	 97.91000	 65.05215	 97.91000
166.00000	 98.31000	 65.36175	 98.31000
166.20000	 98.75000	 65.69958	 98.75000
166.40000	 99.18000	 66.02181	 99.18000
166.60000	 99.55000	 66.28523	 99.55000
166.80000	 99.84000	 66.47224	 99.84000
167.00000	100.06000	 66.59094	100.06000
167.20000	100.19000	 66.62538	100.19000
167.40000	100.18000	 66.53570	100.18000
167.60000	100.06000	 66.34898	100.06000
167.80000	 99.87000	 66.10115	 99.87000
168.00000	 99.60000	 65.78709	 99.60000
168.20000	 99.27000	 65.42656	 99.27000
168.40000	 98.91000	 65.04751	 98.91000
168.60000	 98.54000	 64.66931	 98.54000
168.80000	 98.19000	 64.31911	 98.19000
169.00000	 97.89000	 64.02338	 97.89000
169.20000	 97.64000	 63.78304	 97.64000
169.40000	 97.43000	 63.59003	 97.43000
169.60000	 97.28000	 63.46052	 97.28000
169.80000	 97.20000	 63.40183	 97.20000
170.00000	 97.18000	 63.40423	 97.18000
170.20000	 97.22000	 63.46584	 97.22000
170.40000	 97.34000	 63.60095	 97.34000
170.60000	 97.55000	 63.81522	 97.55000
170.80000	 97.79000	 64.05624	 97.79000
171.00000	 98.04000	 64.30474	 98.04000
171.20000	 98.24000	 64.50887	 98.24000
171.40000	 98.40000	 64.67528	 98.40000
171.60000	 98.55000	 64.82776	 98.55000
171.80000	 98.69000	 64.96565	 98.69000
172.00000	 98.82000	 65.08855	 98.82000
172.20000	 98.97000	 65.22102	 98.97000
172.40000	 99.15000	 65.37106	 99.15000
172.60000	 99.44000	 65.60424	 99.44000
172.80000	 99.79000	 65.87822	 99.79000
173.00000	100.15000	 66.15043	100.15000
173.20000	100.49000	 66.39505	100.49000
173.40000	100.78000	 66.58669	100.78000
173.60000	100.98000	 66.69239	100.98000
173.80000	101.03000	 66.66355	101.03000
174.00000	100.89000	 66.46930	100.89000
174.20000	100.63000	 66.17073	100.63000
174.40000	100.28000	 65.79651	100.28000
174.60000	 99.86000	 65.36719	 99.86000
174.80000	 99.35000	 64.87022	 99.35000
175.00000	 98.70000	 64.26842	 98.70000
175.20000	 97.80000	 63.47552	 97.80000
175.40000	 96.90000	 62.70319	 96.90000
175.60000	 96.12000	 62.05482	 96.12000
175.80000	 95.83000	 61.83792	 95.83000
176.00000	 95.82000	 61.87717	 95.82000
176.20000	 95.97000	 62.06922	 95.97000
176.40000	 96.24000	 62.37580	 96.24000
176.60000	 96.52000	 62.70062	 96.52000
176.80000	 96.84000	 63.06349	 96.84000
177.00000	 97.17000	 63.43515	 97.17000
177.20000	 97.44000	 63.75399	 97.44000
177.40000	 97.63000	 64.00079	 97.63000
177.60000	 97.77000	 64.19866	 97.77000
177.80000	 97.89000	 64.37149	 97.89000
178.00000	 98.00000	 64.52706	 98.00000
178.20000	 98.05000	 64.62397	 98.05000
178.40000	 97.99000	 64.62143	 97.99000
178.60000	 97.69000	 64.41363	 97.69000
178.80000	 97.25000	 64.08621	 97.25000
179.00000	 96.77000	 63.72549	 96.77000
179.20000	 96.33000	 63.40102	 96.33000
179.40000	 96.00000	 63.17317	 96.00000
179.60000	 95.74000	 63.01027	 95.74000
179.80000	 95.57000	 62.92921	 95.57000
180.00000	 95.50000	 62.93778	 95.50000
180.20000	 95.56000	 63.05940	 95.56000
180.40000	 95.74000	 63.28361	 95.74000
180.60000	 96.06000	 63.62400	 96.06000
180.80000	 96.52000	 64.07696	 96.52000
181.00000	 97.24000	 64.73726	 97.24000
181.20000	 98.05000	 65.45920	 98.05000
181.40000	 98.91000	 66.20455	 98.91000
181.60000	 99.76000	 66.91917	 99.76000
181.80000	100.56000	 67.56651	100.56000
182.00000	101.29000	 68.12776	101.29000
182.20000	101.91000	 68.56887	101.91000
182.40000	102.44000	 68.90667	102.44000
182.60000	102.75000	 69.03533	102.75000
182.80000	102.77000	 68.90040	102.77000
183.00000	102.09000	 68.16933	102.09000
183.20000	101.10000	 67.17407	101.10000
183.40000	100.02000	 66.10747	100.02000
183.60000	 99.22000	 65.28488	 99.22000
183.80000	 99.00000	 64.95989	 99.00000
184.00000	 98.96000	 64.80311	 98.96000
184.20000	 99.03000	 64.75541	 99.03000
184.40000	 99.17000	 64.78149	 99.17000
184.60000	 99.12000	 64.66435	 99.12000
184.80000	 98.97000	 64.47732	 98.97000
185.00000	 98.88000	 64.35222	 98.88000
185.20000	 98.89000	 64.32136	 98.89000
185.40000	 99.13000	 64.49040	 99.13000
185.60000	 99.62000	 64.87252	 99.62000
185.80000	100.19000	 65.32272	100.19000
186.00000	100.80000	 65.80321	100.80000
186.20000	101.41000	 66.27668	101.41000
186.40000	101.97000	 66.69833	101.97000
186.60000	102.44000	 67.03271	102.44000
186.80000	102.79000	 67.25388	102.79000
187.00000	102.93000	 67.28778	102.93000
187.20000	102.89000	 67.16112	102.89000
187.40000	102.66000	 66.86897	102.66000
187.60000	102.11000	 66.30858	102.11000
187.80000	101.29000	 65.52759	101.29000
188.00000	100.39000	 64.69021	100.39000
188.20000	 99.51000	 63.88581	 99.51000
188.40000	 99.00000	 63.40839	 99.00000
188.60000	 98.73000	 63.15216	 98.73000
188.80000	 98.60000	 63.03357	 98.60000
189.00000	 98.59000	 63.03384	 98.59000
189.20000	 98.68000	 63.13332	 98.68000
189.40000	 98.83000	 63.29536	 98.83000
189.60000	 99.05000	 63.52448	 99.05000
189.80000	 99.34000	 63.81686	 99.34000
190.00000	 99.67000	 64.14392	 99.67000
190.20000	100.10000	 64.55152	100.10000
190.40000	100.52000	 64.94517	100.52000
190.60000	100.91000	 65.30531	100.91000
190.80000	101.23000	 65.59671	101.23000
191.00000	101.42000	 65.76873	101.42000
191.20000	101.52000	 65.85454	101.52000
191.40000	101.51000	 65.83868	101.51000
191.60000	101.40000	 65.73131	101.40000
191.80000	101.17000	 65.51846	101.17000
192.00000	100.82000	 65.20332	100.82000
192.20000	100.23000	 64.69068	100.23000
192.40000	 99.47000	 64.04333	 99.47000
192.60000	 98.70000	 63.39878	 98.70000
192.80000	 97.97000	 62.80293	 97.97000
193.00000	 97.60000	 62.52301	 97.60000
193.20000	 97.40000	 62.40213	 97.40000
193.40000	 97.31000	 62.38902	 97.31000
193.60000	 97.32000	 62.47279	 97.32000
193.80000	 97.37000	 62.60078	 97.37000
194.00000	 97.47000	 62.77809	 97.47000
194.20000	 97.66000	 63.03454	 97.66000
194.40000	 97.93000	 63.35843	 97.93000
194.60000	 98.44000	 63.87807	 98.44000
194.80000	 99.01000	 64.44013	 99.01000
195.00000	 99.53000	 64.94933	 99.53000
195.20000	 99.89000	 65.31168	 99.89000
195.40000	 99.94000	 65.40222	 99.94000
195.60000	 99.86000	 65.37092	 99.86000
195.80000	 99.67000	 65.23687	 99.67000
196.00000	 99.40000	 65.02801	 99.40000
196.20000	 99.07000	 64.76430	 99.07000
196.40000	 98.70000	 64.46569	 98.70000
196.60000	 98.32000	 64.16019	 98.32000
196.80000	 97.96000	 63.87535	 97.96000
197.00000	 97.63000	 63.62159	 97.63000
197.20000	 97.33000	 63.40040	 97.33000
197.40000	 97.09000	 63.23746	 97.09000
197.60000	 96.92000	 63.14120	 96.92000
197.80000	 96.84000	 63.12761	 96.84000
198.00000	 96.89000	 63.22839	 96.89000
198.20000	 97.15000	 63.50728	 97.15000
198.40000	 97.56000	 63.91118	 97.56000
198.60000	 98.06000	 64.38631	 98.06000
198.80000	 98.65000	 64.92833	 98.65000
199.00000	 99.33000	 65.53293	 99.33000
199.20000	 99.98000	 66.09694	 99.98000
199.40000	100.55000	 66.57600	100.55000
199.60000	100.87000	 66.82821	100.87000
199.80000	101.00000	 66.90378	101.00000
200.00000	100.97000	 66.82990	100.97000
200.20000	100.79000	 66.61838	100.79000
200.40000	100.48000	 66.29008	100.48000
200.60000	100.05000	 65.85813	100.05000
200.80000	 99.53000	 65.35239	 99.53000
201.00000	 98.87000	 64.73672	 98.87000
201.20000	 98.20000	 64.12363	 98.20000
201.40000	 97.57000	 63.55880	 97.57000
201.60000	 97.09000	 63.13618	 97.09000
201.80000	 96.83000	 62.91477	 96.83000
202.00000	 96.71000	 62.82772	 96.71000
202.20000	 96.70000	 62.84815	 96.70000
202.40000	 96.81000	 62.98143	 96.81000
202.60000	 97.05000	 63.23220	 97.05000
202.80000	 97.37000	 63.55508	 97.37000
203.00000	 97.77000	 63.94580	 97.77000
203.20000	 98.25000	 64.40010	 98.25000
203.40000	 98.79000	 64.89726	 98.79000
203.60000	 99.30000	 65.35914	 99.30000
203.80000	 99.71000	 65.72504	 99.71000
204.00000	 99.91000	 65.90276	 99.91000
204.20000	 99.95000	 65.93409	 99.95000
204.40000	 99.81000	 65.80455	 99.81000
204.60000	 99.37000	 65.41849	 99.37000
204.80000	 98.71000	 64.84719	 98.71000
205.00000	 97.99000	 64.22888	 97.99000
205.20000	 97.32000	 63.66004	 97.32000
205.40000	 96.99000	 63.38409	 96.99000
205.60000	 96.78000	 63.22046	 96.78000
205.80000	 96.67000	 63.15216	 96.67000
206.00000	 96.66000	 63.17781	 96.66000
206.20000	 96.66000	 63.22112	 96.66000
206.40000	 96.74000	 63.33782	 96.74000
206.60000	 96.92000	 63.54199	 96.92000
206.80000	 97.21000	 63.83899	 97.21000
207.00000	 97.76000	 64.34909	 97.76000
207.20000	 98.40000	 64.92721	 98.40000
207.40000	 99.08000	 65.52728	 99.08000
207.60000	 99.76000	 66.11204	 99.76000
207.80000	100.40000	 66.64509	100.40000
208.00000	100.93000	 67.06636	100.93000
208.20000	101.31000	 67.34202	101.31000
208.40000	101.35000	 67.31623	101.35000
208.60000	101.17000	 67.09157	101.17000
208.80000	100.85000	 66.73908	100.85000
209.00000	100.41000	 66.28081	100.41000
209.20000	 99.91000	 65.77198	 99.91000
209.40000	 99.39000	 65.25092	 99.39000
209.60000	 98.90000	 64.76348	 98.90000
209.80000	 98.62000	 64.46156	 98.62000
210.00000	 98.52000	 64.32157	 98.52000
210.20000	 98.48000	 64.24392	 98.48000
210.40000	 98.48000	 64.21090	 98.48000
210.60000	 98.46000	 64.17159	 98.46000
210.80000	 98.29000	 64.01764	 98.29000
211.00000	 98.14000	 63.88931	 98.14000
211.20000	 98.04000	 63.81116	 98.04000
211.40000	 98.01000	 63.79904	 98.01000
211.60000	 98.21000	 63.98363	 98.21000
211.80000	 98.48000	 64.23005	 98.48000
212.00000	 98.80000	 64.51869	 98.80000
212.20000	 99.15000	 64.82999	 99.15000
212.40000	 99.51000	 65.14466	 99.51000
212.60000	 99.84000	 65.42734	 99.84000
212.80000	100.14000	 65.67636	100.14000
213.00000	100.36000	 65.84941	100.36000
213.20000	100.46000	 65.91341	100.46000
213.40000	100.49000	 65.91053	100.49000
213.60000	100.43000	 65.82582	100.43000
213.80000	100.24000	 65.62838	100.24000
214.00000	 99.96000	 65.35408	 99.96000
214.20000	 99.63000	 65.03910	 99.63000
214.40000	 99.27000	 64.70303	 99.27000
214.60000	 98.91000	 64.37341	 98.91000
214.80000	 98.57000	 64.06905	 98.57000
215.00000	 98.25000	 63.79161	 98.25000
215.20000	 97.96000	 63.55047	 97.96000
215.40000	 97.72000	 63.36270	 97.72000
215.60000	 97.55000	 63.24472	 97.55000
215.80000	 97.44000	 63.18754	 97.44000
216.00000	 97.42000	 63.21462	 97.42000
216.20000	 97.55000	 63.37352	 97.55000
216.40000	 97.78000	 63.62008	 97.78000
216.60000	 98.05000	 63.90150	 98.05000
216.80000	 98.34000	 64.19813	 98.34000
217.00000	 98.62000	 64.48242	 98.62000
217.20000	 98.89000	 64.75211	 98.89000
217.40000	 99.13000	 64.98899	 99.13000
217.60000	 99.33000	 65.18369	 99.33000
217.80000	 99.44000	 65.29446	 99.44000
218.00000	 99.51000	 65.36294	 99.51000
218.20000	 99.54000	 65.38990	 99.54000
218.40000	 99.53000	 65.37642	 99.53000
218.60000	 99.47000	 65.31558	 99.47000
218.80000	 99.39000	 65.23369	 99.39000
219.00000	 99.30000	 65.14056	 99.30000
219.20000	 99.25000	 65.07881	 99.25000
219.40000	 99.25000	 65.05759	 99.25000
219.60000	 99.25000	 65.03602	 99.25000
219.80000	 99.24000	 65.00615	 99.24000
220.00000	 99.18000	 64.93534	 99.18000
220.20000	 99.04000	 64.79955	 99.04000
220.40000	 98.91000	 64.67420	 98.91000
220.60000	 98.82000	 64.58492	 98.82000
220.80000	 98.82000	 64.57336	 98.82000
221.00000	 99.01000	 64.72151	 99.01000
221.20000	 99.23000	 64.89554	 99.23000
221.40000	 99.47000	 65.08528	 99.47000
221.60000	 99.67000	 65.23952	 99.67000
221.80000	 99.81000	 65.34064	 99.81000
222.00000	 99.91000	 65.40473	 99.91000
222.20000	 99.95000	 65.41531	 99.95000
222.40000	 99.91000	 65.35647	 99.91000
222.60000	 99.78000	 65.22111	 99.78000
222.80000	 99.61000	 65.05221	 99.61000
223.00000	 99.39000	 64.84333	 99.39000
223.20000	 99.16000	 64.62935	 99.16000
223.40000	 98.92000	 64.41195	 98.92000
223.60000	 98.65000	 64.17606	 98.65000
223.80000	 98.37000	 63.93956	 98.37000
224.00000	 98.06000	 63.68711	 98.06000
224.20000	 97.73000	 63.42809	 97.73000
224.40000	 97.41000	 63.18823	 97.41000
224.60000	 97.11000	 62.97642	 97.11000
224.80000	 96.85000	 62.80938	 96.85000
225.00000	 96.64000	 62.69511	 96.64000
225.20000	 96.47000	 62.62462	 96.47000
225.40000	 96.35000	 62.60506	 96.35000
225.60000	 96.29000	 62.64326	 96.29000
225.80000	 96.28000	 62.72918	 96.28000
226.00000	 96.34000	 62.87732	 96.34000
226.20000	 96.49000	 63.10187	 96.49000
226.40000	 96.79000	 63.44957	 96.79000
226.60000	 97.23000	 63.90869	 97.23000
226.80000	 97.70000	 64.38450	 97.70000
227.00000	 98.18000	 64.85693	 98.18000
227.20000	 98.59000	 65.25709	 98.59000
227.40000	 98.91000	 65.56673	 98.91000
227.60000	 99.18000	 65.81826	 99.18000
227.80000	 99.38000	 65.99533	 99.38000
228.00000	 99.47000	 66.06582	 99.47000
228.20000	 99.49000	 66.06453	 99.49000
228.40000	 99.46000	 66.01020	 99.46000
228.60000	 99.37000	 65.89702	 99.37000
228.80000	 99.22000	 65.72765	 99.22000
229.00000	 99.04000	 65.52962	 99.04000
229.20000	 98.83000	 65.30558	 98.83000
229.40000	 98.61000	 65.07451	 98.61000
229.60000	 98.37000	 64.83034	 98.37000
229.80000	 98.15000	 64.60798	 98.15000
230.00000	 97.97000	 64.42535	 97.97000
230.20000	 97.86000	 64.30797	 97.86000
230.40000	 97.87000	 64.29705	 97.87000
230.60000	 97.95000	 64.35033	 97.95000
230.80000	 98.08000	 64.44977	 98.08000
231.00000	 98.27000	 64.60185	 98.27000
231.20000	 98.53000	 64.81280	 98.53000
231.40000	 98.82000	 65.04737	 98.82000
231.60000	 99.13000	 65.29515	 99.13000
231.80000	 99.42000	 65.52122	 99.42000
232.00000	 99.70000	 65.73242	 99.70000
232.20000	 99.94000	 65.90298	 99.94000
232.40000	100.12000	 66.01595	100.12000
232.60000	100.21000	 66.04680	100.21000
232.80000	100.16000	 65.95531	100.16000
233.00000	100.05000	 65.80949	100.05000
233.20000	 99.89000	 65.61986	 99.89000
233.40000	 99.71000	 65.41352	 99.71000
233.60000	 99.52000	 65.20087	 99.52000
233.80000	 99.33000	 64.99202	 99.33000
234.00000	 99.14000	 64.78852	 99.14000
234.20000	 98.99000	 64.62458	 98.99000
234.40000	 98.88000	 64.50083	 98.88000
234.60000	 98.82000	 64.42565	 98.82000
234.80000	 98.81000	 64.39866	 98.81000
235.00000	 98.86000	 64.42728	 98.86000
235.20000	 99.03000	 64.55974	 99.03000
235.40000	 99.25000	 64.73623	 99.25000
235.60000	 99.52000	 64.95457	 99.52000
235.80000	 99.82000	 65.19599	 99.82000
236.00000	100.17000	 65.47484	100.17000
236.20000	100.51000	 65.73948	100.51000
236.40000	100.81000	 65.96352	100.81000
236.60000	101.05000	 66.12945	101.05000
236.80000	101.22000	 66.22879	101.22000
237.00000	101.25000	 66.20430	101.25000
237.20000	101.14000	 66.05760	101.14000
237.40000	100.62000	 65.56874	100.62000
237.60000	 99.98000	 64.98236	 99.98000
237.80000	 99.31000	 64.37835	 99.31000
238.00000	 98.80000	 63.91827	 98.80000
238.20000	 98.59000	 63.72026	 98.59000
238.40000	 98.46000	 63.60264	 98.46000
238.60000	 98.37000	 63.53134	 98.37000
238.80000	 98.26000	 63.45552	 98.26000
239.00000	 97.94000	 63.21739	 97.94000
239.20000	 97.63000	 62.99896	 97.63000
239.40000	 97.35000	 62.81702	 97.35000
239.60000	 97.14000	 62.70447	 97.14000
239.80000	 97.17000	 62.80063	 97.17000
240.00000	 97.29000	 62.97910	 97.29000
240.20000	 97.46000	 63.20377	 97.46000
240.40000	 97.67000	 63.46326	 97.67000
240.60000	 97.87000	 63.71340	 97.87000
240.80000	 98.07000	 63.96000	 98.07000
241.00000	 98.26000	 64.19284	 98.26000
241.20000	 98.43000	 64.40213	 98.43000
241.40000	 98.58000	 64.58684	 98.58000
241.60000	 98.69000	 64.72983	 98.69000
241.80000	 98.76000	 64.83102	 98.76000
242.00000	 98.77000	 64.87424	 98.77000
242.20000	 98.69000	 64.83565	 98.69000
242.40000	 98.57000	 64.75802	 98.57000
242.60000	 98.43000	 64.65954	 98.43000
242.80000	 98.28000	 64.55011	 98.28000
243.00000	 98.14000	 64.44772	 98.14000
243.20000	 97.99000	 64.33707	 97.99000
243.40000	 97.85000	 64.23575	 97.85000
243.60000	 97.71000	 64.13633	 97.71000
243.80000	 97.59000	 64.05598	 97.59000
244.00000	 97.51000	 64.01155	 97.51000
244.20000	 97.50000	 64.02773	 97.50000
244.40000	 97.64000	 64.16981	 97.64000
244.60000	 97.90000	 64.41125	 97.90000
244.80000	 98.18000	 64.66712	 98.18000
245.00000	 98.46000	 64.91869	 98.46000
245.20000	 98.68000	 65.11464	 98.68000
245.40000	 98.83000	 65.24573	 98.83000
245.60000	 98.93000	 65.32826	 98.93000
245.80000	 98.96000	 65.34609	 98.96000
246.00000	 98.86000	 65.25069	 98.86000
246.20000	 98.68000	 65.08520	 98.68000
246.40000	 98.45000	 64.87667	 98.45000
246.60000	 98.15000	 64.61101	 98.15000
246.80000	 97.78000	 64.29079	 97.78000
247.00000	 97.41000	 63.97644	 97.41000
247.20000	 97.05000	 63.67841	 97.05000
247.40000	 96.75000	 63.43961	 96.75000
247.60000	 96.57000	 63.31033	 96.57000
247.80000	 96.45000	 63.24071	 96.45000
248.00000	 96.41000	 63.24627	 96.41000
248.20000	 96.46000	 63.33372	 96.46000
248.40000	 96.64000	 63.53387	 96.64000
248.60000	 96.86000	 63.76962	 96.86000
248.80000	 97.09000	 64.01342	 97.09000
249.00000	 97.27000	 64.21333	 97.27000
249.20000	 97.39000	 64.35950	 97.39000
249.40000	 97.46000	 64.45933	 97.46000
249.60000	 97.48000	 64.51259	 97.48000
249.80000	 97.45000	 64.51955	 97.45000
250.00000	 97.35000	 64.46442	 97.35000
250.20000	 97.19000	 64.35667	 97.19000
250.40000	 96.95000	 64.18135	 96.95000
250.60000	 96.53000	 63.85801	 96.53000
250.80000	 96.06000	 63.49696	 96.06000
251.00000	 95.59000	 63.14243	 95.59000
251.20000	 95.18000	 62.84634	 95.18000
251.40000	 94.91000	 62.67613	 94.91000
251.60000	 94.72000	 62.58231	 94.72000
251.80000	 94.60000	 62.55587	 94.60000
252.00000	 94.54000	 62.58722	 94.54000
252.20000	 94.53000	 62.66640	 94.53000
252.40000	 94.62000	 62.83268	 94.62000
252.60000	 94.82000	 63.09182	 94.82000
252.80000	 95.20000	 63.49848	 95.20000
253.00000	 95.79000	 64.07336	 95.79000
253.20000	 96.49000	 64.72897	 96.49000
253.40000	 97.26000	 65.42729	 97.26000
253.60000	 98.15000	 66.20487	 98.15000
253.80000	 99.07000	 66.98281	 99.07000
254.00000	 99.90000	 67.65828	 99.90000
254.20000	100.55000	 68.15483	100.55000
254.40000	100.85000	 68.33224	100.85000
254.60000	100.97000	 68.33380	100.97000
254.80000	100.94000	 68.18865	100.94000
255.00000	100.77000	 67.91027	100.77000
255.20000	100.54000	 67.57035	100.54000
255.40000	100.28000	 67.19907	100.28000
255.60000	100.07000	 66.86730	100.07000
255.80000	 99.94000	 66.60352	 99.94000
256.00000	 99.87000	 66.39373	 99.87000
256.20000	 99.94000	 66.30542	 99.94000
256.40000	100.29000	 66.45406	100.29000
256.60000	100.66000	 66.62305	100.66000
256.80000	101.00000	 66.76903	101.00000
257.00000	101.13000	 66.74204	101.13000
257.20000	101.03000	 66.52601	101.03000
257.40000	100.81000	 66.21381	100.81000
257.60000	100.47000	 65.80828	100.47000
257.80000	100.03000	 65.32919	100.03000
258.00000	 99.50000	 64.78831	 99.50000
258.20000	 98.91000	 64.21390	 98.91000
258.40000	 98.17000	 63.53510	 98.17000
258.60000	 97.46000	 62.90408	 97.46000
258.80000	 96.86000	 62.38948	 96.86000
259.00000	 96.58000	 62.16550	 96.58000
259.20000	 96.75000	 62.33728	 96.75000
259.40000	 97.08000	 62.66010	 97.08000
259.60000	 97.49000	 63.06172	 97.49000
259.80000	 97.84000	 63.42065	 97.84000
260.00000	 98.10000	 63.70742	 98.10000
260.20000	 98.31000	 63.95174	 98.31000
260.40000	 98.47000	 64.15130	 98.47000
260.60000	 98.55000	 64.27987	 98.55000
260.80000	 98.54000	 64.32864	 98.54000
261.00000	 98.40000	 64.26498	 98.40000
261.20000	 98.01000	 63.99138	 98.01000
261.40000	 97.44000	 63.56885	 97.44000
261.60000	 96.82000	 63.10877	 96.82000
261.80000	 96.23000	 62.68104	 96.23000
262.00000	 95.80000	 62.39583	 95.80000
262.20000	 95.45000	 62.18827	 95.45000
262.40000	 95.20000	 62.07498	 95.20000
262.60000	 95.06000	 62.06336	 95.06000
262.80000	 95.06000	 62.17640	 95.06000
263.00000	 95.18000	 62.39491	 95.18000
263.20000	 95.43000	 62.72378	 95.43000
263.40000	 95.81000	 63.15908	 95.81000
263.60000	 96.43000	 63.78714	 96.43000
263.80000	 97.11000	 64.45397	 97.11000
264.00000	 97.80000	 65.11330	 97.80000
264.20000	 98.42000	 65.69498	 98.42000
264.40000	 98.91000	 66.14684	 98.91000
264.60000	 99.28000	 66.47613	 99.28000
264.80000	 99.50000	 66.65855	 99.50000
265.00000	 99.44000	 66.58879	 99.44000
265.20000	 99.22000	 66.36987	 99.22000
265.40000	 98.85000	 66.01496	 98.85000
265.60000	 98.33000	 65.52963	 98.33000
265.80000	 97.70000	 64.95281	 97.70000
266.00000	 97.04000	 64.35639	 97.04000
266.20000	 96.40000	 63.78678	 96.40000
266.40000	 95.94000	 63.37996	 95.94000
266.60000	 95.64000	 63.12126	 95.64000
266.80000	 95.43000	 62.95300	 95.43000
267.00000	 95.31000	 62.87430	 95.31000
267.20000	 95.27000	 62.87524	 95.27000
267.40000	 95.28000	 62.92889	 95.28000
267.60000	 95.37000	 63.05757	 95.37000
267.80000	 95.55000	 63.26675	 95.55000
268.00000	 95.83000	 63.56152	 95.83000
268.20000	 96.25000	 63.97135	 96.25000
268.40000	 96.74000	 64.43442	 96.74000
268.60000	 97.29000	 64.93852	 97.29000
268.80000	 97.89000	 65.47165	 97.89000
269.00000	 98.53000	 66.02213	 98.53000
269.20000	 99.15000	 66.53746	 99.15000
269.40000	 99.68000	 66.95775	 99.68000
269.60000	100.00000	 67.18319	100.00000
269.80000	100.13000	 67.23150	100.13000
270.00000	100.17000	 67.18794	100.17000
270.20000	100.15000	 67.08054	100.15000
270.40000	100.20000	 67.01990	100.20000
270.60000	100.24000	 66.94253	100.24000
270.80000	100.25000	 66.83417	100.25000
271.00000	100.21000	 66.68053	100.21000
271.20000	100.00000	 66.38502	100.00000
271.40000	 99.77000	 66.07462	 99.77000
271.60000	 99.55000	 65.77706	 99.55000
271.80000	 99.38000	 65.52765	 99.38000
272.00000	 99.42000	 65.45982	 99.42000
272.20000	 99.57000	 65.49057	 99.57000
272.40000	 99.79000	 65.58548	 99.79000
272.60000	100.07000	 65.73444	100.07000
272.80000	100.45000	 65.96830	100.45000
273.00000	100.85000	 66.21848	100.85000
273.20000	101.23000	 66.44963	101.23000
273.40000	101.55000	 66.62697	101.55000
273.60000	101.67000	 66.63412	101.67000
273.80000	101.69000	 66.55436	101.69000
274.00000	101.63000	 66.40581	101.63000
274.20000	101.49000	 66.19049	101.49000
274.40000	101.29000	 65.92729	101.29000
274.60000	101.05000	 65.63518	101.05000
274.80000	100.77000	 65.31652	100.77000
275.00000	100.46000	 64.98183	100.46000
275.20000	100.14000	 64.64964	100.14000
275.40000	 99.81000	 64.32165	 99.81000
275.60000	 99.48000	 64.00746	 99.48000
275.80000	 99.17000	 63.72456	 99.17000
276.00000	 98.89000	 63.48171	 98.89000
276.20000	 98.63000	 63.27068	 98.63000
276.40000	 98.43000	 63.12413	 98.43000
276.60000	 98.27000	 63.02463	 98.27000
276.80000	 98.17000	 62.98741	 98.17000
277.00000	 98.17000	 63.04372	 98.17000
277.20000	 98.27000	 63.19121	 98.27000
277.40000	 98.58000	 63.51760	 98.58000
277.60000	 99.09000	 64.01042	 99.09000
277.80000	 99.64000	 64.53252	 99.64000
278.00000	100.18000	 65.03800	100.18000
278.20000	100.55000	 65.39119	100.55000
278.40000	100.80000	 65.63165	100.80000
278.60000	100.96000	 65.78385	100.96000
278.80000	101.02000	 65.84023	101.02000
279.00000	100.96000	 65.78584	100.96000
279.20000	100.82000	 65.65609	100.82000
279.40000	100.61000	 65.46200	100.61000
279.60000	100.34000	 65.21484	100.34000
279.80000	100.02000	 64.92590	100.02000
280.00000	 99.67000	 64.61467	 99.67000
280.20000	 99.29000	 64.28389	 99.29000
280.40000	 98.91000	 63.96079	 98.91000
280.60000	 98.52000	 63.63916	 98.52000
280.80000	 98.17000	 63.36187	 98.17000
281.00000	 97.86000	 63.12988	 97.86000
281.20000	 97.65000	 62.99300	 97.65000
281.40000	 97.59000	 62.99176	 97.59000
281.60000	 97.58000	 63.04179	 97.58000
281.80000	 97.61000	 63.13270	 97.61000
282.00000	 97.64000	 63.22930	 97.64000
282.20000	 97.66000	 63.32139	 97.66000
282.40000	 97.66000	 63.39915	 97.66000
282.60000	 97.65000	 63.46961	 97.65000
282.80000	 97.58000	 63.49062	 97.58000
283.00000	 97.46000	 63.47013	 97.46000
283.20000	 97.32000	 63.43302	 97.32000
283.40000	 97.17000	 63.38785	 97.17000
283.60000	 97.01000	 63.33495	 97.01000
283.80000	 96.85000	 63.28292	 96.85000
284.00000	 96.71000	 63.24854	 96.71000
284.20000	 96.59000	 63.23188	 96.59000
284.40000	 96.53000	 63.26578	 96.53000
284.60000	 96.52000	 63.34141	 96.52000
284.80000	 96.52000	 63.42487	 96.52000
285.00000	 96.51000	 63.49880	 96.51000
285.20000	 96.45000	 63.52961	 96.45000
285.40000	 96.34000	 63.51721	 96.34000
285.60000	 96.24000	 63.51140	 96.24000
285.80000	 96.17000	 63.52891	 96.17000
286.00000	 96.14000	 63.57794	 96.14000
286.20000	 96.16000	 63.66640	 96.16000
286.40000	 96.26000	 63.81832	 96.26000
286.60000	 96.44000	 64.03252	 96.44000
286.80000	 96.75000	 64.34857	 96.75000
287.00000	 97.16000	 64.73936	 97.16000
287.20000	 97.68000	 65.21041	 97.68000
287.40000	 98.31000	 65.75859	 98.31000
287.60000	 99.14000	 66.45475	 99.14000
