  0.00000	 47.85000	 47.61750	 47.85000
  0.20000	 47.76000	 47.45988	 47.76000
  0.40000	 47.54000	 47.08114	 47.54000
  0.60000	 47.21000	 46.51907	 47.21000
  0.80000	 46.80000	 45.82983	 46.80000
  1.00000	 46.32000	 45.03585	 46.32000
  1.20000	 45.80000	 44.19396	 45.80000
  1.40000	 45.26000	 43.34348	 45.26000
  1.60000	 44.73000	 42.54005	 44.73000
  1.80000	 44.23000	 41.82106	 44.23000
  2.00000	 43.79000	 41.23959	 43.79000
  2.20000	 43.42000	 40.81284	 43.42000
  2.40000	 43.32000	 40.88133	 43.32000
  2.60000	 43.31000	 41.13100	 43.31000
  2.80000	 43.36000	 41.50346	 43.36000
  3.00000	 43.47000	 41.99148	 43.47000
  3.20000	 43.60000	 42.51943	 43.60000
  3.40000	 43.74000	 43.06368	 43.74000
  3.60000	 43.87000	 43.58441	 43.87000
  3.80000	 44.00000	 44.09419	 44.00000
  4.00000	 44.10000	 44.53806	 44.10000
  4.20000	 44.15000	 44.87939	 44.15000
  4.40000	 44.09000	 45.01458	 44.09000
  4.60000	 43.98000	 45.04746	 43.98000
  4.80000	 43.82000	 44.98012	 43.82000
  5.00000	 43.63000	 44.84952	 43.63000
  5.20000	 43.41000	 44.65865	 43.41000
  5.40000	 43.17000	 44.42771	 43.17000
  5.60000	 42.90000	 44.14264	 42.90000
  5.80000	 42.62000	 43.84073	 42.62000
  6.00000	 42.32000	 43.50765	 42.32000
  6.20000	 42.02000	 43.18025	 42.02000
  6.40000	 41.70000	 42.82649	 41.70000
  6.60000	 41.38000	 42.48265	 41.38000
  6.80000	 41.07000	 42.16746	 41.07000
  7.00000	 40.79000	 41.91621	 40.79000
  7.20000	 40.56000	 41.76336	 40.56000
  7.40000	 40.37000	 41.69103	 40.37000
  7.60000	 40.23000	 41.71485	 40.23000
  7.80000	 40.17000	 41.88391	 40.17000
  8.00000	 40.20000	 42.21199	 40.20000
  8.20000	 40.35000	 42.74602	 40.35000
  8.40000	 40.71000	 43.63415	 40.71000
  8.60000	 41.30000	 44.90222	 41.30000
  8.80000	 41.95000	 46.24869	 41.95000
  9.00000	 42.63000	 47.61239	 42.63000
  9.20000	 43.28000	 48.88228	 43.28000
  9.40000	 43.80000	 49.88122	 43.80000
  9.60000	 44.24000	 50.69230	 44.24000
  9.80000	 44.58000	 51.28124	 44.58000
 10.00000	 44.81000	 51.63313	 44.81000
 10.20000	 44.82000	 51.56411	 44.82000
 10.40000	 44.64000	 51.13333	 44.64000
 10.60000	 44.38000	 50.53915	 44.38000
 10.80000	 44.05000	 49.80896	 44.05000
 11.00000	 43.71000	 49.05540	 43.71000
 11.20000	 43.52000	 48.56080	 43.52000
 11.40000	 43.38000	 48.15886	 43.38000
 11.60000	 43.24000	 47.76716	 43.24000
 11.80000	 43.11000	 47.40524	 43.11000
 12.00000	 42.97000	 47.04066	 42.97000
 12.20000	 42.81000	 46.65782	 42.81000
 12.40000	 42.59000	 46.18974	 42.59000
 12.60000	 42.36000	 45.72394	 42.36000
 12.80000	 42.11000	 45.24500	 42.11000
 13.00000	 41.85000	 44.77152	 41.85000
 13.20000	 41.55000	 44.25338	 41.55000
 13.40000	 41.09000	 43.48681	 41.09000
 13.60000	 40.67000	 42.81746	 40.67000
 13.80000	 40.31000	 42.28162	 40.31000
 14.00000	 40.05000	 41.94805	 40.05000
 14.20000	 39.97000	 41.95184	 39.97000
 14.40000	 40.30000	 42.68145	 40.30000
 14.60000	 40.76000	 43.64670	 40.76000
 14.80000	 41.30000	 44.75015	 41.30000
 15.00000	 41.87000	 45.89488	 41.87000
 15.20000	 42.41000	 46.96825	 42.41000
 15.40000	 42.89000	 47.91127	 42.89000
 15.60000	 43.30000	 48.70167	 43.30000
 15.80000	 43.63000	 49.31956	 43.63000
 16.00000	 43.82000	 49.66176	 43.82000
 16.20000	 43.70000	 49.43985	 43.70000
 16.40000	 43.48000	 49.02053	 43.48000
 16.60000	 43.18000	 48.44642	 43.18000
 16.80000	 42.83000	 47.77745	 42.83000
 17.00000	 42.54000	 47.20995	 42.54000
 17.20000	 42.33000	 46.78405	 42.33000
 17.40000	 42.13000	 46.38360	 42.13000
 17.60000	 41.96000	 46.04554	 41.96000
 17.80000	 41.80000	 45.73735	 41.80000
 18.00000	 41.66000	 45.47722	 41.66000
 18.20000	 41.57000	 45.31689	 41.57000
 18.40000	 41.49000	 45.18730	 41.49000
 18.60000	 41.42000	 45.08757	 41.42000
 18.80000	 41.36000	 45.01668	 41.36000
 19.00000	 41.29000	 44.93922	 41.29000
 19.20000	 41.19000	 44.82008	 41.19000
 19.40000	 41.06000	 44.65884	 41.06000
 19.60000	 40.92000	 44.48982	 40.92000
 19.80000	 40.77000	 44.31313	 40.77000
 20.00000	 40.62000	 44.14607	 40.62000
 20.20000	 40.44000	 43.93738	 40.44000
 20.40000	 40.23000	 43.68750	 40.23000
 20.60000	 40.02000	 43.44852	 40.02000
 20.80000	 39.84000	 43.27225	 39.84000
 21.00000	 39.69000	 43.15852	 39.69000
 21.20000	 39.60000	 43.15783	 39.60000
 21.40000	 39.60000	 43.31967	 39.60000
 21.60000	 39.66000	 43.58959	 39.66000
 21.80000	 39.79000	 43.98093	 39.79000
 22.00000	 39.99000	 44.48935	 39.99000
 22.20000	 40.28000	 45.14421	 40.28000
 22.40000	 40.74000	 46.07679	 40.74000
 22.60000	 41.25000	 47.07446	 41.25000
 22.80000	 41.79000	 48.09615	 41.79000
 23.00000	 42.35000	 49.11879	 42.35000
 23.20000	 42.89000	 50.06894	 42.89000
 23.40000	 43.35000	 50.84054	 43.35000
 23.60000	 43.80000	 51.55220	 43.80000
 23.80000	 44.22000	 52.16947	 44.22000
 24.00000	 44.61000	 52.69309	 44.61000
 24.20000	 44.97000	 53.12469	 44.97000
 24.40000	 45.30000	 53.46660	 45.30000
 24.60000	 45.59000	 53.70462	 45.59000
 24.80000	 45.84000	 53.84225	 45.84000
 25.00000	 46.06000	 53.90061	 46.06000
 25.20000	 46.21000	 53.81547	 46.21000
 25.40000	 46.33000	 53.66023	 46.33000
 25.60000	 46.42000	 53.43979	 46.42000
 25.80000	 46.48000	 53.15897	 46.48000
 26.00000	 46.53000	 52.85662	 46.53000
 26.20000	 46.61000	 52.60529	 46.61000
 26.40000	 46.69000	 52.35667	 46.69000
 26.60000	 46.75000	 52.07902	 46.75000
 26.80000	 46.79000	 51.77473	 46.79000
 27.00000	 46.80000	 51.42894	 46.80000
 27.20000	 46.77000	 51.02685	 46.77000
 27.40000	 46.70000	 50.57096	 46.70000
 27.60000	 46.59000	 50.06387	 46.59000
 27.80000	 46.46000	 49.54248	 46.46000
 28.00000	 46.30000	 48.99208	 46.30000
 28.20000	 46.12000	 48.43205	 46.12000
 28.40000	 45.87000	 47.77886	 45.87000
 28.60000	 45.61000	 47.13770	 45.61000
 28.80000	 45.37000	 46.56187	 45.37000
 29.00000	 45.15000	 46.05239	 45.15000
 29.20000	 44.96000	 45.62651	 44.96000
 29.40000	 44.81000	 45.30060	 44.81000
 29.60000	 44.72000	 45.10719	 44.72000
 29.80000	 44.74000	 45.12905	 44.74000
 30.00000	 44.87000	 45.36168	 44.87000
 30.20000	 45.20000	 45.95308	 45.20000
 30.40000	 45.82000	 47.04860	 45.82000
 30.60000	 46.53000	 48.29394	 46.53000
 30.80000	 47.28000	 49.59181	 47.28000
 31.00000	 48.03000	 50.86334	 48.03000
 31.20000	 48.64000	 51.86061	 48.64000
 31.40000	 49.19000	 52.71603	 49.19000
 31.60000	 49.68000	 53.42736	 49.68000
 31.80000	 50.08000	 53.94291	 50.08000
 32.00000	 50.38000	 54.24722	 50.38000
 32.20000	 50.54000	 54.27543	 50.54000
 32.40000	 50.63000	 54.15305	 50.63000
 32.60000	 50.65000	 53.88647	 50.65000
 32.80000	 50.60000	 53.48254	 50.60000
 33.00000	 50.52000	 53.01685	 50.52000
 33.20000	 50.41000	 52.49605	 50.41000
 33.40000	 50.25000	 51.89210	 50.25000
 33.60000	 50.05000	 51.22812	 50.05000
 33.80000	 49.82000	 50.52687	 49.82000
 34.00000	 49.55000	 49.77636	 49.55000
 34.20000	 49.26000	 49.01558	 49.26000
 34.40000	 48.93000	 48.21442	 48.93000
 34.60000	 48.58000	 47.41092	 48.58000
 34.80000	 48.20000	 46.59119	 48.20000
 35.00000	 47.80000	 45.77515	 47.80000
 35.20000	 47.39000	 44.98219	 47.39000
 35.40000	 46.95000	 44.17980	 46.95000
 35.60000	 46.49000	 43.38650	 46.49000
 35.80000	 46.00000	 42.58629	 46.00000
 36.00000	 45.48000	 41.78009	 45.48000
 36.20000	 44.90000	 40.91739	 44.90000
 36.40000	 44.13000	 39.77706	 44.13000
 36.60000	 43.37000	 38.70483	 43.37000
 36.80000	 42.64000	 37.73729	 42.64000
 37.00000	 41.98000	 36.94375	 41.98000
 37.20000	 41.42000	 36.37448	 41.42000
 37.40000	 41.16000	 36.36834	 41.16000
 37.60000	 41.08000	 36.71179	 41.08000
 37.80000	 41.12000	 37.29167	 41.12000
 38.00000	 41.25000	 38.04538	 41.25000
 38.20000	 41.47000	 38.96170	 41.47000
 38.40000	 41.75000	 39.97819	 41.75000
 38.60000	 42.08000	 41.06741	 42.08000
 38.80000	 42.45000	 42.20284	 42.45000
 39.00000	 42.85000	 43.35900	 42.85000
 39.20000	 43.26000	 44.49445	 43.26000
 39.40000	 43.67000	 45.58627	 43.67000
 39.60000	 44.07000	 46.61292	 44.07000
 39.80000	 44.47000	 47.58848	 44.47000
 40.00000	 44.84000	 48.45965	 44.84000
 40.20000	 45.21000	 49.27718	 45.21000
 40.40000	 45.55000	 49.98986	 45.55000
 40.60000	 45.84000	 50.56471	 45.84000
 40.80000	 46.06000	 50.96995	 46.06000
 41.00000	 46.18000	 51.15810	 46.18000
 41.20000	 46.09000	 50.94645	 46.09000
 41.40000	 45.92000	 50.56593	 45.92000
 41.60000	 45.68000	 50.04258	 45.68000
 41.80000	 45.41000	 49.45381	 45.41000
 42.00000	 45.15000	 48.87626	 45.15000
 42.20000	 44.92000	 48.35097	 44.92000
 42.40000	 44.69000	 47.83187	 44.69000
 42.60000	 44.46000	 47.32330	 44.46000
 42.80000	 44.24000	 46.84590	 44.24000
 43.00000	 44.04000	 46.41941	 44.04000
 43.20000	 43.88000	 46.07976	 43.88000
 43.40000	 43.73000	 45.77618	 43.73000
 43.60000	 43.59000	 45.50876	 43.59000
 43.80000	 43.46000	 45.27719	 43.46000
 44.00000	 43.32000	 45.04663	 43.32000
 44.20000	 43.17000	 44.81650	 43.17000
 44.40000	 43.02000	 44.60341	 43.02000
 44.60000	 42.86000	 44.38963	 42.86000
 44.80000	 42.69000	 44.17465	 42.69000
 45.00000	 42.52000	 43.97512	 42.52000
 45.20000	 42.33000	 43.75627	 42.33000
 45.40000	 42.12000	 43.51783	 42.12000
 45.60000	 41.92000	 43.31104	 41.92000
 45.80000	 41.73000	 43.13551	 41.73000
 46.00000	 41.56000	 43.00769	 41.56000
 46.20000	 41.41000	 42.92655	 41.41000
 46.40000	 41.30000	 42.92493	 41.30000
 46.60000	 41.23000	 43.00088	 41.23000
 46.80000	 41.22000	 43.18618	 41.22000
 47.00000	 41.29000	 43.51191	 41.29000
 47.20000	 41.49000	 44.05951	 41.49000
 47.40000	 41.79000	 44.77207	 41.79000
 47.60000	 42.14000	 45.55771	 42.14000
 47.80000	 42.55000	 46.42745	 42.55000
 48.00000	 42.98000	 47.30695	 42.98000
 48.20000	 43.40000	 48.13982	 43.40000
 48.40000	 43.84000	 48.97362	 43.84000
 48.60000	 44.31000	 49.82228	 44.31000
 48.80000	 44.79000	 50.64885	 44.79000
 49.00000	 45.30000	 51.48546	 45.30000
 49.20000	 45.86000	 52.36453	 45.86000
 49.40000	 46.41000	 53.18157	 46.41000
 49.60000	 46.95000	 53.93567	 46.95000
 49.80000	 47.48000	 54.62673	 47.48000
 50.00000	 47.98000	 55.22114	 47.98000
 50.20000	 48.44000	 55.70333	 48.44000
 50.40000	 48.84000	 56.04155	 48.84000
 50.60000	 49.19000	 56.25643	 49.19000
 50.80000	 49.47000	 56.31803	 49.47000
 51.00000	 49.61000	 56.11179	 49.61000
 51.20000	 49.66000	 55.73025	 49.66000
 51.40000	 49.64000	 55.21532	 49.64000
 51.60000	 49.58000	 54.62613	 49.58000
 51.80000	 49.48000	 53.97002	 49.48000
 52.00000	 49.39000	 53.33933	 49.39000
 52.20000	 49.30000	 52.72248	 49.30000
 52.40000	 49.19000	 52.08974	 49.19000
 52.60000	 49.07000	 51.46212	 49.07000
 52.80000	 48.92000	 50.80863	 48.92000
 53.00000	 48.74000	 50.13222	 48.74000
 53.20000	 48.50000	 49.38426	 48.50000
 53.40000	 48.26000	 48.67029	 48.26000
 53.60000	 48.03000	 48.00948	 48.03000
 53.80000	 47.81000	 47.40304	 47.81000
 54.00000	 47.61000	 46.86849	 47.61000
 54.20000	 47.51000	 46.54222	 47.51000
 54.40000	 47.44000	 46.30208	 47.44000
 54.60000	 47.41000	 46.16218	 47.41000
 54.80000	 47.40000	 46.08480	 47.40000
 55.00000	 47.41000	 46.06630	 47.41000
 55.20000	 47.36000	 45.96621	 47.36000
 55.40000	 47.33000	 45.91902	 47.33000
 55.60000	 47.37000	 46.00775	 47.37000
 55.80000	 47.50000	 46.26315	 47.50000
 56.00000	 47.77000	 46.76611	 47.77000
 56.20000	 48.37000	 47.83521	 48.37000
 56.40000	 49.05000	 49.03193	 49.05000
 56.60000	 49.79000	 50.31154	 49.79000
 56.80000	 50.53000	 51.56178	 50.53000
 57.00000	 51.15000	 52.56963	 51.15000
 57.20000	 51.71000	 53.43355	 51.71000
 57.40000	 52.23000	 54.18578	 52.23000
 57.60000	 52.74000	 54.87709	 52.74000
 57.80000	 53.31000	 55.62742	 53.31000
 58.00000	 53.95000	 56.45353	 53.95000
 58.20000	 54.49000	 57.06368	 54.49000
 58.40000	 54.89000	 57.39083	 54.89000
 58.60000	 55.03000	 57.23378	 55.03000
 58.80000	 54.63000	 56.12197	 54.63000
 59.00000	 54.07000	 54.72172	 54.07000
 59.20000	 53.40000	 53.13535	 53.40000
 59.40000	 52.69000	 51.49856	 52.69000
 59.60000	 52.28000	 50.40672	 52.28000
 59.80000	 51.94000	 49.47280	 51.94000
 60.00000	 51.64000	 48.64917	 51.64000
 60.20000	 51.35000	 47.88646	 51.35000
 60.40000	 51.06000	 47.16856	 51.06000
 60.60000	 50.71000	 46.39319	 50.71000
 60.80000	 50.31000	 45.57825	 50.31000
 61.00000	 49.89000	 44.77607	 49.89000
 61.20000	 49.46000	 44.00442	 49.46000
 61.40000	 49.01000	 43.24642	 49.01000
 61.60000	 48.55000	 42.51916	 48.55000
 61.80000	 48.08000	 41.82227	 48.08000
 62.00000	 47.61000	 41.17219	 47.61000
 62.20000	 47.12000	 40.53363	 47.12000
 62.40000	 46.61000	 39.90554	 46.61000
 62.60000	 46.08000	 39.28683	 46.08000
 62.80000	 45.40000	 38.45418	 45.40000
 63.00000	 44.68000	 37.59691	 44.68000
 63.20000	 44.02000	 36.88725	 44.02000
 63.40000	 43.45000	 36.37601	 43.45000
 63.60000	 43.02000	 36.14625	 43.02000
 63.80000	 42.93000	 36.53508	 42.93000
 64.00000	 43.11000	 37.41245	 43.11000
 64.20000	 43.43000	 38.54243	 43.43000
 64.40000	 43.89000	 39.91103	 43.89000
 64.60000	 44.46000	 41.45277	 44.46000
 64.80000	 45.12000	 43.11982	 45.12000
 65.00000	 45.84000	 44.84816	 45.84000
 65.20000	 46.60000	 46.59232	 46.60000
 65.40000	 47.39000	 48.32564	 47.39000
 65.60000	 48.22000	 50.05730	 48.22000
 65.80000	 49.04000	 51.69526	 49.04000
 66.00000	 49.77000	 53.09820	 49.77000
 66.20000	 50.37000	 54.19636	 50.37000
 66.40000	 50.67000	 54.70102	 50.67000
 66.60000	 50.65000	 54.58566	 50.65000
 66.80000	 50.50000	 54.18792	 50.50000
 67.00000	 50.26000	 53.58983	 50.26000
 67.20000	 50.05000	 53.01009	 50.05000
 67.40000	 50.00000	 52.68225	 50.00000
 67.60000	 49.96000	 52.35677	 49.96000
 67.80000	 49.90000	 51.98819	 49.90000
 68.00000	 49.81000	 51.56480	 49.81000
 68.20000	 49.69000	 51.09165	 49.69000
 68.40000	 49.42000	 50.36833	 49.42000
 68.60000	 49.08000	 49.53812	 49.08000
 68.80000	 48.70000	 48.65888	 48.70000
 69.00000	 48.28000	 47.73655	 48.28000
 69.20000	 47.84000	 46.81078	 47.84000
 69.40000	 47.39000	 45.90322	 47.39000
 69.60000	 46.97000	 45.08592	 46.97000
 69.80000	 46.54000	 44.29257	 46.54000
 70.00000	 46.09000	 43.50756	 46.09000
 70.20000	 45.62000	 42.73204	 45.62000
 70.40000	 45.13000	 41.96679	 45.13000
 70.60000	 44.53000	 41.05844	 44.53000
 70.80000	 43.81000	 39.99171	 43.81000
 71.00000	 43.12000	 39.02618	 43.12000
 71.20000	 42.48000	 38.19756	 42.48000
 71.40000	 41.95000	 37.60830	 41.95000
 71.60000	 41.55000	 37.29005	 41.55000
 71.80000	 41.40000	 37.44310	 41.40000
 72.00000	 41.45000	 37.97305	 41.45000
 72.20000	 41.69000	 38.85151	 41.69000
 72.40000	 42.14000	 40.09968	 42.14000
 72.60000	 42.82000	 41.73712	 42.82000
 72.80000	 44.74000	 45.47481	 44.74000
 73.00000	 46.66000	 49.15766	 46.66000
 73.20000	 48.23000	 52.15861	 48.23000
 73.40000	 49.16000	 53.96462	 49.16000
 73.60000	 48.55000	 53.03421	 48.55000
 73.80000	 46.22000	 49.08496	 46.22000
 74.00000	 43.53000	 44.49417	 43.53000
 74.20000	 40.86000	 39.96156	 40.86000
 74.40000	 40.35000	 39.18813	 40.35000
 74.60000	 40.48000	 39.57180	 40.48000
 74.80000	 41.09000	 40.82506	 41.09000
 75.00000	 42.03000	 42.67096	 42.03000
 75.20000	 43.15000	 44.82986	 43.15000
 75.40000	 44.28000	 46.98841	 44.28000
 75.60000	 44.47000	 47.50300	 44.47000
 75.80000	 44.59000	 47.86183	 44.59000
 76.00000	 44.64000	 48.06684	 44.64000
 76.20000	 44.64000	 48.15545	 44.64000
 76.40000	 44.58000	 48.11445	 44.58000
 76.60000	 44.51000	 48.03395	 44.51000
 76.80000	 44.41000	 47.88405	 44.41000
 77.00000	 44.29000	 47.68617	 44.29000
 77.20000	 44.16000	 47.46156	 44.16000
 77.40000	 44.02000	 47.21398	 44.02000
 77.60000	 43.89000	 46.98104	 43.89000
 77.80000	 43.79000	 46.79966	 43.79000
 78.00000	 43.70000	 46.63742	 43.70000
 78.20000	 43.62000	 46.49562	 43.62000
 78.40000	 43.55000	 46.37516	 43.55000
 78.60000	 43.51000	 46.31077	 43.51000
 78.80000	 43.50000	 46.30234	 43.50000
 79.00000	 43.53000	 46.36631	 43.53000
 79.20000	 43.57000	 46.45009	 43.57000
 79.40000	 43.63000	 46.56950	 43.63000
 79.60000	 43.69000	 46.68891	 43.69000
 79.80000	 43.74000	 46.79000	 43.74000
 80.00000	 43.67000	 46.68383	 43.67000
 80.20000	 43.63000	 46.62828	 43.63000
 80.40000	 43.64000	 46.65821	 43.64000
 80.60000	 43.72000	 46.80750	 43.72000
 80.80000	 43.90000	 47.12602	 43.90000
 81.00000	 44.35000	 47.90156	 44.35000
 81.20000	 44.94000	 48.90483	 44.94000
 81.40000	 45.61000	 50.02506	 45.61000
 81.60000	 46.35000	 51.23714	 46.35000
 81.80000	 47.14000	 52.49924	 47.14000
 82.00000	 47.93000	 53.71898	 47.93000
 82.20000	 48.74000	 54.92521	 48.74000
 82.40000	 49.57000	 56.11365	 49.57000
 82.60000	 50.39000	 57.22961	 50.39000
 82.80000	 51.29000	 58.42492	 51.29000
 83.00000	 52.16000	 59.50901	 52.16000
 83.20000	 52.93000	 60.36128	 52.93000
 83.40000	 53.55000	 60.89782	 53.55000
 83.60000	 53.78000	 60.71280	 53.78000
 83.80000	 53.76000	 60.05674	 53.76000
 84.00000	 53.59000	 59.11475	 53.59000
 84.20000	 53.35000	 58.03840	 53.35000
 84.40000	 53.15000	 57.02959	 53.15000
 84.60000	 53.02000	 56.15055	 53.02000
 84.80000	 52.89000	 55.28949	 52.89000
 85.00000	 52.76000	 54.45286	 52.76000
 85.20000	 52.61000	 53.61162	 52.61000
 85.40000	 52.47000	 52.82144	 52.47000
 85.60000	 52.33000	 52.06835	 52.33000
 85.80000	 52.17000	 51.32037	 52.17000
 86.00000	 51.98000	 50.56217	 51.98000
 86.20000	 51.76000	 49.79532	 51.76000
 86.40000	 51.48000	 48.96984	 51.48000
 86.60000	 51.12000	 48.05322	 51.12000
 86.80000	 50.71000	 47.09902	 50.71000
 87.00000	 50.26000	 46.12656	 50.26000
 87.20000	 49.77000	 45.13786	 49.77000
 87.40000	 49.25000	 44.15181	 49.25000
 87.60000	 48.60000	 42.99881	 48.60000
 87.80000	 47.95000	 41.90398	 47.95000
 88.00000	 47.31000	 40.88614	 47.31000
 88.20000	 46.71000	 39.99720	 46.71000
 88.40000	 46.17000	 39.27052	 46.17000
 88.60000	 45.75000	 38.80632	 45.75000
 88.80000	 45.44000	 38.58281	 45.44000
 89.00000	 45.23000	 38.57646	 45.23000
 89.20000	 45.14000	 38.81388	 45.14000
 89.40000	 45.17000	 39.28616	 45.17000
 89.60000	 45.45000	 40.20576	 45.45000
 89.80000	 45.83000	 41.30339	 45.83000
 90.00000	 46.30000	 42.54940	 46.30000
 90.20000	 46.83000	 43.88043	 46.83000
 90.40000	 47.38000	 45.21711	 47.38000
 90.60000	 47.94000	 46.53310	 47.94000
 90.80000	 48.49000	 47.78662	 48.49000
 91.00000	 49.04000	 48.98909	 49.04000
 91.20000	 49.59000	 50.13631	 49.59000
 91.40000	 50.12000	 51.19111	 50.12000
 91.60000	 50.59000	 52.08360	 50.59000
 91.80000	 50.96000	 52.74581	 50.96000
 92.00000	 51.17000	 53.07785	 51.17000
 92.20000	 51.06000	 52.81175	 51.06000
 92.40000	 50.83000	 52.30032	 50.83000
 92.60000	 50.52000	 51.62351	 50.52000
 92.80000	 50.16000	 50.84407	 50.16000
 93.00000	 49.89000	 50.21205	 49.89000
 93.20000	 49.63000	 49.59818	 49.63000
 93.40000	 49.36000	 48.97438	 49.36000
 93.60000	 49.07000	 48.32883	 49.07000
 93.80000	 48.76000	 47.66617	 48.76000
 94.00000	 48.36000	 46.87074	 48.36000
 94.20000	 47.93000	 46.04987	 47.93000
 94.40000	 47.49000	 45.24195	 47.49000
 94.60000	 47.05000	 44.46746	 47.05000
 94.80000	 46.62000	 43.74598	 46.62000
 95.00000	 46.25000	 43.16451	 46.25000
 95.20000	 45.92000	 42.68870	 45.92000
 95.40000	 45.60000	 42.26599	 45.60000
 95.60000	 45.29000	 41.89479	 45.29000
 95.80000	 44.98000	 41.55609	 44.98000
 96.00000	 44.64000	 41.19661	 44.64000
 96.20000	 44.22000	 40.72938	 44.22000
 96.40000	 43.82000	 40.32519	 43.82000
 96.60000	 43.48000	 40.05161	 43.48000
 96.80000	 43.20000	 39.90662	 43.20000
 97.00000	 43.03000	 39.97269	 43.03000
 97.20000	 43.04000	 40.36485	 43.04000
 97.40000	 43.16000	 40.95618	 43.16000
 97.60000	 43.38000	 41.72151	 43.38000
 97.80000	 43.70000	 42.65231	 43.70000
 98.00000	 44.17000	 43.82524	 44.17000
 98.20000	 44.77000	 45.19628	 44.77000
 98.40000	 45.44000	 46.65257	 45.44000
 98.60000	 46.15000	 48.13340	 46.15000
 98.80000	 46.86000	 49.56222	 46.86000
 99.00000	 47.54000	 50.88146	 47.54000
 99.20000	 48.19000	 52.08698	 48.19000
 99.40000	 48.80000	 53.15941	 48.80000
 99.60000	 49.35000	 54.06405	 49.35000
 99.80000	 49.85000	 54.81929	 49.85000
100.00000	 50.25000	 55.34231	 50.25000
100.20000	 50.55000	 55.63773	 50.55000
100.40000	 50.72000	 55.66048	 50.72000
100.60000	 50.62000	 55.17916	 50.62000
100.80000	 50.36000	 54.39372	 50.36000
101.00000	 49.99000	 53.40268	 49.99000
101.20000	 49.56000	 52.30460	 49.56000
101.40000	 49.11000	 51.17992	 49.11000
101.60000	 48.69000	 50.12457	 48.69000
101.80000	 48.27000	 49.09529	 48.27000
102.00000	 47.85000	 48.09858	 47.85000
102.20000	 47.43000	 47.13953	 47.43000
102.40000	 47.06000	 46.30755	 47.06000
102.60000	 46.75000	 45.62168	 46.75000
102.80000	 46.46000	 45.01367	 46.46000
103.00000	 46.18000	 44.46570	 46.18000
103.20000	 45.90000	 43.95944	 45.90000
103.40000	 45.61000	 43.47629	 45.61000
103.60000	 45.21000	 42.84367	 45.21000
103.80000	 44.80000	 42.23276	 44.80000
104.00000	 44.41000	 41.69473	 44.41000
104.20000	 44.06000	 41.26288	 44.06000
104.40000	 43.77000	 40.96959	 43.77000
104.60000	 43.57000	 40.86317	 43.57000
104.80000	 43.46000	 40.93922	 43.46000
105.00000	 43.46000	 41.22639	 43.46000
105.20000	 43.58000	 41.73495	 43.58000
105.40000	 43.85000	 42.50826	 43.85000
105.60000	 44.41000	 43.77636	 44.41000
105.80000	 45.08000	 45.21864	 45.08000
106.00000	 45.81000	 46.73707	 45.81000
106.20000	 46.58000	 48.28618	 46.58000
106.40000	 47.29000	 49.68523	 47.29000
106.60000	 47.97000	 50.97884	 47.97000
106.80000	 48.63000	 52.17961	 48.63000
107.00000	 49.28000	 53.30187	 49.28000
107.20000	 49.93000	 54.36119	 49.93000
107.40000	 50.55000	 55.30571	 50.55000
107.60000	 51.11000	 56.08487	 51.11000
107.80000	 51.60000	 56.68388	 51.60000
108.00000	 51.98000	 57.03819	 51.98000
108.20000	 52.25000	 57.15353	 52.25000
108.40000	 52.40000	 57.02006	 52.40000
108.60000	 52.43000	 56.64642	 52.43000
108.80000	 52.26000	 55.90552	 52.26000
109.00000	 51.89000	 54.80924	 51.89000
109.20000	 51.43000	 53.55924	 51.43000
109.40000	 50.92000	 52.23687	 50.92000
109.60000	 50.38000	 50.88795	 50.38000
109.80000	 49.98000	 49.81322	 49.98000
110.00000	 49.61000	 48.83021	 49.61000
110.20000	 49.27000	 47.94275	 49.27000
110.40000	 48.94000	 47.11882	 48.94000
110.60000	 48.64000	 46.39381	 48.64000
110.80000	 48.39000	 45.80186	 48.39000
111.00000	 48.16000	 45.29025	 48.16000
111.20000	 47.94000	 44.83983	 47.94000
111.40000	 47.72000	 44.43110	 47.72000
111.60000	 47.48000	 44.02739	 47.48000
111.80000	 47.09000	 43.40422	 47.09000
112.00000	 46.61000	 42.66450	 46.61000
112.20000	 46.19000	 42.06615	 46.19000
112.40000	 45.90000	 41.72857	 45.90000
112.60000	 45.77000	 41.70020	 45.77000
112.80000	 46.13000	 42.53981	 46.13000
113.00000	 46.67000	 43.70392	 46.67000
113.20000	 47.36000	 45.12670	 47.36000
113.40000	 48.15000	 46.70786	 48.15000
113.60000	 49.05000	 48.45047	 49.05000
113.80000	 49.99000	 50.22142	 49.99000
114.00000	 50.91000	 51.90660	 50.91000
114.20000	 51.76000	 53.41171	 51.76000
114.40000	 52.42000	 54.52601	 52.42000
114.60000	 52.87000	 55.21460	 52.87000
114.80000	 53.18000	 55.60092	 53.18000
115.00000	 53.36000	 55.70831	 53.36000
115.20000	 53.39000	 55.51065	 53.39000
115.40000	 53.27000	 55.01786	 53.27000
115.60000	 53.04000	 54.30967	 53.04000
115.80000	 52.74000	 53.46620	 52.74000
116.00000	 52.38000	 52.51579	 52.38000
116.20000	 52.05000	 51.62289	 52.05000
116.40000	 51.75000	 50.79577	 51.75000
116.60000	 51.44000	 49.97236	 51.44000
116.80000	 51.11000	 49.14079	 51.11000
117.00000	 50.76000	 48.30555	 50.76000
117.20000	 50.40000	 47.48750	 50.40000
117.40000	 50.01000	 46.65541	 50.01000
117.60000	 49.61000	 45.84609	 49.61000
117.80000	 49.18000	 45.02723	 49.18000
118.00000	 48.73000	 44.21762	 48.73000
118.20000	 48.26000	 43.41850	 48.26000
118.40000	 47.61000	 42.35716	 47.61000
118.60000	 46.94000	 41.31056	 46.94000
118.80000	 46.32000	 40.40099	 46.32000
119.00000	 45.78000	 39.68054	 45.78000
119.20000	 45.37000	 39.23339	 45.37000
119.40000	 45.29000	 39.39771	 45.29000
119.60000	 45.40000	 39.92467	 45.40000
119.80000	 45.62000	 40.66586	 45.62000
120.00000	 45.94000	 41.59227	 45.94000
120.20000	 46.30000	 42.58939	 46.30000
120.40000	 46.68000	 43.61228	 46.68000
120.60000	 47.09000	 44.66877	 47.09000
120.80000	 47.54000	 45.76783	 47.54000
121.00000	 48.00000	 46.85089	 48.00000
121.20000	 48.54000	 48.03178	 48.54000
121.40000	 49.06000	 49.13356	 49.06000
121.60000	 49.53000	 50.10081	 49.53000
121.80000	 49.92000	 50.88013	 49.92000
122.00000	 50.07000	 51.19809	 50.07000
122.20000	 50.07000	 51.21340	 50.07000
122.40000	 49.98000	 51.03577	 49.98000
122.60000	 49.80000	 50.67317	 49.80000
122.80000	 49.59000	 50.23679	 49.59000
123.00000	 49.36000	 49.75171	 49.36000
123.20000	 49.10000	 49.20807	 49.10000
123.40000	 48.83000	 48.64673	 48.83000
123.60000	 48.55000	 48.07350	 48.55000
123.80000	 48.29000	 47.54469	 48.29000
124.00000	 48.12000	 47.18375	 48.12000
124.20000	 47.94000	 46.82115	 47.94000
124.40000	 47.77000	 46.49233	 47.77000
124.60000	 47.57000	 46.12957	 47.57000
124.80000	 47.35000	 45.75087	 47.35000
125.00000	 47.04000	 45.23742	 47.04000
125.20000	 46.69000	 44.67680	 46.69000
125.40000	 46.31000	 44.08830	 46.31000
125.60000	 45.91000	 43.49114	 45.91000
125.80000	 45.50000	 42.90424	 45.50000
126.00000	 45.03000	 42.24350	 45.03000
126.20000	 44.53000	 41.56211	 44.53000
126.40000	 44.08000	 40.99864	 44.08000
126.60000	 43.72000	 40.62177	 43.72000
126.80000	 43.47000	 40.46403	 43.47000
127.00000	 43.52000	 40.84672	 43.52000
127.20000	 43.79000	 41.62456	 43.79000
127.40000	 44.16000	 42.58125	 44.16000
127.60000	 44.59000	 43.63723	 44.59000
127.80000	 45.05000	 44.73085	 45.05000
128.00000	 45.44000	 45.68200	 45.44000
128.20000	 45.83000	 46.60419	 45.83000
128.40000	 46.22000	 47.49251	 46.22000
128.60000	 46.58000	 48.29190	 46.58000
128.80000	 46.92000	 49.01723	 46.92000
129.00000	 47.23000	 49.65030	 47.23000
129.20000	 47.50000	 50.17404	 47.50000
129.40000	 47.73000	 50.58963	 47.73000
129.60000	 47.91000	 50.88207	 47.91000
129.80000	 48.03000	 51.03731	 48.03000
130.00000	 48.10000	 51.07641	 48.10000
130.20000	 48.12000	 51.00392	 48.12000
130.40000	 48.08000	 50.80768	 48.08000
130.60000	 47.93000	 50.40764	 47.93000
130.80000	 47.73000	 49.91303	 47.73000
131.00000	 47.49000	 49.34747	 47.49000
131.20000	 47.21000	 48.71719	 47.21000
131.40000	 46.91000	 48.06225	 46.91000
131.60000	 46.67000	 47.52464	 46.67000
131.80000	 46.43000	 47.00495	 46.43000
132.00000	 46.16000	 46.45433	 46.16000
132.20000	 45.85000	 45.85806	 45.85000
132.40000	 45.51000	 45.23567	 45.51000
132.60000	 44.98000	 44.31582	 44.98000
132.80000	 44.31000	 43.18886	 44.31000
133.00000	 43.66000	 42.13453	 43.66000
133.20000	 43.07000	 41.22561	 43.07000
133.40000	 42.59000	 40.54981	 42.59000
133.60000	 42.35000	 40.32890	 42.35000
133.80000	 42.44000	 40.71178	 42.44000
134.00000	 42.68000	 41.38032	 42.68000
134.20000	 43.03000	 42.25457	 43.03000
134.40000	 43.49000	 43.32271	 43.49000
134.60000	 44.07000	 44.58998	 44.07000
134.80000	 44.72000	 45.95889	 44.72000
135.00000	 45.38000	 47.31574	 45.38000
135.20000	 46.02000	 48.60006	 46.02000
135.40000	 46.57000	 49.68518	 46.57000
135.60000	 46.94000	 50.41334	 46.94000
135.80000	 47.21000	 50.92176	 47.21000
136.00000	 47.38000	 51.21300	 47.38000
136.20000	 47.44000	 51.27435	 47.44000
136.40000	 47.34000	 51.02633	 47.34000
136.60000	 47.11000	 50.52845	 47.11000
136.80000	 46.81000	 49.89275	 46.81000
137.00000	 46.45000	 49.14567	 46.45000
137.20000	 46.06000	 48.34748	 46.06000
137.40000	 45.74000	 47.67728	 45.74000
137.60000	 45.43000	 47.03796	 45.43000
137.80000	 45.10000	 46.38255	 45.10000
138.00000	 44.77000	 45.74903	 44.77000
138.20000	 44.42000	 45.10613	 44.42000
138.40000	 44.02000	 44.40508	 44.02000
138.60000	 43.53000	 43.58018	 43.53000
138.80000	 43.06000	 42.82301	 43.06000
139.00000	 42.64000	 42.18707	 42.64000
139.20000	 42.29000	 41.70717	 42.29000
139.40000	 42.03000	 41.41643	 42.03000
139.60000	 41.97000	 41.50013	 41.97000
139.80000	 42.04000	 41.83240	 42.04000
140.00000	 42.22000	 42.37134	 42.22000
140.20000	 42.52000	 43.12550	 42.52000
140.40000	 42.96000	 44.11971	 42.96000
140.60000	 43.65000	 45.53179	 43.65000
140.80000	 44.40000	 47.02401	 44.40000
141.00000	 45.15000	 48.48221	 45.15000
141.20000	 45.86000	 49.82860	 45.86000
141.40000	 46.35000	 50.74866	 46.35000
141.60000	 46.68000	 51.34363	 46.68000
141.80000	 46.93000	 51.75249	 46.93000
142.00000	 47.10000	 51.97896	 47.10000
142.20000	 47.20000	 52.04514	 47.20000
142.40000	 47.27000	 52.02532	 47.27000
142.60000	 47.28000	 51.87402	 47.28000
142.80000	 47.23000	 51.59749	 47.23000
143.00000	 47.14000	 51.23647	 47.14000
143.20000	 46.99000	 50.76314	 46.99000
143.40000	 46.79000	 50.20108	 46.79000
143.60000	 46.54000	 49.55666	 46.54000
143.80000	 46.25000	 48.85314	 46.25000
144.00000	 45.91000	 48.07921	 45.91000
144.20000	 45.54000	 47.27461	 45.54000
144.40000	 45.07000	 46.32458	 45.07000
144.60000	 44.47000	 45.18343	 44.47000
144.80000	 43.87000	 44.08005	 43.87000
145.00000	 43.31000	 43.08797	 43.31000
145.20000	 42.83000	 42.27875	 42.83000
145.40000	 42.45000	 41.68738	 42.45000
145.60000	 42.36000	 41.63722	 42.36000
145.80000	 42.45000	 41.93339	 42.45000
146.00000	 42.67000	 42.48119	 42.67000
146.20000	 43.01000	 43.25324	 43.01000
146.40000	 43.47000	 44.23863	 43.47000
146.60000	 44.11000	 45.52863	 44.11000
146.80000	 44.84000	 46.95675	 44.84000
147.00000	 45.60000	 48.40845	 45.60000
147.20000	 46.37000	 49.83925	 46.37000
147.40000	 47.07000	 51.10395	 47.07000
147.60000	 47.60000	 52.02618	 47.60000
147.80000	 48.08000	 52.81011	 48.08000
148.00000	 48.50000	 53.43919	 48.50000
148.20000	 48.85000	 53.89840	 48.85000
148.40000	 49.16000	 54.24254	 49.16000
148.60000	 49.41000	 54.44155	 49.41000
148.80000	 49.61000	 54.51751	 49.61000
149.00000	 49.75000	 54.45878	 49.75000
149.20000	 49.84000	 54.28846	 49.84000
149.40000	 49.68000	 53.67068	 49.68000
149.60000	 49.41000	 52.85457	 49.41000
149.80000	 49.20000	 52.14098	 49.20000
150.00000	 49.11000	 51.64004	 49.11000
150.20000	 49.21000	 51.47566	 49.21000
150.40000	 50.65000	 53.61464	 50.65000
150.60000	 52.70000	 56.78576	 52.70000
150.80000	 54.26000	 59.07840	 54.26000
151.00000	 54.91000	 59.75826	 54.91000
151.20000	 53.87000	 57.49409	 53.87000
151.40000	 49.88000	 50.16280	 49.88000
151.60000	 45.40000	 42.04843	 45.40000
151.80000	 41.56000	 35.15617	 41.56000
152.00000	 40.75000	 33.62211	 40.75000
152.20000	 41.05000	 34.15043	 41.05000
152.40000	 42.20000	 36.26529	 42.20000
152.60000	 43.92000	 39.44561	 43.92000
152.80000	 45.96000	 43.21758	 45.96000
153.00000	 47.97000	 46.93771	 47.97000
153.20000	 48.74000	 48.49944	 48.74000
153.40000	 49.45000	 49.91084	 49.45000
153.60000	 50.07000	 51.11384	 50.07000
153.80000	 50.62000	 52.13909	 50.62000
154.00000	 51.06000	 52.91704	 51.06000
154.20000	 51.37000	 53.41504	 51.37000
154.40000	 51.63000	 53.77408	 51.63000
154.60000	 51.83000	 53.98200	 51.83000
154.80000	 52.00000	 54.09585	 52.00000
155.00000	 52.24000	 54.29244	 52.24000
155.20000	 52.50000	 54.49039	 52.50000
155.40000	 52.71000	 54.57347	 52.71000
155.60000	 52.88000	 54.56290	 52.88000
155.80000	 52.98000	 54.41180	 52.98000
156.00000	 52.86000	 53.86881	 52.86000
156.20000	 52.60000	 53.07899	 52.60000
156.40000	 52.32000	 52.25700	 52.32000
156.60000	 52.06000	 51.47948	 52.06000
156.80000	 51.85000	 50.80425	 51.85000
157.00000	 51.91000	 50.61197	 51.91000
157.20000	 52.07000	 50.61080	 52.07000
157.40000	 52.27000	 50.69528	 52.27000
157.60000	 52.50000	 50.84504	 52.50000
157.80000	 52.73000	 51.00533	 52.73000
158.00000	 52.95000	 51.15606	 52.95000
158.20000	 53.13000	 51.24348	 53.13000
158.40000	 53.26000	 51.24905	 53.26000
158.60000	 53.29000	 51.08688	 53.29000
158.80000	 53.12000	 50.58729	 53.12000
159.00000	 52.86000	 49.94289	 52.86000
159.20000	 52.54000	 49.21018	 52.54000
159.40000	 52.17000	 48.41152	 52.17000
159.60000	 51.80000	 47.63748	 51.80000
159.80000	 51.44000	 46.90915	 51.44000
160.00000	 51.05000	 46.16100	 51.05000
160.20000	 50.66000	 45.44690	 50.66000
160.40000	 50.26000	 44.75155	 50.26000
160.60000	 49.85000	 44.07624	 49.85000
160.80000	 49.45000	 43.45602	 49.45000
161.00000	 49.04000	 42.85679	 49.04000
161.20000	 48.62000	 42.27841	 48.62000
161.40000	 48.21000	 41.75469	 48.21000
161.60000	 47.79000	 41.25054	 47.79000
161.80000	 47.20000	 40.49133	 47.20000
162.00000	 46.65000	 39.83785	 46.65000
162.20000	 46.20000	 39.39301	 46.20000
162.40000	 45.87000	 39.18915	 45.87000
162.60000	 45.74000	 39.35907	 45.74000
162.80000	 46.07000	 40.34024	 46.07000
163.00000	 46.54000	 41.57131	 46.54000
163.20000	 47.13000	 43.00366	 47.13000
163.40000	 47.78000	 44.52056	 47.78000
163.60000	 48.47000	 46.07507	 48.47000
163.80000	 49.15000	 47.57065	 49.15000
164.00000	 49.77000	 48.91310	 49.77000
164.20000	 50.29000	 50.02830	 50.29000
164.40000	 50.56000	 50.65725	 50.56000
164.60000	 50.56000	 50.76854	 50.56000
164.80000	 50.44000	 50.62631	 50.44000
165.00000	 50.24000	 50.30792	 50.24000
165.20000	 50.00000	 49.89115	 50.00000
165.40000	 49.81000	 49.53880	 49.81000
165.60000	 49.60000	 49.13803	 49.60000
165.80000	 49.37000	 48.69514	 49.37000
166.00000	 49.14000	 48.25005	 49.14000
166.20000	 48.91000	 47.80760	 48.91000
166.40000	 48.69000	 47.38894	 48.69000
166.60000	 48.47000	 46.98014	 48.47000
166.80000	 48.24000	 46.56665	 48.24000
167.00000	 48.01000	 46.16776	 48.01000
167.20000	 47.72000	 45.68254	 47.72000
167.40000	 47.32000	 45.02775	 47.32000
167.60000	 46.96000	 44.46346	 46.96000
167.80000	 46.66000	 44.02597	 46.66000
168.00000	 46.47000	 43.80123	 46.47000
168.20000	 46.56000	 44.07821	 46.56000
168.40000	 46.87000	 44.74779	 46.87000
168.60000	 47.28000	 45.59533	 47.28000
168.80000	 47.74000	 46.52561	 47.74000
169.00000	 48.21000	 47.46125	 48.21000
169.20000	 48.66000	 48.34330	 48.66000
169.40000	 49.06000	 49.11461	 49.06000
169.60000	 49.37000	 49.70297	 49.37000
169.80000	 49.56000	 50.05572	 49.56000
170.00000	 49.40000	 49.78080	 49.40000
170.20000	 49.08000	 49.21047	 49.08000
170.40000	 48.67000	 48.47359	 48.67000
170.60000	 48.20000	 47.63084	 48.20000
170.80000	 47.75000	 46.82801	 47.75000
171.00000	 47.35000	 46.12352	 47.35000
171.20000	 46.96000	 45.45400	 46.96000
171.40000	 46.56000	 44.78911	 46.56000
171.60000	 46.18000	 44.18332	 46.18000
171.80000	 45.81000	 43.62160	 45.81000
172.00000	 45.47000	 43.13941	 45.47000
172.20000	 45.14000	 42.70279	 45.14000
172.40000	 44.84000	 42.34567	 44.84000
172.60000	 44.54000	 42.01567	 44.54000
172.80000	 44.27000	 41.76290	 44.27000
173.00000	 43.88000	 41.32905	 43.88000
173.20000	 43.51000	 40.95378	 43.51000
173.40000	 43.23000	 40.75642	 43.23000
173.60000	 43.08000	 40.80322	 43.08000
173.80000	 43.12000	 41.19256	 43.12000
174.00000	 43.63000	 42.39623	 43.63000
174.20000	 44.40000	 44.04107	 44.40000
174.40000	 45.28000	 45.85435	 45.28000
174.60000	 46.20000	 47.70104	 46.20000
174.80000	 47.08000	 49.43114	 47.08000
175.00000	 47.82000	 50.86374	 47.82000
175.20000	 48.47000	 52.07905	 48.47000
175.40000	 49.00000	 53.02354	 49.00000
175.60000	 49.35000	 53.59550	 49.35000
175.80000	 49.31000	 53.44035	 49.31000
176.00000	 49.12000	 52.97967	 49.12000
176.20000	 48.83000	 52.31143	 48.83000
176.40000	 48.47000	 51.49957	 48.47000
176.60000	 48.19000	 50.81269	 48.19000
176.80000	 48.08000	 50.41366	 48.08000
177.00000	 47.98000	 50.03351	 47.98000
177.20000	 47.86000	 49.62470	 47.86000
177.40000	 47.71000	 49.17354	 47.71000
177.60000	 47.52000	 48.66623	 47.52000
177.80000	 47.03000	 47.66148	 47.03000
178.00000	 46.50000	 46.61165	 46.50000
178.20000	 45.99000	 45.62629	 45.99000
178.40000	 45.55000	 44.79609	 45.55000
178.60000	 45.22000	 44.19222	 45.22000
178.80000	 45.28000	 44.29353	 45.28000
179.00000	 45.52000	 44.73385	 45.52000
179.20000	 45.85000	 45.34994	 45.85000
179.40000	 46.25000	 46.09793	 46.25000
179.60000	 46.68000	 46.89996	 46.68000
179.80000	 47.08000	 47.64493	 47.08000
180.00000	 47.48000	 48.37755	 47.48000
180.20000	 47.86000	 49.05820	 47.86000
180.40000	 48.19000	 49.63157	 48.19000
180.60000	 48.40000	 49.97567	 48.40000
180.80000	 48.53000	 50.15927	 48.53000
181.00000	 48.61000	 50.23564	 48.61000
181.20000	 48.66000	 50.24171	 48.66000
181.40000	 48.68000	 50.18050	 48.68000
181.60000	 48.73000	 50.15788	 48.73000
181.80000	 48.76000	 50.09067	 48.76000
182.00000	 48.75000	 49.94713	 48.75000
182.20000	 48.69000	 49.71297	 48.69000
182.40000	 48.54000	 49.32308	 48.54000
182.60000	 48.21000	 48.62787	 48.21000
182.80000	 47.87000	 47.92474	 47.87000
183.00000	 47.55000	 47.27070	 47.55000
183.20000	 47.30000	 46.75553	 47.30000
183.40000	 47.21000	 46.53536	 47.21000
183.60000	 47.29000	 46.62618	 47.29000
183.80000	 47.50000	 46.95553	 47.50000
184.00000	 47.83000	 47.50050	 47.83000
184.20000	 48.32000	 48.32243	 48.32000
184.40000	 49.07000	 49.58364	 49.07000
184.60000	 49.90000	 50.96458	 49.90000
184.80000	 50.73000	 52.31743	 50.73000
185.00000	 51.50000	 53.53059	 51.50000
185.20000	 52.02000	 54.27301	 52.02000
185.40000	 52.44000	 54.80080	 52.44000
185.60000	 52.75000	 55.09868	 52.75000
185.80000	 52.96000	 55.18765	 52.96000
186.00000	 53.00000	 54.95339	 53.00000
186.20000	 52.96000	 54.55761	 52.96000
186.40000	 52.84000	 54.00854	 52.84000
186.60000	 52.68000	 53.38303	 52.68000
186.80000	 52.53000	 52.77448	 52.53000
187.00000	 52.41000	 52.22358	 52.41000
187.20000	 52.27000	 51.64969	 52.27000
187.40000	 52.09000	 51.02294	 52.09000
187.60000	 51.87000	 50.34748	 51.87000
187.80000	 51.46000	 49.37075	 51.46000
188.00000	 50.98000	 48.30427	 50.98000
188.20000	 50.54000	 47.34233	 50.54000
188.40000	 50.20000	 46.59166	 50.20000
188.60000	 50.05000	 46.20748	 50.05000
188.80000	 50.34000	 46.61473	 50.34000
189.00000	 50.77000	 47.29026	 50.77000
189.20000	 51.29000	 48.13733	 51.29000
189.40000	 51.85000	 49.05926	 51.85000
189.60000	 52.40000	 49.96037	 52.40000
189.80000	 52.91000	 50.78100	 52.91000
190.00000	 53.34000	 51.44652	 53.34000
190.20000	 53.65000	 51.88486	 53.65000
190.40000	 53.67000	 51.80450	 53.67000
190.60000	 53.46000	 51.31258	 53.46000
190.80000	 53.14000	 50.62223	 53.14000
191.00000	 52.74000	 49.79343	 52.74000
191.20000	 52.35000	 48.98878	 52.35000
191.40000	 52.04000	 48.33505	 52.04000
191.60000	 51.71000	 47.66565	 51.71000
191.80000	 51.35000	 46.96735	 51.35000
192.00000	 50.96000	 46.24366	 50.96000
192.20000	 50.43000	 45.30967	 50.43000
192.40000	 49.81000	 44.25563	 49.81000
192.60000	 49.21000	 43.27480	 49.21000
192.80000	 48.68000	 42.45627	 48.68000
193.00000	 48.27000	 41.88687	 48.27000
193.20000	 48.19000	 41.92433	 48.19000
193.40000	 48.28000	 42.28776	 48.28000
193.60000	 48.50000	 42.89932	 48.50000
193.80000	 48.82000	 43.69727	 48.82000
194.00000	 49.27000	 44.72226	 49.27000
194.20000	 49.82000	 45.91173	 49.82000
194.40000	 50.38000	 47.10066	 50.38000
194.60000	 50.90000	 48.19423	 50.90000
194.80000	 51.26000	 48.98034	 51.26000
195.00000	 51.38000	 49.31950	 51.38000
195.20000	 51.41000	 49.47047	 51.41000
195.40000	 51.36000	 49.45414	 51.36000
195.60000	 51.27000	 49.34381	 51.27000
195.80000	 51.18000	 49.21299	 51.18000
196.00000	 51.06000	 49.01488	 51.06000
196.20000	 50.93000	 48.78818	 50.93000
196.40000	 50.79000	 48.53697	 50.79000
196.60000	 50.67000	 48.31624	 50.67000
196.80000	 50.59000	 48.16300	 50.59000
197.00000	 50.50000	 47.99343	 50.50000
197.20000	 50.39000	 47.79202	 50.39000
197.40000	 50.25000	 47.54332	 50.25000
197.60000	 49.97000	 47.06107	 49.97000
197.80000	 49.51000	 46.28076	 49.51000
198.00000	 49.07000	 45.55064	 49.07000
198.20000	 48.72000	 44.99514	 48.72000
198.40000	 48.51000	 44.70201	 48.51000
198.60000	 48.65000	 45.02958	 48.65000
198.80000	 49.05000	 45.81708	 49.05000
199.00000	 49.63000	 46.91732	 49.63000
199.20000	 50.40000	 48.33553	 50.40000
199.40000	 51.40000	 50.12696	 51.40000
199.60000	 52.59000	 52.20843	 52.59000
199.80000	 53.88000	 54.41071	 53.88000
200.00000	 55.20000	 56.60008	 55.20000
200.20000	 56.54000	 58.74781	 56.54000
200.40000	 57.84000	 60.74202	 57.84000
200.60000	 59.01000	 62.42260	 59.01000
200.80000	 59.99000	 63.68496	 59.99000
201.00000	 60.55000	 64.13837	 60.55000
201.20000	 60.68000	 63.77609	 60.68000
201.40000	 60.63000	 63.04260	 60.63000
201.60000	 60.43000	 62.00724	 60.43000
201.80000	 60.26000	 60.99609	 60.26000
202.00000	 60.19000	 60.14401	 60.19000
202.20000	 60.10000	 59.25698	 60.10000
202.40000	 59.98000	 58.32768	 59.98000
202.60000	 59.84000	 57.38185	 59.84000
202.80000	 59.66000	 56.39271	 59.66000
203.00000	 59.44000	 55.36693	 59.44000
203.20000	 59.19000	 54.32753	 59.19000
203.40000	 58.91000	 53.27961	 58.91000
203.60000	 58.61000	 52.24460	 58.61000
203.80000	 58.27000	 51.19175	 58.27000
204.00000	 57.85000	 50.05570	 57.85000
204.20000	 57.45000	 49.01078	 57.45000
204.40000	 57.09000	 48.09304	 57.09000
204.60000	 56.80000	 47.35398	 56.80000
204.80000	 56.69000	 46.98003	 56.69000
205.00000	 56.72000	 46.89769	 56.72000
205.20000	 56.81000	 46.96287	 56.81000
205.40000	 56.94000	 47.13373	 56.94000
205.60000	 57.10000	 47.38564	 57.10000
205.80000	 57.30000	 47.72850	 57.30000
206.00000	 57.43000	 47.96724	 57.43000
206.20000	 57.46000	 48.04568	 57.46000
206.40000	 57.29000	 47.79031	 57.29000
206.60000	 56.66000	 46.75772	 56.66000
206.80000	 55.89000	 45.50389	 55.89000
207.00000	 55.03000	 44.12390	 55.03000
207.20000	 54.13000	 42.71254	 54.13000
207.40000	 53.45000	 41.72251	 53.45000
207.60000	 52.85000	 40.91696	 52.85000
207.80000	 52.29000	 40.22774	 52.29000
208.00000	 51.75000	 39.61967	 51.75000
208.20000	 51.23000	 39.09105	 51.23000
208.40000	 50.70000	 38.58829	 50.70000
208.60000	 50.17000	 38.12629	 50.17000
208.80000	 49.64000	 37.70272	 49.64000
209.00000	 49.11000	 37.31521	 49.11000
209.20000	 48.58000	 36.96134	 48.58000
209.40000	 48.01000	 36.57033	 48.01000
209.60000	 47.33000	 36.02077	 47.33000
209.80000	 46.68000	 35.55222	 46.68000
210.00000	 46.09000	 35.21525	 46.09000
210.20000	 45.59000	 35.05921	 45.59000
210.40000	 45.21000	 35.13191	 45.21000
210.60000	 45.14000	 35.75303	 45.14000
210.80000	 45.19000	 36.58775	 45.19000
211.00000	 45.36000	 37.62559	 45.36000
211.20000	 45.63000	 38.82150	 45.63000
211.40000	 46.00000	 40.16479	 46.00000
211.60000	 46.47000	 41.64500	 46.47000
211.80000	 46.98000	 43.14940	 46.98000
212.00000	 47.50000	 44.61797	 47.50000
212.20000	 48.02000	 46.02667	 48.02000
212.40000	 48.48000	 47.26773	 48.48000
212.60000	 48.88000	 48.33853	 48.88000
212.80000	 49.21000	 49.22156	 49.21000
213.00000	 49.43000	 49.84999	 49.43000
213.20000	 49.44000	 50.05676	 49.44000
213.40000	 49.25000	 49.86659	 49.25000
213.60000	 48.98000	 49.49509	 48.98000
213.80000	 48.67000	 49.02131	 48.67000
214.00000	 48.34000	 48.48946	 48.34000
214.20000	 48.21000	 48.28481	 48.21000
214.40000	 48.12000	 48.13809	 48.12000
214.60000	 48.04000	 48.00111	 48.04000
214.80000	 47.97000	 47.87640	 47.97000
215.00000	 47.90000	 47.74887	 47.90000
215.20000	 47.78000	 47.53475	 47.78000
215.40000	 47.62000	 47.25344	 47.62000
215.60000	 47.44000	 46.94178	 47.44000
215.80000	 47.25000	 46.61936	 47.25000
216.00000	 47.03000	 46.25420	 47.03000
216.20000	 46.79000	 45.86568	 46.79000
216.40000	 46.45000	 45.31912	 46.45000
216.60000	 46.11000	 44.78890	 46.11000
216.80000	 45.81000	 44.34608	 45.81000
217.00000	 45.57000	 44.02619	 45.57000
217.20000	 45.41000	 43.86332	 45.41000
217.40000	 45.45000	 44.06100	 45.45000
217.60000	 45.59000	 44.44316	 45.59000
217.80000	 45.83000	 45.00372	 45.83000
218.00000	 46.16000	 45.71865	 46.16000
218.20000	 46.62000	 46.64898	 46.62000
218.40000	 47.23000	 47.82058	 47.23000
218.60000	 47.90000	 49.07011	 47.90000
218.80000	 48.60000	 50.33759	 48.60000
219.00000	 49.31000	 51.58137	 49.31000
219.20000	 49.98000	 52.70995	 49.98000
219.40000	 50.62000	 53.73659	 50.62000
219.60000	 51.20000	 54.60781	 51.20000
219.80000	 51.72000	 55.32339	 51.72000
220.00000	 52.14000	 55.81637	 52.14000
220.20000	 52.46000	 56.09022	 52.46000
220.40000	 52.68000	 56.15012	 52.68000
220.60000	 52.80000	 56.00259	 52.80000
220.80000	 52.80000	 55.62104	 52.80000
221.00000	 52.64000	 54.94586	 52.64000
221.20000	 52.40000	 54.12417	 52.40000
221.40000	 52.08000	 53.16618	 52.08000
221.60000	 51.71000	 52.13310	 51.71000
221.80000	 51.32000	 51.08534	 51.32000
222.00000	 50.93000	 50.06490	 50.93000
222.20000	 50.51000	 49.02671	 50.51000
222.40000	 50.08000	 48.01041	 50.08000
222.60000	 49.64000	 47.02026	 49.64000
222.80000	 49.23000	 46.12800	 49.23000
223.00000	 48.84000	 45.31826	 48.84000
223.20000	 48.45000	 44.55746	 48.45000
223.40000	 48.06000	 43.84555	 48.06000
223.60000	 47.66000	 43.16487	 47.66000
223.80000	 47.21000	 42.44616	 47.21000
224.00000	 46.65000	 41.58643	 46.65000
224.20000	 46.13000	 40.84322	 46.13000
224.40000	 45.66000	 40.23330	 45.66000
224.60000	 45.29000	 39.84048	 45.29000
224.80000	 45.09000	 39.78086	 45.09000
225.00000	 45.21000	 40.30451	 45.21000
225.20000	 45.44000	 41.04106	 45.44000
225.40000	 45.77000	 41.96176	 45.77000
225.60000	 46.17000	 43.00365	 46.17000
225.80000	 46.61000	 44.10442	 46.61000
226.00000	 47.07000	 45.22001	 47.07000
226.20000	 47.53000	 46.30777	 47.53000
226.40000	 47.99000	 47.36093	 47.99000
226.60000	 48.43000	 48.33995	 48.43000
226.80000	 48.82000	 49.18981	 48.82000
227.00000	 49.15000	 49.89163	 49.15000
227.20000	 49.43000	 50.46254	 49.43000
227.40000	 49.63000	 50.85260	 49.63000
227.60000	 49.70000	 50.97933	 49.70000
227.80000	 49.62000	 50.81371	 49.62000
228.00000	 49.46000	 50.48281	 49.46000
228.20000	 49.26000	 50.06288	 49.26000
228.40000	 49.01000	 49.54436	 49.01000
228.60000	 48.79000	 49.07139	 48.79000
228.80000	 48.60000	 48.64970	 48.60000
229.00000	 48.39000	 48.19811	 48.39000
229.20000	 48.17000	 47.73763	 48.17000
229.40000	 47.93000	 47.25457	 47.93000
229.60000	 47.66000	 46.73488	 47.66000
229.80000	 47.27000	 46.02758	 47.27000
230.00000	 46.89000	 45.35930	 46.89000
230.20000	 46.54000	 44.76747	 46.54000
230.40000	 46.23000	 44.27112	 46.23000
230.60000	 45.99000	 43.92218	 45.99000
230.80000	 45.88000	 43.82230	 45.88000
231.00000	 45.87000	 43.91685	 45.87000
231.20000	 45.97000	 44.21817	 45.97000
231.40000	 46.19000	 44.73726	 46.19000
231.60000	 46.54000	 45.48391	 46.54000
231.80000	 47.14000	 46.65489	 47.14000
232.00000	 47.82000	 47.94815	 47.82000
232.20000	 48.56000	 49.31874	 48.56000
232.40000	 49.33000	 50.70557	 49.33000
232.60000	 50.10000	 52.04895	 50.10000
232.80000	 50.83000	 53.27393	 50.83000
233.00000	 51.49000	 54.32490	 51.49000
233.20000	 52.05000	 55.14873	 52.05000
233.40000	 52.39000	 55.54101	 52.39000
233.60000	 52.56000	 55.59229	 52.56000
233.80000	 52.61000	 55.39575	 52.61000
234.00000	 52.54000	 54.96039	 52.54000
234.20000	 52.34000	 54.27912	 52.34000
234.40000	 52.03000	 53.39703	 52.03000
234.60000	 51.65000	 52.39372	 51.65000
234.80000	 51.23000	 51.33113	 51.23000
235.00000	 50.79000	 50.25300	 50.79000
235.20000	 50.47000	 49.40690	 50.47000
235.40000	 50.20000	 48.67767	 50.20000
235.60000	 49.95000	 48.01661	 49.95000
235.80000	 49.70000	 47.39102	 49.70000
236.00000	 49.45000	 46.80175	 49.45000
236.20000	 49.17000	 46.19781	 49.17000
236.40000	 48.77000	 45.42569	 48.77000
236.60000	 48.37000	 44.69253	 48.37000
236.80000	 48.01000	 44.06796	 48.01000
237.00000	 47.70000	 43.56897	 47.70000
237.20000	 47.46000	 43.22837	 47.46000
237.40000	 47.36000	 43.16310	 47.36000
237.60000	 47.36000	 43.29959	 47.36000
237.80000	 47.47000	 43.64860	 47.47000
238.00000	 47.69000	 44.20260	 47.69000
238.20000	 48.06000	 45.02162	 48.06000
238.40000	 48.62000	 46.16434	 48.62000
238.60000	 49.27000	 47.44834	 49.27000
238.80000	 49.99000	 48.82841	 49.99000
239.00000	 50.75000	 50.24307	 50.75000
239.20000	 51.54000	 51.66632	 51.54000
239.40000	 52.33000	 53.03931	 52.33000
239.60000	 53.08000	 54.28787	 53.08000
239.80000	 53.78000	 55.39133	 53.78000
240.00000	 54.40000	 56.29690	 54.40000
240.20000	 54.91000	 56.95405	 54.91000
240.40000	 55.28000	 57.31469	 55.28000
240.60000	 55.47000	 57.31614	 55.47000
240.80000	 55.31000	 56.67614	 55.31000
241.00000	 54.84000	 55.47665	 54.84000
241.20000	 54.24000	 54.04252	 54.24000
241.40000	 53.56000	 52.47597	 53.56000
241.60000	 52.87000	 50.91207	 52.87000
241.80000	 52.51000	 49.94517	 52.51000
242.00000	 52.18000	 49.06710	 52.18000
242.20000	 51.89000	 48.29815	 51.89000
242.40000	 51.63000	 47.62276	 51.63000
242.60000	 51.37000	 46.98994	 51.37000
242.80000	 51.07000	 46.33109	 51.07000
243.00000	 50.73000	 45.64624	 50.73000
243.20000	 50.38000	 44.98696	 50.38000
243.40000	 50.02000	 44.35314	 50.02000
243.60000	 49.66000	 43.76150	 49.66000
243.80000	 49.26000	 43.14286	 49.26000
244.00000	 48.75000	 42.37706	 48.75000
244.20000	 48.28000	 41.72168	 48.28000
244.40000	 47.88000	 41.22775	 47.88000
244.60000	 47.59000	 40.96181	 47.59000
244.80000	 47.50000	 41.07386	 47.50000
245.00000	 47.73000	 41.76203	 47.73000
245.20000	 48.10000	 42.70674	 48.10000
245.40000	 48.56000	 43.81003	 48.56000
245.60000	 49.10000	 45.04269	 49.10000
245.80000	 49.68000	 46.32486	 49.68000
246.00000	 50.28000	 47.61223	 50.28000
246.20000	 50.89000	 48.87913	 50.89000
246.40000	 51.48000	 50.06731	 51.48000
246.60000	 52.02000	 51.12046	 52.02000
246.80000	 52.50000	 52.01864	 52.50000
247.00000	 52.92000	 52.76109	 52.92000
247.20000	 53.24000	 53.28035	 53.24000
247.40000	 53.44000	 53.54531	 53.44000
247.60000	 53.49000	 53.50987	 53.49000
247.80000	 53.44000	 53.26694	 53.44000
248.00000	 53.30000	 52.84199	 53.30000
248.20000	 53.08000	 52.26099	 53.08000
248.40000	 52.76000	 51.49881	 52.76000
248.60000	 52.38000	 50.63329	 52.38000
248.80000	 51.97000	 49.72472	 51.97000
249.00000	 51.55000	 48.81529	 51.55000
249.20000	 51.16000	 47.98013	 51.16000
249.40000	 50.88000	 47.36092	 50.88000
249.60000	 50.61000	 46.78860	 50.61000
249.80000	 50.35000	 46.26429	 50.35000
250.00000	 50.08000	 45.75422	 50.08000
250.20000	 49.79000	 45.24148	 49.79000
250.40000	 49.37000	 44.53812	 49.37000
250.60000	 48.97000	 43.90265	 48.97000
250.80000	 48.59000	 43.33602	 48.59000
251.00000	 48.26000	 42.88964	 48.26000
251.20000	 48.03000	 42.64784	 48.03000
251.40000	 47.94000	 42.67597	 47.94000
251.60000	 47.95000	 42.90032	 47.95000
251.80000	 48.08000	 43.34865	 48.08000
252.00000	 48.32000	 43.99617	 48.32000
252.20000	 48.75000	 44.97123	 48.75000
252.40000	 49.37000	 46.26342	 49.37000
252.60000	 50.08000	 47.68981	 50.08000
252.80000	 50.83000	 49.15356	 50.83000
253.00000	 51.59000	 50.59346	 51.59000
253.20000	 52.33000	 51.95016	 52.33000
253.40000	 53.01000	 53.14937	 53.01000
253.60000	 53.61000	 54.15355	 53.61000
253.80000	 54.09000	 54.89349	 54.09000
254.00000	 54.32000	 55.14892	 54.32000
254.20000	 54.38000	 55.06325	 54.38000
254.40000	 54.32000	 54.73099	 54.32000
254.60000	 54.16000	 54.19646	 54.16000
254.80000	 53.91000	 53.48731	 53.91000
255.00000	 53.59000	 52.64839	 53.59000
255.20000	 53.21000	 51.70709	 53.21000
255.40000	 52.80000	 50.72438	 52.80000
255.60000	 52.37000	 49.72591	 52.37000
255.80000	 52.00000	 48.85583	 52.00000
256.00000	 51.65000	 48.05060	 51.65000
256.20000	 51.29000	 47.26234	 51.29000
256.40000	 50.92000	 46.49372	 50.92000
256.60000	 50.53000	 45.72965	 50.53000
256.80000	 50.03000	 44.81784	 50.03000
257.00000	 49.45000	 43.81237	 49.45000
257.20000	 48.91000	 42.92167	 48.91000
257.40000	 48.47000	 42.24989	 48.47000
257.60000	 48.15000	 41.83026	 48.15000
257.80000	 48.18000	 42.05275	 48.18000
258.00000	 48.43000	 42.68575	 48.43000
258.20000	 48.79000	 43.52919	 48.79000
258.40000	 49.21000	 44.48539	 49.21000
258.60000	 49.64000	 45.45743	 49.64000
258.80000	 50.05000	 46.38425	 50.05000
259.00000	 50.41000	 47.20680	 50.41000
259.20000	 50.70000	 47.88541	 50.70000
259.40000	 50.87000	 48.33142	 50.87000
259.60000	 50.72000	 48.20253	 50.72000
259.80000	 50.43000	 47.81205	 50.43000
260.00000	 50.06000	 47.26989	 50.06000
260.20000	 49.63000	 46.61788	 49.63000
260.40000	 49.23000	 46.01751	 49.23000
260.60000	 48.90000	 45.54300	 48.90000
260.80000	 48.58000	 45.09542	 48.58000
261.00000	 48.27000	 44.67757	 48.27000
261.20000	 47.96000	 44.27440	 47.96000
261.40000	 47.65000	 43.88746	 47.65000
261.60000	 47.36000	 43.55209	 47.36000
261.80000	 47.08000	 43.25163	 47.08000
262.00000	 46.79000	 42.95185	 46.79000
262.20000	 46.50000	 42.66982	 46.50000
262.40000	 46.22000	 42.42241	 46.22000
262.60000	 45.78000	 41.91836	 45.78000
262.80000	 45.36000	 41.46754	 45.36000
263.00000	 45.01000	 41.15666	 45.01000
263.20000	 44.77000	 41.05372	 44.77000
263.40000	 44.66000	 41.19046	 44.66000
263.60000	 45.03000	 42.16097	 45.03000
263.80000	 45.53000	 43.35460	 45.53000
264.00000	 46.10000	 44.65636	 46.10000
264.20000	 46.70000	 45.98631	 46.70000
264.40000	 47.23000	 47.16350	 47.23000
264.60000	 47.62000	 48.06140	 47.62000
264.80000	 47.94000	 48.79680	 47.94000
265.00000	 48.19000	 49.36893	 48.19000
265.20000	 48.35000	 49.74458	 48.35000
265.40000	 48.34000	 49.78981	 48.34000
265.60000	 48.21000	 49.59588	 48.21000
265.80000	 48.02000	 49.27266	 48.02000
266.00000	 47.78000	 48.84467	 47.78000
266.20000	 47.52000	 48.37056	 47.52000
266.40000	 47.34000	 48.02798	 47.34000
266.60000	 47.16000	 47.68440	 47.16000
266.80000	 46.96000	 47.30925	 46.96000
267.00000	 46.74000	 46.90589	 46.74000
267.20000	 46.49000	 46.46033	 46.49000
267.40000	 46.05000	 45.70197	 46.05000
267.60000	 45.57000	 44.89299	 45.57000
267.80000	 45.13000	 44.17544	 45.13000
268.00000	 44.78000	 43.63830	 44.78000
268.20000	 44.57000	 43.36819	 44.57000
268.40000	 44.77000	 43.82507	 44.77000
268.60000	 45.10000	 44.52135	 45.10000
268.80000	 45.54000	 45.41304	 45.54000
269.00000	 46.05000	 46.42152	 46.05000
269.20000	 46.61000	 47.50286	 46.61000
269.40000	 47.20000	 48.61393	 47.20000
269.60000	 47.77000	 49.66144	 47.77000
269.80000	 48.28000	 50.57108	 48.28000
270.00000	 48.67000	 51.23671	 48.67000
270.20000	 48.81000	 51.43551	 48.81000
270.40000	 48.86000	 51.44536	 48.86000
270.60000	 48.83000	 51.28888	 48.83000
270.80000	 48.75000	 51.02371	 48.75000
271.00000	 48.66000	 50.72470	 48.66000
271.20000	 48.56000	 50.39764	 48.56000
271.40000	 48.43000	 50.01349	 48.43000
271.60000	 48.28000	 49.59427	 48.28000
271.80000	 48.11000	 49.14448	 48.11000
272.00000	 47.97000	 48.75372	 47.97000
272.20000	 47.82000	 48.35643	 47.82000
272.40000	 47.64000	 47.92085	 47.64000
272.60000	 47.43000	 47.44941	 47.43000
272.80000	 47.18000	 46.92740	 47.18000
273.00000	 46.78000	 46.16920	 46.78000
273.20000	 46.19000	 45.11084	 46.19000
273.40000	 45.61000	 44.10105	 45.61000
273.60000	 45.08000	 43.21334	 45.08000
273.80000	 44.65000	 42.53628	 44.65000
274.00000	 44.43000	 42.25842	 44.43000
274.20000	 44.55000	 42.59839	 44.55000
274.40000	 44.83000	 43.23909	 44.83000
274.60000	 45.23000	 44.10127	 45.23000
274.80000	 45.75000	 45.17357	 45.75000
275.00000	 46.40000	 46.46141	 46.40000
275.20000	 47.14000	 47.88442	 47.14000
275.40000	 47.92000	 49.34569	 47.92000
275.60000	 48.70000	 50.76687	 48.70000
275.80000	 49.43000	 52.05450	 49.43000
276.00000	 50.04000	 53.08359	 50.04000
276.20000	 50.58000	 53.93781	 50.58000
276.40000	 51.03000	 54.58322	 51.03000
276.60000	 51.38000	 55.00510	 51.38000
276.80000	 51.56000	 55.08802	 51.56000
277.00000	 51.63000	 54.94162	 51.63000
277.20000	 51.60000	 54.59127	 51.60000
277.40000	 51.49000	 54.08020	 51.49000
277.60000	 51.29000	 53.40053	 51.29000
277.80000	 51.01000	 52.57884	 51.01000
278.00000	 50.67000	 51.65873	 50.67000
278.20000	 50.27000	 50.64908	 50.27000
278.40000	 49.83000	 49.59247	 49.83000
278.60000	 49.31000	 48.42797	 49.31000
278.80000	 48.74000	 47.21425	 48.74000
279.00000	 48.18000	 46.06055	 48.18000
279.20000	 47.65000	 45.00601	 47.65000
279.40000	 47.19000	 44.12217	 47.19000
279.60000	 46.86000	 43.51250	 46.86000
279.80000	 46.68000	 43.20914	 46.68000
280.00000	 46.61000	 43.13885	 46.61000
280.20000	 46.64000	 43.27808	 46.64000
280.40000	 46.77000	 43.61926	 46.77000
280.60000	 47.15000	 44.41048	 47.15000
280.80000	 47.60000	 45.33233	 47.60000
281.00000	 48.07000	 46.28822	 48.07000
281.20000	 48.52000	 47.20005	 48.52000
281.40000	 48.81000	 47.82073	 48.81000
281.60000	 48.98000	 48.21510	 48.98000
281.80000	 49.07000	 48.45085	 49.07000
282.00000	 49.07000	 48.51188	 49.07000
282.20000	 48.93000	 48.31529	 48.93000
282.40000	 48.65000	 47.86587	 48.65000
282.60000	 48.30000	 47.28990	 48.30000
282.80000	 47.91000	 46.64547	 47.91000
283.00000	 47.49000	 45.95610	 47.49000
283.20000	 47.15000	 45.41574	 47.15000
283.40000	 46.86000	 44.97651	 46.86000
283.60000	 46.57000	 44.55474	 46.57000
283.80000	 46.26000	 44.11760	 46.26000
284.00000	 45.94000	 43.68348	 45.94000
284.20000	 45.48000	 43.03108	 45.48000
284.40000	 44.87000	 42.14634	 44.87000
284.60000	 44.32000	 41.39319	 44.32000
284.80000	 43.88000	 40.85988	 43.88000
285.00000	 43.59000	 40.61486	 43.59000
285.20000	 43.71000	 41.09993	 43.71000
285.40000	 44.18000	 42.20275	 44.18000
285.60000	 44.79000	 43.54984	 44.79000
285.80000	 45.48000	 45.02405	 45.48000
286.00000	 46.19000	 46.50929	 46.19000
286.20000	 46.84000	 47.85728	 46.84000
286.40000	 47.45000	 49.09400	 47.45000
286.60000	 47.97000	 50.12817	 47.97000
286.80000	 48.38000	 50.92279	 48.38000
287.00000	 48.48000	 51.13592	 48.48000
287.20000	 48.41000	 51.01293	 48.41000
287.40000	 48.24000	 50.68192	 48.24000
287.60000	 47.98000	 50.16917	 47.98000
