  0.00000	 86.85000	 59.91900	 86.85000
  0.20000	 87.37000	 60.86091	 87.37000
  0.40000	 87.82000	 61.61906	 87.82000
  0.60000	 88.20000	 62.16023	 88.20000
  0.80000	 88.52000	 62.49056	 88.52000
  1.00000	 88.77000	 62.61943	 88.77000
  1.20000	 88.96000	 62.58702	 88.96000
  1.40000	 89.10000	 62.43899	 89.10000
  1.60000	 89.18000	 62.20309	 89.18000
  1.80000	 89.20000	 61.91278	 89.20000
  2.00000	 89.17000	 61.60498	 89.17000
  2.20000	 89.11000	 61.31817	 89.11000
  2.40000	 89.00000	 61.04753	 89.00000
  2.60000	 88.84000	 60.80018	 88.84000
  2.80000	 88.68000	 60.62218	 88.68000
  3.00000	 88.54000	 60.52615	 88.54000
  3.20000	 88.47000	 60.54453	 88.47000
  3.40000	 88.48000	 60.66767	 88.48000
  3.60000	 88.56000	 60.86439	 88.56000
  3.80000	 88.72000	 61.12097	 88.72000
  4.00000	 89.02000	 61.46848	 89.02000
  4.20000	 89.53000	 61.94479	 89.53000
  4.40000	 90.05000	 62.34838	 90.05000
  4.60000	 90.50000	 62.59743	 90.50000
  4.80000	 90.73000	 62.56759	 90.73000
  5.00000	 90.62000	 62.18479	 90.62000
  5.20000	 90.38000	 61.68526	 90.38000
  5.40000	 90.05000	 61.15182	 90.05000
  5.60000	 89.67000	 60.65555	 89.67000
  5.80000	 89.30000	 60.27015	 89.30000
  6.00000	 88.91000	 59.97398	 88.91000
  6.20000	 88.51000	 59.77034	 88.51000
  6.40000	 88.11000	 59.65538	 88.11000
  6.60000	 87.70000	 59.60336	 87.70000
  6.80000	 87.34000	 59.64863	 87.34000
  7.00000	 87.06000	 59.79580	 87.06000
  7.20000	 86.90000	 60.05528	 86.90000
  7.40000	 86.97000	 60.49535	 86.97000
  7.60000	 87.14000	 60.96742	 87.14000
  7.80000	 87.40000	 61.43528	 87.40000
  8.00000	 87.73000	 61.86305	 87.73000
  8.20000	 88.10000	 62.21575	 88.10000
  8.40000	 88.51000	 62.49440	 88.51000
  8.60000	 88.96000	 62.70676	 88.96000
  8.80000	 89.42000	 62.83849	 89.42000
  9.00000	 89.89000	 62.90537	 89.89000
  9.20000	 90.38000	 62.93314	 90.38000
  9.40000	 90.87000	 62.92000	 90.87000
  9.60000	 91.38000	 62.89795	 91.38000
  9.80000	 91.89000	 62.86064	 91.89000
 10.00000	 92.40000	 62.81713	 92.40000
 10.20000	 92.90000	 62.76559	 92.90000
 10.40000	 93.42000	 62.73760	 93.42000
 10.60000	 93.88000	 62.66524	 93.88000
 10.80000	 94.23000	 62.51029	 94.23000
 11.00000	 94.34000	 62.17104	 94.34000
 11.20000	 94.30000	 61.75052	 94.30000
 11.40000	 94.14000	 61.29945	 94.14000
 11.60000	 93.87000	 60.84628	 93.87000
 11.80000	 93.52000	 60.43078	 93.52000
 12.00000	 93.14000	 60.10217	 93.14000
 12.20000	 92.77000	 59.89093	 92.77000
 12.40000	 92.52000	 59.87861	 92.52000
 12.60000	 92.44000	 60.08028	 92.44000
 12.80000	 92.42000	 60.36074	 92.42000
 13.00000	 92.44000	 60.66783	 92.44000
 13.20000	 92.47000	 60.94894	 92.47000
 13.40000	 92.48000	 61.16210	 92.48000
 13.60000	 92.49000	 61.32009	 92.49000
 13.80000	 92.51000	 61.43364	 92.51000
 14.00000	 92.55000	 61.51705	 92.55000
 14.20000	 92.60000	 61.56844	 92.60000
 14.40000	 92.62000	 61.56079	 92.62000
 14.60000	 92.58000	 61.47893	 92.58000
 14.80000	 92.39000	 61.25913	 92.39000
 15.00000	 92.06000	 60.93292	 92.06000
 15.20000	 91.66000	 60.58678	 91.66000
 15.40000	 91.23000	 60.27499	 91.23000
 15.60000	 90.84000	 60.06860	 90.84000
 15.80000	 90.47000	 59.94739	 90.47000
 16.00000	 90.10000	 59.88399	 90.10000
 16.20000	 89.73000	 59.86600	 89.73000
 16.40000	 89.35000	 59.87186	 89.35000
 16.60000	 88.96000	 59.89037	 88.96000
 16.80000	 88.57000	 59.92127	 88.57000
 17.00000	 88.20000	 59.97455	 88.20000
 17.20000	 87.83000	 60.02564	 87.83000
 17.40000	 87.47000	 60.07847	 87.47000
 17.60000	 87.15000	 60.15563	 87.15000
 17.80000	 86.86000	 60.24383	 86.86000
 18.00000	 86.62000	 60.35623	 86.62000
 18.20000	 86.45000	 60.50510	 86.45000
 18.40000	 86.36000	 60.69225	 86.36000
 18.60000	 86.34000	 60.90074	 86.34000
 18.80000	 86.41000	 61.14031	 86.41000
 19.00000	 86.66000	 61.48112	 86.66000
 19.20000	 86.98000	 61.81269	 86.98000
 19.40000	 87.36000	 62.11704	 87.36000
 19.60000	 87.74000	 62.33824	 87.74000
 19.80000	 88.10000	 62.46420	 88.10000
 20.00000	 88.42000	 62.49016	 88.42000
 20.20000	 88.71000	 62.44295	 88.71000
 20.40000	 88.94000	 62.31594	 88.94000
 20.60000	 89.06000	 62.08660	 89.06000
 20.80000	 89.12000	 61.82236	 89.12000
 21.00000	 89.14000	 61.56042	 89.14000
 21.20000	 89.10000	 61.29682	 89.10000
 21.40000	 89.02000	 61.05831	 89.02000
 21.60000	 88.91000	 60.85760	 88.91000
 21.80000	 88.78000	 60.70256	 88.78000
 22.00000	 88.61000	 60.57087	 88.61000
 22.20000	 88.42000	 60.47422	 88.42000
 22.40000	 88.23000	 60.42269	 88.23000
 22.60000	 88.05000	 60.41567	 88.05000
 22.80000	 87.89000	 60.45118	 87.89000
 23.00000	 87.78000	 60.54393	 87.78000
 23.20000	 87.70000	 60.66333	 87.70000
 23.40000	 87.67000	 60.81515	 87.67000
 23.60000	 87.67000	 60.97098	 87.67000
 23.80000	 87.79000	 61.20106	 87.79000
 24.00000	 87.94000	 61.41484	 87.94000
 24.20000	 88.11000	 61.59666	 88.11000
 24.40000	 88.27000	 61.71872	 88.27000
 24.60000	 88.38000	 61.75067	 88.38000
 24.80000	 88.45000	 61.71271	 88.45000
 25.00000	 88.49000	 61.62807	 88.49000
 25.20000	 88.50000	 61.51116	 88.50000
 25.40000	 88.49000	 61.38366	 88.49000
 25.60000	 88.45000	 61.24685	 88.45000
 25.80000	 88.38000	 61.10847	 88.38000
 26.00000	 88.28000	 60.97395	 88.28000
 26.20000	 88.16000	 60.85536	 88.16000
 26.40000	 88.00000	 60.73609	 88.00000
 26.60000	 87.83000	 60.64275	 87.83000
 26.80000	 87.65000	 60.57325	 87.65000
 27.00000	 87.47000	 60.53256	 87.47000
 27.20000	 87.28000	 60.50667	 87.28000
 27.40000	 87.10000	 60.50788	 87.10000
 27.60000	 86.92000	 60.52142	 86.92000
 27.80000	 86.76000	 60.55930	 86.76000
 28.00000	 86.62000	 60.61552	 86.62000
 28.20000	 86.49000	 60.67555	 86.49000
 28.40000	 86.40000	 60.76106	 86.40000
 28.60000	 86.35000	 60.86667	 86.35000
 28.80000	 86.35000	 60.99548	 86.35000
 29.00000	 86.42000	 61.15892	 86.42000
 29.20000	 86.54000	 61.33230	 86.54000
 29.40000	 86.71000	 61.50973	 86.71000
 29.60000	 86.93000	 61.68679	 86.93000
 29.80000	 87.24000	 61.89534	 87.24000
 30.00000	 87.58000	 62.07837	 87.58000
 30.20000	 87.93000	 62.21761	 87.93000
 30.40000	 88.26000	 62.29054	 88.26000
 30.60000	 88.51000	 62.25371	 88.51000
 30.80000	 88.74000	 62.17553	 88.74000
 31.00000	 88.93000	 62.05379	 88.93000
 31.20000	 89.10000	 61.92041	 89.10000
 31.40000	 89.25000	 61.78653	 89.25000
 31.60000	 89.37000	 61.65120	 89.37000
 31.80000	 89.47000	 61.52853	 89.47000
 32.00000	 89.54000	 61.41237	 89.54000
 32.20000	 89.58000	 61.30381	 89.58000
 32.40000	 89.60000	 61.21153	 89.60000
 32.60000	 89.59000	 61.12524	 89.59000
 32.80000	 89.55000	 61.04324	 89.55000
 33.00000	 89.45000	 60.93782	 89.45000
 33.20000	 89.29000	 60.80995	 89.29000
 33.40000	 89.11000	 60.69710	 89.11000
 33.60000	 88.94000	 60.62576	 88.94000
 33.80000	 88.80000	 60.60968	 88.80000
 34.00000	 88.73000	 60.67594	 88.73000
 34.20000	 88.71000	 60.79414	 88.71000
 34.40000	 88.73000	 60.94175	 88.73000
 34.60000	 88.81000	 61.12387	 88.81000
 34.80000	 88.98000	 61.35486	 88.98000
 35.00000	 89.20000	 61.58742	 89.20000
 35.20000	 89.45000	 61.79539	 89.45000
 35.40000	 89.70000	 61.94901	 89.70000
 35.60000	 89.93000	 62.03349	 89.93000
 35.80000	 90.13000	 62.04846	 90.13000
 36.00000	 90.30000	 62.00618	 90.30000
 36.20000	 90.43000	 61.91185	 90.43000
 36.40000	 90.49000	 61.75387	 90.49000
 36.60000	 90.48000	 61.54815	 90.48000
 36.80000	 90.42000	 61.32752	 90.42000
 37.00000	 90.31000	 61.10397	 90.31000
 37.20000	 90.16000	 60.89472	 90.16000
 37.40000	 89.97000	 60.70423	 89.97000
 37.60000	 89.75000	 60.54245	 89.75000
 37.80000	 89.51000	 60.41616	 89.51000
 38.00000	 89.26000	 60.32935	 89.26000
 38.20000	 88.97000	 60.24894	 88.97000
 38.40000	 88.70000	 60.22153	 88.70000
 38.60000	 88.46000	 60.24701	 88.46000
 38.80000	 88.28000	 60.34038	 88.28000
 39.00000	 88.24000	 60.55718	 88.24000
 39.20000	 88.29000	 60.83281	 88.29000
 39.40000	 88.42000	 61.13855	 88.42000
 39.60000	 88.61000	 61.44039	 88.61000
 39.80000	 88.88000	 61.74471	 88.88000
 40.00000	 89.19000	 62.00900	 89.19000
 40.20000	 89.52000	 62.21438	 89.52000
 40.40000	 89.86000	 62.35673	 89.86000
 40.60000	 90.15000	 62.39307	 90.15000
 40.80000	 90.41000	 62.35707	 90.41000
 41.00000	 90.64000	 62.26679	 90.64000
 41.20000	 90.83000	 62.13116	 90.83000
 41.40000	 90.98000	 61.96659	 90.98000
 41.60000	 91.08000	 61.77842	 91.08000
 41.80000	 91.14000	 61.58722	 91.14000
 42.00000	 91.14000	 61.38404	 91.14000
 42.20000	 91.00000	 61.10626	 91.00000
 42.40000	 90.79000	 60.82628	 90.79000
 42.60000	 90.59000	 60.62175	 90.59000
 42.80000	 90.44000	 60.52592	 90.44000
 43.00000	 90.49000	 60.65787	 90.49000
 43.20000	 90.70000	 60.95383	 90.70000
 43.40000	 90.99000	 61.30892	 90.99000
 43.60000	 91.34000	 61.67581	 91.34000
 43.80000	 91.76000	 62.04145	 91.76000
 44.00000	 92.20000	 62.34756	 92.20000
 44.20000	 92.65000	 62.58087	 92.65000
 44.40000	 93.08000	 62.71902	 93.08000
 44.60000	 93.44000	 62.73014	 93.44000
 44.80000	 93.73000	 62.63413	 93.73000
 45.00000	 93.93000	 62.43743	 93.93000
 45.20000	 94.03000	 62.15722	 94.03000
 45.40000	 93.95000	 61.74964	 93.95000
 45.60000	 93.73000	 61.27896	 93.73000
 45.80000	 93.43000	 60.82351	 93.43000
 46.00000	 93.07000	 60.41721	 93.07000
 46.20000	 92.69000	 60.10153	 92.69000
 46.40000	 92.30000	 59.88119	 92.30000
 46.60000	 91.88000	 59.72703	 91.88000
 46.80000	 91.46000	 59.65063	 91.46000
 47.00000	 91.01000	 59.60853	 91.01000
 47.20000	 90.55000	 59.60279	 90.55000
 47.40000	 90.14000	 59.67147	 90.14000
 47.60000	 89.78000	 59.79787	 89.78000
 47.80000	 89.54000	 60.02585	 89.54000
 48.00000	 89.44000	 60.35165	 89.44000
 48.20000	 89.42000	 60.69945	 89.42000
 48.40000	 89.47000	 61.04222	 89.47000
 48.60000	 89.57000	 61.35048	 89.57000
 48.80000	 89.73000	 61.62788	 89.73000
 49.00000	 89.89000	 61.82183	 89.89000
 49.20000	 90.04000	 61.93121	 90.04000
 49.40000	 90.13000	 61.92582	 90.13000
 49.60000	 90.11000	 61.78214	 90.11000
 49.80000	 90.05000	 61.58770	 90.05000
 50.00000	 89.97000	 61.38313	 89.97000
 50.20000	 89.88000	 61.19410	 89.88000
 50.40000	 89.78000	 61.03092	 89.78000
 50.60000	 89.67000	 60.89825	 89.67000
 50.80000	 89.54000	 60.78771	 89.54000
 51.00000	 89.38000	 60.68870	 89.38000
 51.20000	 89.16000	 60.57271	 89.16000
 51.40000	 88.95000	 60.50035	 88.95000
 51.60000	 88.77000	 60.48477	 88.77000
 51.80000	 88.64000	 60.53507	 88.64000
 52.00000	 88.60000	 60.67412	 88.60000
 52.20000	 88.63000	 60.86808	 88.63000
 52.40000	 88.71000	 61.08307	 88.71000
 52.60000	 88.89000	 61.34922	 88.89000
 52.80000	 89.15000	 61.63524	 89.15000
 53.00000	 89.46000	 61.90368	 89.46000
 53.20000	 89.81000	 62.13973	 89.81000
 53.40000	 90.19000	 62.33359	 90.19000
 53.60000	 90.58000	 62.47116	 90.58000
 53.80000	 90.93000	 62.51659	 90.93000
 54.00000	 91.22000	 62.46644	 91.22000
 54.20000	 91.34000	 62.24372	 91.34000
 54.40000	 91.31000	 61.89474	 91.31000
 54.60000	 91.21000	 61.52075	 91.21000
 54.80000	 91.05000	 61.15465	 91.05000
 55.00000	 90.84000	 60.82108	 90.84000
 55.20000	 90.59000	 60.53656	 90.59000
 55.40000	 90.36000	 60.35398	 90.36000
 55.60000	 90.14000	 60.25554	 90.14000
 55.80000	 90.01000	 60.29650	 90.01000
 56.00000	 89.97000	 60.45392	 89.97000
 56.20000	 90.00000	 60.68370	 90.00000
 56.40000	 90.10000	 60.96058	 90.10000
 56.60000	 90.32000	 61.30618	 90.32000
 56.80000	 90.66000	 61.69909	 90.66000
 57.00000	 91.05000	 62.05936	 91.05000
 57.20000	 91.46000	 62.35087	 91.46000
 57.40000	 91.86000	 62.54714	 91.86000
 57.60000	 92.24000	 62.64817	 92.24000
 57.80000	 92.59000	 62.66031	 92.59000
 58.00000	 92.89000	 62.58492	 92.89000
 58.20000	 93.14000	 62.44321	 93.14000
 58.40000	 93.32000	 62.23865	 93.32000
 58.60000	 93.41000	 61.97416	 93.41000
 58.80000	 93.41000	 61.66931	 93.41000
 59.00000	 93.18000	 61.21965	 93.18000
 59.20000	 92.88000	 60.78947	 92.88000
 59.40000	 92.54000	 60.42037	 92.54000
 59.60000	 92.23000	 60.17807	 92.23000
 59.80000	 92.07000	 60.15827	 92.07000
 60.00000	 91.99000	 60.27341	 91.99000
 60.20000	 91.98000	 60.48363	 91.98000
 60.40000	 92.06000	 60.77585	 92.06000
 60.60000	 92.29000	 61.17351	 92.29000
 60.80000	 92.61000	 61.59486	 92.61000
 61.00000	 92.96000	 61.96517	 92.96000
 61.20000	 93.33000	 62.26500	 93.33000
 61.40000	 93.67000	 62.45016	 93.67000
 61.60000	 93.97000	 62.52225	 93.97000
 61.80000	 94.21000	 62.48165	 94.21000
 62.00000	 94.36000	 62.32517	 94.36000
 62.20000	 94.32000	 61.99257	 94.32000
 62.40000	 94.19000	 61.60555	 94.19000
 62.60000	 93.98000	 61.20192	 93.98000
 62.80000	 93.71000	 60.82063	 93.71000
 63.00000	 93.42000	 60.50920	 93.42000
 63.20000	 93.09000	 60.25240	 93.09000
 63.40000	 92.74000	 60.06388	 92.74000
 63.60000	 92.37000	 59.93455	 92.37000
 63.80000	 91.92000	 59.80035	 91.92000
 64.00000	 91.45000	 59.70550	 91.45000
 64.20000	 91.05000	 59.71895	 91.05000
 64.40000	 90.73000	 59.83285	 90.73000
 64.60000	 90.66000	 60.17409	 90.66000
 64.80000	 90.80000	 60.67238	 90.80000
 65.00000	 91.03000	 61.18433	 91.03000
 65.20000	 91.31000	 61.64695	 91.31000
 65.40000	 91.60000	 62.01070	 91.60000
 65.60000	 91.87000	 62.24863	 91.87000
 65.80000	 92.10000	 62.35466	 92.10000
 66.00000	 92.27000	 62.33163	 92.27000
 66.20000	 92.27000	 62.11010	 92.27000
 66.40000	 92.13000	 61.75272	 92.13000
 66.60000	 91.93000	 61.36699	 91.93000
 66.80000	 91.67000	 60.98177	 91.67000
 67.00000	 91.41000	 60.66906	 91.41000
 67.20000	 91.13000	 60.41833	 91.13000
 67.40000	 90.85000	 60.24582	 90.85000
 67.60000	 90.57000	 60.14334	 90.57000
 67.80000	 90.28000	 60.08989	 90.28000
 68.00000	 90.01000	 60.09836	 90.01000
 68.20000	 89.78000	 60.17119	 89.78000
 68.40000	 89.62000	 60.31805	 89.62000
 68.60000	 89.60000	 60.58154	 89.60000
 68.80000	 89.72000	 60.93824	 89.72000
 69.00000	 89.90000	 61.29379	 89.90000
 69.20000	 90.12000	 61.61386	 90.12000
 69.40000	 90.34000	 61.85536	 90.34000
 69.60000	 90.55000	 62.01127	 90.55000
 69.80000	 90.76000	 62.09952	 90.76000
 70.00000	 90.98000	 62.14162	 90.98000
 70.20000	 91.22000	 62.15951	 91.22000
 70.40000	 91.44000	 62.12992	 91.44000
 70.60000	 91.62000	 62.04790	 91.62000
 70.80000	 91.72000	 61.89220	 91.72000
 71.00000	 91.70000	 61.64423	 91.70000
 71.20000	 91.58000	 61.34114	 91.58000
 71.40000	 91.38000	 61.01902	 91.38000
 71.60000	 91.06000	 60.65775	 91.06000
 71.80000	 90.57000	 60.22751	 90.57000
 72.00000	 90.05000	 59.86566	 90.05000
 72.20000	 89.52000	 59.59392	 89.52000
 72.40000	 89.06000	 59.47625	 89.06000
 72.60000	 88.77000	 59.58124	 88.77000
 72.80000	 88.56000	 59.79721	 88.56000
 73.00000	 88.45000	 60.10799	 88.45000
 73.20000	 88.42000	 60.46416	 88.42000
 73.40000	 88.53000	 60.89151	 88.53000
 73.60000	 88.72000	 61.31315	 88.72000
 73.80000	 88.98000	 61.70394	 88.98000
 74.00000	 89.33000	 62.07289	 89.33000
 74.20000	 89.78000	 62.42512	 89.78000
 74.40000	 90.24000	 62.68171	 90.24000
 74.60000	 90.68000	 62.82514	 90.68000
 74.80000	 91.01000	 62.79383	 91.01000
 75.00000	 91.21000	 62.59826	 91.21000
 75.20000	 91.31000	 62.29914	 91.31000
 75.40000	 91.31000	 61.93006	 91.31000
 75.60000	 91.18000	 61.49470	 91.18000
 75.80000	 90.94000	 61.03706	 90.94000
 76.00000	 90.62000	 60.60361	 90.62000
 76.20000	 90.25000	 60.23207	 90.25000
 76.40000	 89.85000	 59.94199	 89.85000
 76.60000	 89.43000	 59.73577	 89.43000
 76.80000	 89.00000	 59.60978	 89.00000
 77.00000	 88.58000	 59.56526	 88.58000
 77.20000	 88.16000	 59.57465	 88.16000
 77.40000	 87.77000	 59.64585	 87.77000
 77.60000	 87.43000	 59.77786	 87.43000
 77.80000	 87.16000	 59.96966	 87.16000
 78.00000	 87.04000	 60.27248	 87.04000
 78.20000	 87.06000	 60.65471	 87.06000
 78.40000	 87.17000	 61.04975	 87.17000
 78.60000	 87.35000	 61.42311	 87.35000
 78.80000	 87.58000	 61.74776	 87.58000
 79.00000	 87.88000	 62.03907	 87.88000
 79.20000	 88.17000	 62.22941	 88.17000
 79.40000	 88.43000	 62.31226	 88.43000
 79.60000	 88.61000	 62.26181	 88.61000
 79.80000	 88.64000	 62.04192	 88.64000
 80.00000	 88.60000	 61.75502	 88.60000
 80.20000	 88.49000	 61.43010	 88.49000
 80.40000	 88.29000	 61.07334	 88.29000
 80.60000	 88.01000	 60.71262	 88.01000
 80.80000	 87.68000	 60.38753	 87.68000
 81.00000	 87.31000	 60.11265	 87.31000
 81.20000	 86.91000	 59.89595	 86.91000
 81.40000	 86.47000	 59.72267	 86.47000
 81.60000	 86.05000	 59.63658	 86.05000
 81.80000	 85.69000	 59.65841	 85.69000
 82.00000	 85.39000	 59.76835	 85.39000
 82.20000	 85.27000	 60.04868	 85.27000
 82.40000	 85.26000	 60.40755	 85.26000
 82.60000	 85.36000	 60.81621	 85.36000
 82.80000	 85.56000	 61.24154	 85.56000
 83.00000	 85.97000	 61.76078	 85.97000
 83.20000	 86.46000	 62.23974	 86.46000
 83.40000	 86.97000	 62.61553	 86.97000
 83.60000	 87.46000	 62.85575	 87.46000
 83.80000	 87.85000	 62.90530	 87.85000
 84.00000	 88.17000	 62.81814	 88.17000
 84.20000	 88.39000	 62.60034	 88.39000
 84.40000	 88.49000	 62.26894	 88.49000
 84.60000	 88.37000	 61.77147	 88.37000
 84.80000	 88.18000	 61.27745	 88.18000
 85.00000	 87.94000	 60.83094	 87.94000
 85.20000	 87.72000	 60.50665	 87.72000
 85.40000	 87.54000	 60.32004	 87.54000
 85.60000	 87.42000	 60.27420	 87.42000
 85.80000	 87.36000	 60.34600	 87.36000
 86.00000	 87.41000	 60.55183	 87.41000
 86.20000	 87.63000	 60.91259	 87.63000
 86.40000	 87.93000	 61.31407	 87.93000
 86.60000	 88.29000	 61.71023	 88.29000
 86.80000	 88.72000	 62.09053	 88.72000
 87.00000	 89.21000	 62.43458	 89.21000
 87.20000	 89.69000	 62.67697	 89.69000
 87.40000	 90.12000	 62.78941	 90.12000
 87.60000	 90.40000	 62.70167	 90.40000
 87.80000	 90.45000	 62.37450	 90.45000
 88.00000	 90.41000	 61.97277	 90.41000
 88.20000	 90.28000	 61.53335	 90.28000
 88.40000	 90.09000	 61.11121	 90.09000
 88.60000	 89.89000	 60.76810	 89.89000
 88.80000	 89.64000	 60.47443	 89.64000
 89.00000	 89.36000	 60.24638	 89.36000
 89.20000	 89.06000	 60.08557	 89.06000
 89.40000	 88.70000	 59.94592	 88.70000
 89.60000	 88.34000	 59.86966	 88.34000
 89.80000	 88.00000	 59.86128	 88.00000
 90.00000	 87.70000	 59.92286	 87.70000
 90.20000	 87.48000	 60.07200	 87.48000
 90.40000	 87.39000	 60.33211	 87.39000
 90.60000	 87.35000	 60.60952	 87.35000
 90.80000	 87.37000	 60.89464	 87.37000
 91.00000	 87.45000	 61.17416	 87.45000
 91.20000	 87.59000	 61.43953	 87.59000
 91.40000	 87.75000	 61.65149	 87.75000
 91.60000	 87.94000	 61.82070	 87.94000
 91.80000	 88.13000	 61.92657	 88.13000
 92.00000	 88.30000	 61.96150	 88.30000
 92.20000	 88.46000	 61.94762	 88.46000
 92.40000	 88.59000	 61.88148	 88.59000
 92.60000	 88.68000	 61.76893	 88.68000
 92.80000	 88.67000	 61.57222	 88.67000
 93.00000	 88.61000	 61.35256	 88.61000
 93.20000	 88.51000	 61.13303	 88.51000
 93.40000	 88.38000	 60.93221	 88.38000
 93.60000	 88.21000	 60.74643	 88.21000
 93.80000	 88.01000	 60.58636	 88.01000
 94.00000	 87.82000	 60.48565	 87.82000
 94.20000	 87.65000	 60.44663	 87.65000
 94.40000	 87.54000	 60.49383	 87.54000
 94.60000	 87.50000	 60.62081	 87.50000
 94.80000	 87.54000	 60.81833	 87.54000
 95.00000	 87.67000	 61.07614	 87.67000
 95.20000	 87.89000	 61.37555	 87.89000
 95.40000	 88.33000	 61.81281	 88.33000
 95.60000	 88.87000	 62.25936	 88.87000
 95.80000	 89.45000	 62.64558	 89.45000
 96.00000	 90.03000	 62.93034	 90.03000
 96.20000	 90.55000	 63.06672	 90.55000
 96.40000	 91.03000	 63.08966	 91.03000
 96.60000	 91.43000	 62.98723	 91.43000
 96.80000	 91.74000	 62.77828	 91.74000
 97.00000	 91.84000	 62.38754	 91.84000
 97.20000	 91.85000	 61.95623	 91.85000
 97.40000	 91.78000	 61.52232	 91.78000
 97.60000	 91.64000	 61.11486	 91.64000
 97.80000	 91.44000	 60.75404	 91.44000
 98.00000	 91.22000	 60.47806	 91.22000
 98.20000	 91.00000	 60.29860	 91.00000
 98.40000	 90.83000	 60.24605	 90.83000
 98.60000	 90.75000	 60.33417	 90.75000
 98.80000	 90.75000	 60.52659	 90.75000
 99.00000	 90.84000	 60.80307	 90.84000
 99.20000	 91.03000	 61.14447	 91.03000
 99.40000	 91.42000	 61.61244	 91.42000
 99.60000	 91.92000	 62.09963	 91.92000
 99.80000	 92.44000	 62.50605	 92.44000
100.00000	 92.94000	 62.78950	 92.94000
100.20000	 93.29000	 62.84351	 93.29000
100.40000	 93.53000	 62.72878	 93.53000
100.60000	 93.69000	 62.50515	 93.69000
100.80000	 93.76000	 62.19749	 93.76000
101.00000	 93.71000	 61.81076	 93.71000
101.20000	 93.58000	 61.40849	 93.58000
101.40000	 93.36000	 61.00326	 93.36000
101.60000	 93.05000	 60.60993	 93.05000
101.80000	 92.63000	 60.22011	 92.63000
102.00000	 92.16000	 59.89166	 92.16000
102.20000	 91.70000	 59.67480	 91.70000
102.40000	 91.26000	 59.56632	 91.26000
102.60000	 90.89000	 59.59123	 90.89000
102.80000	 90.61000	 59.74159	 90.61000
103.00000	 90.42000	 59.98819	 90.42000
103.20000	 90.40000	 60.37132	 90.40000
103.40000	 90.64000	 60.93633	 90.64000
103.60000	 90.96000	 61.48726	 90.96000
103.80000	 91.31000	 61.95476	 91.31000
104.00000	 91.60000	 62.25063	 91.60000
104.20000	 91.74000	 62.30590	 91.74000
104.40000	 91.82000	 62.22769	 91.82000
104.60000	 91.84000	 62.04857	 91.84000
104.80000	 91.80000	 61.80054	 91.80000
105.00000	 91.68000	 61.49480	 91.68000
105.20000	 91.51000	 61.18253	 91.51000
105.40000	 91.29000	 60.88166	 91.29000
105.60000	 91.00000	 60.58605	 91.00000
105.80000	 90.66000	 60.32026	 90.66000
106.00000	 90.30000	 60.11242	 90.30000
106.20000	 89.94000	 59.97581	 89.94000
106.40000	 89.60000	 59.91824	 89.60000
106.60000	 89.30000	 59.94300	 89.30000
106.80000	 89.05000	 60.04131	 89.05000
107.00000	 88.88000	 60.22025	 88.88000
107.20000	 88.86000	 60.52001	 88.86000
107.40000	 88.94000	 60.87166	 88.94000
107.60000	 89.10000	 61.23543	 89.10000
107.80000	 89.32000	 61.57743	 89.32000
108.00000	 89.61000	 61.89706	 89.61000
108.20000	 89.94000	 62.16408	 89.94000
108.40000	 90.26000	 62.33718	 90.26000
108.60000	 90.55000	 62.40935	 90.55000
108.80000	 90.78000	 62.37120	 90.78000
109.00000	 90.92000	 62.21855	 90.92000
109.20000	 90.97000	 61.97725	 90.97000
109.40000	 90.86000	 61.61262	 90.86000
109.60000	 90.50000	 61.07597	 90.50000
109.80000	 90.04000	 60.53393	 90.04000
110.00000	 89.53000	 60.05544	 89.53000
110.20000	 89.01000	 59.68679	 89.01000
110.40000	 88.53000	 59.46901	 88.53000
110.60000	 88.10000	 59.39489	 88.10000
110.80000	 87.73000	 59.44858	 87.73000
111.00000	 87.47000	 59.64457	 87.47000
111.20000	 87.37000	 59.99294	 87.37000
111.40000	 87.37000	 60.40430	 87.37000
111.60000	 87.48000	 60.85576	 87.48000
111.80000	 87.70000	 61.32181	 87.70000
112.00000	 88.09000	 61.83576	 88.09000
112.20000	 88.54000	 62.28473	 88.54000
112.40000	 89.00000	 62.61953	 89.00000
112.60000	 89.43000	 62.81227	 89.43000
112.80000	 89.76000	 62.82027	 89.76000
113.00000	 90.02000	 62.69950	 90.02000
113.20000	 90.20000	 62.47403	 90.20000
113.40000	 90.25000	 62.13289	 90.25000
113.60000	 90.18000	 61.71797	 90.18000
113.80000	 90.03000	 61.29382	 90.03000
114.00000	 89.85000	 60.92525	 89.85000
114.20000	 89.61000	 60.59566	 89.61000
114.40000	 89.37000	 60.35996	 89.37000
114.60000	 89.18000	 60.25464	 89.18000
114.80000	 89.09000	 60.30604	 89.09000
115.00000	 89.30000	 60.66146	 89.30000
115.20000	 89.66000	 61.14391	 89.66000
115.40000	 90.08000	 61.63113	 90.08000
115.60000	 90.50000	 62.04012	 90.50000
115.80000	 90.83000	 62.27872	 90.83000
116.00000	 91.11000	 62.38799	 91.11000
116.20000	 91.32000	 62.36711	 91.32000
116.40000	 91.43000	 62.21366	 91.43000
116.60000	 91.41000	 61.93033	 91.41000
116.80000	 91.31000	 61.59257	 91.31000
117.00000	 91.11000	 61.21016	 91.11000
117.20000	 90.82000	 60.81469	 90.82000
117.40000	 90.42000	 60.40568	 90.42000
117.60000	 89.98000	 60.05678	 89.98000
117.80000	 89.52000	 59.78849	 89.52000
118.00000	 89.08000	 59.63006	 89.08000
118.20000	 88.68000	 59.58469	 88.68000
118.40000	 88.32000	 59.63192	 88.32000
118.60000	 88.02000	 59.76627	 88.02000
118.80000	 87.83000	 60.00721	 87.83000
119.00000	 87.74000	 60.31954	 87.74000
119.20000	 87.75000	 60.67831	 87.75000
119.40000	 87.86000	 61.06203	 87.86000
119.60000	 88.11000	 61.48835	 88.11000
119.80000	 88.49000	 61.93297	 88.49000
120.00000	 88.90000	 62.29664	 88.90000
120.20000	 89.31000	 62.55248	 89.31000
120.40000	 89.59000	 62.59715	 89.59000
120.60000	 89.80000	 62.50923	 89.80000
120.80000	 89.97000	 62.34555	 89.97000
121.00000	 90.12000	 62.15188	 90.12000
121.20000	 90.27000	 61.96806	 90.27000
121.40000	 90.38000	 61.77395	 90.38000
121.60000	 90.44000	 61.57189	 90.44000
121.80000	 90.35000	 61.28329	 90.35000
122.00000	 90.14000	 60.94792	 90.14000
122.20000	 89.91000	 60.66639	 89.91000
122.40000	 89.71000	 60.48650	 89.71000
122.60000	 89.63000	 60.47991	 89.63000
122.80000	 89.66000	 60.61718	 89.66000
123.00000	 89.78000	 60.85313	 89.78000
123.20000	 90.00000	 61.16801	 90.00000
123.40000	 90.41000	 61.61303	 90.41000
123.60000	 90.91000	 62.07059	 90.91000
123.80000	 91.46000	 62.48364	 91.46000
124.00000	 92.06000	 62.84104	 92.06000
124.20000	 92.67000	 63.10569	 92.67000
124.40000	 93.26000	 63.25866	 93.26000
124.60000	 93.79000	 63.28071	 93.79000
124.80000	 94.22000	 63.16011	 94.22000
125.00000	 94.52000	 62.90006	 94.52000
125.20000	 94.71000	 62.55122	 94.71000
125.40000	 94.75000	 62.11007	 94.75000
125.60000	 94.54000	 61.51984	 94.54000
125.80000	 94.22000	 60.93676	 94.22000
126.00000	 93.82000	 60.40995	 93.82000
126.20000	 93.37000	 59.97601	 93.37000
126.40000	 92.89000	 59.65070	 92.89000
126.60000	 92.44000	 59.47473	 92.44000
126.80000	 92.07000	 59.46953	 92.07000
127.00000	 91.87000	 59.68204	 91.87000
127.20000	 91.89000	 60.11371	 91.89000
127.40000	 92.03000	 60.62822	 92.03000
127.60000	 92.25000	 61.14890	 92.25000
127.80000	 92.56000	 61.65502	 92.56000
128.00000	 92.93000	 62.10163	 92.93000
128.20000	 93.31000	 62.43798	 93.31000
128.40000	 93.67000	 62.64337	 93.67000
128.60000	 93.94000	 62.67307	 93.94000
128.80000	 94.11000	 62.54602	 94.11000
129.00000	 94.19000	 62.30472	 94.19000
129.20000	 94.15000	 61.95715	 94.15000
129.40000	 93.89000	 61.44989	 93.89000
129.60000	 93.51000	 60.90774	 93.51000
129.80000	 93.04000	 60.38612	 93.04000
130.00000	 92.54000	 59.95540	 92.54000
130.20000	 92.00000	 59.61085	 92.00000
130.40000	 91.49000	 59.40783	 91.49000
130.60000	 91.02000	 59.33787	 91.02000
130.80000	 90.64000	 59.42003	 90.64000
131.00000	 90.47000	 59.72744	 90.47000
131.20000	 90.41000	 60.13065	 90.41000
131.40000	 90.44000	 60.57394	 90.44000
131.60000	 90.55000	 61.01845	 90.55000
131.80000	 90.77000	 61.46934	 90.77000
132.00000	 91.03000	 61.85092	 91.03000
132.20000	 91.28000	 62.11606	 91.28000
132.40000	 91.48000	 62.23846	 91.48000
132.60000	 91.59000	 62.20267	 91.59000
132.80000	 91.65000	 62.07161	 91.65000
133.00000	 91.65000	 61.86506	 91.65000
133.20000	 91.58000	 61.60106	 91.58000
133.40000	 91.45000	 61.31214	 91.45000
133.60000	 91.24000	 60.99969	 91.24000
133.80000	 90.94000	 60.67011	 90.94000
134.00000	 90.42000	 60.22235	 90.42000
134.20000	 89.86000	 59.83189	 89.86000
134.40000	 89.32000	 59.55860	 89.32000
134.60000	 88.86000	 59.44890	 88.86000
134.80000	 88.63000	 59.61379	 88.63000
135.00000	 88.50000	 59.90135	 88.50000
135.20000	 88.46000	 60.26443	 88.46000
135.40000	 88.50000	 60.66073	 88.50000
135.60000	 88.59000	 61.03789	 88.59000
135.80000	 88.80000	 61.44044	 88.80000
136.00000	 89.12000	 61.84620	 89.12000
136.20000	 89.67000	 62.34997	 89.67000
136.40000	 90.37000	 62.86678	 90.37000
136.60000	 91.12000	 63.29806	 91.12000
136.80000	 91.86000	 63.59176	 91.86000
137.00000	 92.47000	 63.65667	 92.47000
137.20000	 93.01000	 63.57543	 93.01000
137.40000	 93.48000	 63.38288	 93.48000
137.60000	 93.85000	 63.08747	 93.85000
137.80000	 94.13000	 62.73140	 94.13000
138.00000	 94.32000	 62.34343	 94.32000
138.20000	 94.43000	 61.95505	 94.43000
138.40000	 94.43000	 61.55587	 94.43000
138.60000	 94.38000	 61.20975	 94.38000
138.80000	 94.31000	 60.94573	 94.31000
139.00000	 94.29000	 60.81892	 94.29000
139.20000	 94.33000	 60.82113	 94.33000
139.40000	 94.37000	 60.87642	 94.37000
139.60000	 94.39000	 60.94592	 94.39000
139.80000	 94.34000	 60.96990	 94.34000
140.00000	 94.23000	 60.95000	 94.23000
140.20000	 94.07000	 60.89407	 94.07000
140.40000	 93.87000	 60.81355	 93.87000
140.60000	 93.62000	 60.70391	 93.62000
140.80000	 93.33000	 60.57941	 93.33000
141.00000	 93.01000	 60.45391	 93.01000
141.20000	 92.66000	 60.33107	 92.66000
141.40000	 92.26000	 60.19572	 92.26000
141.60000	 91.86000	 60.09394	 91.86000
141.80000	 91.50000	 60.05914	 91.50000
142.00000	 91.23000	 60.12755	 91.23000
142.20000	 91.11000	 60.33670	 91.11000
142.40000	 91.09000	 60.61993	 91.09000
142.60000	 91.13000	 60.91960	 91.13000
142.80000	 91.27000	 61.25312	 91.27000
143.00000	 91.48000	 61.57942	 91.48000
143.20000	 91.65000	 61.79329	 91.65000
143.40000	 91.72000	 61.84654	 91.72000
143.60000	 91.56000	 61.64395	 91.56000
143.80000	 91.29000	 61.32595	 91.29000
144.00000	 90.92000	 60.93698	 90.92000
144.20000	 90.48000	 60.53444	 90.48000
144.40000	 89.98000	 60.14985	 89.98000
144.60000	 89.43000	 59.80593	 89.43000
144.80000	 88.85000	 59.52583	 88.85000
145.00000	 88.25000	 59.31615	 88.25000
145.20000	 87.65000	 59.18612	 87.65000
145.40000	 87.07000	 59.13992	 87.07000
145.60000	 86.53000	 59.17792	 86.53000
145.80000	 86.05000	 59.29779	 86.05000
146.00000	 85.64000	 59.48693	 85.64000
146.20000	 85.33000	 59.75023	 85.33000
146.40000	 85.15000	 60.09224	 85.15000
146.60000	 85.20000	 60.57772	 85.20000
146.80000	 85.35000	 61.06518	 85.35000
147.00000	 85.57000	 61.50876	 85.57000
147.20000	 85.85000	 61.89037	 85.85000
147.40000	 86.15000	 62.17469	 86.15000
147.60000	 86.45000	 62.35320	 86.45000
147.80000	 86.72000	 62.41597	 86.72000
148.00000	 86.89000	 62.32429	 86.89000
148.20000	 86.89000	 62.04706	 86.89000
148.40000	 86.85000	 61.73514	 86.85000
148.60000	 86.81000	 61.45273	 86.81000
148.80000	 86.85000	 61.28693	 86.85000
149.00000	 87.03000	 61.29115	 87.03000
149.20000	 87.21000	 61.32876	 87.21000
149.40000	 87.37000	 61.36884	 87.37000
149.60000	 87.46000	 61.35830	 87.46000
149.80000	 87.39000	 61.21695	 87.39000
150.00000	 87.28000	 61.05979	 87.28000
150.20000	 87.14000	 60.90438	 87.14000
150.40000	 86.97000	 60.75665	 86.97000
150.60000	 86.77000	 60.61991	 86.77000
150.80000	 86.59000	 60.53884	 86.59000
151.00000	 86.47000	 60.54378	 86.47000
151.20000	 86.43000	 60.64102	 86.43000
151.40000	 86.62000	 60.94463	 86.62000
151.60000	 86.94000	 61.33727	 86.94000
151.80000	 87.34000	 61.74621	 87.34000
152.00000	 87.78000	 62.11502	 87.78000
152.20000	 88.24000	 62.41516	 88.24000
152.40000	 88.70000	 62.62807	 88.70000
152.60000	 89.13000	 62.73512	 89.13000
152.80000	 89.52000	 62.74275	 89.52000
153.00000	 89.81000	 62.61864	 89.81000
153.20000	 90.02000	 62.40619	 90.02000
153.40000	 90.16000	 62.14034	 90.16000
153.60000	 90.23000	 61.84421	 90.23000
153.80000	 90.25000	 61.55392	 90.25000
154.00000	 90.21000	 61.27315	 90.21000
154.20000	 90.12000	 61.01812	 90.12000
154.40000	 89.97000	 60.78285	 89.97000
154.60000	 89.74000	 60.54987	 89.74000
154.80000	 89.47000	 60.35352	 89.47000
155.00000	 89.18000	 60.20737	 89.18000
155.20000	 88.88000	 60.11266	 88.88000
155.40000	 88.58000	 60.06805	 88.58000
155.60000	 88.30000	 60.07925	 88.30000
155.80000	 88.06000	 60.15028	 88.06000
156.00000	 87.89000	 60.29237	 87.89000
156.20000	 87.84000	 60.53210	 87.84000
156.40000	 87.96000	 60.89217	 87.96000
156.60000	 88.16000	 61.26891	 88.16000
156.80000	 88.43000	 61.63455	 88.43000
157.00000	 88.77000	 61.97705	 88.77000
157.20000	 89.17000	 62.28169	 89.17000
157.40000	 89.59000	 62.51322	 89.59000
157.60000	 89.97000	 62.62612	 89.97000
157.80000	 90.28000	 62.61006	 90.28000
158.00000	 90.46000	 62.43590	 90.46000
158.20000	 90.56000	 62.17776	 90.56000
158.40000	 90.58000	 61.86470	 90.58000
158.60000	 90.51000	 61.51321	 90.51000
158.80000	 90.36000	 61.15289	 90.36000
159.00000	 90.16000	 60.82502	 90.16000
159.20000	 89.91000	 60.53695	 89.91000
159.40000	 89.62000	 60.29862	 89.62000
159.60000	 89.31000	 60.12349	 89.31000
159.80000	 89.02000	 60.03760	 89.02000
160.00000	 88.76000	 60.03518	 88.76000
160.20000	 88.60000	 60.15920	 88.60000
160.40000	 88.56000	 60.40286	 88.56000
160.60000	 88.59000	 60.69485	 88.59000
160.80000	 88.68000	 61.00274	 88.68000
161.00000	 88.86000	 61.33474	 88.86000
161.20000	 89.13000	 61.67635	 89.13000
161.40000	 89.41000	 61.94728	 89.41000
161.60000	 89.67000	 62.12068	 89.67000
161.80000	 89.83000	 62.13572	 89.83000
162.00000	 89.87000	 61.99584	 89.87000
162.20000	 89.82000	 61.75601	 89.82000
162.40000	 89.67000	 61.43684	 89.67000
162.60000	 89.41000	 61.05731	 89.41000
162.80000	 89.02000	 60.62468	 89.02000
163.00000	 88.55000	 60.20432	 88.55000
163.20000	 88.02000	 59.82745	 88.02000
163.40000	 87.42000	 59.49078	 87.42000
163.60000	 86.76000	 59.20279	 86.76000
163.80000	 86.09000	 59.00209	 86.09000
164.00000	 85.45000	 58.91180	 85.45000
164.20000	 84.87000	 58.93954	 84.87000
164.40000	 84.43000	 59.13097	 84.43000
164.60000	 84.08000	 59.41085	 84.08000
164.80000	 83.83000	 59.75765	 83.83000
165.00000	 83.70000	 60.16165	 83.70000
165.20000	 83.74000	 60.64232	 83.74000
165.40000	 83.91000	 61.14132	 83.91000
165.60000	 84.16000	 61.59736	 84.16000
165.80000	 84.47000	 61.98490	 84.47000
166.00000	 84.81000	 62.27882	 84.81000
166.20000	 85.15000	 62.46260	 85.15000
166.40000	 85.50000	 62.56199	 85.50000
166.60000	 85.84000	 62.57941	 85.84000
166.80000	 86.15000	 62.51894	 86.15000
167.00000	 86.42000	 62.39407	 86.42000
167.20000	 86.64000	 62.21750	 86.64000
167.40000	 86.80000	 62.00016	 86.80000
167.60000	 86.81000	 61.68119	 86.81000
167.80000	 86.76000	 61.36016	 86.76000
168.00000	 86.69000	 61.08675	 86.69000
168.20000	 86.61000	 60.87541	 86.61000
168.40000	 86.57000	 60.76769	 86.57000
168.60000	 86.56000	 60.74385	 86.56000
168.80000	 86.62000	 60.82310	 86.62000
169.00000	 86.76000	 60.99372	 86.76000
169.20000	 87.07000	 61.31126	 87.07000
169.40000	 87.45000	 61.65953	 87.45000
169.60000	 87.90000	 62.01543	 87.90000
169.80000	 88.42000	 62.36239	 88.42000
170.00000	 89.02000	 62.69856	 89.02000
170.20000	 89.60000	 62.93092	 89.60000
170.40000	 90.14000	 63.04764	 90.14000
170.60000	 90.52000	 62.95918	 90.52000
170.80000	 90.73000	 62.68619	 90.73000
171.00000	 90.87000	 62.35310	 90.87000
171.20000	 90.94000	 61.99143	 90.94000
171.40000	 91.01000	 61.68646	 91.01000
171.60000	 91.05000	 61.42365	 91.05000
171.80000	 91.02000	 61.17220	 91.02000
172.00000	 90.94000	 60.95104	 90.94000
172.20000	 90.70000	 60.66270	 90.70000
172.40000	 90.42000	 60.41625	 90.42000
172.60000	 90.14000	 60.24573	 90.14000
172.80000	 89.88000	 60.16085	 89.88000
173.00000	 89.73000	 60.22641	 89.73000
173.20000	 89.65000	 60.38432	 89.65000
173.40000	 89.65000	 60.61850	 89.65000
173.60000	 89.73000	 60.90468	 89.73000
173.80000	 89.98000	 61.29951	 89.98000
174.00000	 90.29000	 61.68245	 90.29000
174.20000	 90.64000	 62.02008	 90.64000
174.40000	 91.02000	 62.29696	 91.02000
174.60000	 91.40000	 62.48814	 91.40000
174.80000	 91.75000	 62.57645	 91.75000
175.00000	 92.05000	 62.56036	 92.05000
175.20000	 92.20000	 62.37374	 92.20000
175.40000	 92.21000	 62.05557	 92.21000
175.60000	 92.16000	 61.70855	 92.16000
175.80000	 92.05000	 61.35828	 92.05000
176.00000	 91.97000	 61.10090	 91.97000
176.20000	 91.86000	 60.88796	 91.86000
176.40000	 91.68000	 60.68298	 91.68000
176.60000	 91.41000	 60.46653	 91.41000
176.80000	 90.79000	 60.01219	 90.79000
177.00000	 90.15000	 59.62834	 90.15000
177.20000	 89.57000	 59.39273	 89.57000
177.40000	 89.14000	 59.37536	 89.14000
177.60000	 89.29000	 59.92375	 89.29000
177.80000	 89.68000	 60.67180	 89.68000
178.00000	 90.19000	 61.44777	 90.19000
178.20000	 90.78000	 62.16779	 90.78000
178.40000	 91.34000	 62.70767	 91.34000
178.60000	 91.84000	 63.03857	 91.84000
178.80000	 92.30000	 63.19561	 92.30000
179.00000	 92.67000	 63.16404	 92.67000
179.20000	 92.85000	 62.89453	 92.85000
179.40000	 92.90000	 62.48745	 92.90000
179.60000	 92.87000	 62.03243	 92.87000
179.80000	 92.80000	 61.60063	 92.80000
180.00000	 92.73000	 61.24973	 92.73000
180.20000	 92.64000	 60.97056	 92.64000
180.40000	 92.54000	 60.77067	 92.54000
180.60000	 92.44000	 60.65046	 92.44000
180.80000	 92.31000	 60.57054	 92.31000
181.00000	 92.21000	 60.56999	 92.21000
181.20000	 92.16000	 60.64968	 92.16000
181.40000	 92.19000	 60.81673	 92.19000
181.60000	 92.43000	 61.16284	 92.43000
181.80000	 92.75000	 61.54372	 92.75000
182.00000	 93.14000	 61.92585	 93.14000
182.20000	 93.57000	 62.26596	 93.57000
182.40000	 94.08000	 62.59093	 94.08000
182.60000	 94.58000	 62.81867	 94.58000
182.80000	 95.01000	 62.90356	 95.01000
183.00000	 95.33000	 62.82875	 95.33000
183.20000	 95.36000	 62.46517	 95.36000
183.40000	 95.27000	 62.00632	 95.27000
183.60000	 95.09000	 61.51879	 95.09000
183.80000	 94.84000	 61.05059	 94.84000
184.00000	 94.59000	 60.68179	 94.59000
184.20000	 94.28000	 60.36418	 94.28000
184.40000	 93.90000	 60.08683	 93.90000
184.60000	 93.43000	 59.82690	 93.43000
184.80000	 92.76000	 59.48321	 92.76000
185.00000	 92.05000	 59.19853	 92.05000
185.20000	 91.35000	 59.01324	 91.35000
185.40000	 90.69000	 58.94189	 90.69000
185.60000	 90.21000	 59.08744	 90.21000
185.80000	 89.87000	 59.38194	 89.87000
186.00000	 89.62000	 59.74511	 89.62000
186.20000	 89.48000	 60.16247	 89.48000
186.40000	 89.45000	 60.60701	 89.45000
186.60000	 89.52000	 61.04895	 89.52000
186.80000	 89.70000	 61.48280	 89.70000
187.00000	 89.96000	 61.87360	 89.96000
187.20000	 90.33000	 62.24549	 90.33000
187.40000	 90.82000	 62.60778	 90.82000
187.60000	 91.34000	 62.88382	 91.34000
187.80000	 91.88000	 63.07420	 91.88000
188.00000	 92.39000	 63.15004	 92.39000
188.20000	 92.85000	 63.11484	 92.85000
188.40000	 93.25000	 62.98480	 93.25000
188.60000	 93.56000	 62.75996	 93.56000
188.80000	 93.71000	 62.40640	 93.71000
189.00000	 93.75000	 61.99811	 93.75000
189.20000	 93.69000	 61.56993	 93.69000
189.40000	 93.52000	 61.13300	 93.52000
189.60000	 93.19000	 60.65824	 93.19000
189.80000	 92.82000	 60.26318	 92.82000
190.00000	 92.46000	 59.99285	 92.46000
190.20000	 92.19000	 59.90606	 92.19000
190.40000	 92.11000	 60.06506	 92.11000
190.60000	 92.12000	 60.34295	 92.12000
190.80000	 92.22000	 60.70092	 92.22000
191.00000	 92.45000	 61.13942	 92.45000
191.20000	 92.79000	 61.60992	 92.79000
191.40000	 93.16000	 62.01847	 93.16000
191.60000	 93.52000	 62.31934	 93.52000
191.80000	 93.80000	 62.45426	 93.80000
192.00000	 93.99000	 62.43191	 93.99000
192.20000	 94.11000	 62.29641	 94.11000
192.40000	 94.14000	 62.05953	 94.14000
192.60000	 94.02000	 61.69872	 94.02000
192.80000	 93.83000	 61.31549	 93.83000
193.00000	 93.60000	 60.96006	 93.60000
193.20000	 93.37000	 60.68122	 93.37000
193.40000	 93.18000	 60.51617	 93.18000
193.60000	 92.97000	 60.40377	 92.97000
193.80000	 92.70000	 60.29802	 92.70000
194.00000	 92.26000	 60.09481	 92.26000
194.20000	 91.70000	 59.84064	 91.70000
194.40000	 91.13000	 59.63783	 91.13000
194.60000	 90.63000	 59.55568	 90.63000
194.80000	 90.31000	 59.67832	 90.31000
195.00000	 90.14000	 59.95266	 90.14000
195.20000	 90.11000	 60.33718	 90.11000
195.40000	 90.20000	 60.78158	 90.20000
195.60000	 90.46000	 61.30104	 90.46000
195.80000	 90.84000	 61.82572	 90.84000
196.00000	 91.32000	 62.31967	 91.32000
196.20000	 91.90000	 62.77311	 91.90000
196.40000	 92.60000	 63.20064	 92.60000
196.60000	 93.30000	 63.49872	 93.30000
196.80000	 93.96000	 63.64536	 93.96000
197.00000	 94.44000	 63.54200	 94.44000
197.20000	 94.77000	 63.25410	 94.77000
197.40000	 95.01000	 62.87825	 95.01000
197.60000	 95.19000	 62.47952	 95.19000
197.80000	 95.32000	 62.09562	 95.32000
198.00000	 95.40000	 61.74520	 95.40000
198.20000	 95.40000	 61.41181	 95.40000
198.40000	 95.30000	 61.08302	 95.30000
198.60000	 95.11000	 60.77032	 95.11000
198.80000	 94.89000	 60.52613	 94.89000
199.00000	 94.63000	 60.33542	 94.63000
199.20000	 94.42000	 60.26686	 94.42000
199.40000	 94.21000	 60.25895	 94.21000
199.60000	 93.97000	 60.26735	 93.97000
199.80000	 93.70000	 60.27783	 93.70000
200.00000	 93.30000	 60.19341	 93.30000
200.20000	 92.93000	 60.15488	 92.93000
200.40000	 92.64000	 60.20264	 92.64000
200.60000	 92.52000	 60.40474	 92.52000
200.80000	 92.62000	 60.78324	 92.62000
201.00000	 92.84000	 61.22013	 92.84000
201.20000	 93.15000	 61.66246	 93.15000
201.40000	 93.62000	 62.15208	 93.62000
201.60000	 94.11000	 62.54998	 94.11000
201.80000	 94.56000	 62.80072	 94.56000
202.00000	 94.82000	 62.78557	 94.82000
202.20000	 94.85000	 62.50262	 94.85000
202.40000	 94.73000	 62.06915	 94.73000
202.60000	 94.47000	 61.54088	 94.47000
202.80000	 94.08000	 60.96784	 94.08000
203.00000	 93.57000	 60.39134	 93.57000
203.20000	 92.99000	 59.87755	 92.99000
203.40000	 92.35000	 59.44484	 92.35000
203.60000	 91.66000	 59.10082	 91.66000
203.80000	 90.97000	 58.87971	 90.97000
204.00000	 90.30000	 58.78088	 90.30000
204.20000	 89.71000	 58.83243	 89.71000
204.40000	 89.24000	 59.03839	 89.24000
204.60000	 88.86000	 59.33700	 88.86000
204.80000	 88.61000	 59.72967	 88.61000
205.00000	 88.55000	 60.23676	 88.55000
205.20000	 88.71000	 60.85183	 88.71000
205.40000	 88.96000	 61.42955	 88.96000
205.60000	 89.28000	 61.93381	 89.28000
205.80000	 89.60000	 62.29788	 89.60000
206.00000	 89.90000	 62.51359	 89.90000
206.20000	 90.19000	 62.60999	 90.19000
206.40000	 90.48000	 62.62116	 90.48000
206.60000	 90.75000	 62.55537	 90.75000
206.80000	 90.99000	 62.42893	 90.99000
207.00000	 91.20000	 62.26485	 91.20000
207.20000	 91.38000	 62.08257	 91.38000
207.40000	 91.54000	 61.90591	 91.54000
207.60000	 91.65000	 61.71872	 91.65000
207.80000	 91.68000	 61.50270	 91.68000
208.00000	 91.60000	 61.23976	 91.60000
208.20000	 91.37000	 60.90494	 91.37000
208.40000	 91.07000	 60.58109	 91.07000
208.60000	 90.75000	 60.31972	 90.75000
208.80000	 90.43000	 60.13787	 90.43000
209.00000	 90.13000	 60.04513	 90.13000
209.20000	 89.88000	 60.05379	 89.88000
209.40000	 89.69000	 60.15347	 89.69000
209.60000	 89.59000	 60.34853	 89.59000
209.80000	 89.61000	 60.64112	 89.61000
210.00000	 89.73000	 60.98827	 89.73000
210.20000	 89.97000	 61.38464	 89.97000
210.40000	 90.42000	 61.88823	 90.42000
210.60000	 91.04000	 62.44052	 91.04000
210.80000	 91.67000	 62.88167	 91.67000
211.00000	 92.25000	 63.15568	 92.25000
211.20000	 92.60000	 63.11922	 92.60000
211.40000	 92.78000	 62.86249	 92.78000
211.60000	 92.82000	 62.45848	 92.82000
211.80000	 92.71000	 61.94470	 92.71000
212.00000	 92.39000	 61.31115	 92.39000
212.20000	 91.97000	 60.69357	 91.97000
212.40000	 91.47000	 60.13547	 91.47000
212.60000	 90.92000	 59.67524	 90.92000
212.80000	 90.35000	 59.33813	 90.35000
213.00000	 89.81000	 59.15534	 89.81000
213.20000	 89.32000	 59.12120	 89.32000
213.40000	 88.94000	 59.25791	 88.94000
213.60000	 88.75000	 59.59824	 88.75000
213.80000	 88.69000	 60.04569	 88.69000
214.00000	 88.73000	 60.53351	 88.73000
214.20000	 88.89000	 61.04729	 88.89000
214.40000	 89.24000	 61.62356	 89.24000
214.60000	 89.65000	 62.12696	 89.65000
214.80000	 90.08000	 62.51420	 90.08000
215.00000	 90.47000	 62.73829	 90.47000
215.20000	 90.78000	 62.78339	 90.78000
215.40000	 91.03000	 62.69682	 91.03000
215.60000	 91.19000	 62.48558	 91.19000
215.80000	 91.22000	 62.14947	 91.22000
216.00000	 91.14000	 61.74141	 91.14000
216.20000	 90.97000	 61.31000	 90.97000
216.40000	 90.73000	 60.89632	 90.73000
216.60000	 90.39000	 60.48888	 90.39000
216.80000	 90.00000	 60.14050	 90.00000
217.00000	 89.61000	 59.89543	 89.61000
217.20000	 89.24000	 59.76181	 89.24000
217.40000	 88.95000	 59.77487	 88.95000
217.60000	 88.78000	 59.94393	 88.78000
217.80000	 88.70000	 60.21070	 88.70000
218.00000	 88.73000	 60.56118	 88.73000
218.20000	 88.93000	 61.01803	 88.93000
218.40000	 89.38000	 61.62056	 89.38000
218.60000	 89.91000	 62.18676	 89.91000
218.80000	 90.50000	 62.67909	 90.50000
219.00000	 91.10000	 63.04724	 91.10000
219.20000	 91.66000	 63.25477	 91.66000
219.40000	 92.16000	 63.30430	 92.16000
219.60000	 92.54000	 63.17241	 92.54000
219.80000	 92.71000	 62.81774	 92.71000
220.00000	 92.62000	 62.24310	 92.62000
220.20000	 92.40000	 61.61388	 92.40000
220.40000	 92.08000	 60.99739	 92.08000
220.60000	 91.71000	 60.46426	 91.71000
220.80000	 91.31000	 60.04272	 91.31000
221.00000	 90.90000	 59.74705	 90.90000
221.20000	 90.49000	 59.57184	 90.49000
221.40000	 90.13000	 59.53940	 90.13000
221.60000	 89.84000	 59.63902	 89.84000
221.80000	 89.62000	 59.83887	 89.62000
222.00000	 89.48000	 60.11624	 89.48000
222.20000	 89.44000	 60.45955	 89.44000
222.40000	 89.62000	 60.94695	 89.62000
222.60000	 89.91000	 61.45150	 89.91000
222.80000	 90.27000	 61.91528	 90.27000
223.00000	 90.66000	 62.29148	 90.66000
223.20000	 91.07000	 62.57140	 91.07000
223.40000	 91.45000	 62.72074	 91.45000
223.60000	 91.77000	 62.73208	 91.77000
223.80000	 92.00000	 62.60522	 92.00000
224.00000	 92.02000	 62.26674	 92.02000
224.20000	 91.87000	 61.79243	 91.87000
224.40000	 91.62000	 61.28414	 91.62000
224.60000	 91.28000	 60.78197	 91.28000
224.80000	 90.84000	 60.29827	 90.84000
225.00000	 90.35000	 59.88914	 90.35000
225.20000	 89.82000	 59.56489	 89.82000
225.40000	 89.27000	 59.33590	 89.27000
225.60000	 88.73000	 59.21437	 88.73000
225.80000	 88.22000	 59.19789	 88.22000
226.00000	 87.75000	 59.27158	 87.75000
226.20000	 87.37000	 59.45409	 87.37000
226.40000	 87.09000	 59.72677	 87.09000
226.60000	 87.02000	 60.15793	 87.02000
226.80000	 87.06000	 60.62712	 87.06000
227.00000	 87.20000	 61.09901	 87.20000
227.20000	 87.44000	 61.55506	 87.44000
227.40000	 87.87000	 62.06229	 87.87000
227.60000	 88.34000	 62.47811	 88.34000
227.80000	 88.78000	 62.74192	 88.78000
228.00000	 89.15000	 62.83346	 89.15000
228.20000	 89.23000	 62.58780	 89.23000
228.40000	 89.20000	 62.21094	 89.20000
228.60000	 89.06000	 61.74949	 89.06000
228.80000	 88.80000	 61.23482	 88.80000
229.00000	 88.40000	 60.68215	 88.40000
229.20000	 87.93000	 60.17823	 87.93000
229.40000	 87.44000	 59.77972	 87.44000
229.60000	 86.94000	 59.49446	 86.94000
229.80000	 86.48000	 59.35456	 86.48000
230.00000	 86.09000	 59.36454	 86.09000
230.20000	 85.79000	 59.51280	 85.79000
230.40000	 85.61000	 59.79238	 85.61000
230.60000	 85.63000	 60.23772	 85.63000
230.80000	 85.85000	 60.80915	 85.85000
231.00000	 86.21000	 61.41548	 86.21000
231.20000	 86.72000	 62.03528	 86.72000
231.40000	 87.45000	 62.70749	 87.45000
231.60000	 88.36000	 63.37761	 88.36000
231.80000	 89.29000	 63.89343	 89.29000
232.00000	 90.20000	 64.22572	 90.20000
232.20000	 90.93000	 64.25660	 90.93000
232.40000	 91.48000	 64.02898	 91.48000
232.60000	 91.86000	 63.60539	 91.86000
232.80000	 92.05000	 63.02405	 92.05000
233.00000	 91.83000	 62.14688	 91.83000
233.20000	 91.43000	 61.23781	 91.43000
233.40000	 90.94000	 60.42215	 90.94000
233.60000	 90.41000	 59.76696	 90.41000
233.80000	 90.04000	 59.44712	 90.04000
234.00000	 89.73000	 59.34499	 89.73000
234.20000	 89.51000	 59.44486	 89.51000
234.40000	 89.42000	 59.73358	 89.42000
234.60000	 89.63000	 60.30803	 89.63000
234.80000	 90.00000	 60.98482	 90.00000
235.00000	 90.44000	 61.63356	 90.44000
235.20000	 90.91000	 62.18615	 90.91000
235.40000	 91.30000	 62.53307	 91.30000
235.60000	 91.63000	 62.70139	 91.63000
235.80000	 91.89000	 62.70593	 91.89000
236.00000	 92.08000	 62.57838	 92.08000
236.20000	 92.16000	 62.31828	 92.16000
236.40000	 92.14000	 61.97047	 92.14000
236.60000	 92.02000	 61.56809	 92.02000
236.80000	 91.82000	 61.15647	 91.82000
237.00000	 91.42000	 60.65143	 91.42000
237.20000	 90.93000	 60.17098	 90.93000
237.40000	 90.44000	 59.80638	 90.44000
237.60000	 90.00000	 59.59914	 90.00000
237.80000	 89.75000	 59.65476	 89.75000
238.00000	 89.66000	 59.91141	 89.66000
238.20000	 89.69000	 60.29082	 89.69000
238.40000	 89.84000	 60.75141	 89.84000
238.60000	 90.17000	 61.30909	 90.17000
238.80000	 90.63000	 61.88638	 90.63000
239.00000	 91.17000	 62.41468	 91.17000
239.20000	 91.76000	 62.85525	 91.76000
239.40000	 92.40000	 63.20772	 92.40000
239.60000	 93.02000	 63.41941	 93.02000
239.80000	 93.59000	 63.48321	 93.59000
240.00000	 94.06000	 63.38270	 94.06000
240.20000	 94.31000	 63.04772	 94.31000
240.40000	 94.41000	 62.58454	 94.41000
240.60000	 94.35000	 62.02784	 94.35000
240.80000	 94.09000	 61.38146	 94.09000
241.00000	 93.58000	 60.63684	 93.58000
241.20000	 92.95000	 59.93998	 92.95000
241.40000	 92.25000	 59.35250	 92.25000
241.60000	 91.55000	 58.93731	 91.55000
241.80000	 90.91000	 58.73170	 90.91000
242.00000	 90.32000	 58.69694	 90.32000
242.20000	 89.82000	 58.83091	 89.82000
242.40000	 89.43000	 59.10963	 89.43000
242.60000	 89.27000	 59.59522	 89.27000
242.80000	 89.27000	 60.17845	 89.27000
243.00000	 89.40000	 60.79078	 89.40000
243.20000	 89.64000	 61.38286	 89.64000
243.40000	 90.04000	 61.97814	 90.04000
243.60000	 90.58000	 62.54532	 90.58000
243.80000	 91.15000	 62.98209	 91.15000
244.00000	 91.72000	 63.27012	 91.72000
244.20000	 92.20000	 63.35063	 92.20000
244.40000	 92.54000	 63.21314	 92.54000
244.60000	 92.81000	 62.96169	 92.81000
244.80000	 93.01000	 62.63689	 93.01000
245.00000	 93.14000	 62.27366	 93.14000
245.20000	 93.19000	 61.89103	 93.19000
245.40000	 93.16000	 61.50988	 93.16000
245.60000	 93.06000	 61.15310	 93.06000
245.80000	 92.80000	 60.74988	 92.80000
246.00000	 92.45000	 60.37031	 92.45000
246.20000	 92.10000	 60.09660	 92.10000
246.40000	 91.79000	 59.95629	 91.79000
246.60000	 91.65000	 60.04475	 91.65000
246.80000	 91.68000	 60.32844	 91.68000
247.00000	 91.81000	 60.70511	 91.81000
247.20000	 92.04000	 61.13744	 92.04000
247.40000	 92.44000	 61.65532	 92.44000
247.60000	 92.99000	 62.21211	 92.99000
247.80000	 93.55000	 62.66250	 93.55000
248.00000	 94.06000	 62.94804	 94.06000
248.20000	 94.36000	 62.94086	 94.36000
248.40000	 94.43000	 62.65867	 94.43000
248.60000	 94.37000	 62.23833	 94.37000
248.80000	 94.19000	 61.73597	 94.19000
249.00000	 93.88000	 61.18332	 93.88000
249.20000	 93.46000	 60.63029	 93.46000
249.40000	 92.97000	 60.13401	 92.97000
249.60000	 92.41000	 59.70447	 92.41000
249.80000	 91.78000	 59.34218	 91.78000
250.00000	 91.08000	 59.04099	 91.08000
250.20000	 90.41000	 58.87764	 90.41000
250.40000	 89.81000	 58.86686	 89.81000
250.60000	 89.32000	 59.01521	 89.32000
250.80000	 89.13000	 59.45339	 89.13000
251.00000	 89.10000	 60.00897	 89.10000
251.20000	 89.18000	 60.59253	 89.18000
251.40000	 89.38000	 61.17842	 89.38000
251.60000	 89.74000	 61.77765	 89.74000
251.80000	 90.19000	 62.31191	 90.19000
252.00000	 90.65000	 62.70590	 90.65000
252.20000	 91.07000	 62.92547	 91.07000
252.40000	 91.34000	 62.89791	 91.34000
252.60000	 91.48000	 62.67959	 91.48000
252.80000	 91.53000	 62.35010	 91.53000
253.00000	 91.47000	 61.93348	 91.47000
253.20000	 91.24000	 61.41434	 91.24000
253.40000	 90.91000	 60.88837	 90.91000
253.60000	 90.53000	 60.42364	 90.53000
253.80000	 90.14000	 60.06606	 90.14000
254.00000	 89.77000	 59.83927	 89.77000
254.20000	 89.45000	 59.75531	 89.45000
254.40000	 89.21000	 59.81708	 89.21000
254.60000	 89.08000	 60.02096	 89.08000
254.80000	 89.18000	 60.43740	 89.18000
255.00000	 89.50000	 61.01453	 89.50000
255.20000	 89.91000	 61.59465	 89.91000
255.40000	 90.39000	 62.12928	 90.39000
255.60000	 90.89000	 62.55786	 90.89000
255.80000	 91.39000	 62.86124	 91.39000
256.00000	 91.84000	 63.00659	 91.84000
256.20000	 92.23000	 63.00746	 92.23000
256.40000	 92.44000	 62.78855	 92.44000
256.60000	 92.50000	 62.41649	 92.50000
256.80000	 92.46000	 61.97708	 92.46000
257.00000	 92.31000	 61.49715	 92.31000
257.20000	 92.02000	 60.97887	 92.02000
257.40000	 91.62000	 60.47128	 91.62000
257.60000	 91.17000	 60.04121	 91.17000
257.80000	 90.68000	 59.70010	 90.68000
258.00000	 90.15000	 59.44138	 90.15000
258.20000	 89.62000	 59.28738	 89.62000
258.40000	 89.14000	 59.26303	 89.14000
258.60000	 88.76000	 59.38677	 88.76000
258.80000	 88.55000	 59.68826	 88.55000
259.00000	 88.64000	 60.24233	 88.64000
259.20000	 88.85000	 60.84276	 88.85000
259.40000	 89.15000	 61.42479	 89.15000
259.60000	 89.51000	 61.93748	 89.51000
259.80000	 89.92000	 62.36156	 89.92000
260.00000	 90.32000	 62.64606	 90.32000
260.20000	 90.69000	 62.78760	 90.69000
260.40000	 90.99000	 62.77459	 90.99000
260.60000	 91.06000	 62.49856	 91.06000
260.80000	 91.04000	 62.12686	 91.04000
261.00000	 90.95000	 61.71739	 90.95000
261.20000	 90.80000	 61.31036	 90.80000
261.40000	 90.61000	 60.94466	 90.61000
261.60000	 90.40000	 60.64855	 90.40000
261.80000	 90.16000	 60.41428	 90.16000
262.00000	 89.93000	 60.27134	 89.93000
262.20000	 89.65000	 60.15532	 89.65000
262.40000	 89.40000	 60.12460	 89.40000
262.60000	 89.23000	 60.20692	 89.23000
262.80000	 89.17000	 60.40686	 89.17000
263.00000	 89.35000	 60.81158	 89.35000
263.20000	 89.78000	 61.39292	 89.78000
263.40000	 90.33000	 61.99607	 90.33000
263.60000	 90.98000	 62.57283	 90.98000
263.80000	 91.68000	 63.06107	 91.68000
264.00000	 92.43000	 63.45633	 92.43000
264.20000	 93.16000	 63.70358	 93.16000
264.40000	 93.85000	 63.80341	 93.85000
264.60000	 94.45000	 63.73874	 94.45000
264.80000	 94.89000	 63.48240	 94.89000
265.00000	 95.22000	 63.11902	 95.22000
265.20000	 95.42000	 62.66971	 95.42000
265.40000	 95.39000	 62.08210	 95.39000
265.60000	 95.17000	 61.42761	 95.17000
265.80000	 94.89000	 60.85058	 94.89000
266.00000	 94.61000	 60.41743	 94.61000
266.20000	 94.45000	 60.22872	 94.45000
266.40000	 94.44000	 60.28499	 94.44000
266.60000	 94.51000	 60.48479	 94.51000
266.80000	 94.70000	 60.82131	 94.70000
267.00000	 95.05000	 61.28778	 95.05000
267.20000	 95.60000	 61.87815	 95.60000
267.40000	 96.21000	 62.43115	 96.21000
267.60000	 96.83000	 62.87951	 96.83000
267.80000	 97.40000	 63.16453	 97.40000
268.00000	 97.88000	 63.26231	 97.88000
268.20000	 98.27000	 63.19793	 98.27000
268.40000	 98.52000	 62.96050	 98.52000
268.60000	 98.58000	 62.54529	 98.58000
268.80000	 98.43000	 61.97823	 98.43000
269.00000	 98.13000	 61.35547	 98.13000
269.20000	 97.68000	 60.71251	 97.68000
269.40000	 97.02000	 60.02345	 97.02000
269.60000	 96.22000	 59.37132	 96.22000
269.80000	 95.38000	 58.85462	 95.38000
270.00000	 94.57000	 58.52937	 94.57000
270.20000	 93.93000	 58.49578	 93.93000
270.40000	 93.51000	 58.75514	 93.51000
270.60000	 93.20000	 59.15530	 93.20000
270.80000	 93.03000	 59.67003	 93.03000
271.00000	 93.04000	 60.28724	 93.04000
271.20000	 93.29000	 61.01725	 93.29000
271.40000	 93.60000	 61.66441	 93.60000
271.60000	 93.91000	 62.15736	 93.91000
271.80000	 94.12000	 62.41049	 94.12000
272.00000	 94.10000	 62.33427	 94.10000
272.20000	 94.00000	 62.10608	 94.00000
272.40000	 93.84000	 61.79010	 93.84000
272.60000	 93.64000	 61.44434	 93.64000
272.80000	 93.42000	 61.11704	 93.42000
273.00000	 93.15000	 60.80174	 93.15000
273.20000	 92.81000	 60.49340	 92.81000
273.40000	 92.33000	 60.13897	 92.33000
273.60000	 91.67000	 59.71322	 91.67000
273.80000	 91.02000	 59.39427	 91.02000
274.00000	 90.41000	 59.20714	 90.41000
274.20000	 89.96000	 59.24295	 89.96000
274.40000	 89.76000	 59.54996	 89.76000
274.60000	 89.71000	 59.99526	 89.71000
274.80000	 89.79000	 60.51680	 89.79000
275.00000	 90.05000	 61.12007	 90.05000
275.20000	 90.52000	 61.79744	 90.52000
275.40000	 91.06000	 62.39724	 91.06000
275.60000	 91.62000	 62.86271	 91.62000
275.80000	 92.11000	 63.11919	 92.11000
276.00000	 92.50000	 63.16271	 92.50000
276.20000	 92.82000	 63.05466	 92.82000
276.40000	 93.09000	 62.85109	 93.09000
276.60000	 93.30000	 62.57905	 93.30000
276.80000	 93.44000	 62.26098	 93.44000
277.00000	 93.48000	 61.89660	 93.48000
277.20000	 93.40000	 61.49061	 93.40000
277.40000	 93.05000	 60.93169	 93.05000
277.60000	 92.58000	 60.37739	 92.58000
277.80000	 92.07000	 59.91543	 92.07000
278.00000	 91.54000	 59.56697	 91.54000
278.20000	 91.06000	 59.38468	 91.06000
278.40000	 90.66000	 59.37335	 90.66000
278.60000	 90.37000	 59.52824	 90.37000
278.80000	 90.23000	 59.84723	 90.23000
279.00000	 90.44000	 60.46329	 90.44000
279.20000	 90.84000	 61.18159	 90.84000
279.40000	 91.36000	 61.89329	 91.36000
279.60000	 91.96000	 62.53123	 91.96000
279.80000	 92.65000	 63.08876	 92.65000
280.00000	 93.33000	 63.47616	 93.33000
280.20000	 93.95000	 63.66409	 93.95000
280.40000	 94.44000	 63.62029	 94.44000
280.60000	 94.63000	 63.23853	 94.63000
280.80000	 94.65000	 62.69201	 94.65000
281.00000	 94.50000	 62.03775	 94.50000
281.20000	 94.16000	 61.30776	 94.16000
281.40000	 93.59000	 60.50834	 93.59000
281.60000	 92.91000	 59.77838	 92.91000
281.80000	 92.17000	 59.17853	 92.17000
282.00000	 91.43000	 58.76042	 91.43000
282.20000	 90.76000	 58.56733	 90.76000
282.40000	 90.15000	 58.55723	 90.15000
282.60000	 89.64000	 58.72456	 89.64000
282.80000	 89.25000	 59.04216	 89.25000
283.00000	 89.16000	 59.62158	 89.16000
283.20000	 89.25000	 60.30319	 89.25000
283.40000	 89.43000	 60.96109	 89.43000
283.60000	 89.68000	 61.54727	 89.68000
283.80000	 89.95000	 62.00397	 89.95000
284.00000	 90.22000	 62.31622	 90.22000
284.20000	 90.44000	 62.45589	 90.44000
284.40000	 90.60000	 62.44116	 90.60000
284.60000	 90.57000	 62.19221	 90.57000
284.80000	 90.41000	 61.80594	 90.41000
285.00000	 90.17000	 61.36962	 90.17000
285.20000	 89.87000	 60.93554	 89.87000
285.40000	 89.54000	 60.55364	 89.54000
285.60000	 89.19000	 60.24415	 89.19000
285.80000	 88.81000	 59.99948	 88.81000
286.00000	 88.44000	 59.84896	 88.44000
286.20000	 88.03000	 59.73649	 88.03000
286.40000	 87.65000	 59.71046	 87.65000
286.60000	 87.32000	 59.77152	 87.32000
286.80000	 87.07000	 59.92598	 87.07000
287.00000	 86.97000	 60.21228	 86.97000
287.20000	 87.04000	 60.62008	 87.04000
287.40000	 87.23000	 61.07549	 87.23000
287.60000	 87.53000	 61.54447	 87.53000
