  0.00000	 94.77000	 60.66179	 94.77000
  0.20000	 94.72000	 61.36394	 94.72000
  0.40000	 94.63000	 61.91623	 94.63000
  0.60000	 94.53000	 62.32605	 94.53000
  0.80000	 94.44000	 62.61140	 94.44000
  1.00000	 94.37000	 62.79356	 94.37000
  1.20000	 94.34000	 62.90717	 94.34000
  1.40000	 94.37000	 62.98755	 94.37000
  1.60000	 94.47000	 63.05939	 94.47000
  1.80000	 94.65000	 63.14308	 94.65000
  2.00000	 94.95000	 63.27736	 94.95000
  2.20000	 95.36000	 63.45522	 95.36000
  2.40000	 95.90000	 63.68872	 95.90000
  2.60000	 96.59000	 63.98588	 96.59000
  2.80000	 97.55000	 64.42864	 97.55000
  3.00000	 98.63000	 64.87987	 98.63000
  3.20000	 99.77000	 65.27796	 99.77000
  3.40000	100.94000	 65.59432	100.94000
  3.60000	102.09000	 65.79428	102.09000
  3.80000	103.21000	 65.88390	103.21000
  4.00000	104.28000	 65.86767	104.28000
  4.20000	105.37000	 65.82354	105.37000
  4.40000	106.32000	 65.64676	106.32000
  4.60000	107.02000	 65.27773	107.02000
  4.80000	107.23000	 64.56619	107.23000
  5.00000	106.66000	 63.34390	106.66000
  5.20000	105.79000	 62.06874	105.79000
  5.40000	104.78000	 60.92883	104.78000
  5.60000	103.98000	 60.22666	103.98000
  5.80000	103.61000	 60.11321	103.61000
  6.00000	103.35000	 60.27221	103.35000
  6.20000	103.15000	 60.59189	103.15000
  6.40000	102.99000	 60.99105	102.99000
  6.60000	102.84000	 61.39352	102.84000
  6.80000	102.54000	 61.63845	102.54000
  7.00000	102.24000	 61.83109	102.24000
  7.20000	101.95000	 61.97660	101.95000
  7.40000	101.66000	 62.06991	101.66000
  7.60000	101.40000	 62.14106	101.40000
  7.80000	101.23000	 62.24336	101.23000
  8.00000	101.07000	 62.31678	101.07000
  8.20000	100.92000	 62.36540	100.92000
  8.40000	100.76000	 62.37894	100.76000
  8.60000	100.57000	 62.34879	100.57000
  8.80000	100.30000	 62.24512	100.30000
  9.00000	100.01000	 62.12737	100.01000
  9.20000	 99.71000	 62.01356	 99.71000
  9.40000	 99.41000	 61.91819	 99.41000
  9.60000	 99.08000	 61.82093	 99.08000
  9.80000	 98.73000	 61.73169	 98.73000
 10.00000	 98.44000	 61.71312	 98.44000
 10.20000	 98.22000	 61.76684	 98.22000
 10.40000	 98.12000	 61.92059	 98.12000
 10.60000	 98.33000	 62.30460	 98.33000
 10.80000	 98.62000	 62.70774	 98.62000
 11.00000	 98.96000	 63.08221	 98.96000
 11.20000	 99.31000	 63.38282	 99.31000
 11.40000	 99.58000	 63.53704	 99.58000
 11.60000	 99.81000	 63.58763	 99.81000
 11.80000	 99.99000	 63.54474	 99.99000
 12.00000	100.09000	 63.40632	100.09000
 12.20000	100.00000	 63.11078	100.00000
 12.40000	 99.90000	 62.82843	 99.90000
 12.60000	 99.83000	 62.61038	 99.83000
 12.80000	 99.87000	 62.52647	 99.87000
 13.00000	100.14000	 62.66256	100.14000
 13.20000	100.50000	 62.88487	100.50000
 13.40000	100.92000	 63.14455	100.92000
 13.60000	101.39000	 63.41270	101.39000
 13.80000	101.92000	 63.68166	101.92000
 14.00000	102.43000	 63.87885	102.43000
 14.20000	102.89000	 63.98043	102.89000
 14.40000	103.26000	 63.96400	103.26000
 14.60000	103.47000	 63.79233	103.47000
 14.80000	103.54000	 63.50710	103.54000
 15.00000	103.46000	 63.12927	103.46000
 15.20000	103.11000	 62.59433	103.11000
 15.40000	102.54000	 61.97514	102.54000
 15.60000	101.92000	 61.43462	101.92000
 15.80000	101.32000	 61.04114	101.32000
 16.00000	101.01000	 60.99963	101.01000
 16.20000	100.82000	 61.14274	100.82000
 16.40000	100.74000	 61.42068	100.74000
 16.60000	100.75000	 61.77626	100.75000
 16.80000	100.93000	 62.23532	100.93000
 17.00000	101.15000	 62.66267	101.15000
 17.20000	101.36000	 62.99874	101.36000
 17.40000	101.49000	 63.18353	101.49000
 17.60000	101.48000	 63.18076	101.48000
 17.80000	101.35000	 63.03052	101.35000
 18.00000	101.09000	 62.75589	101.09000
 18.20000	100.55000	 62.27364	100.55000
 18.40000	 99.81000	 61.68776	 99.81000
 18.60000	 99.00000	 61.13752	 99.00000
 18.80000	 98.17000	 60.68491	 98.17000
 19.00000	 97.52000	 60.49161	 97.52000
 19.20000	 96.97000	 60.47612	 96.97000
 19.40000	 96.47000	 60.56950	 96.47000
 19.60000	 96.02000	 60.74060	 96.02000
 19.80000	 95.61000	 60.95280	 95.61000
 20.00000	 95.24000	 61.18231	 95.24000
 20.20000	 94.90000	 61.40330	 94.90000
 20.40000	 94.60000	 61.61188	 94.60000
 20.60000	 94.31000	 61.77797	 94.31000
 20.80000	 94.04000	 61.90863	 94.04000
 21.00000	 93.77000	 61.99126	 93.77000
 21.20000	 93.51000	 62.04018	 93.51000
 21.40000	 93.28000	 62.07860	 93.28000
 21.60000	 93.07000	 62.10520	 93.07000
 21.80000	 92.88000	 62.12554	 92.88000
 22.00000	 92.70000	 62.13637	 92.70000
 22.20000	 92.57000	 62.17268	 92.57000
 22.40000	 92.51000	 62.25040	 92.51000
 22.60000	 92.53000	 62.37376	 92.53000
 22.80000	 92.68000	 62.57485	 92.68000
 23.00000	 92.92000	 62.81093	 92.92000
 23.20000	 93.26000	 63.07842	 93.26000
 23.40000	 93.70000	 63.36666	 93.70000
 23.60000	 94.29000	 63.70515	 94.29000
 23.80000	 94.98000	 64.04427	 94.98000
 24.00000	 95.72000	 64.33786	 95.72000
 24.20000	 96.46000	 64.54639	 96.46000
 24.40000	 97.13000	 64.62319	 97.13000
 24.60000	 97.74000	 64.59357	 97.74000
 24.80000	 98.31000	 64.49515	 98.31000
 25.00000	 98.81000	 64.32651	 98.81000
 25.20000	 99.24000	 64.10927	 99.24000
 25.40000	 99.58000	 63.84742	 99.58000
 25.60000	 99.81000	 63.54304	 99.81000
 25.80000	 99.87000	 63.16572	 99.87000
 26.00000	 99.77000	 62.74094	 99.77000
 26.20000	 99.54000	 62.30849	 99.54000
 26.40000	 99.20000	 61.89585	 99.20000
 26.60000	 98.75000	 61.50928	 98.75000
 26.80000	 98.19000	 61.15049	 98.19000
 27.00000	 97.57000	 60.85659	 97.57000
 27.20000	 96.92000	 60.64347	 96.92000
 27.40000	 96.26000	 60.51382	 96.26000
 27.60000	 95.70000	 60.53607	 95.70000
 27.80000	 95.19000	 60.64566	 95.19000
 28.00000	 94.71000	 60.80102	 94.71000
 28.20000	 94.26000	 60.97980	 94.26000
 28.40000	 93.83000	 61.15661	 93.83000
 28.60000	 93.44000	 61.33494	 93.44000
 28.80000	 93.08000	 61.49866	 93.08000
 29.00000	 92.75000	 61.64337	 92.75000
 29.20000	 92.42000	 61.74467	 92.42000
 29.40000	 92.11000	 61.82132	 92.11000
 29.60000	 91.79000	 61.85473	 91.79000
 29.80000	 91.44000	 61.83670	 91.44000
 30.00000	 91.10000	 61.80808	 91.10000
 30.20000	 90.79000	 61.79221	 90.79000
 30.40000	 90.53000	 61.80885	 90.53000
 30.60000	 90.30000	 61.84246	 90.30000
 30.80000	 90.11000	 61.89920	 90.11000
 31.00000	 90.01000	 62.01453	 90.01000
 31.20000	 90.01000	 62.18856	 90.01000
 31.40000	 90.13000	 62.42605	 90.13000
 31.60000	 90.45000	 62.77571	 90.45000
 31.80000	 90.98000	 63.22578	 90.98000
 32.00000	 91.64000	 63.69161	 91.64000
 32.20000	 92.41000	 64.14072	 92.41000
 32.40000	 93.28000	 64.55531	 93.28000
 32.60000	 94.43000	 65.07124	 94.43000
 32.80000	 95.56000	 65.44458	 95.56000
 33.00000	 96.57000	 65.60332	 96.57000
 33.20000	 97.35000	 65.48618	 97.35000
 33.40000	 97.48000	 64.81028	 97.48000
 33.60000	 97.39000	 63.98981	 97.39000
 33.80000	 97.14000	 63.14085	 97.14000
 34.00000	 96.81000	 62.37599	 96.81000
 34.20000	 96.60000	 61.87710	 96.60000
 34.40000	 96.37000	 61.52943	 96.37000
 34.60000	 96.13000	 61.32203	 96.13000
 34.80000	 95.89000	 61.23637	 95.89000
 35.00000	 95.64000	 61.23501	 95.64000
 35.20000	 95.43000	 61.32811	 95.43000
 35.40000	 95.22000	 61.45604	 95.22000
 35.60000	 95.03000	 61.61114	 95.03000
 35.80000	 94.84000	 61.75938	 94.84000
 36.00000	 94.67000	 61.90404	 94.67000
 36.20000	 94.51000	 62.02929	 94.51000
 36.40000	 94.38000	 62.14689	 94.38000
 36.60000	 94.25000	 62.23178	 94.25000
 36.80000	 94.13000	 62.29354	 94.13000
 37.00000	 94.02000	 62.33566	 94.02000
 37.20000	 93.91000	 62.35465	 93.91000
 37.40000	 93.80000	 62.35569	 93.80000
 37.60000	 93.69000	 62.34403	 93.69000
 37.80000	 93.58000	 62.32452	 93.58000
 38.00000	 93.48000	 62.30901	 93.48000
 38.20000	 93.37000	 62.28449	 93.37000
 38.40000	 93.23000	 62.23802	 93.23000
 38.60000	 93.11000	 62.21211	 93.11000
 38.80000	 93.01000	 62.20749	 93.01000
 39.00000	 92.96000	 62.24588	 92.96000
 39.20000	 92.95000	 62.31451	 92.95000
 39.40000	 93.02000	 62.43807	 93.02000
 39.60000	 93.16000	 62.59938	 93.16000
 39.80000	 93.38000	 62.79618	 93.38000
 40.00000	 93.69000	 63.02603	 93.69000
 40.20000	 94.16000	 63.33311	 94.16000
 40.40000	 94.73000	 63.65694	 94.73000
 40.60000	 95.36000	 63.95538	 95.36000
 40.80000	 96.00000	 64.18450	 96.00000
 41.00000	 96.69000	 64.37823	 96.69000
 41.20000	 97.35000	 64.48010	 97.35000
 41.40000	 97.92000	 64.45609	 97.92000
 41.60000	 98.35000	 64.28788	 98.35000
 41.80000	 98.41000	 63.82495	 98.41000
 42.00000	 98.26000	 63.23765	 98.26000
 42.20000	 97.99000	 62.63927	 97.99000
 42.40000	 97.63000	 62.08412	 97.63000
 42.60000	 97.31000	 61.69014	 97.31000
 42.80000	 96.98000	 61.41540	 96.98000
 43.00000	 96.63000	 61.23860	 96.63000
 43.20000	 96.29000	 61.16429	 96.29000
 43.40000	 95.95000	 61.16212	 95.95000
 43.60000	 95.69000	 61.27155	 95.69000
 43.80000	 95.46000	 61.42783	 95.46000
 44.00000	 95.24000	 61.59308	 95.24000
 44.20000	 95.04000	 61.75870	 95.04000
 44.40000	 94.84000	 61.89788	 94.84000
 44.60000	 94.64000	 62.00528	 94.64000
 44.80000	 94.42000	 62.06474	 94.42000
 45.00000	 94.21000	 62.10352	 94.21000
 45.20000	 94.01000	 62.12638	 94.01000
 45.40000	 93.82000	 62.13815	 93.82000
 45.60000	 93.64000	 62.14323	 93.64000
 45.80000	 93.50000	 62.16855	 93.50000
 46.00000	 93.38000	 62.19932	 93.38000
 46.20000	 93.25000	 62.21230	 93.25000
 46.40000	 93.13000	 62.22466	 93.13000
 46.60000	 92.99000	 62.21440	 92.99000
 46.80000	 92.77000	 62.13802	 92.77000
 47.00000	 92.57000	 62.08113	 92.57000
 47.20000	 92.40000	 62.05536	 92.40000
 47.40000	 92.27000	 62.06819	 92.27000
 47.60000	 92.23000	 62.15460	 92.23000
 47.80000	 92.29000	 62.31289	 92.29000
 48.00000	 92.44000	 62.52212	 92.44000
 48.20000	 92.68000	 62.76848	 92.68000
 48.40000	 93.02000	 63.04676	 93.02000
 48.60000	 93.55000	 63.41479	 93.55000
 48.80000	 94.15000	 63.76325	 94.15000
 49.00000	 94.81000	 64.07498	 94.81000
 49.20000	 95.49000	 64.31606	 95.49000
 49.40000	 96.21000	 64.50666	 96.21000
 49.60000	 96.90000	 64.60064	 96.90000
 49.80000	 97.51000	 64.57398	 97.51000
 50.00000	 97.99000	 64.40946	 97.99000
 50.20000	 98.12000	 63.96444	 98.12000
 50.40000	 98.07000	 63.41581	 98.07000
 50.60000	 97.91000	 62.85862	 97.91000
 50.80000	 97.68000	 62.35280	 97.68000
 51.00000	 97.49000	 61.99859	 97.49000
 51.20000	 97.32000	 61.77663	 97.32000
 51.40000	 97.15000	 61.65628	 97.15000
 51.60000	 96.97000	 61.60967	 96.97000
 51.80000	 96.80000	 61.63137	 96.80000
 52.00000	 96.63000	 61.69270	 96.63000
 52.20000	 96.48000	 61.79089	 96.48000
 52.40000	 96.34000	 61.90210	 96.34000
 52.60000	 96.22000	 62.02173	 96.22000
 52.80000	 96.12000	 62.14044	 96.12000
 53.00000	 96.04000	 62.25189	 96.04000
 53.20000	 95.98000	 62.35242	 95.98000
 53.40000	 95.96000	 62.45604	 95.96000
 53.60000	 96.00000	 62.57696	 96.00000
 53.80000	 96.10000	 62.71277	 96.10000
 54.00000	 96.34000	 62.92242	 96.34000
 54.20000	 96.64000	 63.13509	 96.64000
 54.40000	 96.98000	 63.32898	 96.98000
 54.60000	 97.34000	 63.48605	 97.34000
 54.80000	 97.76000	 63.63902	 97.76000
 55.00000	 98.19000	 63.75087	 98.19000
 55.20000	 98.54000	 63.75699	 98.54000
 55.40000	 98.79000	 63.65529	 98.79000
 55.60000	 98.77000	 63.33349	 98.77000
 55.80000	 98.47000	 62.81768	 98.47000
 56.00000	 98.06000	 62.28088	 98.06000
 56.20000	 97.59000	 61.79226	 97.59000
 56.40000	 97.13000	 61.42249	 97.13000
 56.60000	 96.80000	 61.26462	 96.80000
 56.80000	 96.49000	 61.21372	 96.49000
 57.00000	 96.20000	 61.24600	 96.20000
 57.20000	 95.93000	 61.33715	 95.93000
 57.40000	 95.69000	 61.47254	 95.69000
 57.60000	 95.46000	 61.61705	 95.46000
 57.80000	 95.25000	 61.76398	 95.25000
 58.00000	 95.08000	 61.91862	 95.08000
 58.20000	 94.93000	 62.05774	 94.93000
 58.40000	 94.82000	 62.19300	 94.82000
 58.60000	 94.75000	 62.32212	 94.75000
 58.80000	 94.73000	 62.45196	 94.73000
 59.00000	 94.75000	 62.57413	 94.75000
 59.20000	 94.79000	 62.67351	 94.79000
 59.40000	 94.87000	 62.76800	 94.87000
 59.60000	 94.95000	 62.82885	 94.95000
 59.80000	 95.03000	 62.86075	 95.03000
 60.00000	 95.17000	 62.91617	 95.17000
 60.20000	 95.37000	 62.99713	 95.37000
 60.40000	 95.66000	 63.12592	 95.66000
 60.60000	 96.10000	 63.34395	 96.10000
 60.80000	 96.64000	 63.60080	 96.64000
 61.00000	 97.26000	 63.86933	 97.26000
 61.20000	 97.96000	 64.14049	 97.96000
 61.40000	 98.78000	 64.43886	 98.78000
 61.60000	 99.69000	 64.73439	 99.69000
 61.80000	100.61000	 64.96079	100.61000
 62.00000	101.50000	 65.09067	101.50000
 62.20000	102.34000	 65.12010	102.34000
 62.40000	103.10000	 65.04329	103.10000
 62.60000	103.72000	 64.83579	103.72000
 62.80000	104.17000	 64.50180	104.17000
 63.00000	104.26000	 63.92489	104.26000
 63.20000	104.05000	 63.19524	104.05000
 63.40000	103.70000	 62.48104	103.70000
 63.60000	103.27000	 61.85774	103.27000
 63.80000	102.87000	 61.42187	102.87000
 64.00000	102.73000	 61.34167	102.73000
 64.20000	102.63000	 61.40669	102.63000
 64.40000	102.55000	 61.55999	102.55000
 64.60000	102.49000	 61.76454	102.49000
 64.80000	102.42000	 61.96665	102.42000
 65.00000	102.32000	 62.12997	102.32000
 65.20000	102.19000	 62.24367	102.19000
 65.40000	102.04000	 62.31267	102.04000
 65.60000	101.89000	 62.35468	101.89000
 65.80000	101.73000	 62.36608	101.73000
 66.00000	101.51000	 62.31386	101.51000
 66.20000	101.22000	 62.20020	101.22000
 66.40000	100.97000	 62.12281	100.97000
 66.60000	100.79000	 62.11027	100.79000
 66.80000	100.71000	 62.18345	100.71000
 67.00000	100.89000	 62.45664	100.89000
 67.20000	101.26000	 62.85044	101.26000
 67.40000	101.72000	 63.25884	101.72000
 67.60000	102.23000	 63.62982	102.23000
 67.80000	102.75000	 63.92147	102.75000
 68.00000	103.24000	 64.10275	103.24000
 68.20000	103.72000	 64.19952	103.72000
 68.40000	104.20000	 64.23468	104.20000
 68.60000	104.64000	 64.19360	104.64000
 68.80000	105.02000	 64.07925	105.02000
 69.00000	105.39000	 63.94998	105.39000
 69.20000	105.73000	 63.80529	105.73000
 69.40000	106.05000	 63.66472	106.05000
 69.60000	106.29000	 63.48956	106.29000
 69.80000	106.53000	 63.35026	106.53000
 70.00000	106.82000	 63.28806	106.82000
 70.20000	107.18000	 63.31293	107.18000
 70.40000	107.71000	 63.49038	107.71000
 70.60000	108.44000	 63.82115	108.44000
 70.80000	109.24000	 64.17483	109.24000
 71.00000	110.11000	 64.52872	110.11000
 71.20000	111.06000	 64.87495	111.06000
 71.40000	112.14000	 65.24227	112.14000
 71.60000	113.12000	 65.44388	113.12000
 71.80000	113.89000	 65.40412	113.89000
 72.00000	114.24000	 64.98951	114.24000
 72.20000	113.82000	 63.98409	113.82000
 72.40000	113.14000	 62.87566	113.14000
 72.60000	112.28000	 61.79987	112.28000
 72.80000	111.34000	 60.88180	111.34000
 73.00000	110.83000	 60.53429	110.83000
 73.20000	110.43000	 60.46862	110.43000
 73.40000	110.08000	 60.58344	110.08000
 73.60000	109.76000	 60.80826	109.76000
 73.80000	109.46000	 61.08689	109.46000
 74.00000	109.14000	 61.34973	109.14000
 74.20000	108.68000	 61.47862	108.68000
 74.40000	108.25000	 61.60017	108.25000
 74.60000	107.86000	 61.71940	107.86000
 74.80000	107.53000	 61.85016	107.53000
 75.00000	107.30000	 62.02132	107.30000
 75.20000	107.28000	 62.31290	107.28000
 75.40000	107.34000	 62.60959	107.34000
 75.60000	107.49000	 62.90862	107.49000
 75.80000	107.72000	 63.19487	107.72000
 76.00000	108.05000	 63.48007	108.05000
 76.20000	108.48000	 63.76183	108.48000
 76.40000	108.92000	 63.96932	108.92000
 76.60000	109.33000	 64.07779	109.33000
 76.80000	109.66000	 64.06219	109.66000
 77.00000	109.86000	 63.90487	109.86000
 77.20000	109.99000	 63.68011	109.99000
 77.40000	110.07000	 63.42895	110.07000
 77.60000	110.09000	 63.16374	110.09000
 77.80000	110.07000	 62.91514	110.07000
 78.00000	110.01000	 62.69202	110.01000
 78.20000	109.90000	 62.49029	109.90000
 78.40000	109.75000	 62.31815	109.75000
 78.60000	109.50000	 62.12657	109.50000
 78.80000	109.26000	 62.00067	109.26000
 79.00000	109.07000	 61.96515	109.07000
 79.20000	108.96000	 62.03043	108.96000
 79.40000	109.04000	 62.26338	109.04000
 79.60000	109.26000	 62.59704	109.26000
 79.80000	109.59000	 62.97926	109.59000
 80.00000	110.03000	 63.38562	110.03000
 80.20000	110.75000	 63.92870	110.75000
 80.40000	111.56000	 64.43565	111.56000
 80.60000	112.33000	 64.79158	112.33000
 80.80000	112.98000	 64.93891	112.98000
 81.00000	113.17000	 64.63697	113.17000
 81.20000	113.11000	 64.10588	113.11000
 81.40000	112.90000	 63.48421	112.90000
 81.60000	112.58000	 62.85360	112.58000
 81.80000	112.26000	 62.33502	112.26000
 82.00000	111.88000	 61.89615	111.88000
 82.20000	111.44000	 61.53918	111.44000
 82.40000	110.96000	 61.27324	110.96000
 82.60000	110.45000	 61.09300	110.45000
 82.80000	109.90000	 60.97354	109.90000
 83.00000	109.33000	 60.91260	109.33000
 83.20000	108.73000	 60.88460	108.73000
 83.40000	108.07000	 60.85081	108.07000
 83.60000	107.30000	 60.76223	107.30000
 83.80000	106.59000	 60.74839	106.59000
 84.00000	105.98000	 60.83184	105.98000
 84.20000	105.57000	 61.07510	105.57000
 84.40000	105.57000	 61.61562	105.57000
 84.60000	105.70000	 62.19164	105.70000
 84.80000	105.90000	 62.72241	105.90000
 85.00000	106.13000	 63.15759	106.13000
 85.20000	106.30000	 63.42320	106.30000
 85.40000	106.42000	 63.53996	106.42000
 85.60000	106.49000	 63.53088	106.49000
 85.80000	106.41000	 63.34630	106.41000
 86.00000	106.19000	 63.02959	106.19000
 86.20000	105.87000	 62.64868	105.87000
 86.40000	105.48000	 62.25832	105.48000
 86.60000	105.03000	 61.88887	105.03000
 86.80000	104.53000	 61.56166	104.53000
 87.00000	103.98000	 61.28203	103.98000
 87.20000	103.40000	 61.06458	103.40000
 87.40000	102.72000	 60.84857	102.72000
 87.60000	102.00000	 60.67563	102.00000
 87.80000	101.33000	 60.60800	101.33000
 88.00000	100.78000	 60.68480	100.78000
 88.20000	100.53000	 61.02148	100.53000
 88.40000	100.56000	 61.56182	100.56000
 88.60000	100.73000	 62.15036	100.73000
 88.80000	101.00000	 62.71917	101.00000
 89.00000	101.30000	 63.19049	101.30000
 89.20000	101.62000	 63.54954	101.62000
 89.40000	101.94000	 63.78662	101.94000
 89.60000	102.23000	 63.89406	102.23000
 89.80000	102.43000	 63.84839	102.43000
 90.00000	102.55000	 63.68764	102.55000
 90.20000	102.62000	 63.46678	102.62000
 90.40000	102.64000	 63.21342	102.64000
 90.60000	102.54000	 62.89544	102.54000
 90.80000	102.41000	 62.60380	102.41000
 91.00000	102.30000	 62.38937	102.30000
 91.20000	102.25000	 62.28427	102.25000
 91.40000	102.38000	 62.37196	102.38000
 91.60000	102.62000	 62.57368	102.62000
 91.80000	102.96000	 62.85406	102.96000
 92.00000	103.40000	 63.18669	103.40000
 92.20000	104.10000	 63.67235	104.10000
 92.40000	104.85000	 64.11834	104.85000
 92.60000	105.57000	 64.44571	105.57000
 92.80000	106.17000	 64.58419	106.17000
 93.00000	106.37000	 64.33427	106.37000
 93.20000	106.40000	 63.92221	106.40000
 93.40000	106.29000	 63.41967	106.29000
 93.60000	106.08000	 62.89954	106.08000
 93.80000	105.77000	 62.39233	105.77000
 94.00000	105.40000	 61.94878	105.40000
 94.20000	105.01000	 61.60744	105.01000
 94.40000	104.62000	 61.37931	104.62000
 94.60000	104.28000	 61.28931	104.28000
 94.80000	104.01000	 61.33035	104.01000
 95.00000	103.83000	 61.49000	103.83000
 95.20000	103.76000	 61.75331	103.76000
 95.40000	103.93000	 62.19022	103.93000
 95.60000	104.40000	 62.80984	104.40000
 95.80000	104.93000	 63.38361	104.93000
 96.00000	105.47000	 63.84769	105.47000
 96.20000	105.88000	 64.08665	105.88000
 96.40000	106.07000	 64.04709	106.07000
 96.60000	106.19000	 63.88245	106.19000
 96.80000	106.29000	 63.66902	106.29000
 97.00000	106.40000	 63.46064	106.40000
 97.20000	106.57000	 63.31673	106.57000
 97.40000	106.73000	 63.19143	106.73000
 97.60000	106.87000	 63.08098	106.87000
 97.80000	106.95000	 62.95574	106.95000
 98.00000	106.87000	 62.74051	106.87000
 98.20000	106.82000	 62.59223	106.82000
 98.40000	106.86000	 62.55788	106.86000
 98.60000	107.07000	 62.68909	107.07000
 98.80000	107.82000	 63.24981	107.82000
 99.00000	108.65000	 63.82836	108.65000
 99.20000	109.45000	 64.29960	109.45000
 99.40000	110.10000	 64.55302	110.10000
 99.60000	110.32000	 64.38008	110.32000
 99.80000	110.37000	 64.02753	110.37000
100.00000	110.26000	 63.55132	110.26000
100.20000	109.97000	 62.98082	109.97000
100.40000	109.48000	 62.34027	109.48000
100.60000	108.91000	 61.75640	108.91000
100.80000	108.29000	 61.27039	108.29000
101.00000	107.68000	 60.93178	107.68000
101.20000	107.18000	 60.80618	107.18000
101.40000	106.82000	 60.88866	106.82000
101.60000	106.54000	 61.09375	106.54000
101.80000	106.35000	 61.39069	106.35000
102.00000	106.27000	 61.75976	106.27000
102.20000	106.43000	 62.27058	106.43000
102.40000	106.76000	 62.83438	106.76000
102.60000	107.10000	 63.29858	107.10000
102.80000	107.42000	 63.62953	107.42000
103.00000	107.60000	 63.73969	107.60000
103.20000	107.55000	 63.58378	107.55000
103.40000	107.41000	 63.31196	107.41000
103.60000	107.20000	 62.97948	107.20000
103.80000	106.91000	 62.61174	106.91000
104.00000	106.53000	 62.22718	106.53000
104.20000	106.14000	 61.90734	106.14000
104.40000	105.77000	 61.68284	105.77000
104.60000	105.45000	 61.57307	105.45000
104.80000	105.27000	 61.63425	105.27000
105.00000	105.22000	 61.83332	105.22000
105.20000	105.26000	 62.10895	105.26000
105.40000	105.40000	 62.44072	105.40000
105.60000	105.67000	 62.82721	105.67000
105.80000	106.18000	 63.33153	106.18000
106.00000	106.71000	 63.75726	106.71000
106.20000	107.21000	 64.05511	107.21000
106.40000	107.60000	 64.16786	107.60000
106.60000	107.63000	 63.92258	107.63000
106.80000	107.53000	 63.54503	107.53000
107.00000	107.31000	 63.08826	107.31000
107.20000	107.01000	 62.62196	107.01000
107.40000	106.66000	 62.19694	106.66000
107.60000	106.26000	 61.82831	106.26000
107.80000	105.83000	 61.53660	105.83000
108.00000	105.37000	 61.31799	105.37000
108.20000	104.90000	 61.17835	104.90000
108.40000	104.43000	 61.11126	104.43000
108.60000	103.98000	 61.11556	103.98000
108.80000	103.56000	 61.18072	103.56000
109.00000	103.20000	 61.31161	103.20000
109.20000	102.93000	 61.51260	102.93000
109.40000	102.76000	 61.77189	102.76000
109.60000	102.66000	 62.04733	102.66000
109.80000	102.64000	 62.33216	102.64000
110.00000	102.74000	 62.64652	102.74000
110.20000	103.05000	 63.04998	103.05000
110.40000	103.39000	 63.38805	103.39000
110.60000	103.69000	 63.60228	103.69000
110.80000	103.87000	 63.63947	103.87000
111.00000	103.72000	 63.35963	103.72000
111.20000	103.46000	 62.97831	103.46000
111.40000	103.14000	 62.57497	103.14000
111.60000	102.77000	 62.18754	102.77000
111.80000	102.50000	 61.95150	102.50000
112.00000	102.22000	 61.78087	102.22000
112.20000	101.96000	 61.69212	101.96000
112.40000	101.70000	 61.65735	101.70000
112.60000	101.46000	 61.67835	101.46000
112.80000	101.24000	 61.74038	101.24000
113.00000	101.03000	 61.82165	101.03000
113.20000	100.84000	 61.91835	100.84000
113.40000	100.66000	 62.01334	100.66000
113.60000	100.38000	 62.01508	100.38000
113.80000	100.17000	 62.05951	100.17000
114.00000	100.09000	 62.19210	100.09000
114.20000	100.17000	 62.42727	100.17000
114.40000	100.72000	 62.98945	100.72000
114.60000	101.43000	 63.59755	101.43000
114.80000	102.23000	 64.16483	102.23000
115.00000	103.05000	 64.61856	103.05000
115.20000	103.78000	 64.87151	103.78000
115.40000	104.43000	 64.94889	104.43000
115.60000	104.97000	 64.85605	104.97000
115.80000	105.33000	 64.57454	105.33000
116.00000	105.40000	 64.06154	105.40000
116.20000	105.33000	 63.48400	105.33000
116.40000	105.16000	 62.91396	105.16000
116.60000	104.90000	 62.38677	104.90000
116.80000	104.58000	 61.94055	104.58000
117.00000	104.25000	 61.61659	104.25000
117.20000	103.92000	 61.41281	103.92000
117.40000	103.63000	 61.34202	103.63000
117.60000	103.46000	 61.44104	103.46000
117.80000	103.40000	 61.66886	103.40000
118.00000	103.45000	 61.99039	103.45000
118.20000	103.61000	 62.37263	103.61000
118.40000	103.89000	 62.79491	103.89000
118.60000	104.50000	 63.39653	104.50000
118.80000	105.17000	 63.93580	105.17000
119.00000	105.83000	 64.34193	105.83000
119.20000	106.40000	 64.55407	106.40000
119.40000	106.64000	 64.40539	106.64000
119.60000	106.72000	 64.07435	106.72000
119.80000	106.68000	 63.64138	106.68000
120.00000	106.54000	 63.16566	106.54000
120.20000	106.27000	 62.65812	106.27000
120.40000	105.94000	 62.19945	105.94000
120.60000	105.57000	 61.81874	105.57000
120.80000	105.19000	 61.54119	105.19000
121.00000	104.81000	 61.36616	104.81000
121.20000	104.48000	 61.31682	104.48000
121.40000	104.24000	 61.40157	104.24000
121.60000	104.12000	 61.61545	104.12000
121.80000	104.20000	 61.98883	104.20000
122.00000	104.58000	 62.56249	104.58000
122.20000	105.09000	 63.16089	105.09000
122.40000	105.72000	 63.74374	105.72000
122.60000	106.51000	 64.32113	106.51000
122.80000	107.52000	 64.92581	107.52000
123.00000	108.45000	 65.31374	108.45000
123.20000	109.17000	 65.39653	109.17000
123.40000	109.31000	 64.92477	109.31000
123.60000	108.74000	 63.87511	108.74000
123.80000	107.93000	 62.71867	107.93000
124.00000	106.99000	 61.62460	106.99000
124.20000	106.31000	 60.94692	106.31000
124.40000	105.88000	 60.67487	105.88000
124.60000	105.54000	 60.64445	105.54000
124.80000	105.27000	 60.78963	105.27000
125.00000	105.06000	 61.05119	105.06000
125.20000	104.85000	 61.33608	104.85000
125.40000	104.59000	 61.57113	104.59000
125.60000	104.41000	 61.83778	104.41000
125.80000	104.32000	 62.12761	104.32000
126.00000	104.35000	 62.45058	104.35000
126.20000	104.67000	 62.92619	104.67000
126.40000	105.25000	 63.50877	105.25000
126.60000	105.84000	 63.97947	105.84000
126.80000	106.40000	 64.30043	106.40000
127.00000	106.76000	 64.34938	106.76000
127.20000	106.79000	 64.05759	106.79000
127.40000	106.69000	 63.63383	106.69000
127.60000	106.46000	 63.12769	106.46000
127.80000	106.12000	 62.59662	106.12000
128.00000	105.68000	 62.07960	105.68000
128.20000	105.19000	 61.63551	105.19000
128.40000	104.64000	 61.26358	104.64000
128.60000	104.08000	 61.00043	104.08000
128.80000	103.50000	 60.82655	103.50000
129.00000	102.94000	 60.75630	102.94000
129.20000	102.45000	 60.80711	102.45000
129.40000	102.05000	 60.96835	102.05000
129.60000	101.82000	 61.27358	101.82000
129.80000	101.82000	 61.73623	101.82000
130.00000	101.95000	 62.24142	101.95000
130.20000	102.19000	 62.74391	102.19000
130.40000	102.52000	 63.20803	102.52000
130.60000	103.03000	 63.69326	103.03000
130.80000	103.54000	 64.05143	103.54000
131.00000	104.01000	 64.25749	104.01000
131.20000	104.33000	 64.24473	104.33000
131.40000	104.31000	 63.89929	104.31000
131.60000	104.16000	 63.43782	104.16000
131.80000	103.90000	 62.92400	103.90000
132.00000	103.54000	 62.40374	103.54000
132.20000	103.11000	 61.92715	103.11000
132.40000	102.64000	 61.53184	102.64000
132.60000	102.13000	 61.22000	102.13000
132.80000	101.62000	 61.01617	101.62000
133.00000	101.07000	 60.87470	101.07000
133.20000	100.56000	 60.84139	100.56000
133.40000	100.14000	 60.93362	100.14000
133.60000	 99.86000	 61.16357	 99.86000
133.80000	 99.81000	 61.56973	 99.81000
134.00000	100.13000	 62.22255	100.13000
134.20000	100.62000	 62.91808	100.62000
134.40000	101.23000	 63.57985	101.23000
134.60000	101.95000	 64.17733	101.95000
134.80000	102.91000	 64.80166	102.91000
135.00000	103.80000	 65.20402	103.80000
135.20000	104.51000	 65.31407	104.51000
135.40000	104.83000	 65.00688	104.83000
135.60000	104.33000	 64.01453	104.33000
135.80000	103.57000	 62.87929	103.57000
136.00000	102.67000	 61.78247	102.67000
136.20000	101.84000	 60.94402	101.84000
136.40000	101.52000	 60.71997	101.52000
136.60000	101.30000	 60.74606	101.30000
136.80000	101.16000	 60.95087	101.16000
137.00000	101.07000	 61.25565	101.07000
137.20000	101.01000	 61.59707	101.01000
137.40000	100.84000	 61.83019	100.84000
137.60000	100.58000	 61.95530	100.58000
137.80000	100.33000	 62.04939	100.33000
138.00000	100.10000	 62.12286	100.10000
138.20000	 99.92000	 62.20275	 99.92000
138.40000	 99.77000	 62.27569	 99.77000
138.60000	 99.68000	 62.36706	 99.68000
138.80000	 99.68000	 62.49994	 99.68000
139.00000	 99.80000	 62.69364	 99.80000
139.20000	100.06000	 62.95537	100.06000
139.40000	100.81000	 63.54415	100.81000
139.60000	101.70000	 64.15045	101.70000
139.80000	102.51000	 64.57579	102.51000
140.00000	103.12000	 64.72478	103.12000
140.20000	103.01000	 64.21897	103.01000
140.40000	102.49000	 63.37605	102.49000
140.60000	101.78000	 62.45145	101.78000
140.80000	101.00000	 61.60446	101.00000
141.00000	100.58000	 61.20650	100.58000
141.20000	100.33000	 61.09513	100.33000
141.40000	100.14000	 61.14767	100.14000
141.60000	100.00000	 61.31499	100.00000
141.80000	 99.87000	 61.52666	 99.87000
142.00000	 99.74000	 61.74345	 99.74000
142.20000	 99.49000	 61.85015	 99.49000
142.40000	 99.22000	 61.91901	 99.22000
142.60000	 98.93000	 61.94998	 98.93000
142.80000	 98.63000	 61.95436	 98.63000
143.00000	 98.31000	 61.92933	 98.31000
143.20000	 97.89000	 61.81915	 97.89000
143.40000	 97.42000	 61.67471	 97.42000
143.60000	 96.99000	 61.57732	 96.99000
143.80000	 96.63000	 61.55385	 96.63000
144.00000	 96.38000	 61.63090	 96.38000
144.20000	 96.41000	 61.92772	 96.41000
144.40000	 96.72000	 62.41534	 96.72000
144.60000	 97.12000	 62.90893	 97.12000
144.80000	 97.57000	 63.35098	 97.57000
145.00000	 98.02000	 63.68935	 98.02000
145.20000	 98.43000	 63.89361	 98.43000
145.40000	 98.77000	 63.95351	 98.77000
145.60000	 99.00000	 63.86066	 99.00000
145.80000	 99.11000	 63.63723	 99.11000
146.00000	 98.93000	 63.18449	 98.93000
146.20000	 98.43000	 62.52328	 98.43000
146.40000	 97.82000	 61.86598	 97.82000
146.60000	 97.13000	 61.26974	 97.13000
146.80000	 96.42000	 60.79860	 96.42000
147.00000	 95.97000	 60.66968	 95.97000
147.20000	 95.63000	 60.73503	 95.63000
147.40000	 95.34000	 60.90793	 95.34000
147.60000	 95.09000	 61.14266	 95.09000
147.80000	 94.87000	 61.39941	 94.87000
148.00000	 94.67000	 61.64616	 94.67000
148.20000	 94.42000	 61.81290	 94.42000
148.40000	 94.18000	 61.94265	 94.18000
148.60000	 93.96000	 62.04427	 93.96000
148.80000	 93.76000	 62.12125	 93.76000
149.00000	 93.60000	 62.19383	 93.60000
149.20000	 93.44000	 62.23482	 93.44000
149.40000	 93.29000	 62.25757	 93.29000
149.60000	 93.23000	 62.32964	 93.23000
149.80000	 93.26000	 62.45039	 93.26000
150.00000	 93.41000	 62.63812	 93.41000
150.20000	 93.84000	 63.00715	 93.84000
150.40000	 94.47000	 63.47216	 94.47000
150.60000	 95.18000	 63.91523	 95.18000
150.80000	 95.92000	 64.28257	 95.92000
151.00000	 96.68000	 64.56318	 96.68000
151.20000	 97.42000	 64.73209	 97.42000
151.40000	 98.04000	 64.72657	 98.04000
151.60000	 98.47000	 64.51893	 98.47000
151.80000	 98.49000	 63.97603	 98.49000
152.00000	 97.99000	 63.06961	 97.99000
152.20000	 97.31000	 62.13597	 97.31000
152.40000	 96.52000	 61.28221	 96.52000
152.60000	 95.77000	 60.65335	 95.77000
152.80000	 95.48000	 60.57336	 95.48000
153.00000	 95.29000	 60.71136	 95.29000
153.20000	 95.17000	 60.98753	 95.17000
153.40000	 95.11000	 61.34196	 95.11000
153.60000	 95.08000	 61.70799	 95.08000
153.80000	 95.06000	 62.03902	 95.06000
154.00000	 94.97000	 62.25489	 94.97000
154.20000	 94.88000	 62.40799	 94.88000
154.40000	 94.79000	 62.50300	 94.79000
154.60000	 94.69000	 62.54092	 94.69000
154.80000	 94.59000	 62.54095	 94.59000
155.00000	 94.38000	 62.42943	 94.38000
155.20000	 94.11000	 62.26343	 94.11000
155.40000	 93.89000	 62.14591	 93.89000
155.60000	 93.76000	 62.11565	 93.76000
155.80000	 93.73000	 62.17766	 93.73000
156.00000	 93.94000	 62.42986	 93.94000
156.20000	 94.44000	 62.88605	 94.44000
156.40000	 95.06000	 63.37847	 95.06000
156.60000	 95.80000	 63.87885	 95.80000
156.80000	 96.63000	 64.34382	 96.63000
157.00000	 97.69000	 64.87131	 97.69000
157.20000	 98.81000	 65.31687	 98.81000
157.40000	 99.80000	 65.53233	 99.80000
157.60000	100.57000	 65.46890	100.57000
157.80000	100.68000	 64.82641	100.68000
158.00000	100.27000	 63.79518	100.27000
158.20000	 99.65000	 62.70801	 99.65000
158.40000	 98.91000	 61.70377	 98.91000
158.60000	 98.42000	 61.10884	 98.42000
158.80000	 98.22000	 60.94343	 98.22000
159.00000	 98.09000	 60.98948	 98.09000
159.20000	 98.00000	 61.17082	 98.00000
159.40000	 97.95000	 61.43807	 97.95000
159.60000	 97.91000	 61.72570	 97.91000
159.80000	 97.77000	 61.91738	 97.77000
160.00000	 97.57000	 62.03141	 97.57000
160.20000	 97.38000	 62.12051	 97.38000
160.40000	 97.19000	 62.17827	 97.19000
160.60000	 97.02000	 62.22408	 97.02000
160.80000	 96.85000	 62.24630	 96.85000
161.00000	 96.66000	 62.23436	 96.66000
161.20000	 96.54000	 62.26453	 96.54000
161.40000	 96.52000	 62.36074	 96.52000
161.60000	 96.62000	 62.53284	 96.62000
161.80000	 96.98000	 62.87832	 96.98000
162.00000	 97.65000	 63.41232	 97.65000
162.20000	 98.41000	 63.93076	 98.41000
162.40000	 99.21000	 64.37319	 99.21000
162.60000	100.00000	 64.69310	100.00000
162.80000	100.71000	 64.84248	100.71000
163.00000	101.31000	 64.81840	101.31000
163.20000	101.80000	 64.65119	101.80000
163.40000	102.15000	 64.35200	102.15000
163.60000	102.16000	 63.80207	102.16000
163.80000	101.95000	 63.14254	101.95000
164.00000	101.62000	 62.49427	101.62000
164.20000	101.20000	 61.90934	101.20000
164.40000	100.76000	 61.45578	100.76000
164.60000	100.34000	 61.16166	100.34000
164.80000	 99.94000	 61.00993	 99.94000
165.00000	 99.58000	 60.99080	 99.58000
165.20000	 99.30000	 61.10526	 99.30000
165.40000	 99.24000	 61.42842	 99.24000
165.60000	 99.35000	 61.87907	 99.35000
165.80000	 99.53000	 62.33856	 99.53000
166.00000	 99.75000	 62.75438	 99.75000
166.20000	 99.99000	 63.09497	 99.99000
166.40000	100.29000	 63.38731	100.29000
166.60000	100.54000	 63.54814	100.54000
166.80000	100.68000	 63.54469	100.68000
167.00000	100.66000	 63.36311	100.66000
167.20000	100.19000	 62.81272	100.19000
167.40000	 99.40000	 62.05186	 99.40000
167.60000	 98.47000	 61.27929	 98.47000
167.80000	 97.45000	 60.57577	 97.45000
168.00000	 96.40000	 60.01017	 96.40000
168.20000	 95.56000	 59.77075	 95.56000
168.40000	 94.77000	 59.70472	 94.77000
168.60000	 94.04000	 59.78349	 94.04000
168.80000	 93.40000	 59.99149	 93.40000
169.00000	 92.86000	 60.29752	 92.86000
169.20000	 92.44000	 60.68096	 92.44000
169.40000	 92.23000	 61.17934	 92.23000
169.60000	 92.14000	 61.69017	 92.14000
169.80000	 92.15000	 62.17420	 92.15000
170.00000	 92.27000	 62.62546	 92.27000
170.20000	 92.49000	 63.02993	 92.49000
170.40000	 92.92000	 63.47305	 92.92000
170.60000	 93.42000	 63.84322	 93.42000
170.80000	 93.92000	 64.09106	 93.92000
171.00000	 94.39000	 64.20825	 94.39000
171.20000	 94.72000	 64.13226	 94.72000
171.40000	 94.87000	 63.86588	 94.87000
171.60000	 94.95000	 63.53542	 94.95000
171.80000	 94.95000	 63.16759	 94.95000
172.00000	 94.89000	 62.80513	 94.89000
172.20000	 94.77000	 62.46632	 94.77000
172.40000	 94.60000	 62.16923	 94.60000
172.60000	 94.41000	 61.94022	 94.41000
172.80000	 94.20000	 61.77499	 94.20000
173.00000	 93.95000	 61.64898	 93.95000
173.20000	 93.65000	 61.54443	 93.65000
173.40000	 93.42000	 61.54519	 93.42000
173.60000	 93.32000	 61.68159	 93.32000
173.80000	 93.38000	 61.95303	 93.38000
174.00000	 93.91000	 62.57050	 93.91000
174.20000	 94.65000	 63.28051	 94.65000
174.40000	 95.52000	 63.97654	 95.52000
174.60000	 96.45000	 64.57504	 96.45000
174.80000	 97.42000	 65.04953	 97.42000
175.00000	 98.36000	 65.34999	 98.36000
175.20000	 99.20000	 65.44155	 99.20000
175.40000	 99.87000	 65.30304	 99.87000
175.60000	100.04000	 64.72331	100.04000
175.80000	 99.92000	 63.93674	 99.92000
176.00000	 99.68000	 63.14380	 99.68000
176.20000	 99.36000	 62.42356	 99.36000
176.40000	 99.17000	 61.96491	 99.17000
176.60000	 99.13000	 61.77696	 99.13000
176.80000	 99.16000	 61.76795	 99.16000
177.00000	 99.28000	 61.91588	 99.28000
177.20000	 99.50000	 62.18782	 99.50000
177.40000	 99.87000	 62.58272	 99.87000
177.60000	100.57000	 63.20103	100.57000
177.80000	101.31000	 63.77055	101.31000
178.00000	102.05000	 64.23203	102.05000
178.20000	102.73000	 64.52965	102.73000
178.40000	103.21000	 64.56394	103.21000
178.60000	103.42000	 64.31154	103.42000
178.80000	103.51000	 63.93669	103.51000
179.00000	103.47000	 63.47634	103.47000
179.20000	103.32000	 62.98485	103.32000
179.40000	103.00000	 62.44544	103.00000
179.60000	102.60000	 61.95264	102.60000
179.80000	102.13000	 61.52686	102.13000
180.00000	101.61000	 61.18592	101.61000
180.20000	101.06000	 60.93879	101.06000
180.40000	100.49000	 60.77980	100.49000
180.60000	 99.93000	 60.71451	 99.93000
180.80000	 99.42000	 60.75280	 99.42000
181.00000	 98.99000	 60.89357	 98.99000
181.20000	 98.67000	 61.13362	 98.67000
181.40000	 98.56000	 61.52284	 98.56000
181.60000	 98.70000	 62.05933	 98.70000
181.80000	 98.96000	 62.60609	 98.96000
182.00000	 99.31000	 63.11394	 99.31000
182.20000	 99.74000	 63.56098	 99.74000
182.40000	100.37000	 64.03620	100.37000
182.60000	101.03000	 64.40289	101.03000
182.80000	101.59000	 64.56718	101.59000
183.00000	101.98000	 64.49858	101.98000
183.20000	101.86000	 63.97206	101.86000
183.40000	101.29000	 63.10314	101.29000
183.60000	100.54000	 62.18045	100.54000
183.80000	 99.68000	 61.31811	 99.68000
184.00000	 98.88000	 60.68336	 98.88000
184.20000	 98.34000	 60.43424	 98.34000
184.40000	 97.87000	 60.38972	 97.87000
184.60000	 97.45000	 60.49157	 97.45000
184.80000	 97.10000	 60.71188	 97.10000
185.00000	 96.81000	 61.00177	 96.81000
185.20000	 96.59000	 61.33400	 96.59000
185.40000	 96.41000	 61.65721	 96.41000
185.60000	 96.31000	 61.98382	 96.31000
185.80000	 96.31000	 62.31626	 96.31000
186.00000	 96.41000	 62.64508	 96.41000
186.20000	 96.64000	 62.98747	 96.64000
186.40000	 97.20000	 63.49301	 97.20000
186.60000	 97.82000	 63.93401	 97.82000
186.80000	 98.46000	 64.27282	 98.46000
187.00000	 99.07000	 64.47579	 99.07000
187.20000	 99.55000	 64.48181	 99.55000
187.40000	 99.78000	 64.22774	 99.78000
187.60000	 99.92000	 63.88231	 99.92000
187.80000	 99.97000	 63.48511	 99.97000
188.00000	 99.96000	 63.09153	 99.96000
188.20000	 99.89000	 62.72341	 99.89000
188.40000	 99.77000	 62.40111	 99.77000
188.60000	 99.62000	 62.14444	 99.62000
188.80000	 99.45000	 61.95789	 99.45000
189.00000	 99.25000	 61.82478	 99.25000
189.20000	 99.06000	 61.76481	 99.06000
189.40000	 98.88000	 61.76325	 98.88000
189.60000	 98.72000	 61.81214	 98.72000
189.80000	 98.57000	 61.88812	 98.57000
190.00000	 98.45000	 61.99330	 98.45000
190.20000	 98.33000	 62.09249	 98.33000
190.40000	 98.16000	 62.13924	 98.16000
190.60000	 98.10000	 62.25699	 98.10000
190.80000	 98.19000	 62.46985	 98.19000
191.00000	 98.48000	 62.80297	 98.48000
191.20000	 99.33000	 63.51464	 99.33000
191.40000	100.48000	 64.35435	100.48000
191.60000	101.69000	 65.09053	101.69000
191.80000	102.83000	 65.60075	102.83000
192.00000	103.60000	 65.65894	103.60000
192.20000	104.03000	 65.33487	104.03000
192.40000	104.28000	 64.82037	104.28000
192.60000	104.36000	 64.18796	104.36000
192.80000	104.27000	 63.49341	104.27000
193.00000	104.03000	 62.79644	104.03000
193.20000	103.71000	 62.18191	103.71000
193.40000	103.34000	 61.68632	103.34000
193.60000	102.96000	 61.33852	102.96000
193.80000	102.64000	 61.17722	102.64000
194.00000	102.44000	 61.22059	102.44000
194.20000	102.31000	 61.39113	102.31000
194.40000	102.26000	 61.65779	102.26000
194.60000	102.31000	 62.00023	102.31000
194.80000	102.48000	 62.40210	102.48000
195.00000	102.94000	 62.96752	102.94000
195.20000	103.60000	 63.59273	103.60000
195.40000	104.29000	 64.11712	104.29000
195.60000	104.97000	 64.49926	104.97000
195.80000	105.60000	 64.71437	105.60000
196.00000	106.02000	 64.65862	106.02000
196.20000	106.32000	 64.44088	106.32000
196.40000	106.50000	 64.10347	106.50000
196.60000	106.56000	 63.68683	106.56000
196.80000	106.37000	 63.12561	106.37000
197.00000	105.97000	 62.48858	105.97000
197.20000	105.50000	 61.91715	105.50000
197.40000	105.01000	 61.46659	105.01000
197.60000	104.54000	 61.16784	104.54000
197.80000	104.29000	 61.16143	104.29000
198.00000	104.25000	 61.40231	104.25000
198.20000	104.29000	 61.74089	104.29000
198.40000	104.42000	 62.14194	104.42000
198.60000	104.63000	 62.56213	104.63000
198.80000	104.96000	 63.00615	104.96000
199.00000	105.45000	 63.48467	105.45000
199.20000	105.91000	 63.83349	105.91000
199.40000	106.28000	 64.00656	106.28000
199.60000	106.50000	 63.97422	106.50000
199.80000	106.15000	 63.44211	106.15000
200.00000	105.59000	 62.75682	105.59000
200.20000	104.92000	 62.05693	104.92000
200.40000	104.20000	 61.43247	104.20000
200.60000	103.49000	 60.95285	103.49000
200.80000	103.01000	 60.79058	103.01000
201.00000	102.61000	 60.80134	102.61000
201.20000	102.31000	 60.96483	102.31000
201.40000	102.14000	 61.26518	102.14000
201.60000	102.11000	 61.67032	102.11000
201.80000	102.50000	 62.35976	102.50000
202.00000	103.02000	 63.05685	103.02000
202.20000	103.57000	 63.64753	103.57000
202.40000	104.10000	 64.07786	104.10000
202.60000	104.43000	 64.21308	104.43000
202.80000	104.52000	 64.05305	104.52000
203.00000	104.50000	 63.74738	104.50000
203.20000	104.39000	 63.35907	104.39000
203.40000	104.19000	 62.92871	104.19000
203.60000	103.84000	 62.44179	103.84000
203.80000	103.48000	 62.03396	103.48000
204.00000	103.16000	 61.75530	103.16000
204.20000	102.92000	 61.63248	102.92000
204.40000	102.95000	 61.79501	102.95000
204.60000	103.26000	 62.21181	103.26000
204.80000	103.68000	 62.70071	103.68000
205.00000	104.15000	 63.17362	104.15000
205.20000	104.64000	 63.58004	104.64000
205.40000	105.14000	 63.89971	105.14000
205.60000	105.58000	 64.07796	105.58000
205.80000	105.91000	 64.08906	105.91000
206.00000	106.11000	 63.94219	106.11000
206.20000	105.87000	 63.42915	105.87000
206.40000	105.36000	 62.73762	105.36000
206.60000	104.75000	 62.05455	104.75000
206.80000	104.10000	 61.46375	104.10000
207.00000	103.47000	 61.02874	103.47000
207.20000	103.09000	 60.92469	103.09000
207.40000	102.80000	 60.99475	102.80000
207.60000	102.63000	 61.22294	102.63000
207.80000	102.57000	 61.55961	102.57000
208.00000	102.65000	 61.98886	102.65000
208.20000	103.25000	 62.76926	103.25000
208.40000	103.89000	 63.47199	103.89000
208.60000	104.48000	 63.99520	104.48000
208.80000	104.90000	 64.24062	104.90000
209.00000	104.76000	 63.92864	104.76000
209.20000	104.12000	 63.17312	104.12000
209.40000	103.31000	 62.31753	103.31000
209.60000	102.40000	 61.48618	102.40000
209.80000	101.52000	 60.82581	101.52000
210.00000	100.91000	 60.53803	100.91000
210.20000	100.38000	 60.45175	100.38000
210.40000	 99.95000	 60.54691	 99.95000
210.60000	 99.63000	 60.78961	 99.63000
210.80000	 99.44000	 61.15270	 99.44000
211.00000	 99.45000	 61.64966	 99.45000
211.20000	 99.66000	 62.23990	 99.66000
211.40000	 99.99000	 62.82487	 99.99000
211.60000	100.41000	 63.35664	100.41000
211.80000	100.90000	 63.80781	100.90000
212.00000	101.52000	 64.22432	101.52000
212.20000	102.20000	 64.55509	102.20000
212.40000	102.84000	 64.73303	102.84000
212.60000	103.41000	 64.75651	103.41000
212.80000	103.76000	 64.53885	103.76000
213.00000	103.81000	 64.06099	103.81000
213.20000	103.74000	 63.51623	103.74000
213.40000	103.59000	 62.97899	103.59000
213.60000	103.39000	 62.50178	103.39000
213.80000	103.12000	 62.08361	103.12000
214.00000	102.87000	 61.79852	102.87000
214.20000	102.70000	 61.68342	102.70000
214.40000	102.64000	 61.73893	102.64000
214.60000	102.92000	 62.11151	102.92000
214.80000	103.59000	 62.78845	103.59000
215.00000	104.34000	 63.46589	104.34000
215.20000	105.08000	 64.03001	105.08000
215.40000	105.72000	 64.39127	105.72000
215.60000	106.00000	 64.35370	106.00000
215.80000	106.13000	 64.12081	106.13000
216.00000	106.10000	 63.73145	106.10000
216.20000	105.89000	 63.21700	105.89000
216.40000	105.34000	 62.49755	105.34000
216.60000	104.63000	 61.76187	104.63000
216.80000	103.84000	 61.10738	103.84000
217.00000	103.03000	 60.59730	103.03000
217.20000	102.26000	 60.27601	102.26000
217.40000	101.70000	 60.25585	101.70000
217.60000	101.25000	 60.41786	101.25000
217.80000	100.93000	 60.73169	100.93000
218.00000	100.76000	 61.16690	100.76000
218.20000	100.77000	 61.70366	100.77000
218.40000	101.24000	 62.51960	101.24000
218.60000	101.95000	 63.39151	101.95000
218.80000	102.71000	 64.13073	102.71000
219.00000	103.43000	 64.65143	103.43000
219.20000	103.98000	 64.86242	103.98000
219.40000	104.16000	 64.64447	104.16000
219.60000	104.20000	 64.24040	104.20000
219.80000	104.10000	 63.71243	104.10000
220.00000	103.86000	 63.11516	103.86000
220.20000	103.43000	 62.45405	103.43000
220.40000	102.91000	 61.84287	102.91000
220.60000	102.34000	 61.33287	102.34000
220.80000	101.74000	 60.94396	101.74000
221.00000	101.17000	 60.71412	101.17000
221.20000	100.66000	 60.64570	100.66000
221.40000	100.22000	 60.71682	100.22000
221.60000	 99.89000	 60.92480	 99.89000
221.80000	 99.70000	 61.25679	 99.70000
222.00000	 99.76000	 61.76146	 99.76000
222.20000	100.22000	 62.51370	100.22000
222.40000	100.78000	 63.22978	100.78000
222.60000	101.38000	 63.83123	101.38000
222.80000	101.96000	 64.26033	101.96000
223.00000	102.35000	 64.39394	102.35000
223.20000	102.62000	 64.31983	102.62000
223.40000	102.79000	 64.09623	102.79000
223.60000	102.84000	 63.75124	102.84000
223.80000	102.73000	 63.29539	102.73000
224.00000	102.46000	 62.76766	102.46000
224.20000	102.10000	 62.25582	102.10000
224.40000	101.66000	 61.78922	101.66000
224.60000	101.16000	 61.39388	101.16000
224.80000	100.59000	 61.06254	100.59000
225.00000	100.01000	 60.83582	100.01000
225.20000	 99.44000	 60.71525	 99.44000
225.40000	 98.91000	 60.70436	 98.91000
225.60000	 98.44000	 60.79467	 98.44000
225.80000	 98.08000	 60.99881	 98.08000
226.00000	 97.83000	 61.28811	 97.83000
226.20000	 97.71000	 61.65030	 97.71000
226.40000	 97.73000	 62.06721	 97.73000
226.60000	 97.98000	 62.58560	 97.98000
226.80000	 98.57000	 63.26550	 98.57000
227.00000	 99.25000	 63.88114	 99.25000
227.20000	 99.94000	 64.35451	 99.94000
227.40000	100.58000	 64.64149	100.58000
227.60000	101.05000	 64.66839	101.05000
227.80000	101.38000	 64.49608	101.38000
228.00000	101.54000	 64.14609	101.54000
228.20000	101.49000	 63.63498	101.49000
228.40000	100.95000	 62.79380	100.95000
228.60000	100.22000	 61.91851	100.22000
228.80000	 99.37000	 61.11034	 99.37000
229.00000	 98.47000	 60.44951	 98.47000
229.20000	 97.73000	 60.10262	 97.73000
229.40000	 97.19000	 60.07393	 97.19000
229.60000	 96.71000	 60.20670	 96.71000
229.80000	 96.28000	 60.44452	 96.28000
230.00000	 95.90000	 60.74384	 95.90000
230.20000	 95.56000	 61.06102	 95.56000
230.40000	 95.13000	 61.26889	 95.13000
230.60000	 94.70000	 61.42903	 94.70000
230.80000	 94.38000	 61.62550	 94.38000
231.00000	 94.20000	 61.87750	 94.20000
231.20000	 94.20000	 62.20814	 94.20000
231.40000	 94.56000	 62.74418	 94.56000
231.60000	 95.30000	 63.47345	 95.30000
231.80000	 96.16000	 64.15776	 96.16000
232.00000	 97.10000	 64.74503	 97.10000
232.20000	 98.05000	 65.17575	 98.05000
232.40000	 98.91000	 65.38367	 98.91000
232.60000	 99.71000	 65.42069	 99.71000
232.80000	100.41000	 65.29181	100.41000
233.00000	100.96000	 64.99876	100.96000
233.20000	101.18000	 64.44549	101.18000
233.40000	101.28000	 63.84876	101.28000
233.60000	101.29000	 63.27321	101.29000
233.80000	101.26000	 62.78412	101.26000
234.00000	101.21000	 62.40708	101.21000
234.20000	101.18000	 62.16946	101.18000
234.40000	101.23000	 62.10204	101.23000
234.60000	101.39000	 62.20118	101.39000
234.80000	101.85000	 62.57982	101.85000
235.00000	102.79000	 63.32762	102.79000
235.20000	103.76000	 64.02751	103.76000
235.40000	104.65000	 64.55136	104.65000
235.60000	105.36000	 64.80855	105.36000
235.80000	105.31000	 64.36585	105.31000
236.00000	104.98000	 63.67104	104.98000
236.20000	104.49000	 62.89320	104.49000
236.40000	103.90000	 62.13914	103.90000
236.60000	103.50000	 61.67279	103.50000
236.80000	103.22000	 61.44026	103.22000
237.00000	102.95000	 61.33462	102.95000
237.20000	102.69000	 61.32881	102.69000
237.40000	102.42000	 61.37919	102.42000
237.60000	102.13000	 61.45318	102.13000
237.80000	101.71000	 61.44613	101.71000
238.00000	101.23000	 61.40628	101.23000
238.20000	100.76000	 61.38668	100.76000
238.40000	100.33000	 61.40788	100.33000
238.60000	 99.95000	 61.47197	 99.95000
238.80000	 99.66000	 61.60200	 99.66000
239.00000	 99.57000	 61.87157	 99.57000
239.20000	 99.57000	 62.17457	 99.57000
239.40000	 99.65000	 62.48572	 99.65000
239.60000	 99.82000	 62.79997	 99.82000
239.80000	100.08000	 63.10832	100.08000
240.00000	100.63000	 63.56006	100.63000
240.20000	101.18000	 63.91367	101.18000
240.40000	101.64000	 64.09697	101.64000
240.60000	101.97000	 64.09327	101.97000
240.80000	101.87000	 63.69769	101.87000
241.00000	101.36000	 62.98115	101.36000
241.20000	100.70000	 62.21313	100.70000
241.40000	 99.94000	 61.48419	 99.94000
241.60000	 99.17000	 60.89608	 99.17000
241.80000	 98.58000	 60.60474	 98.58000
242.00000	 98.02000	 60.47231	 98.02000
242.20000	 97.50000	 60.47651	 97.50000
242.40000	 97.02000	 60.58367	 97.02000
242.60000	 96.60000	 60.77627	 96.60000
242.80000	 96.20000	 60.99250	 96.20000
243.00000	 95.84000	 61.22428	 95.84000
243.20000	 95.57000	 61.49260	 95.57000
243.40000	 95.40000	 61.78960	 95.40000
243.60000	 95.36000	 62.12515	 95.36000
243.80000	 95.47000	 62.50201	 95.47000
244.00000	 95.92000	 63.05481	 95.92000
244.20000	 96.46000	 63.56516	 96.46000
244.40000	 97.07000	 64.00457	 97.07000
244.60000	 97.71000	 64.33985	 97.71000
244.80000	 98.38000	 64.57938	 98.38000
245.00000	 99.01000	 64.68389	 99.01000
245.20000	 99.53000	 64.62221	 99.53000
245.40000	 99.90000	 64.39490	 99.90000
245.60000	 99.89000	 63.86117	 99.89000
245.80000	 99.48000	 63.05978	 99.48000
246.00000	 98.92000	 62.24665	 98.92000
246.20000	 98.26000	 61.50452	 98.26000
246.40000	 97.57000	 60.91123	 97.57000
246.60000	 97.21000	 60.74772	 97.21000
246.80000	 96.92000	 60.77403	 96.92000
247.00000	 96.68000	 60.93001	 96.68000
247.20000	 96.49000	 61.17256	 96.49000
247.40000	 96.34000	 61.45597	 96.34000
247.60000	 96.23000	 61.75015	 96.23000
247.80000	 96.02000	 61.92490	 96.02000
248.00000	 95.87000	 62.10018	 95.87000
248.20000	 95.79000	 62.28104	 95.79000
248.40000	 95.82000	 62.49619	 95.82000
248.60000	 95.96000	 62.74094	 95.96000
248.80000	 96.43000	 63.17979	 96.43000
249.00000	 97.13000	 63.71334	 97.13000
249.20000	 97.90000	 64.19387	 97.90000
249.40000	 98.67000	 64.55581	 98.67000
249.60000	 99.40000	 64.77154	 99.40000
249.80000	 99.92000	 64.72552	 99.92000
250.00000	100.28000	 64.49211	100.28000
250.20000	100.55000	 64.16766	100.55000
250.40000	100.70000	 63.76664	100.70000
250.60000	100.69000	 63.29122	100.69000
250.80000	100.44000	 62.70923	100.44000
251.00000	100.13000	 62.19039	100.13000
251.20000	 99.84000	 61.81158	 99.84000
251.40000	 99.60000	 61.59316	 99.60000
251.60000	 99.50000	 61.58769	 99.50000
251.80000	 99.58000	 61.79435	 99.58000
252.00000	 99.86000	 62.18679	 99.86000
252.20000	100.38000	 62.74973	100.38000
252.40000	101.21000	 63.48955	101.21000
252.60000	102.94000	 64.81370	102.94000
252.80000	104.76000	 66.00679	104.76000
253.00000	106.49000	 66.88094	106.49000
253.20000	107.93000	 67.27774	107.93000
253.40000	108.20000	 66.55815	108.20000
253.60000	108.10000	 65.47488	108.10000
253.80000	107.75000	 64.24702	107.75000
254.00000	107.26000	 63.06039	107.26000
254.20000	107.17000	 62.39871	107.17000
254.40000	107.12000	 61.97951	107.12000
254.60000	107.13000	 61.79282	107.13000
254.80000	107.21000	 61.80681	107.21000
255.00000	107.35000	 61.96748	107.35000
255.20000	107.60000	 62.26769	107.60000
255.40000	108.15000	 62.80977	108.15000
255.60000	108.72000	 63.32346	108.72000
255.80000	109.26000	 63.73575	109.26000
256.00000	109.73000	 64.00147	109.73000
256.20000	110.07000	 64.07812	110.07000
256.40000	109.98000	 63.75386	109.98000
256.60000	109.76000	 63.31245	109.76000
256.80000	109.43000	 62.81592	109.43000
257.00000	109.00000	 62.30929	109.00000
257.20000	108.51000	 61.85015	108.51000
257.40000	107.99000	 61.47558	107.99000
257.60000	107.45000	 61.19484	107.45000
257.80000	106.89000	 61.00009	106.89000
258.00000	106.35000	 60.90870	106.35000
258.20000	105.83000	 60.90148	105.83000
258.40000	105.36000	 60.98046	105.36000
258.60000	104.96000	 61.13834	104.96000
258.80000	104.63000	 61.35199	104.63000
259.00000	104.40000	 61.62344	104.40000
259.20000	104.27000	 61.93270	104.27000
259.40000	104.45000	 62.42509	104.45000
259.60000	104.78000	 62.94789	104.78000
259.80000	105.15000	 63.39328	105.15000
260.00000	105.49000	 63.69878	105.49000
260.20000	105.72000	 63.80993	105.72000
260.40000	105.63000	 63.58753	105.63000
260.60000	105.43000	 63.24149	105.43000
260.80000	105.14000	 62.83161	105.14000
261.00000	104.76000	 62.39447	104.76000
261.20000	104.28000	 61.95010	104.28000
261.40000	103.75000	 61.55698	103.75000
261.60000	103.19000	 61.23935	103.19000
261.80000	102.64000	 61.02707	102.64000
262.00000	102.11000	 60.91713	102.11000
262.20000	101.68000	 60.95439	101.68000
262.40000	101.34000	 61.10548	101.34000
262.60000	101.09000	 61.34201	101.09000
262.80000	100.94000	 61.64412	100.94000
263.00000	100.91000	 62.00212	100.91000
263.20000	101.15000	 62.50961	101.15000
263.40000	101.65000	 63.12948	101.65000
263.60000	102.16000	 63.63757	102.16000
263.80000	102.61000	 63.96910	102.61000
264.00000	102.90000	 64.05594	102.90000
264.20000	102.67000	 63.64872	102.67000
264.40000	102.30000	 63.10801	102.30000
264.60000	101.85000	 62.53865	101.85000
264.80000	101.37000	 62.02235	101.37000
265.00000	101.10000	 61.76964	101.10000
265.20000	100.89000	 61.65684	100.89000
265.40000	100.71000	 61.64233	100.71000
265.60000	100.55000	 61.69639	100.55000
265.80000	100.41000	 61.79733	100.41000
266.00000	100.26000	 61.90249	100.26000
266.20000	100.12000	 62.01352	100.12000
266.40000	 99.99000	 62.12026	 99.99000
266.60000	 99.87000	 62.21612	 99.87000
266.80000	 99.76000	 62.29759	 99.76000
267.00000	 99.65000	 62.35585	 99.65000
267.20000	 99.54000	 62.39237	 99.54000
267.40000	 99.44000	 62.41796	 99.44000
267.60000	 99.35000	 62.43580	 99.35000
267.80000	 99.27000	 62.44884	 99.27000
268.00000	 99.06000	 62.35118	 99.06000
268.20000	 98.88000	 62.27873	 98.88000
268.40000	 98.81000	 62.29943	 98.81000
268.60000	 98.90000	 62.44747	 98.90000
268.80000	 99.38000	 62.88601	 99.38000
269.00000	100.22000	 63.55452	100.22000
269.20000	101.17000	 64.21238	101.17000
269.40000	102.16000	 64.77398	102.16000
269.60000	103.15000	 65.19578	103.15000
269.80000	104.04000	 65.40489	104.04000
270.00000	104.75000	 65.36249	104.75000
270.20000	105.20000	 65.04618	105.20000
270.40000	104.97000	 64.18371	104.97000
270.60000	104.28000	 63.03278	104.28000
270.80000	103.39000	 61.88183	103.39000
271.00000	102.41000	 60.87604	102.41000
271.20000	101.82000	 60.41476	101.82000
271.40000	101.60000	 60.45068	101.60000
271.60000	101.48000	 60.70619	101.48000
271.80000	101.44000	 61.09770	101.44000
272.00000	101.44000	 61.53431	101.44000
272.20000	101.46000	 61.95486	101.46000
272.40000	101.34000	 62.20539	101.34000
272.60000	101.08000	 62.28095	101.08000
272.80000	100.79000	 62.27967	100.79000
273.00000	100.50000	 62.24097	100.50000
273.20000	100.20000	 62.17186	100.20000
273.40000	 99.90000	 62.09315	 99.90000
273.60000	 99.48000	 61.92191	 99.48000
273.80000	 99.09000	 61.78974	 99.09000
274.00000	 98.78000	 61.74244	 98.78000
274.20000	 98.59000	 61.80794	 98.59000
274.40000	 98.56000	 62.00463	 98.56000
274.60000	 98.95000	 62.51290	 98.95000
274.80000	 99.63000	 63.18874	 99.63000
275.00000	100.39000	 63.82409	100.39000
275.20000	101.17000	 64.34498	101.17000
275.40000	101.91000	 64.69675	101.91000
275.60000	102.49000	 64.79678	102.49000
275.80000	102.94000	 64.69902	102.94000
276.00000	103.23000	 64.42004	103.23000
276.20000	103.31000	 63.96561	103.31000
276.40000	102.85000	 63.12729	102.85000
276.60000	102.21000	 62.25200	102.21000
276.80000	101.44000	 61.42886	101.44000
277.00000	100.60000	 60.73413	100.60000
277.20000	 99.89000	 60.33102	 99.89000
277.40000	 99.35000	 60.22886	 99.35000
277.60000	 98.88000	 60.30700	 98.88000
277.80000	 98.49000	 60.52631	 98.49000
278.00000	 98.19000	 60.84881	 98.19000
278.20000	 97.99000	 61.24097	 97.99000
278.40000	 97.99000	 61.74518	 97.99000
278.60000	 98.13000	 62.28043	 98.13000
278.80000	 98.36000	 62.78133	 98.36000
279.00000	 98.66000	 63.21733	 98.66000
279.20000	 99.02000	 63.57648	 99.02000
279.40000	 99.51000	 63.91746	 99.51000
279.60000	100.08000	 64.20656	100.08000
279.80000	100.59000	 64.34385	100.59000
280.00000	101.01000	 64.32627	101.01000
280.20000	101.26000	 64.12037	101.26000
280.40000	100.96000	 63.46922	100.96000
280.60000	100.50000	 62.74197	100.50000
280.80000	 99.91000	 62.01531	 99.91000
281.00000	 99.25000	 61.37249	 99.25000
281.20000	 98.63000	 60.91610	 98.63000
281.40000	 98.15000	 60.71803	 98.15000
281.60000	 97.69000	 60.65728	 97.69000
281.80000	 97.25000	 60.70145	 97.25000
282.00000	 96.86000	 60.84142	 96.86000
282.20000	 96.50000	 61.03031	 96.50000
282.40000	 96.09000	 61.17987	 96.09000
282.60000	 95.72000	 61.34521	 95.72000
282.80000	 95.45000	 61.56127	 95.45000
283.00000	 95.32000	 61.84638	 95.32000
283.20000	 95.36000	 62.20871	 95.36000
283.40000	 95.76000	 62.77786	 95.76000
283.60000	 96.45000	 63.46847	 96.45000
283.80000	 97.25000	 64.10851	 97.25000
284.00000	 98.11000	 64.64162	 98.11000
284.20000	 98.99000	 65.03480	 98.99000
284.40000	 99.83000	 65.25348	 99.83000
284.60000	100.57000	 65.27590	100.57000
284.80000	101.16000	 65.09887	101.16000
285.00000	101.45000	 64.64949	101.45000
285.20000	101.30000	 63.87467	101.30000
285.40000	100.98000	 63.05190	100.98000
285.60000	100.53000	 62.26384	100.53000
285.80000	100.03000	 61.60472	100.03000
286.00000	 99.75000	 61.29370	 99.75000
286.20000	 99.50000	 61.15799	 99.50000
286.40000	 99.29000	 61.17103	 99.29000
286.60000	 99.12000	 61.29504	 99.12000
286.80000	 98.98000	 61.48566	 98.98000
287.00000	 98.89000	 61.72679	 98.89000
287.20000	 98.80000	 61.95311	 98.80000
287.40000	 98.79000	 62.20958	 98.79000
287.60000	 98.87000	 62.48941	 98.87000
