  0.00000	 87.02000	 68.91038	 87.02000
  0.20000	 87.35000	 69.29387	 87.35000
  0.40000	 88.07000	 70.07848	 88.07000
  0.60000	 89.10000	 71.17988	 89.10000
  0.80000	 90.36000	 72.51386	 90.36000
  1.00000	 91.74000	 73.96563	 91.74000
  1.20000	 93.17000	 75.46189	 93.17000
  1.40000	 94.54000	 76.88870	 94.54000
  1.60000	 95.65000	 78.04029	 95.65000
  1.80000	 96.45000	 78.86563	 96.45000
  2.00000	 97.09000	 79.51956	 97.09000
  2.20000	 97.60000	 80.03390	 97.60000
  2.40000	 98.00000	 80.43019	 98.00000
  2.60000	 98.32000	 80.74019	 98.32000
  2.80000	 98.60000	 81.00583	 98.60000
  3.00000	 98.86000	 81.24832	 98.86000
  3.20000	 99.25000	 81.62216	 99.25000
  3.40000	 99.68000	 82.03512	 99.68000
  3.60000	100.07000	 82.40511	100.07000
  3.80000	100.39000	 82.70145	100.39000
  4.00000	100.54000	 82.82175	100.54000
  4.20000	100.55000	 82.79733	100.55000
  4.40000	100.44000	 82.64938	100.44000
  4.60000	100.19000	 82.35806	100.19000
  4.80000	 99.65000	 81.77019	 99.65000
  5.00000	 99.09000	 81.16396	 99.09000
  5.20000	 98.62000	 80.65305	 98.62000
  5.40000	 98.52000	 80.52514	 98.52000
  5.60000	 98.77000	 80.75911	 98.77000
  5.80000	 99.10000	 81.07672	 99.10000
  6.00000	 99.43000	 81.39489	 99.43000
  6.20000	 99.41000	 81.35378	 99.41000
  6.40000	 99.30000	 81.22048	 99.30000
  6.60000	 99.13000	 81.02616	 99.13000
  6.80000	 98.96000	 80.83277	 98.96000
  7.00000	 98.87000	 80.72265	 98.87000
  7.20000	 98.82000	 80.65475	 98.82000
  7.40000	 98.80000	 80.61869	 98.80000
  7.60000	 98.81000	 80.61433	 98.81000
  7.80000	 98.96000	 80.75441	 98.96000
  8.00000	 99.13000	 80.91536	 99.13000
  8.20000	 99.27000	 81.04553	 99.27000
  8.40000	 99.34000	 81.10371	 99.34000
  8.60000	 99.22000	 80.96679	 99.22000
  8.80000	 98.98000	 80.70703	 98.98000
  9.00000	 98.65000	 80.35574	 98.65000
  9.20000	 98.19000	 79.87239	 98.19000
  9.40000	 97.57000	 79.22683	 97.57000
  9.60000	 96.91000	 78.54294	 96.91000
  9.80000	 96.22000	 77.83152	 96.22000
 10.00000	 95.60000	 77.19562	 95.60000
 10.20000	 95.10000	 76.68664	 95.10000
 10.40000	 94.63000	 76.21200	 94.63000
 10.60000	 94.17000	 75.75092	 94.17000
 10.80000	 93.67000	 75.25186	 93.67000
 11.00000	 93.05000	 74.63262	 93.05000
 11.20000	 92.51000	 74.09861	 92.51000
 11.40000	 92.09000	 73.69080	 92.09000
 11.60000	 91.93000	 73.55252	 91.93000
 11.80000	 92.15000	 73.80614	 92.15000
 12.00000	 92.50000	 74.19375	 92.50000
 12.20000	 92.92000	 74.65259	 92.92000
 12.40000	 93.35000	 75.12012	 93.35000
 12.60000	 93.74000	 75.54439	 93.74000
 12.80000	 94.05000	 75.88402	 94.05000
 13.00000	 94.24000	 76.09791	 94.24000
 13.20000	 94.08000	 75.95025	 94.08000
 13.40000	 93.72000	 75.59590	 93.72000
 13.60000	 93.25000	 75.12828	 93.25000
 13.80000	 92.72000	 74.59963	 92.72000
 14.00000	 92.23000	 74.11335	 92.23000
 14.20000	 91.75000	 73.63907	 91.75000
 14.40000	 91.29000	 73.18730	 91.29000
 14.60000	 90.84000	 72.74788	 90.84000
 14.80000	 90.41000	 72.33110	 90.41000
 15.00000	 90.01000	 71.94719	 90.01000
 15.20000	 89.68000	 71.63709	 89.68000
 15.40000	 89.43000	 71.41083	 89.43000
 15.60000	 89.28000	 71.28859	 89.28000
 15.80000	 89.33000	 71.37254	 89.33000
 16.00000	 89.49000	 71.56960	 89.49000
 16.20000	 89.75000	 71.86877	 89.75000
 16.40000	 90.09000	 72.24884	 90.09000
 16.60000	 90.57000	 72.77077	 90.57000
 16.80000	 91.10000	 73.34149	 91.10000
 17.00000	 91.62000	 73.89888	 91.62000
 17.20000	 92.09000	 74.40155	 92.09000
 17.40000	 92.36000	 74.69549	 92.36000
 17.60000	 92.54000	 74.89397	 92.54000
 17.80000	 92.65000	 75.01800	 92.65000
 18.00000	 92.68000	 75.05782	 92.68000
 18.20000	 92.60000	 74.98315	 92.60000
 18.40000	 92.48000	 74.86645	 92.48000
 18.60000	 92.34000	 74.72872	 92.34000
 18.80000	 92.19000	 74.58063	 92.19000
 19.00000	 92.13000	 74.52509	 92.13000
 19.20000	 92.10000	 74.50052	 92.10000
 19.40000	 92.04000	 74.44528	 92.04000
 19.60000	 91.97000	 74.37992	 91.97000
 19.80000	 91.73000	 74.14027	 91.73000
 20.00000	 91.41000	 73.81905	 91.41000
 20.20000	 91.14000	 73.55011	 91.14000
 20.40000	 90.97000	 73.38492	 90.97000
 20.60000	 91.10000	 73.52865	 91.10000
 20.80000	 91.49000	 73.93955	 91.49000
 21.00000	 91.98000	 74.45240	 91.98000
 21.20000	 92.51000	 75.00473	 92.51000
 21.40000	 93.00000	 75.51376	 93.00000
 21.60000	 93.44000	 75.96888	 93.44000
 21.80000	 93.79000	 76.32894	 93.79000
 22.00000	 94.03000	 76.57353	 94.03000
 22.20000	 93.95000	 76.48749	 93.95000
 22.40000	 93.71000	 76.23592	 93.71000
 22.60000	 93.38000	 75.89165	 93.38000
 22.80000	 92.98000	 75.47603	 92.98000
 23.00000	 92.61000	 75.09241	 92.61000
 23.20000	 92.25000	 74.72068	 92.25000
 23.40000	 91.89000	 74.35081	 91.89000
 23.60000	 91.54000	 73.99322	 91.54000
 23.80000	 91.26000	 73.70954	 91.26000
 24.00000	 91.04000	 73.48939	 91.04000
 24.20000	 90.86000	 73.31200	 90.86000
 24.40000	 90.70000	 73.15661	 90.70000
 24.60000	 90.55000	 73.01272	 90.55000
 24.80000	 90.29000	 72.75698	 90.29000
 25.00000	 90.05000	 72.52290	 90.05000
 25.20000	 89.90000	 72.38233	 89.90000
 25.40000	 89.89000	 72.38640	 89.89000
 25.60000	 90.20000	 72.71941	 90.20000
 25.80000	 90.73000	 73.27779	 90.73000
 26.00000	 91.36000	 73.93728	 91.36000
 26.20000	 92.06000	 74.66616	 92.06000
 26.40000	 92.76000	 75.39182	 92.76000
 26.60000	 93.44000	 76.09326	 93.44000
 26.80000	 94.04000	 76.70865	 94.04000
 27.00000	 94.48000	 77.15592	 94.48000
 27.20000	 94.55000	 77.21993	 94.55000
 27.40000	 94.51000	 77.16859	 94.51000
 27.60000	 94.40000	 77.04392	 94.40000
 27.80000	 94.32000	 76.94937	 94.32000
 28.00000	 94.39000	 77.00860	 94.39000
 28.20000	 94.51000	 77.11902	 94.51000
 28.40000	 94.68000	 77.28055	 94.68000
 28.60000	 94.90000	 77.49304	 94.90000
 28.80000	 95.24000	 77.82812	 95.24000
 29.00000	 95.60000	 78.18279	 95.60000
 29.20000	 95.96000	 78.53622	 95.96000
 29.40000	 96.27000	 78.83692	 96.27000
 29.60000	 96.49000	 79.04383	 96.49000
 29.80000	 96.61000	 79.14688	 96.61000
 30.00000	 96.61000	 79.12588	 96.61000
 30.20000	 96.45000	 78.94028	 96.45000
 30.40000	 95.83000	 78.28284	 95.83000
 30.60000	 95.12000	 77.53471	 95.12000
 30.80000	 94.48000	 76.86121	 94.48000
 31.00000	 94.16000	 76.51951	 94.16000
 31.20000	 94.34000	 76.69406	 94.34000
 31.40000	 94.69000	 77.04492	 94.69000
 31.60000	 95.14000	 77.49902	 95.14000
 31.80000	 95.56000	 77.92190	 95.56000
 32.00000	 95.94000	 78.30265	 95.94000
 32.20000	 96.24000	 78.59988	 96.24000
 32.40000	 96.35000	 78.70063	 96.35000
 32.60000	 96.14000	 78.47185	 96.14000
 32.80000	 95.79000	 78.09920	 95.79000
 33.00000	 95.34000	 77.62464	 95.34000
 33.20000	 94.86000	 77.12083	 94.86000
 33.40000	 94.39000	 76.62943	 94.39000
 33.60000	 93.92000	 76.14055	 93.92000
 33.80000	 93.46000	 75.66467	 93.46000
 34.00000	 93.05000	 75.24295	 93.05000
 34.20000	 92.73000	 74.91639	 92.73000
 34.40000	 92.44000	 74.62315	 92.44000
 34.60000	 92.19000	 74.37323	 92.19000
 34.80000	 91.96000	 74.14584	 91.96000
 35.00000	 91.67000	 73.85860	 91.67000
 35.20000	 91.44000	 73.63462	 91.44000
 35.40000	 91.31000	 73.51476	 91.31000
 35.60000	 91.37000	 73.59105	 91.37000
 35.80000	 91.76000	 74.00654	 91.76000
 36.00000	 92.24000	 74.51378	 92.24000
 36.20000	 92.77000	 75.07080	 92.77000
 36.40000	 93.28000	 75.60503	 93.28000
 36.60000	 93.71000	 76.05445	 93.71000
 36.80000	 94.07000	 76.42923	 94.07000
 37.00000	 94.33000	 76.69868	 94.33000
 37.20000	 94.31000	 76.67837	 94.31000
 37.40000	 94.15000	 76.51278	 94.15000
 37.60000	 93.90000	 76.25409	 93.90000
 37.80000	 93.60000	 75.94411	 93.60000
 38.00000	 93.41000	 75.74769	 93.41000
 38.20000	 93.22000	 75.55212	 93.22000
 38.40000	 93.01000	 75.33700	 93.01000
 38.60000	 92.77000	 75.09218	 92.77000
 38.80000	 92.31000	 74.62279	 92.31000
 39.00000	 91.82000	 74.12435	 91.82000
 39.20000	 91.40000	 73.69991	 91.40000
 39.40000	 91.11000	 73.41114	 91.11000
 39.60000	 91.23000	 73.54521	 91.23000
 39.80000	 91.54000	 73.87531	 91.54000
 40.00000	 91.97000	 74.32852	 91.97000
 40.20000	 92.50000	 74.88333	 92.50000
 40.40000	 93.11000	 75.51834	 93.11000
 40.60000	 93.69000	 76.11992	 93.69000
 40.80000	 94.20000	 76.64662	 94.20000
 41.00000	 94.46000	 76.91358	 94.46000
 41.20000	 94.44000	 76.89050	 94.44000
 41.40000	 94.30000	 76.74250	 94.30000
 41.60000	 94.10000	 76.53206	 94.10000
 41.80000	 93.92000	 76.34202	 93.92000
 42.00000	 93.77000	 76.18311	 93.77000
 42.20000	 93.59000	 75.99399	 93.59000
 42.40000	 93.39000	 75.78517	 93.39000
 42.60000	 93.18000	 75.56708	 93.18000
 42.80000	 92.94000	 75.31933	 92.94000
 43.00000	 92.68000	 75.05234	 92.68000
 43.20000	 92.39000	 74.75596	 92.39000
 43.40000	 92.01000	 74.36875	 92.01000
 43.60000	 91.53000	 73.88071	 91.53000
 43.80000	 91.11000	 73.45641	 91.11000
 44.00000	 90.78000	 73.12674	 90.78000
 44.20000	 90.65000	 73.00446	 90.65000
 44.40000	 90.82000	 73.19169	 90.82000
 44.60000	 91.15000	 73.54374	 91.15000
 44.80000	 91.62000	 74.03908	 91.62000
 45.00000	 92.26000	 74.70754	 92.26000
 45.20000	 93.05000	 75.52759	 93.05000
 45.40000	 93.89000	 76.39564	 93.89000
 45.60000	 94.73000	 77.25965	 94.73000
 45.80000	 95.45000	 77.99601	 95.45000
 46.00000	 96.09000	 78.64576	 96.09000
 46.20000	 96.65000	 79.20910	 96.65000
 46.40000	 97.11000	 79.66584	 97.11000
 46.60000	 97.43000	 79.97541	 97.43000
 46.80000	 97.65000	 80.17951	 97.65000
 47.00000	 97.79000	 80.29933	 97.79000
 47.20000	 97.85000	 80.33553	 97.85000
 47.40000	 97.84000	 80.29899	 97.84000
 47.60000	 97.78000	 80.21079	 97.78000
 47.80000	 97.67000	 80.07145	 97.67000
 48.00000	 97.54000	 79.91218	 97.54000
 48.20000	 97.44000	 79.78463	 97.44000
 48.40000	 97.31000	 79.62738	 97.31000
 48.60000	 97.12000	 79.40981	 97.12000
 48.80000	 96.88000	 79.14237	 96.88000
 49.00000	 96.31000	 78.53795	 96.31000
 49.20000	 95.74000	 77.93605	 95.74000
 49.40000	 95.28000	 77.45009	 95.28000
 49.60000	 95.04000	 77.19309	 95.04000
 49.80000	 95.45000	 77.60594	 95.45000
 50.00000	 96.04000	 78.20464	 96.04000
 50.20000	 96.70000	 78.87480	 96.70000
 50.40000	 97.30000	 79.48182	 97.30000
 50.60000	 97.71000	 79.89165	 97.71000
 50.80000	 98.01000	 80.18635	 98.01000
 51.00000	 98.17000	 80.33537	 98.17000
 51.20000	 98.00000	 80.14417	 98.00000
 51.40000	 97.63000	 79.74718	 97.63000
 51.60000	 97.20000	 79.28917	 97.20000
 51.80000	 96.80000	 78.86340	 96.80000
 52.00000	 96.73000	 78.77827	 96.73000
 52.20000	 96.84000	 78.87948	 96.84000
 52.40000	 96.99000	 79.02273	 96.99000
 52.60000	 97.15000	 79.17670	 97.15000
 52.80000	 97.27000	 79.28972	 97.27000
 53.00000	 97.30000	 79.31028	 97.30000
 53.20000	 97.23000	 79.22820	 97.23000
 53.40000	 97.04000	 79.02319	 97.04000
 53.60000	 96.45000	 78.40830	 96.45000
 53.80000	 95.68000	 77.61041	 95.68000
 54.00000	 94.94000	 76.84616	 94.94000
 54.20000	 94.40000	 76.29068	 94.40000
 54.40000	 94.40000	 76.29292	 94.40000
 54.60000	 94.61000	 76.51304	 94.61000
 54.80000	 94.97000	 76.88824	 94.97000
 55.00000	 95.48000	 77.41736	 95.48000
 55.20000	 96.06000	 78.01720	 96.06000
 55.40000	 96.60000	 78.57399	 96.60000
 55.60000	 96.99000	 78.97433	 96.99000
 55.80000	 96.98000	 78.96164	 96.98000
 56.00000	 96.81000	 78.78309	 96.81000
 56.20000	 96.50000	 78.46011	 96.50000
 56.40000	 96.09000	 78.03469	 96.09000
 56.60000	 95.61000	 77.53844	 95.61000
 56.80000	 95.09000	 77.00284	 95.09000
 57.00000	 94.56000	 76.45924	 94.56000
 57.20000	 94.06000	 75.94903	 94.06000
 57.40000	 93.62000	 75.50318	 93.62000
 57.60000	 93.23000	 75.11138	 93.23000
 57.80000	 92.89000	 74.77347	 92.89000
 58.00000	 92.59000	 74.47895	 92.59000
 58.20000	 92.35000	 74.24808	 92.35000
 58.40000	 92.23000	 74.14212	 92.23000
 58.60000	 92.24000	 74.17084	 92.24000
 58.80000	 92.51000	 74.46707	 92.51000
 59.00000	 93.00000	 74.98878	 93.00000
 59.20000	 93.56000	 75.58093	 93.56000
 59.40000	 94.16000	 76.21187	 94.16000
 59.60000	 94.69000	 76.76803	 94.69000
 59.80000	 95.17000	 77.26968	 95.17000
 60.00000	 95.56000	 77.67570	 95.56000
 60.20000	 95.79000	 77.91444	 95.79000
 60.40000	 95.79000	 77.91453	 95.79000
 60.60000	 95.69000	 77.81024	 95.69000
 60.80000	 95.50000	 77.61260	 95.50000
 61.00000	 95.30000	 77.40445	 95.30000
 61.20000	 95.09000	 77.18630	 95.09000
 61.40000	 94.83000	 76.91749	 94.83000
 61.60000	 94.54000	 76.61887	 94.54000
 61.80000	 94.09000	 76.15732	 94.09000
 62.00000	 93.53000	 75.58467	 93.53000
 62.20000	 93.05000	 75.09646	 93.05000
 62.40000	 92.72000	 74.76474	 92.72000
 62.60000	 92.84000	 74.89720	 92.84000
 62.80000	 93.33000	 75.41065	 93.33000
 63.00000	 93.95000	 76.05726	 93.95000
 63.20000	 94.63000	 76.76389	 94.63000
 63.40000	 95.26000	 77.41667	 95.26000
 63.60000	 95.81000	 77.98426	 95.81000
 63.80000	 96.25000	 78.43569	 96.25000
 64.00000	 96.43000	 78.61717	 96.43000
 64.20000	 96.28000	 78.45750	 96.28000
 64.40000	 95.98000	 78.14257	 95.98000
 64.60000	 95.57000	 77.71455	 95.57000
 64.80000	 95.15000	 77.27704	 95.15000
 65.00000	 94.72000	 76.83073	 94.72000
 65.20000	 94.28000	 76.37607	 94.28000
 65.40000	 93.85000	 75.93392	 93.85000
 65.60000	 93.39000	 75.46339	 93.39000
 65.80000	 92.96000	 75.02622	 92.96000
 66.00000	 92.61000	 74.67375	 92.61000
 66.20000	 92.38000	 74.44685	 92.38000
 66.40000	 92.42000	 74.49908	 92.42000
 66.60000	 92.72000	 74.81933	 92.72000
 66.80000	 93.13000	 75.25254	 93.13000
 67.00000	 93.61000	 75.75667	 93.61000
 67.20000	 94.16000	 76.33092	 94.16000
 67.40000	 94.70000	 76.89250	 94.70000
 67.60000	 95.17000	 77.37943	 95.17000
 67.80000	 95.48000	 77.69922	 95.48000
 68.00000	 95.47000	 77.68794	 95.47000
 68.20000	 95.31000	 77.52094	 95.31000
 68.40000	 95.04000	 77.24021	 95.04000
 68.60000	 94.69000	 76.87739	 94.69000
 68.80000	 94.32000	 76.49480	 94.32000
 69.00000	 93.92000	 76.08274	 93.92000
 69.20000	 93.50000	 75.65187	 93.50000
 69.40000	 93.08000	 75.22304	 93.08000
 69.60000	 92.69000	 74.82722	 92.69000
 69.80000	 92.34000	 74.47472	 92.34000
 70.00000	 92.05000	 74.18599	 92.05000
 70.20000	 91.86000	 74.00190	 91.86000
 70.40000	 91.83000	 73.98366	 91.83000
 70.60000	 91.90000	 74.06910	 91.90000
 70.80000	 92.09000	 74.27813	 92.09000
 71.00000	 92.42000	 74.63062	 92.42000
 71.20000	 92.97000	 75.20792	 92.97000
 71.40000	 93.57000	 75.83462	 93.57000
 71.60000	 94.14000	 76.42789	 94.14000
 71.80000	 94.53000	 76.83336	 94.53000
 72.00000	 94.72000	 77.03064	 94.72000
 72.20000	 94.86000	 77.17420	 94.86000
 72.40000	 94.96000	 77.27478	 94.96000
 72.60000	 95.14000	 77.45598	 95.14000
 72.80000	 95.34000	 77.65636	 95.34000
 73.00000	 95.54000	 77.85546	 95.54000
 73.20000	 95.72000	 78.03282	 95.72000
 73.40000	 95.89000	 78.19879	 95.89000
 73.60000	 96.02000	 78.32267	 96.02000
 73.80000	 96.07000	 78.36358	 96.07000
 74.00000	 96.03000	 78.31153	 96.03000
 74.20000	 95.67000	 77.93085	 95.67000
 74.40000	 95.26000	 77.49956	 95.26000
 74.60000	 94.89000	 77.11075	 94.89000
 74.80000	 94.70000	 76.90850	 94.70000
 75.00000	 94.76000	 76.96453	 94.76000
 75.20000	 94.99000	 77.19613	 94.99000
 75.40000	 95.39000	 77.60252	 95.39000
 75.60000	 96.22000	 78.44966	 96.22000
 75.80000	 97.13000	 79.37686	 97.13000
 76.00000	 97.95000	 80.20851	 97.95000
 76.20000	 98.38000	 80.63614	 98.38000
 76.40000	 98.35000	 80.58836	 98.35000
 76.60000	 98.09000	 80.30251	 98.09000
 76.80000	 97.63000	 79.81075	 97.63000
 77.00000	 96.96000	 79.10417	 96.96000
 77.20000	 96.20000	 78.30726	 96.20000
 77.40000	 95.38000	 77.45189	 95.38000
 77.60000	 94.60000	 76.64151	 94.60000
 77.80000	 93.95000	 75.96894	 93.95000
 78.00000	 93.42000	 75.42389	 93.42000
 78.20000	 93.02000	 75.01633	 93.02000
 78.40000	 92.79000	 74.78681	 92.79000
 78.60000	 92.96000	 74.97064	 92.96000
 78.80000	 93.26000	 75.28938	 93.26000
 79.00000	 93.64000	 75.69050	 93.64000
 79.20000	 94.03000	 76.10119	 94.03000
 79.40000	 94.32000	 76.40787	 94.32000
 79.60000	 94.59000	 76.69239	 94.59000
 79.80000	 94.81000	 76.92386	 94.81000
 80.00000	 94.96000	 77.08181	 94.96000
 80.20000	 95.02000	 77.14589	 95.02000
 80.40000	 95.06000	 77.18828	 95.06000
 80.60000	 95.08000	 77.20925	 95.08000
 80.80000	 95.15000	 77.28089	 95.15000
 81.00000	 95.25000	 77.38274	 95.25000
 81.20000	 95.34000	 77.47373	 95.34000
 81.40000	 95.40000	 77.53336	 95.40000
 81.60000	 95.43000	 77.56170	 95.43000
 81.80000	 95.39000	 77.51783	 95.39000
 82.00000	 95.26000	 77.38144	 95.26000
 82.20000	 94.97000	 77.08104	 94.97000
 82.40000	 94.32000	 76.41192	 94.32000
 82.60000	 93.65000	 75.72415	 93.65000
 82.80000	 93.06000	 75.12112	 93.06000
 83.00000	 92.81000	 74.87004	 92.81000
 83.20000	 92.87000	 74.93960	 92.87000
 83.40000	 93.15000	 75.23645	 93.15000
 83.60000	 93.73000	 75.84154	 93.73000
 83.80000	 94.73000	 76.87664	 94.73000
 84.00000	 95.74000	 77.91913	 95.74000
 84.20000	 96.59000	 78.79334	 96.59000
 84.40000	 96.71000	 78.91380	 96.71000
 84.60000	 96.48000	 78.67174	 96.48000
 84.80000	 96.02000	 78.19191	 96.02000
 85.00000	 95.46000	 77.60930	 95.46000
 85.20000	 94.88000	 77.00730	 94.88000
 85.40000	 94.25000	 76.35600	 94.25000
 85.60000	 93.62000	 75.70743	 93.62000
 85.80000	 93.03000	 75.10307	 93.03000
 86.00000	 92.51000	 74.57390	 92.51000
 86.20000	 92.09000	 74.15066	 92.09000
 86.40000	 91.77000	 73.83309	 91.77000
 86.60000	 91.66000	 73.73365	 91.66000
 86.80000	 91.80000	 73.89265	 91.80000
 87.00000	 92.00000	 74.11406	 92.00000
 87.20000	 92.19000	 74.32520	 92.19000
 87.40000	 92.23000	 74.38184	 92.23000
 87.60000	 92.13000	 74.29417	 92.13000
 87.80000	 91.95000	 74.12403	 91.95000
 88.00000	 91.70000	 73.88202	 91.70000
 88.20000	 91.29000	 73.47615	 91.29000
 88.40000	 90.82000	 73.00963	 90.82000
 88.60000	 90.34000	 72.53429	 90.34000
 88.80000	 89.88000	 72.08126	 89.88000
 89.00000	 89.52000	 71.73284	 89.52000
 89.20000	 89.26000	 71.48893	 89.26000
 89.40000	 89.10000	 71.34922	 89.10000
 89.60000	 89.07000	 71.34408	 89.07000
 89.80000	 89.35000	 71.65770	 89.35000
 90.00000	 89.80000	 72.14536	 89.80000
 90.20000	 90.26000	 72.64180	 90.26000
 90.40000	 90.66000	 73.07447	 90.66000
 90.60000	 90.64000	 73.07355	 90.64000
 90.80000	 90.41000	 72.85523	 90.41000
 91.00000	 90.07000	 72.52302	 90.07000
 91.20000	 89.69000	 72.14962	 89.69000
 91.40000	 89.30000	 71.76649	 89.30000
 91.60000	 88.95000	 71.42538	 88.95000
 91.80000	 88.69000	 71.17786	 88.69000
 92.00000	 88.56000	 71.06491	 88.56000
 92.20000	 88.70000	 71.22993	 88.70000
 92.40000	 89.13000	 71.69266	 89.13000
 92.60000	 89.71000	 72.30829	 89.71000
 92.80000	 90.39000	 73.02446	 90.39000
 93.00000	 91.21000	 73.88130	 91.21000
 93.20000	 92.08000	 74.78557	 92.08000
 93.40000	 92.88000	 75.61347	 92.88000
 93.60000	 93.55000	 76.30314	 93.55000
 93.80000	 93.73000	 76.48526	 93.73000
 94.00000	 93.70000	 76.44833	 93.70000
 94.20000	 93.57000	 76.30651	 93.57000
 94.40000	 93.38000	 76.10192	 93.38000
 94.60000	 93.34000	 76.05096	 93.34000
 94.80000	 93.31000	 76.01022	 93.31000
 95.00000	 93.29000	 75.97988	 93.29000
 95.20000	 93.29000	 75.97030	 93.29000
 95.40000	 93.25000	 75.91992	 93.25000
 95.60000	 93.24000	 75.90068	 93.24000
 95.80000	 93.30000	 75.95362	 93.30000
 96.00000	 93.46000	 76.10940	 93.46000
 96.20000	 93.95000	 76.60375	 93.95000
 96.40000	 94.58000	 77.24080	 94.58000
 96.60000	 95.19000	 77.85545	 95.19000
 96.80000	 95.70000	 78.36505	 95.70000
 97.00000	 95.83000	 78.48210	 95.83000
 97.20000	 95.82000	 78.45363	 95.82000
 97.40000	 95.67000	 78.28042	 95.67000
 97.60000	 95.42000	 78.00437	 95.42000
 97.80000	 95.08000	 77.63651	 95.08000
 98.00000	 94.67000	 77.19809	 94.67000
 98.20000	 94.22000	 76.72049	 94.22000
 98.40000	 93.73000	 76.20420	 93.73000
 98.60000	 93.15000	 75.59828	 93.15000
 98.80000	 92.62000	 75.04685	 92.62000
 99.00000	 92.22000	 74.63215	 92.22000
 99.20000	 92.00000	 74.40531	 92.00000
 99.40000	 92.20000	 74.61211	 92.20000
 99.60000	 92.62000	 75.04602	 92.62000
 99.80000	 93.23000	 75.67496	 93.23000
100.00000	 94.07000	 76.53868	 94.07000
100.20000	 95.17000	 77.66663	 95.17000
100.40000	 96.28000	 78.80083	 96.28000
100.60000	 97.26000	 79.79665	 97.26000
100.80000	 97.72000	 80.25349	 97.72000
101.00000	 97.86000	 80.37752	 97.86000
101.20000	 97.81000	 80.30348	 97.81000
101.40000	 97.65000	 80.11478	 97.65000
101.60000	 97.46000	 79.89466	 97.46000
101.80000	 97.24000	 79.64398	 97.24000
102.00000	 97.04000	 79.41467	 97.04000
102.20000	 96.91000	 79.25842	 96.91000
102.40000	 96.94000	 79.26773	 96.94000
102.60000	 97.06000	 79.37046	 97.06000
102.80000	 97.28000	 79.57649	 97.28000
103.00000	 97.68000	 79.96748	 97.68000
103.20000	 98.29000	 80.57351	 98.29000
103.40000	 98.90000	 81.17815	 98.90000
103.60000	 99.42000	 81.68845	 99.42000
103.80000	 99.54000	 81.78604	 99.54000
104.00000	 99.41000	 81.62558	 99.41000
104.20000	 99.19000	 81.37228	 99.19000
104.40000	 98.96000	 81.10913	 98.96000
104.60000	 99.04000	 81.16517	 99.04000
104.80000	 99.20000	 81.30410	 99.20000
105.00000	 99.31000	 81.39218	 99.31000
105.20000	 99.31000	 81.36770	 99.31000
105.40000	 98.95000	 80.97422	 98.95000
105.60000	 98.39000	 80.37677	 98.39000
105.80000	 97.71000	 79.65843	 97.71000
106.00000	 96.93000	 78.84058	 96.93000
106.20000	 95.91000	 77.78033	 95.91000
106.40000	 95.00000	 76.83786	 95.00000
106.60000	 94.36000	 76.17778	 94.36000
106.80000	 94.48000	 76.30263	 94.48000
107.00000	 95.33000	 77.17980	 95.33000
107.20000	 96.39000	 78.27281	 96.39000
107.40000	 97.44000	 79.35353	 97.44000
107.60000	 98.09000	 80.02017	 98.09000
107.80000	 98.56000	 80.49832	 98.56000
108.00000	 98.79000	 80.72668	 98.79000
108.20000	 98.62000	 80.54175	 98.62000
108.40000	 98.12000	 80.01671	 98.12000
108.60000	 97.45000	 79.31738	 97.45000
108.80000	 96.69000	 78.52729	 96.69000
109.00000	 95.94000	 77.75023	 95.94000
109.20000	 95.25000	 77.03823	 95.25000
109.40000	 94.66000	 76.43269	 94.66000
109.60000	 94.25000	 76.01570	 94.25000
109.80000	 94.24000	 76.01264	 94.24000
110.00000	 94.43000	 76.21711	 94.43000
110.20000	 94.80000	 76.60736	 94.80000
110.40000	 95.38000	 77.21300	 95.38000
110.60000	 96.19000	 78.05329	 96.19000
110.80000	 96.98000	 78.87035	 96.98000
111.00000	 97.63000	 79.54021	 97.63000
111.20000	 97.72000	 79.63157	 97.72000
111.40000	 97.54000	 79.44309	 97.54000
111.60000	 97.20000	 79.08895	 97.20000
111.80000	 96.78000	 78.65246	 96.78000
112.00000	 96.34000	 78.19621	 96.34000
112.20000	 95.93000	 77.77221	 95.93000
112.40000	 95.58000	 77.41166	 95.58000
112.60000	 95.40000	 77.22759	 95.40000
112.80000	 95.47000	 77.30183	 95.47000
113.00000	 95.69000	 77.53102	 95.69000
113.20000	 96.02000	 77.87330	 96.02000
113.40000	 96.52000	 78.38948	 96.52000
113.60000	 97.14000	 79.02737	 97.14000
113.80000	 97.77000	 79.67325	 97.77000
114.00000	 98.35000	 80.26498	 98.35000
114.20000	 98.62000	 80.53547	 98.62000
114.40000	 98.77000	 80.68021	 98.77000
114.60000	 98.82000	 80.72035	 98.82000
114.80000	 98.83000	 80.71811	 98.83000
115.00000	 98.93000	 80.80743	 98.93000
115.20000	 98.95000	 80.81403	 98.95000
115.40000	 98.88000	 80.72793	 98.88000
115.60000	 98.62000	 80.44691	 98.62000
115.80000	 97.94000	 79.73554	 97.94000
116.00000	 97.22000	 78.98515	 97.22000
116.20000	 96.57000	 78.30956	 96.57000
116.40000	 96.21000	 77.93505	 96.21000
116.60000	 96.20000	 77.92287	 96.20000
116.80000	 96.43000	 78.15919	 96.43000
117.00000	 96.94000	 78.68387	 96.94000
117.20000	 98.06000	 79.83423	 98.06000
117.40000	 99.20000	 81.00255	 99.20000
117.60000	100.14000	 81.96153	100.14000
117.80000	100.19000	 82.00245	100.19000
118.00000	 99.68000	 81.46546	 99.68000
118.20000	 98.92000	 80.67094	 98.92000
118.40000	 98.10000	 79.81588	 98.10000
118.60000	 97.44000	 79.12758	 97.44000
118.80000	 96.85000	 78.51430	 96.85000
119.00000	 96.37000	 78.01737	 96.37000
119.20000	 96.11000	 77.74961	 96.11000
119.40000	 96.15000	 77.79259	 96.15000
119.60000	 96.35000	 78.00161	 96.35000
119.80000	 96.66000	 78.32433	 96.66000
120.00000	 97.16000	 78.84191	 97.16000
120.20000	 97.75000	 79.45069	 97.75000
120.40000	 98.24000	 79.95480	 98.24000
120.60000	 98.51000	 80.23071	 98.51000
120.80000	 97.93000	 79.63207	 97.93000
121.00000	 97.08000	 78.75607	 97.08000
121.20000	 96.09000	 77.73799	 96.09000
121.40000	 95.09000	 76.71279	 95.09000
121.60000	 94.36000	 75.96888	 94.36000
121.80000	 93.77000	 75.37294	 93.77000
122.00000	 93.36000	 74.96577	 93.36000
122.20000	 93.15000	 74.76731	 93.15000
122.40000	 93.39000	 75.03331	 93.39000
122.60000	 93.86000	 75.53644	 93.86000
122.80000	 94.47000	 76.18282	 94.47000
123.00000	 95.17000	 76.91982	 95.17000
123.20000	 95.98000	 77.76690	 95.98000
123.40000	 96.69000	 78.50762	 96.69000
123.60000	 97.21000	 79.04921	 97.21000
123.80000	 97.14000	 78.98133	 97.14000
124.00000	 96.57000	 78.39770	 96.57000
124.20000	 95.84000	 77.64926	 95.84000
124.40000	 95.04000	 76.83006	 95.04000
124.60000	 94.51000	 76.29033	 94.51000
124.80000	 94.16000	 75.93800	 94.16000
125.00000	 93.93000	 75.71127	 93.93000
125.20000	 93.85000	 75.64054	 93.85000
125.40000	 93.99000	 75.79705	 93.99000
125.60000	 94.31000	 76.13885	 94.31000
125.80000	 94.75000	 76.60341	 94.75000
126.00000	 95.30000	 77.17956	 95.30000
126.20000	 96.08000	 77.98963	 96.08000
126.40000	 96.87000	 78.80681	 96.87000
126.60000	 97.55000	 79.50727	 97.55000
126.80000	 97.90000	 79.86502	 97.90000
127.00000	 97.75000	 79.70616	 97.75000
127.20000	 97.41000	 79.35032	 97.41000
127.40000	 96.96000	 78.88100	 96.96000
127.60000	 96.50000	 78.40203	 96.50000
127.80000	 96.10000	 77.98605	 96.10000
128.00000	 95.77000	 77.64376	 95.77000
128.20000	 95.55000	 77.41634	 95.55000
128.40000	 95.56000	 77.42677	 95.56000
128.60000	 95.87000	 77.74631	 95.87000
128.80000	 96.32000	 78.20970	 96.32000
129.00000	 96.89000	 78.79543	 96.89000
129.20000	 97.63000	 79.55390	 97.63000
129.40000	 98.45000	 80.39179	 98.45000
129.60000	 99.16000	 81.11330	 99.16000
129.80000	 99.61000	 81.56422	 99.61000
130.00000	 99.23000	 81.15992	 99.23000
130.20000	 98.63000	 80.52846	 98.63000
130.40000	 97.93000	 79.79484	 97.93000
130.60000	 97.40000	 79.23759	 97.40000
130.80000	 97.29000	 79.11391	 97.29000
131.00000	 97.30000	 79.11544	 97.30000
131.20000	 97.37000	 79.18000	 97.37000
131.40000	 97.48000	 79.28653	 97.48000
131.60000	 97.58000	 79.38326	 97.58000
131.80000	 97.66000	 79.45964	 97.66000
132.00000	 97.66000	 79.45392	 97.66000
132.20000	 97.50000	 79.28404	 97.50000
132.40000	 96.92000	 78.68354	 96.92000
132.60000	 96.35000	 78.09483	 96.35000
132.80000	 95.92000	 77.65206	 95.92000
133.00000	 95.96000	 77.69409	 95.96000
133.20000	 96.48000	 78.23032	 96.48000
133.40000	 97.16000	 78.93073	 97.16000
133.60000	 97.89000	 79.68101	 97.89000
133.80000	 98.54000	 80.34669	 98.54000
134.00000	 99.08000	 80.89646	 99.08000
134.20000	 99.47000	 81.28917	 99.47000
134.40000	 99.44000	 81.24798	 99.44000
134.60000	 99.13000	 80.91766	 99.13000
134.80000	 98.68000	 80.44320	 98.68000
135.00000	 98.15000	 79.88738	 98.15000
135.20000	 97.57000	 79.28197	 97.57000
135.40000	 97.07000	 78.76112	 97.07000
135.60000	 96.74000	 78.41751	 96.74000
135.80000	 96.89000	 78.56916	 96.89000
136.00000	 97.57000	 79.26626	 97.57000
136.20000	 98.28000	 79.99377	 98.28000
136.40000	 98.83000	 80.55538	 98.83000
136.60000	 98.48000	 80.19103	 98.48000
136.80000	 97.81000	 79.49749	 97.81000
137.00000	 97.00000	 78.66118	 97.00000
137.20000	 96.20000	 77.83746	 96.20000
137.40000	 95.69000	 77.31464	 95.69000
137.60000	 95.25000	 76.86692	 95.25000
137.80000	 94.89000	 76.50438	 94.89000
138.00000	 94.62000	 76.23697	 94.62000
138.20000	 94.50000	 76.12585	 94.50000
138.40000	 94.42000	 76.05750	 94.42000
138.60000	 94.36000	 76.01086	 94.36000
138.80000	 94.25000	 75.91369	 94.25000
139.00000	 94.05000	 75.72476	 94.05000
139.20000	 93.81000	 75.49543	 93.81000
139.40000	 93.56000	 75.25660	 93.56000
139.60000	 93.30000	 75.00837	 93.30000
139.80000	 93.05000	 74.77133	 93.05000
140.00000	 92.81000	 74.54551	 92.81000
140.20000	 92.61000	 74.36168	 92.61000
140.40000	 92.46000	 74.22999	 92.46000
140.60000	 92.42000	 74.21186	 92.42000
140.80000	 92.44000	 74.25559	 92.44000
141.00000	 92.50000	 74.34031	 92.50000
141.20000	 92.62000	 74.48620	 92.62000
141.40000	 92.82000	 74.71345	 92.82000
141.60000	 93.02000	 74.93957	 93.02000
141.80000	 93.19000	 75.13349	 93.19000
142.00000	 93.21000	 75.17198	 93.21000
142.20000	 93.07000	 75.04502	 93.07000
142.40000	 92.88000	 74.86603	 92.88000
142.60000	 92.68000	 74.67651	 92.68000
142.80000	 92.50000	 74.50760	 92.50000
143.00000	 92.37000	 74.39027	 92.37000
143.20000	 92.34000	 74.37585	 92.34000
143.40000	 92.43000	 74.48468	 92.43000
143.60000	 92.88000	 74.96271	 92.88000
143.80000	 93.61000	 75.72683	 93.61000
144.00000	 94.34000	 76.48843	 94.34000
144.20000	 94.93000	 77.10301	 94.93000
144.40000	 94.87000	 77.04690	 94.87000
144.60000	 94.56000	 76.73186	 94.56000
144.80000	 94.11000	 76.27213	 94.11000
145.00000	 93.62000	 75.77157	 93.62000
145.20000	 93.28000	 75.42609	 93.28000
145.40000	 92.97000	 75.11284	 92.97000
145.60000	 92.73000	 74.87300	 92.73000
145.80000	 92.58000	 74.72701	 92.58000
146.00000	 92.62000	 74.77727	 92.62000
146.20000	 92.77000	 74.94109	 92.77000
146.40000	 92.97000	 75.15628	 92.97000
146.60000	 93.20000	 75.40179	 93.20000
146.80000	 93.43000	 75.64640	 93.43000
147.00000	 93.65000	 75.87959	 93.65000
147.20000	 93.82000	 76.06014	 93.82000
147.40000	 93.89000	 76.13676	 93.89000
147.60000	 93.73000	 75.97624	 93.73000
147.80000	 93.50000	 75.74344	 93.50000
148.00000	 93.25000	 75.49025	 93.25000
148.20000	 93.00000	 75.23763	 93.00000
148.40000	 92.74000	 74.97561	 92.74000
148.60000	 92.57000	 74.80704	 92.57000
148.80000	 92.55000	 74.79343	 92.55000
149.00000	 92.76000	 75.01655	 92.76000
149.20000	 93.55000	 75.83488	 93.55000
149.40000	 94.49000	 76.80542	 94.49000
149.60000	 95.49000	 77.83438	 95.49000
149.80000	 96.38000	 78.74621	 96.38000
150.00000	 97.04000	 79.41730	 97.04000
150.20000	 97.58000	 79.96075	 97.58000
150.40000	 97.98000	 80.35646	 97.98000
150.60000	 98.18000	 80.54348	 98.18000
150.80000	 98.18000	 80.52268	 98.18000
151.00000	 98.10000	 80.41824	 98.10000
151.20000	 97.98000	 80.27210	 97.98000
151.40000	 97.73000	 79.99256	 97.73000
151.60000	 97.57000	 79.80616	 97.57000
151.80000	 97.63000	 79.84662	 97.63000
152.00000	 98.35000	 80.56528	 98.35000
152.20000	 99.73000	 81.96059	 99.73000
152.40000	101.10000	 83.34252	101.10000
152.60000	102.04000	 84.27845	102.04000
152.80000	101.90000	 84.10111	101.90000
153.00000	101.38000	 83.53111	101.38000
153.20000	100.62000	 82.71441	100.62000
153.40000	 99.87000	 81.90965	 99.87000
153.60000	 99.14000	 81.12844	 99.14000
153.80000	 98.45000	 80.39215	 98.45000
154.00000	 97.85000	 79.75257	 97.85000
154.20000	 97.55000	 79.42530	 97.55000
154.40000	 97.42000	 79.27632	 97.42000
154.60000	 97.40000	 79.24325	 97.40000
154.80000	 97.48000	 79.31503	 97.48000
155.00000	 97.76000	 79.59353	 97.76000
155.20000	 98.02000	 79.85199	 98.02000
155.40000	 98.21000	 80.03850	 98.21000
155.60000	 98.10000	 79.91673	 98.10000
155.80000	 97.57000	 79.36396	 97.57000
156.00000	 96.92000	 78.68924	 96.92000
156.20000	 96.22000	 77.96544	 96.22000
156.40000	 95.58000	 77.30623	 95.58000
156.60000	 95.05000	 76.76330	 95.05000
156.80000	 94.67000	 76.37770	 94.67000
157.00000	 94.47000	 76.17987	 94.47000
157.20000	 94.71000	 76.43603	 94.71000
157.40000	 95.34000	 77.09350	 95.34000
157.60000	 96.02000	 77.80159	 96.02000
157.80000	 96.61000	 78.41533	 96.61000
158.00000	 96.65000	 78.46197	 96.65000
158.20000	 96.43000	 78.23983	 96.43000
158.40000	 96.05000	 77.85258	 96.05000
158.60000	 95.54000	 77.33205	 95.54000
158.80000	 94.92000	 76.69975	 94.92000
159.00000	 94.29000	 76.05917	 94.29000
159.20000	 93.70000	 75.46222	 93.70000
159.40000	 93.26000	 75.02212	 93.26000
159.60000	 93.09000	 74.86187	 93.09000
159.80000	 93.09000	 74.87817	 93.09000
160.00000	 93.27000	 75.08046	 93.27000
160.20000	 93.78000	 75.62175	 93.78000
160.40000	 94.58000	 76.45965	 94.58000
160.60000	 95.37000	 77.28478	 95.37000
160.80000	 96.02000	 77.96276	 96.02000
161.00000	 96.01000	 77.95957	 96.01000
161.20000	 95.71000	 77.65610	 95.71000
161.40000	 95.26000	 77.19747	 95.26000
161.60000	 94.74000	 76.66705	 94.74000
161.80000	 94.27000	 76.18903	 94.27000
162.00000	 93.85000	 75.76398	 93.85000
162.20000	 93.56000	 75.47427	 93.56000
162.40000	 93.50000	 75.42245	 93.50000
162.60000	 93.87000	 75.81322	 93.87000
162.80000	 94.36000	 76.32713	 94.36000
163.00000	 94.89000	 76.88098	 94.89000
163.20000	 95.32000	 77.33025	 95.32000
163.40000	 95.61000	 77.63354	 95.61000
163.60000	 95.81000	 77.84226	 95.81000
163.80000	 95.90000	 77.93613	 95.90000
164.00000	 95.74000	 77.77190	 95.74000
164.20000	 95.45000	 77.47354	 95.45000
164.40000	 95.10000	 77.11372	 95.10000
164.60000	 94.74000	 76.74445	 94.74000
164.80000	 94.38000	 76.37646	 94.38000
165.00000	 94.10000	 76.09217	 94.10000
165.20000	 93.96000	 75.95321	 93.96000
165.40000	 94.03000	 76.03112	 94.03000
165.60000	 94.69000	 76.71527	 94.69000
165.80000	 95.49000	 77.54218	 95.49000
166.00000	 96.29000	 78.36674	 96.29000
166.20000	 96.87000	 78.96225	 96.87000
166.40000	 97.10000	 79.19513	 97.10000
166.60000	 97.20000	 79.29182	 97.20000
166.80000	 97.22000	 79.30439	 97.22000
167.00000	 97.27000	 79.34640	 97.27000
167.20000	 97.32000	 79.38750	 97.32000
167.40000	 97.30000	 79.35612	 97.30000
167.60000	 97.20000	 79.24237	 97.20000
167.80000	 96.87000	 78.89269	 96.87000
168.00000	 96.47000	 78.47204	 96.47000
168.20000	 96.10000	 78.08369	 96.10000
168.40000	 95.85000	 77.82039	 95.85000
168.60000	 95.81000	 77.77447	 95.81000
168.80000	 95.97000	 77.93521	 95.97000
169.00000	 96.37000	 78.34292	 96.37000
169.20000	 97.39000	 79.38661	 97.39000
169.40000	 98.61000	 80.63326	 98.61000
169.60000	 99.72000	 81.76300	 99.72000
169.80000	100.19000	 82.23099	100.19000
170.00000	 99.99000	 82.00717	 99.99000
170.20000	 99.53000	 81.51427	 99.53000
170.40000	 98.94000	 80.88758	 98.94000
170.60000	 98.46000	 80.37496	 98.46000
170.80000	 98.03000	 79.91565	 98.03000
171.00000	 97.68000	 79.54084	 97.68000
171.20000	 97.55000	 79.39435	 97.55000
171.40000	 97.73000	 79.56812	 97.73000
171.60000	 98.04000	 79.87649	 98.04000
171.80000	 98.45000	 80.28775	 98.45000
172.00000	 99.00000	 80.84213	 99.00000
172.20000	 99.57000	 81.41562	 99.57000
172.40000	100.02000	 81.86393	100.02000
172.60000	100.20000	 82.03297	100.20000
172.80000	 99.67000	 81.47164	 99.67000
173.00000	 98.92000	 80.68463	 98.92000
173.20000	 98.08000	 79.80705	 98.08000
173.40000	 97.30000	 78.99414	 97.30000
173.60000	 96.82000	 78.49297	 96.82000
173.80000	 96.46000	 78.11863	 96.46000
174.00000	 96.26000	 77.91178	 96.26000
174.20000	 96.30000	 77.95392	 96.30000
174.40000	 96.71000	 78.37752	 96.71000
174.60000	 97.15000	 78.83221	 97.15000
174.80000	 97.50000	 79.19379	 97.50000
175.00000	 97.36000	 79.05124	 97.36000
175.20000	 96.85000	 78.52837	 96.85000
175.40000	 96.21000	 77.87274	 96.21000
175.60000	 95.51000	 77.15728	 95.51000
175.80000	 94.93000	 76.56757	 94.93000
176.00000	 94.46000	 76.09366	 94.46000
176.20000	 94.06000	 75.69444	 94.06000
176.40000	 93.76000	 75.40050	 93.76000
176.60000	 93.60000	 75.25253	 93.60000
176.80000	 93.59000	 75.26021	 93.59000
177.00000	 93.72000	 75.41259	 93.72000
177.20000	 93.99000	 75.70889	 93.99000
177.40000	 94.56000	 76.31249	 94.56000
177.60000	 95.27000	 77.05802	 95.27000
177.80000	 95.93000	 77.74941	 95.93000
178.00000	 96.41000	 78.25265	 96.41000
178.20000	 96.26000	 78.10589	 96.26000
178.40000	 95.91000	 77.75179	 95.91000
178.60000	 95.42000	 77.25324	 95.42000
178.80000	 94.86000	 76.68330	 94.86000
179.00000	 94.29000	 76.10451	 94.29000
179.20000	 93.80000	 75.60990	 93.80000
179.40000	 93.46000	 75.27156	 93.46000
179.60000	 93.48000	 75.30487	 93.48000
179.80000	 94.01000	 75.86292	 94.01000
180.00000	 94.66000	 76.54379	 94.66000
180.20000	 95.35000	 77.26401	 95.35000
180.40000	 95.81000	 77.74548	 95.81000
180.60000	 96.09000	 78.03934	 96.09000
180.80000	 96.25000	 78.20746	 96.25000
181.00000	 96.28000	 78.24002	 96.28000
181.20000	 96.00000	 77.95289	 96.00000
181.40000	 95.63000	 77.57293	 95.63000
181.60000	 95.22000	 77.15235	 95.22000
181.80000	 94.82000	 76.74319	 94.82000
182.00000	 94.48000	 76.39718	 94.48000
182.20000	 94.26000	 76.17608	 94.26000
182.40000	 94.21000	 76.13105	 94.21000
182.60000	 94.53000	 76.46688	 94.53000
182.80000	 95.40000	 77.36723	 95.40000
183.00000	 96.33000	 78.32731	 96.33000
183.20000	 97.15000	 79.17129	 97.15000
183.40000	 97.32000	 79.34426	 97.32000
183.60000	 97.05000	 79.06266	 97.05000
183.80000	 96.60000	 78.59489	 96.60000
184.00000	 96.04000	 78.01424	 96.04000
184.20000	 95.48000	 77.43481	 95.48000
184.40000	 94.97000	 76.90872	 94.97000
184.60000	 94.59000	 76.51850	 94.59000
184.80000	 94.40000	 76.32573	 94.40000
185.00000	 94.74000	 76.67894	 94.74000
185.20000	 95.29000	 77.24833	 95.29000
185.40000	 96.02000	 78.00171	 96.02000
185.60000	 96.92000	 78.92752	 96.92000
185.80000	 98.00000	 80.03482	 98.00000
186.00000	 99.00000	 81.05559	 99.00000
186.20000	 99.76000	 81.82503	 99.76000
186.40000	 99.72000	 81.76856	 99.72000
186.60000	 99.28000	 81.29848	 99.28000
186.80000	 98.69000	 80.67346	 98.69000
187.00000	 98.14000	 80.09023	 98.14000
187.20000	 97.97000	 79.89880	 97.97000
187.40000	 97.91000	 79.82203	 97.91000
187.60000	 97.94000	 79.83909	 97.94000
187.80000	 98.05000	 79.93933	 98.05000
188.00000	 98.24000	 80.12230	 98.24000
188.20000	 98.49000	 80.36701	 98.49000
188.40000	 98.77000	 80.64223	 98.77000
188.60000	 99.11000	 80.97837	 99.11000
188.80000	 99.49000	 81.35456	 99.49000
189.00000	 99.82000	 81.67811	 99.82000
189.20000	100.07000	 81.91812	100.07000
189.40000	100.08000	 81.91049	100.08000
189.60000	 99.94000	 81.74817	 99.94000
189.80000	 99.71000	 81.49345	 99.71000
190.00000	 99.41000	 81.16753	 99.41000
190.20000	 99.14000	 80.87363	 99.14000
190.40000	 98.85000	 80.56076	 98.85000
190.60000	 98.52000	 80.20865	 98.52000
190.80000	 98.14000	 79.80726	 98.14000
191.00000	 97.53000	 79.17210	 97.53000
191.20000	 96.95000	 78.57062	 96.95000
191.40000	 96.49000	 78.09552	 96.49000
191.60000	 96.33000	 77.93149	 96.33000
191.80000	 96.60000	 78.21125	 96.60000
192.00000	 97.09000	 78.71791	 97.09000
192.20000	 97.74000	 79.38850	 97.74000
192.40000	 98.71000	 80.38594	 98.71000
192.60000	 99.68000	 81.38030	 99.68000
192.80000	100.47000	 82.18585	100.47000
193.00000	100.63000	 82.34048	100.63000
193.20000	100.25000	 81.93771	100.25000
193.40000	 99.65000	 81.30789	 99.65000
193.60000	 98.92000	 80.54517	 98.92000
193.80000	 98.17000	 79.76390	 98.17000
194.00000	 97.51000	 79.07801	 97.51000
194.20000	 97.06000	 78.61113	 97.06000
194.40000	 97.20000	 78.75313	 97.20000
194.60000	 97.82000	 79.38977	 97.82000
194.80000	 98.59000	 80.18044	 98.59000
195.00000	 99.36000	 80.96959	 99.36000
195.20000	 99.92000	 81.54060	 99.92000
195.40000	100.33000	 81.95477	100.33000
195.60000	100.52000	 82.14042	100.52000
195.80000	100.24000	 81.84153	100.24000
196.00000	 99.59000	 81.16213	 99.59000
196.20000	 98.79000	 80.32970	 98.79000
196.40000	 97.91000	 79.41756	 97.91000
196.60000	 97.12000	 78.60131	 97.12000
196.80000	 96.43000	 77.89175	 96.43000
197.00000	 95.89000	 77.34035	 95.89000
197.20000	 95.57000	 77.01867	 95.57000
197.40000	 95.88000	 77.34684	 95.88000
197.60000	 96.37000	 77.86123	 96.37000
197.80000	 96.94000	 78.45762	 96.94000
198.00000	 97.45000	 78.99107	 97.45000
198.20000	 97.80000	 79.35824	 97.80000
198.40000	 98.01000	 79.57951	 98.01000
198.60000	 98.03000	 79.60379	 98.03000
198.80000	 97.57000	 79.13400	 97.57000
199.00000	 96.82000	 78.36653	 96.82000
199.20000	 95.97000	 77.49790	 95.97000
199.40000	 95.09000	 76.60120	 95.09000
199.60000	 94.40000	 75.90309	 94.40000
199.80000	 93.84000	 75.34216	 93.84000
200.00000	 93.43000	 74.93874	 93.43000
200.20000	 93.19000	 74.71288	 93.19000
200.40000	 93.35000	 74.89995	 93.35000
200.60000	 93.70000	 75.28309	 93.70000
200.80000	 94.16000	 75.77890	 94.16000
201.00000	 94.66000	 76.31442	 94.66000
201.20000	 95.13000	 76.81699	 95.13000
201.40000	 95.56000	 77.27588	 95.56000
201.60000	 95.90000	 77.63954	 95.90000
201.80000	 95.99000	 77.74383	 95.99000
202.00000	 95.83000	 77.58935	 95.83000
202.20000	 95.60000	 77.36177	 95.60000
202.40000	 95.35000	 77.11318	 95.35000
202.60000	 95.13000	 76.89550	 95.13000
202.80000	 95.01000	 76.78090	 95.01000
203.00000	 95.03000	 76.81045	 95.03000
203.20000	 95.27000	 77.06597	 95.27000
203.40000	 96.19000	 78.01894	 96.19000
203.60000	 97.30000	 79.16463	 97.30000
203.80000	 98.34000	 80.23457	 98.34000
204.00000	 98.95000	 80.85838	 98.95000
204.20000	 98.87000	 80.76952	 98.87000
204.40000	 98.54000	 80.42125	 98.54000
204.60000	 98.05000	 79.90762	 98.05000
204.80000	 97.55000	 79.38405	 97.55000
205.00000	 97.07000	 78.88237	 97.07000
205.20000	 96.65000	 78.44426	 96.65000
205.40000	 96.34000	 78.12134	 96.34000
205.60000	 96.32000	 78.09830	 96.32000
205.80000	 96.51000	 78.29237	 96.51000
206.00000	 96.82000	 78.61031	 96.82000
206.20000	 97.22000	 79.02046	 97.22000
206.40000	 97.73000	 79.54258	 97.73000
206.60000	 98.25000	 80.07330	 98.25000
206.80000	 98.74000	 80.57106	 98.74000
207.00000	 99.13000	 80.96376	 99.13000
207.20000	 99.32000	 81.14882	 99.32000
207.40000	 99.38000	 81.19855	 99.38000
207.60000	 99.32000	 81.12382	 99.32000
207.80000	 99.07000	 80.85346	 99.07000
208.00000	 98.63000	 80.38832	 98.63000
208.20000	 98.10000	 79.83199	 98.10000
208.40000	 97.55000	 79.25717	 97.55000
208.60000	 96.93000	 78.61310	 96.93000
208.80000	 96.36000	 78.02348	 96.36000
209.00000	 96.02000	 77.67325	 96.02000
209.20000	 96.09000	 77.74679	 96.09000
209.40000	 97.14000	 78.82801	 97.14000
209.60000	 98.38000	 80.10330	 98.38000
209.80000	 99.60000	 81.35487	 99.60000
210.00000	100.22000	 81.98597	100.22000
210.20000	100.45000	 82.21240	100.45000
210.40000	100.40000	 82.14810	100.40000
210.60000	100.03000	 81.75331	100.03000
210.80000	 99.34000	 81.02961	 99.34000
211.00000	 98.53000	 80.18399	 98.53000
211.20000	 97.70000	 79.32049	 97.70000
211.40000	 97.04000	 78.63508	 97.04000
211.60000	 96.55000	 78.12805	 96.55000
211.80000	 96.24000	 77.80946	 96.24000
212.00000	 96.23000	 77.80192	 96.23000
212.20000	 96.82000	 78.41232	 96.82000
212.40000	 97.50000	 79.11527	 97.50000
212.60000	 98.11000	 79.74508	 98.11000
212.80000	 98.17000	 79.80822	 98.17000
213.00000	 97.75000	 79.37709	 97.75000
213.20000	 97.12000	 78.73020	 97.12000
213.40000	 96.36000	 77.95102	 96.36000
213.60000	 95.57000	 77.14337	 95.57000
213.80000	 94.81000	 76.36967	 94.81000
214.00000	 94.15000	 75.70227	 94.15000
214.20000	 93.66000	 75.21307	 93.66000
214.40000	 93.66000	 75.23019	 93.66000
214.60000	 93.91000	 75.50604	 93.91000
214.80000	 94.29000	 75.91607	 94.29000
215.00000	 94.74000	 76.39747	 94.74000
215.20000	 95.21000	 76.89796	 95.21000
215.40000	 95.61000	 77.32449	 95.61000
215.60000	 95.89000	 77.62543	 95.89000
215.80000	 95.82000	 77.56479	 95.82000
216.00000	 95.39000	 77.13311	 95.39000
216.20000	 94.80000	 76.53693	 94.80000
216.40000	 94.12000	 75.84931	 94.12000
216.60000	 93.36000	 75.08150	 93.36000
216.80000	 92.61000	 74.32670	 92.61000
217.00000	 91.97000	 73.68806	 91.97000
217.20000	 91.53000	 73.25802	 91.53000
217.40000	 91.54000	 73.29280	 91.54000
217.60000	 91.99000	 73.78091	 91.99000
217.80000	 92.65000	 74.48455	 92.65000
218.00000	 93.46000	 75.34052	 93.46000
218.20000	 94.49000	 76.41929	 94.49000
218.40000	 95.51000	 77.48341	 95.51000
218.60000	 96.37000	 78.37807	 96.37000
218.80000	 96.80000	 78.82597	 96.80000
219.00000	 96.54000	 78.56104	 96.54000
219.20000	 96.01000	 78.01636	 96.01000
219.40000	 95.33000	 77.31702	 95.33000
219.60000	 94.73000	 76.70071	 94.73000
219.80000	 94.20000	 76.15812	 94.20000
220.00000	 93.69000	 75.63840	 93.69000
220.20000	 93.23000	 75.17260	 93.23000
220.40000	 92.83000	 74.77103	 92.83000
220.60000	 92.55000	 74.49515	 92.55000
220.80000	 92.35000	 74.30357	 92.35000
221.00000	 92.22000	 74.18558	 92.22000
221.20000	 92.16000	 74.14075	 92.16000
221.40000	 92.22000	 74.21992	 92.22000
221.60000	 92.34000	 74.36095	 92.34000
221.80000	 92.51000	 74.55306	 92.51000
222.00000	 92.70000	 74.76500	 92.70000
222.20000	 92.88000	 74.96566	 92.88000
222.40000	 93.03000	 75.13430	 93.03000
222.60000	 93.15000	 75.27086	 93.15000
222.80000	 93.26000	 75.39590	 93.26000
223.00000	 93.32000	 75.46842	 93.32000
223.20000	 93.35000	 75.50911	 93.35000
223.40000	 93.33000	 75.49760	 93.33000
223.60000	 93.26000	 75.43413	 93.26000
223.80000	 93.11000	 75.28818	 93.11000
224.00000	 92.85000	 75.02930	 92.85000
224.20000	 92.59000	 74.77086	 92.59000
224.40000	 92.37000	 74.55422	 92.37000
224.60000	 92.24000	 74.43081	 92.24000
224.80000	 92.25000	 74.45184	 92.25000
225.00000	 92.39000	 74.60668	 92.39000
225.20000	 92.67000	 74.90507	 92.67000
225.40000	 93.18000	 75.43874	 93.18000
225.60000	 94.03000	 76.31969	 94.03000
225.80000	 94.91000	 77.22845	 94.91000
226.00000	 95.71000	 78.05122	 95.71000
226.20000	 96.13000	 78.47969	 96.13000
226.40000	 96.20000	 78.54518	 96.20000
226.60000	 96.14000	 78.47461	 96.14000
226.80000	 96.00000	 78.32036	 96.00000
227.00000	 95.83000	 78.13464	 95.83000
227.20000	 95.69000	 77.97970	 95.69000
227.40000	 95.61000	 77.88674	 95.61000
227.60000	 95.63000	 77.89696	 95.63000
227.80000	 95.99000	 78.25656	 95.99000
228.00000	 96.51000	 78.78003	 96.51000
228.20000	 97.09000	 79.36388	 97.09000
228.40000	 97.66000	 79.93557	 97.66000
228.60000	 98.07000	 80.34072	 98.07000
228.80000	 98.39000	 80.65124	 98.39000
229.00000	 98.59000	 80.83658	 98.59000
229.20000	 98.64000	 80.86639	 98.64000
229.40000	 98.40000	 80.59760	 98.40000
229.60000	 98.06000	 80.22623	 98.06000
229.80000	 97.67000	 79.80452	 97.67000
230.00000	 97.27000	 79.37421	 97.27000
230.20000	 96.95000	 79.02816	 96.95000
230.40000	 96.70000	 78.75626	 96.70000
230.60000	 96.56000	 78.59947	 96.56000
230.80000	 96.63000	 78.66016	 96.63000
231.00000	 97.09000	 79.12239	 97.09000
231.20000	 97.58000	 79.61544	 97.58000
231.40000	 98.00000	 80.03576	 98.00000
231.60000	 98.05000	 80.07498	 98.05000
231.80000	 97.61000	 79.61039	 97.61000
232.00000	 97.04000	 79.01280	 97.04000
232.20000	 96.42000	 78.36546	 96.42000
232.40000	 95.87000	 77.79243	 95.87000
232.60000	 95.47000	 77.37624	 95.47000
232.80000	 95.21000	 77.10657	 95.21000
233.00000	 95.15000	 77.04465	 95.15000
233.20000	 95.50000	 77.40536	 95.50000
233.40000	 96.25000	 78.17710	 96.25000
233.60000	 97.10000	 79.05025	 97.10000
233.80000	 97.95000	 79.92083	 97.95000
234.00000	 98.52000	 80.50056	 98.52000
234.20000	 98.88000	 80.86127	 98.88000
234.40000	 99.11000	 81.08554	 99.11000
234.60000	 99.19000	 81.15345	 99.19000
234.80000	 99.06000	 81.00418	 99.06000
235.00000	 98.80000	 80.72077	 98.80000
235.20000	 98.47000	 80.36575	 98.47000
235.40000	 98.09000	 79.96040	 98.09000
235.60000	 97.56000	 79.40271	 97.56000
235.80000	 97.17000	 78.99102	 97.17000
236.00000	 97.02000	 78.82814	 97.02000
236.20000	 97.61000	 79.42684	 97.61000
236.40000	 98.77000	 80.61082	 98.77000
236.60000	 99.96000	 81.82347	 99.96000
236.80000	100.87000	 82.74494	100.87000
237.00000	100.84000	 82.69734	100.84000
237.20000	100.50000	 82.32886	100.50000
237.40000	 99.94000	 81.73364	 99.94000
237.60000	 99.27000	 81.02623	 99.27000
237.80000	 98.58000	 80.30035	 98.58000
238.00000	 97.91000	 79.59798	 97.91000
238.20000	 97.33000	 78.99154	 97.33000
238.40000	 97.12000	 78.76856	 97.12000
238.60000	 97.14000	 78.78467	 97.14000
238.80000	 97.26000	 78.90548	 97.26000
239.00000	 97.43000	 79.07879	 97.43000
239.20000	 97.60000	 79.25257	 97.60000
239.40000	 97.71000	 79.36474	 97.71000
239.60000	 97.68000	 79.33299	 97.68000
239.80000	 97.37000	 79.01378	 97.37000
240.00000	 96.52000	 78.14094	 96.52000
240.20000	 95.55000	 77.14709	 95.55000
240.40000	 94.59000	 76.16694	 94.59000
240.60000	 93.81000	 75.37578	 93.81000
240.80000	 93.45000	 75.02008	 93.45000
241.00000	 93.27000	 74.85271	 93.27000
241.20000	 93.25000	 74.85220	 93.25000
241.40000	 93.45000	 75.07911	 93.45000
241.60000	 93.87000	 75.53230	 93.87000
241.80000	 94.30000	 75.99500	 94.30000
242.00000	 94.65000	 76.37399	 94.65000
242.20000	 94.60000	 76.34043	 94.60000
242.40000	 94.28000	 76.02832	 94.28000
242.60000	 93.83000	 75.58231	 93.83000
242.80000	 93.31000	 75.06488	 93.31000
243.00000	 92.74000	 74.49734	 92.74000
243.20000	 92.20000	 73.96240	 92.20000
243.40000	 91.76000	 73.53224	 91.76000
243.60000	 91.47000	 73.25818	 91.47000
243.80000	 91.62000	 73.43753	 91.62000
244.00000	 92.01000	 73.86387	 92.01000
244.20000	 92.54000	 74.43329	 92.54000
244.40000	 93.17000	 75.10360	 93.17000
244.60000	 93.91000	 75.88408	 93.91000
244.80000	 94.60000	 76.60966	 94.60000
245.00000	 95.18000	 77.21833	 95.18000
245.20000	 95.40000	 77.45345	 95.40000
245.40000	 95.21000	 77.26447	 95.21000
245.60000	 94.87000	 76.91963	 94.87000
245.80000	 94.47000	 76.51256	 94.47000
246.00000	 94.13000	 76.16741	 94.13000
246.20000	 93.88000	 75.91553	 93.88000
246.40000	 93.73000	 75.76735	 93.73000
246.60000	 93.73000	 75.77411	 93.73000
246.80000	 94.13000	 76.19200	 94.13000
247.00000	 94.74000	 76.82492	 94.74000
247.20000	 95.37000	 77.47673	 95.37000
247.40000	 95.91000	 78.03369	 95.91000
247.60000	 96.05000	 78.17731	 96.05000
247.80000	 96.04000	 78.16478	 96.04000
248.00000	 95.90000	 78.01738	 95.90000
248.20000	 95.61000	 77.71536	 95.61000
248.40000	 95.18000	 77.26984	 95.18000
248.60000	 94.69000	 76.76379	 94.69000
248.80000	 94.22000	 76.28003	 94.22000
249.00000	 93.81000	 75.86001	 93.81000
249.20000	 93.57000	 75.61678	 93.57000
249.40000	 93.46000	 75.50901	 93.46000
249.60000	 93.49000	 75.54648	 93.49000
249.80000	 93.75000	 75.82093	 93.75000
250.00000	 94.45000	 76.54699	 94.45000
250.20000	 95.19000	 77.31261	 95.19000
250.40000	 95.86000	 78.00378	 95.86000
250.60000	 96.12000	 78.27099	 96.12000
250.80000	 95.87000	 78.01206	 95.87000
251.00000	 95.48000	 77.60816	 95.48000
251.20000	 95.03000	 77.14262	 95.03000
251.40000	 94.68000	 76.78065	 94.68000
251.60000	 94.50000	 76.59454	 94.50000
251.80000	 94.44000	 76.53290	 94.44000
252.00000	 94.54000	 76.63649	 94.54000
252.20000	 94.98000	 77.08952	 94.98000
252.40000	 95.77000	 77.90117	 95.77000
252.60000	 96.58000	 78.73132	 96.58000
252.80000	 97.28000	 79.44554	 97.28000
253.00000	 97.46000	 79.62261	 97.46000
253.20000	 97.33000	 79.47887	 97.33000
253.40000	 97.05000	 79.17976	 97.05000
253.60000	 96.66000	 78.76747	 96.66000
253.80000	 96.27000	 78.35591	 96.27000
254.00000	 95.88000	 77.94577	 95.88000
254.20000	 95.55000	 77.59906	 95.55000
254.40000	 95.32000	 77.35701	 95.32000
254.60000	 95.35000	 77.38371	 95.35000
254.80000	 95.55000	 77.58616	 95.55000
255.00000	 95.88000	 77.92251	 95.88000
255.20000	 96.33000	 78.38171	 96.33000
255.40000	 97.01000	 79.07584	 97.01000
255.60000	 97.73000	 79.80891	 97.73000
255.80000	 98.41000	 80.49806	 98.41000
256.00000	 98.93000	 81.01975	 98.93000
256.20000	 99.17000	 81.25091	 99.17000
256.40000	 99.28000	 81.34615	 99.28000
256.60000	 99.25000	 81.29597	 99.25000
256.80000	 99.09000	 81.11144	 99.09000
257.00000	 98.80000	 80.79338	 98.80000
257.20000	 98.43000	 80.39395	 98.43000
257.40000	 98.03000	 79.96518	 98.03000
257.60000	 97.51000	 79.41525	 97.51000
257.80000	 96.98000	 78.85763	 96.98000
258.00000	 96.64000	 78.49800	 96.64000
258.20000	 96.60000	 78.44911	 96.60000
258.40000	 97.48000	 79.34652	 97.48000
258.60000	 98.58000	 80.46939	 98.58000
258.80000	 99.71000	 81.62063	 99.71000
259.00000	100.53000	 82.44983	100.53000
259.20000	101.02000	 82.93614	101.02000
259.40000	101.26000	 83.16217	101.26000
259.60000	101.15000	 83.02619	101.15000
259.80000	100.54000	 82.37559	100.54000
260.00000	 99.74000	 81.53051	 99.74000
260.20000	 98.88000	 80.62607	 98.88000
260.40000	 98.09000	 79.79698	 98.09000
260.60000	 97.46000	 79.13629	 97.46000
260.80000	 97.03000	 78.68514	 97.03000
261.00000	 96.90000	 78.54578	 96.90000
261.20000	 97.61000	 79.27151	 97.61000
261.40000	 98.52000	 80.20310	 98.52000
261.60000	 99.44000	 81.14351	 99.44000
261.80000	 99.93000	 81.63976	 99.93000
262.00000	 99.92000	 81.62000	 99.92000
262.20000	 99.68000	 81.36234	 99.68000
262.40000	 99.27000	 80.92957	 99.27000
262.60000	 98.75000	 80.38443	 98.75000
262.80000	 98.15000	 79.75872	 98.15000
263.00000	 97.53000	 79.11486	 97.53000
263.20000	 96.93000	 78.49450	 96.93000
263.40000	 96.42000	 77.96979	 96.42000
263.60000	 96.03000	 77.57155	 96.03000
263.80000	 95.77000	 77.30975	 95.77000
264.00000	 95.82000	 77.36866	 95.82000
264.20000	 96.29000	 77.86017	 96.29000
264.40000	 96.78000	 78.37220	 96.78000
264.60000	 97.18000	 78.79076	 97.18000
264.80000	 96.97000	 78.58162	 96.97000
265.00000	 96.37000	 77.97145	 96.37000
265.20000	 95.62000	 77.20800	 95.62000
265.40000	 94.80000	 76.37463	 94.80000
265.60000	 94.10000	 75.66733	 94.10000
265.80000	 93.50000	 75.06597	 93.50000
266.00000	 93.01000	 74.58084	 93.01000
266.20000	 92.69000	 74.27328	 92.69000
266.40000	 92.67000	 74.27617	 92.67000
266.60000	 92.92000	 74.55772	 92.92000
266.80000	 93.34000	 75.01403	 93.34000
267.00000	 93.90000	 75.61310	 93.90000
267.20000	 94.72000	 76.47700	 94.72000
267.40000	 95.59000	 77.38894	 95.59000
267.60000	 96.38000	 78.21457	 96.38000
267.80000	 96.91000	 78.76872	 96.91000
268.00000	 96.78000	 78.64116	 96.78000
268.20000	 96.45000	 78.30558	 96.45000
268.40000	 96.00000	 77.84564	 96.00000
268.60000	 95.49000	 77.32419	 95.49000
268.80000	 95.01000	 76.83460	 95.01000
269.00000	 94.65000	 76.46987	 94.65000
269.20000	 94.52000	 76.34303	 94.52000
269.40000	 94.90000	 76.74107	 94.90000
269.60000	 95.87000	 77.74477	 95.87000
269.80000	 96.99000	 78.90043	 96.99000
270.00000	 98.13000	 80.07291	 98.13000
270.20000	 98.91000	 80.87102	 98.91000
270.40000	 99.49000	 81.45897	 99.49000
270.60000	 99.95000	 81.91931	 99.95000
270.80000	100.32000	 82.28342	100.32000
271.00000	100.66000	 82.61352	100.66000
271.20000	100.90000	 82.83829	100.90000
271.40000	101.02000	 82.93778	101.02000
271.60000	100.99000	 82.88188	100.99000
271.80000	100.75000	 82.60978	100.75000
272.00000	100.38000	 82.20455	100.38000
272.20000	 99.88000	 81.66711	 99.88000
272.40000	 99.14000	 80.88545	 99.14000
272.60000	 98.24000	 79.94274	 98.24000
272.80000	 97.45000	 79.11711	 97.45000
273.00000	 96.92000	 78.56295	 96.92000
273.20000	 97.22000	 78.86497	 97.22000
273.40000	 97.84000	 79.49781	 97.84000
273.60000	 98.61000	 80.28498	 98.61000
273.80000	 99.43000	 81.12218	 99.43000
274.00000	100.17000	 81.87476	100.17000
274.20000	100.72000	 82.42918	100.72000
274.40000	100.89000	 82.59042	100.89000
274.60000	100.33000	 82.00006	100.33000
274.80000	 99.46000	 81.09123	 99.46000
275.00000	 98.37000	 79.95833	 98.37000
275.20000	 97.08000	 78.62374	 97.08000
275.40000	 95.73000	 77.23273	 95.73000
275.60000	 94.56000	 76.03281	 94.56000
275.80000	 93.75000	 75.20907	 93.75000
276.00000	 94.06000	 75.54097	 94.06000
276.20000	 94.84000	 76.35865	 94.84000
276.40000	 95.81000	 77.37188	 95.81000
276.60000	 96.66000	 78.26015	 96.66000
276.80000	 97.18000	 78.80660	 97.18000
277.00000	 97.56000	 79.20605	 97.56000
277.20000	 97.77000	 79.42789	 97.77000
277.40000	 97.72000	 79.38025	 97.72000
277.60000	 97.48000	 79.13590	 97.48000
277.80000	 97.08000	 78.72664	 97.08000
278.00000	 96.52000	 78.15350	 96.52000
278.20000	 95.78000	 77.39699	 95.78000
278.40000	 94.98000	 76.58131	 94.98000
278.60000	 94.19000	 75.77912	 94.19000
278.80000	 93.53000	 75.11409	 93.53000
279.00000	 93.10000	 74.68888	 93.10000
279.20000	 92.77000	 74.36959	 92.77000
279.40000	 92.53000	 74.14539	 92.53000
279.60000	 92.35000	 73.98488	 92.35000
279.80000	 92.19000	 73.84647	 92.19000
280.00000	 92.11000	 73.79130	 92.11000
280.20000	 92.10000	 73.80865	 92.10000
280.40000	 92.18000	 73.91856	 92.18000
280.60000	 92.38000	 74.15132	 92.38000
280.80000	 92.65000	 74.45504	 92.65000
281.00000	 92.98000	 74.81890	 92.98000
281.20000	 93.41000	 75.28350	 93.41000
281.40000	 93.93000	 75.83805	 93.93000
281.60000	 94.42000	 76.35891	 94.42000
281.80000	 94.83000	 76.79449	 94.83000
282.00000	 94.95000	 76.92929	 94.95000
282.20000	 94.84000	 76.82554	 94.84000
282.40000	 94.66000	 76.64838	 94.66000
282.60000	 94.46000	 76.44993	 94.46000
282.80000	 94.22000	 76.21023	 94.22000
283.00000	 94.07000	 76.06321	 94.07000
283.20000	 94.11000	 76.11164	 94.11000
283.40000	 94.51000	 76.52969	 94.51000
283.60000	 95.68000	 77.73722	 95.68000
283.80000	 96.98000	 79.07516	 96.98000
284.00000	 98.22000	 80.34677	 98.22000
284.20000	 98.94000	 81.07892	 98.94000
284.40000	 99.23000	 81.36442	 99.23000
284.60000	 99.30000	 81.42002	 99.30000
284.80000	 99.18000	 81.27786	 99.18000
285.00000	 98.88000	 80.94951	 98.88000
285.20000	 98.51000	 80.54915	 98.51000
285.40000	 98.16000	 80.17018	 98.16000
285.60000	 97.91000	 79.89533	 97.91000
285.80000	 97.89000	 79.85826	 97.89000
286.00000	 98.03000	 79.98676	 98.03000
286.20000	 98.33000	 80.28028	 98.33000
286.40000	 99.07000	 81.02546	 99.07000
286.60000	100.05000	 82.01562	100.05000
286.80000	100.92000	 82.89013	100.92000
287.00000	101.43000	 83.39168	101.43000
287.20000	100.99000	 82.91503	100.99000
287.40000	100.26000	 82.13973	100.26000
287.60000	 99.36000	 81.19102	 99.36000
