  0.00000	 84.43000	 62.54236	 84.43000
  0.20000	 84.58000	 62.78138	 84.58000
  0.40000	 84.61000	 62.91149	 84.61000
  0.60000	 84.56000	 62.96885	 84.56000
  0.80000	 84.44000	 62.96172	 84.44000
  1.00000	 84.29000	 62.92822	 84.29000
  1.20000	 84.14000	 62.89716	 84.14000
  1.40000	 84.00000	 62.87801	 84.00000
  1.60000	 83.91000	 62.90917	 83.91000
  1.80000	 83.94000	 63.05759	 83.94000
  2.00000	 84.14000	 63.36983	 84.14000
  2.20000	 84.40000	 63.73635	 84.40000
  2.40000	 84.69000	 64.12493	 84.69000
  2.60000	 84.99000	 64.51335	 84.99000
  2.80000	 85.25000	 64.85081	 85.25000
  3.00000	 85.49000	 65.15514	 85.49000
  3.20000	 85.70000	 65.41572	 85.70000
  3.40000	 85.86000	 65.61287	 85.86000
  3.60000	 85.89000	 65.66959	 85.89000
  3.80000	 85.85000	 65.64563	 85.85000
  4.00000	 85.78000	 65.58195	 85.78000
  4.20000	 85.71000	 65.50988	 85.71000
  4.40000	 85.66000	 65.45083	 85.66000
  4.60000	 85.66000	 65.43539	 85.66000
  4.80000	 85.70000	 65.45483	 85.70000
  5.00000	 85.80000	 65.52891	 85.80000
  5.20000	 85.98000	 65.67681	 85.98000
  5.40000	 86.36000	 66.01369	 86.36000
  5.60000	 86.79000	 66.39186	 86.79000
  5.80000	 87.26000	 66.79903	 87.26000
  6.00000	 87.72000	 67.18436	 87.72000
  6.20000	 88.08000	 67.45896	 88.08000
  6.40000	 88.39000	 67.67074	 88.39000
  6.60000	 88.66000	 67.82964	 88.66000
  6.80000	 88.88000	 67.92675	 88.88000
  7.00000	 89.04000	 67.95369	 89.04000
  7.20000	 89.13000	 67.90257	 89.13000
  7.40000	 89.20000	 67.82405	 89.20000
  7.60000	 89.26000	 67.73002	 89.26000
  7.80000	 89.35000	 67.66120	 89.35000
  8.00000	 89.58000	 67.72543	 89.58000
  8.20000	 89.83000	 67.80656	 89.83000
  8.40000	 90.08000	 67.88500	 90.08000
  8.60000	 90.31000	 67.94123	 90.31000
  8.80000	 90.47000	 67.92697	 90.47000
  9.00000	 90.56000	 67.84298	 90.56000
  9.20000	 90.60000	 67.70997	 90.60000
  9.40000	 90.59000	 67.52954	 90.59000
  9.60000	 90.53000	 67.30354	 90.53000
  9.80000	 90.39000	 67.00495	 90.39000
 10.00000	 90.20000	 66.66520	 90.20000
 10.20000	 89.98000	 66.30604	 89.98000
 10.40000	 89.73000	 65.92971	 89.73000
 10.60000	 89.47000	 65.55758	 89.47000
 10.80000	 89.17000	 65.16229	 89.17000
 11.00000	 88.88000	 64.79381	 88.88000
 11.20000	 88.62000	 64.47254	 88.62000
 11.40000	 88.40000	 64.20857	 88.40000
 11.60000	 88.29000	 64.06935	 88.29000
 11.80000	 88.29000	 64.05341	 88.29000
 12.00000	 88.36000	 64.11956	 88.36000
 12.20000	 88.48000	 64.24554	 88.48000
 12.40000	 88.65000	 64.42826	 88.65000
 12.60000	 88.90000	 64.69358	 88.90000
 12.80000	 89.17000	 64.97997	 89.17000
 13.00000	 89.45000	 65.27460	 89.45000
 13.20000	 89.70000	 65.53604	 89.70000
 13.40000	 89.88000	 65.72364	 89.88000
 13.60000	 89.99000	 65.83647	 89.99000
 13.80000	 90.05000	 65.89388	 90.05000
 14.00000	 90.06000	 65.89639	 90.06000
 14.20000	 90.02000	 65.84503	 90.02000
 14.40000	 89.89000	 65.70251	 89.89000
 14.60000	 89.72000	 65.51926	 89.72000
 14.80000	 89.54000	 65.32649	 89.54000
 15.00000	 89.35000	 65.12611	 89.35000
 15.20000	 89.19000	 64.95849	 89.19000
 15.40000	 89.05000	 64.81506	 89.05000
 15.60000	 88.94000	 64.70617	 88.94000
 15.80000	 88.87000	 64.64170	 88.87000
 16.00000	 88.87000	 64.65041	 88.87000
 16.20000	 88.97000	 64.76034	 88.97000
 16.40000	 89.10000	 64.90198	 89.10000
 16.60000	 89.24000	 65.05412	 89.24000
 16.80000	 89.37000	 65.19576	 89.37000
 17.00000	 89.43000	 65.26756	 89.43000
 17.20000	 89.46000	 65.30781	 89.46000
 17.40000	 89.46000	 65.31651	 89.46000
 17.60000	 89.41000	 65.27461	 89.41000
 17.80000	 89.31000	 65.18288	 89.31000
 18.00000	 89.16000	 65.04246	 89.16000
 18.20000	 88.97000	 64.86447	 88.97000
 18.40000	 88.74000	 64.65050	 88.74000
 18.60000	 88.48000	 64.41192	 88.48000
 18.80000	 88.18000	 64.14072	 88.18000
 19.00000	 87.86000	 63.85799	 87.86000
 19.20000	 87.53000	 63.57493	 87.53000
 19.40000	 87.20000	 63.30254	 87.20000
 19.60000	 86.86000	 63.03212	 86.86000
 19.80000	 86.54000	 62.79348	 86.54000
 20.00000	 86.25000	 62.59663	 86.25000
 20.20000	 86.01000	 62.46077	 86.01000
 20.40000	 85.83000	 62.39483	 85.83000
 20.60000	 85.76000	 62.44581	 85.76000
 20.80000	 85.75000	 62.56307	 85.75000
 21.00000	 85.79000	 62.73431	 85.79000
 21.20000	 85.89000	 62.96647	 85.89000
 21.40000	 86.05000	 63.25663	 86.05000
 21.60000	 86.25000	 63.58239	 86.25000
 21.80000	 86.45000	 63.90218	 86.45000
 22.00000	 86.65000	 64.21360	 86.65000
 22.20000	 86.80000	 64.46637	 86.80000
 22.40000	 86.92000	 64.67883	 86.92000
 22.60000	 87.00000	 64.84086	 87.00000
 22.80000	 87.04000	 64.95261	 87.04000
 23.00000	 87.01000	 64.98570	 87.01000
 23.20000	 86.93000	 64.96079	 86.93000
 23.40000	 86.80000	 64.87961	 86.80000
 23.60000	 86.64000	 64.76351	 86.64000
 23.80000	 86.46000	 64.62420	 86.46000
 24.00000	 86.27000	 64.47332	 86.27000
 24.20000	 86.05000	 64.29329	 86.05000
 24.40000	 85.80000	 64.08589	 85.80000
 24.60000	 85.51000	 63.84323	 85.51000
 24.80000	 85.15000	 63.53812	 85.15000
 25.00000	 84.77000	 63.22109	 84.77000
 25.20000	 84.37000	 62.89406	 84.37000
 25.40000	 83.96000	 62.56844	 83.96000
 25.60000	 83.54000	 62.24564	 83.54000
 25.80000	 83.11000	 61.92682	 83.11000
 26.00000	 82.71000	 61.65157	 82.71000
 26.20000	 82.35000	 61.42990	 82.35000
 26.40000	 82.04000	 61.27119	 82.04000
 26.60000	 81.83000	 61.22293	 81.83000
 26.80000	 81.65000	 61.21555	 81.65000
 27.00000	 81.52000	 61.26642	 81.52000
 27.20000	 81.43000	 61.36359	 81.43000
 27.40000	 81.35000	 61.47567	 81.35000
 27.60000	 81.31000	 61.62953	 81.31000
 27.80000	 81.29000	 61.80359	 81.29000
 28.00000	 81.31000	 62.01511	 81.31000
 28.20000	 81.37000	 62.26195	 81.37000
 28.40000	 81.44000	 62.51296	 81.44000
 28.60000	 81.52000	 62.76631	 81.52000
 28.80000	 81.58000	 62.99141	 81.58000
 29.00000	 81.60000	 63.16790	 81.60000
 29.20000	 81.59000	 63.30508	 81.59000
 29.40000	 81.55000	 63.40305	 81.55000
 29.60000	 81.47000	 63.45261	 81.47000
 29.80000	 81.34000	 63.44500	 81.34000
 30.00000	 81.17000	 63.39123	 81.17000
 30.20000	 80.95000	 63.28320	 80.95000
 30.40000	 80.69000	 63.13250	 80.69000
 30.60000	 80.36000	 62.91212	 80.36000
 30.80000	 79.92000	 62.58578	 79.92000
 31.00000	 79.47000	 62.25327	 79.47000
 31.20000	 79.04000	 61.94625	 79.04000
 31.40000	 78.66000	 61.69572	 78.66000
 31.60000	 78.42000	 61.58980	 78.42000
 31.80000	 78.27000	 61.57960	 78.27000
 32.00000	 78.22000	 61.67337	 78.22000
 32.20000	 78.27000	 61.86888	 78.27000
 32.40000	 78.45000	 62.19223	 78.45000
 32.60000	 78.75000	 62.63003	 78.75000
 32.80000	 79.14000	 63.14899	 79.14000
 33.00000	 79.62000	 63.74471	 79.62000
 33.20000	 80.20000	 64.42240	 80.20000
 33.40000	 80.88000	 65.17749	 80.88000
 33.60000	 81.59000	 65.93771	 81.59000
 33.80000	 82.32000	 66.68947	 82.32000
 34.00000	 83.00000	 67.36193	 83.00000
 34.20000	 83.60000	 67.92424	 83.60000
 34.40000	 84.14000	 68.39531	 84.14000
 34.60000	 84.64000	 68.79511	 84.64000
 34.80000	 85.06000	 69.08619	 85.06000
 35.00000	 85.41000	 69.28039	 85.41000
 35.20000	 85.71000	 69.39990	 85.71000
 35.40000	 85.94000	 69.42852	 85.94000
 35.60000	 86.13000	 69.39886	 86.13000
 35.80000	 86.28000	 69.31455	 86.28000
 36.00000	 86.38000	 69.16952	 86.38000
 36.20000	 86.44000	 68.97712	 86.44000
 36.40000	 86.47000	 68.75059	 86.47000
 36.60000	 86.43000	 68.45458	 86.43000
 36.80000	 86.34000	 68.11197	 86.34000
 37.00000	 86.26000	 67.78419	 86.26000
 37.20000	 86.22000	 67.50301	 86.22000
 37.40000	 86.33000	 67.37663	 86.33000
 37.60000	 86.56000	 67.37601	 86.56000
 37.80000	 86.82000	 67.41285	 86.82000
 38.00000	 87.08000	 67.45665	 87.08000
 38.20000	 87.24000	 67.40940	 87.24000
 38.40000	 87.35000	 67.31924	 87.35000
 38.60000	 87.42000	 67.19612	 87.42000
 38.80000	 87.47000	 67.05991	 87.47000
 39.00000	 87.52000	 66.93053	 87.52000
 39.20000	 87.57000	 66.80838	 87.57000
 39.40000	 87.58000	 66.65505	 87.58000
 39.60000	 87.55000	 66.47106	 87.55000
 39.80000	 87.43000	 66.20879	 87.43000
 40.00000	 87.25000	 65.89865	 87.25000
 40.20000	 87.03000	 65.56162	 87.03000
 40.40000	 86.78000	 65.20901	 86.78000
 40.60000	 86.50000	 64.84234	 86.50000
 40.80000	 86.23000	 64.50169	 86.23000
 41.00000	 85.94000	 64.15895	 85.94000
 41.20000	 85.62000	 63.80522	 85.62000
 41.40000	 85.28000	 63.45090	 85.28000
 41.60000	 84.88000	 63.05790	 84.88000
 41.80000	 84.46000	 62.66577	 84.46000
 42.00000	 84.05000	 62.30424	 84.05000
 42.20000	 83.66000	 61.98324	 83.66000
 42.40000	 83.32000	 61.73159	 83.32000
 42.60000	 83.04000	 61.55805	 83.04000
 42.80000	 82.83000	 61.47076	 82.83000
 43.00000	 82.69000	 61.46752	 82.69000
 43.20000	 82.65000	 61.57467	 82.65000
 43.40000	 82.76000	 61.83717	 82.76000
 43.60000	 82.96000	 62.19257	 82.96000
 43.80000	 83.25000	 62.63623	 83.25000
 44.00000	 83.63000	 63.16335	 83.63000
 44.20000	 84.17000	 63.83677	 84.17000
 44.40000	 84.76000	 64.54455	 84.76000
 44.60000	 85.38000	 65.26234	 85.38000
 44.80000	 85.97000	 65.92783	 85.97000
 45.00000	 86.43000	 66.44123	 86.43000
 45.20000	 86.82000	 66.85954	 86.82000
 45.40000	 87.16000	 67.20221	 87.16000
 45.60000	 87.44000	 67.46044	 87.44000
 45.80000	 87.66000	 67.63584	 87.66000
 46.00000	 87.82000	 67.73063	 87.82000
 46.20000	 87.94000	 67.76682	 87.94000
 46.40000	 88.00000	 67.72795	 88.00000
 46.60000	 88.00000	 67.61720	 88.00000
 46.80000	 87.93000	 67.42832	 87.93000
 47.00000	 87.85000	 67.22299	 87.85000
 47.20000	 87.77000	 67.01415	 87.77000
 47.40000	 87.71000	 66.82393	 87.71000
 47.60000	 87.74000	 66.72219	 87.74000
 47.80000	 87.81000	 66.66149	 87.81000
 48.00000	 87.89000	 66.61321	 87.89000
 48.20000	 88.00000	 66.59687	 88.00000
 48.40000	 88.13000	 66.60264	 88.13000
 48.60000	 88.27000	 66.62048	 88.27000
 48.80000	 88.41000	 66.64030	 88.41000
 49.00000	 88.53000	 66.64236	 88.53000
 49.20000	 88.62000	 66.61686	 88.62000
 49.40000	 88.66000	 66.54460	 88.66000
 49.60000	 88.66000	 66.43584	 88.66000
 49.80000	 88.63000	 66.30112	 88.63000
 50.00000	 88.55000	 66.12206	 88.55000
 50.20000	 88.39000	 65.87092	 88.39000
 50.40000	 88.19000	 65.58816	 88.19000
 50.60000	 87.95000	 65.27558	 87.95000
 50.80000	 87.68000	 64.94465	 87.68000
 51.00000	 87.38000	 64.59709	 87.38000
 51.20000	 87.04000	 64.22477	 87.04000
 51.40000	 86.70000	 63.86796	 86.70000
 51.60000	 86.36000	 63.52780	 86.36000
 51.80000	 86.04000	 63.22440	 86.04000
 52.00000	 85.78000	 62.99672	 85.78000
 52.20000	 85.57000	 62.83454	 85.57000
 52.40000	 85.39000	 62.71739	 85.39000
 52.60000	 85.22000	 62.62448	 85.22000
 52.80000	 85.06000	 62.55438	 85.06000
 53.00000	 84.86000	 62.45725	 84.86000
 53.20000	 84.70000	 62.40949	 84.70000
 53.40000	 84.61000	 62.43879	 84.61000
 53.60000	 84.64000	 62.59160	 84.64000
 53.80000	 84.90000	 62.97149	 84.90000
 54.00000	 85.24000	 63.42870	 85.24000
 54.20000	 85.62000	 63.91987	 85.62000
 54.40000	 86.00000	 64.40201	 86.00000
 54.60000	 86.34000	 64.83292	 86.34000
 54.80000	 86.64000	 65.21019	 86.64000
 55.00000	 86.88000	 65.51296	 86.88000
 55.20000	 86.98000	 65.66336	 86.98000
 55.40000	 86.95000	 65.67219	 86.95000
 55.60000	 86.84000	 65.59018	 86.84000
 55.80000	 86.67000	 65.43958	 86.67000
 56.00000	 86.42000	 65.20421	 86.42000
 56.20000	 86.09000	 64.88757	 86.09000
 56.40000	 85.77000	 64.58048	 85.77000
 56.60000	 85.48000	 64.30536	 85.48000
 56.80000	 85.26000	 64.10317	 85.26000
 57.00000	 85.28000	 64.13952	 85.28000
 57.20000	 85.41000	 64.28727	 85.41000
 57.40000	 85.60000	 64.49577	 85.60000
 57.60000	 85.86000	 64.77217	 85.86000
 57.80000	 86.17000	 65.09429	 86.17000
 58.00000	 86.51000	 65.43999	 86.51000
 58.20000	 86.86000	 65.78730	 86.86000
 58.40000	 87.18000	 66.09534	 87.18000
 58.60000	 87.43000	 66.32397	 87.43000
 58.80000	 87.57000	 66.43409	 87.57000
 59.00000	 87.65000	 66.47490	 87.65000
 59.20000	 87.69000	 66.46716	 87.69000
 59.40000	 87.68000	 66.40287	 87.68000
 59.60000	 87.59000	 66.25503	 87.59000
 59.80000	 87.49000	 66.09385	 87.49000
 60.00000	 87.39000	 65.93126	 87.39000
 60.20000	 87.32000	 65.79819	 87.32000
 60.40000	 87.33000	 65.74432	 87.33000
 60.60000	 87.41000	 65.76030	 87.41000
 60.80000	 87.54000	 65.82636	 87.54000
 61.00000	 87.72000	 65.94163	 87.72000
 61.20000	 88.01000	 66.16292	 88.01000
 61.40000	 88.36000	 66.43979	 88.36000
 61.60000	 88.74000	 66.74092	 88.74000
 61.80000	 89.13000	 67.04479	 89.13000
 62.00000	 89.50000	 67.32053	 89.50000
 62.20000	 89.83000	 67.54752	 89.83000
 62.40000	 90.12000	 67.72519	 90.12000
 62.60000	 90.35000	 67.83422	 90.35000
 62.80000	 90.49000	 67.84630	 90.49000
 63.00000	 90.50000	 67.72433	 90.50000
 63.20000	 90.44000	 67.52902	 90.44000
 63.40000	 90.31000	 67.26335	 90.31000
 63.60000	 90.12000	 66.94022	 90.12000
 63.80000	 89.85000	 66.54357	 89.85000
 64.00000	 89.53000	 66.10592	 89.53000
 64.20000	 89.18000	 65.64995	 89.18000
 64.40000	 88.81000	 65.18832	 88.81000
 64.60000	 88.41000	 64.71392	 88.41000
 64.80000	 88.00000	 64.24836	 88.00000
 65.00000	 87.63000	 63.84179	 87.63000
 65.20000	 87.31000	 63.50479	 87.31000
 65.40000	 87.08000	 63.27608	 87.08000
 65.60000	 87.06000	 63.27067	 87.06000
 65.80000	 87.12000	 63.35966	 87.12000
 66.00000	 87.25000	 63.52978	 87.25000
 66.20000	 87.45000	 63.77715	 87.45000
 66.40000	 87.71000	 64.08808	 87.71000
 66.60000	 87.99000	 64.41984	 87.99000
 66.80000	 88.28000	 64.75915	 88.28000
 67.00000	 88.55000	 65.07387	 88.55000
 67.20000	 88.73000	 65.29393	 88.73000
 67.40000	 88.83000	 65.42796	 88.83000
 67.60000	 88.87000	 65.49530	 88.87000
 67.80000	 88.86000	 65.50628	 88.86000
 68.00000	 88.76000	 65.42334	 88.76000
 68.20000	 88.57000	 65.24838	 88.57000
 68.40000	 88.34000	 65.03228	 88.34000
 68.60000	 88.08000	 64.78725	 88.08000
 68.80000	 87.79000	 64.51571	 87.79000
 69.00000	 87.50000	 64.24897	 87.50000
 69.20000	 87.20000	 63.97926	 87.20000
 69.40000	 86.92000	 63.73719	 86.92000
 69.60000	 86.66000	 63.52385	 86.66000
 69.80000	 86.46000	 63.37851	 86.46000
 70.00000	 86.31000	 63.29134	 86.31000
 70.20000	 86.19000	 63.24223	 86.19000
 70.40000	 86.11000	 63.23986	 86.11000
 70.60000	 86.07000	 63.28289	 86.07000
 70.80000	 86.07000	 63.36974	 86.07000
 71.00000	 86.11000	 63.49864	 86.11000
 71.20000	 86.18000	 63.65800	 86.18000
 71.40000	 86.29000	 63.85557	 86.29000
 71.60000	 86.44000	 64.08936	 86.44000
 71.80000	 86.58000	 64.30897	 86.58000
 72.00000	 86.71000	 64.51282	 86.71000
 72.20000	 86.78000	 64.65140	 86.78000
 72.40000	 86.73000	 64.66637	 86.73000
 72.60000	 86.64000	 64.63606	 86.64000
 72.80000	 86.52000	 64.57143	 86.52000
 73.00000	 86.37000	 64.47391	 86.37000
 73.20000	 86.25000	 64.40305	 86.25000
 73.40000	 86.12000	 64.32121	 86.12000
 73.60000	 85.96000	 64.21000	 85.96000
 73.80000	 85.78000	 64.08022	 85.78000
 74.00000	 85.50000	 63.85561	 85.50000
 74.20000	 85.17000	 63.58643	 85.17000
 74.40000	 84.86000	 63.34241	 84.86000
 74.60000	 84.59000	 63.14435	 84.59000
 74.80000	 84.47000	 63.09939	 84.47000
 75.00000	 84.46000	 63.16795	 84.46000
 75.20000	 84.51000	 63.29977	 84.51000
 75.40000	 84.63000	 63.50229	 84.63000
 75.60000	 84.83000	 63.78260	 84.83000
 75.80000	 85.05000	 64.07971	 85.05000
 76.00000	 85.27000	 64.37162	 85.27000
 76.20000	 85.45000	 64.61746	 85.45000
 76.40000	 85.56000	 64.78685	 85.56000
 76.60000	 85.61000	 64.88910	 85.61000
 76.80000	 85.58000	 64.90520	 85.58000
 77.00000	 85.42000	 64.78798	 85.42000
 77.20000	 85.11000	 64.52042	 85.11000
 77.40000	 84.75000	 64.20271	 84.75000
 77.60000	 84.33000	 63.82858	 84.33000
 77.80000	 83.90000	 63.44984	 83.90000
 78.00000	 83.48000	 63.08876	 83.48000
 78.20000	 83.08000	 62.75732	 83.08000
 78.40000	 82.72000	 62.47646	 82.72000
 78.60000	 82.42000	 62.26639	 82.42000
 78.80000	 82.26000	 62.20446	 82.26000
 79.00000	 82.20000	 62.25050	 82.20000
 79.20000	 82.20000	 62.36347	 82.20000
 79.40000	 82.25000	 62.53104	 82.25000
 79.60000	 82.32000	 62.72140	 82.32000
 79.80000	 82.40000	 62.92231	 82.40000
 80.00000	 82.51000	 63.15082	 82.51000
 80.20000	 82.65000	 63.40475	 82.65000
 80.40000	 82.82000	 63.68201	 82.82000
 80.60000	 83.04000	 63.99994	 83.04000
 80.80000	 83.27000	 64.31778	 83.27000
 81.00000	 83.50000	 64.62413	 83.50000
 81.20000	 83.73000	 64.91766	 83.73000
 81.40000	 83.85000	 65.09098	 83.85000
 81.60000	 83.97000	 65.25089	 83.97000
 81.80000	 84.10000	 65.40753	 84.10000
 82.00000	 84.28000	 65.60003	 84.28000
 82.20000	 84.55000	 65.86711	 84.55000
 82.40000	 84.88000	 66.17906	 84.88000
 82.60000	 85.28000	 66.54453	 85.28000
 82.80000	 85.78000	 66.99114	 85.78000
 83.00000	 86.41000	 67.54596	 86.41000
 83.20000	 87.02000	 68.06121	 87.02000
 83.40000	 87.54000	 68.46733	 87.54000
 83.60000	 87.76000	 68.56074	 87.76000
 83.80000	 87.80000	 68.46027	 87.80000
 84.00000	 87.71000	 68.21857	 87.71000
 84.20000	 87.50000	 67.85032	 87.50000
 84.40000	 87.18000	 67.37072	 87.18000
 84.60000	 86.80000	 66.83388	 86.80000
 84.80000	 86.38000	 66.26456	 86.38000
 85.00000	 85.94000	 65.68698	 85.94000
 85.20000	 85.57000	 65.19236	 85.57000
 85.40000	 85.26000	 64.77372	 85.26000
 85.60000	 84.98000	 64.40349	 84.98000
 85.80000	 84.72000	 64.07276	 84.72000
 86.00000	 84.50000	 63.80107	 84.50000
 86.20000	 84.31000	 63.57831	 84.31000
 86.40000	 84.16000	 63.41327	 84.16000
 86.60000	 84.07000	 63.32396	 84.07000
 86.80000	 84.03000	 63.29881	 84.03000
 87.00000	 84.10000	 63.39358	 84.10000
 87.20000	 84.23000	 63.55681	 84.23000
 87.40000	 84.40000	 63.76583	 84.40000
 87.60000	 84.62000	 64.02707	 84.62000
 87.80000	 84.92000	 64.36626	 84.92000
 88.00000	 85.22000	 64.70252	 85.22000
 88.20000	 85.52000	 65.03289	 85.52000
 88.40000	 85.79000	 65.32595	 85.79000
 88.60000	 85.96000	 65.51235	 85.96000
 88.80000	 86.08000	 65.64014	 86.08000
 89.00000	 86.14000	 65.69998	 86.14000
 89.20000	 86.13000	 65.68315	 86.13000
 89.40000	 85.98000	 65.52355	 85.98000
 89.60000	 85.78000	 65.31100	 85.78000
 89.80000	 85.54000	 65.05804	 85.54000
 90.00000	 85.27000	 64.77715	 85.27000
 90.20000	 84.99000	 64.49033	 84.99000
 90.40000	 84.72000	 64.21920	 84.72000
 90.60000	 84.49000	 63.99456	 84.49000
 90.80000	 84.30000	 63.81741	 84.30000
 91.00000	 84.24000	 63.77516	 84.24000
 91.20000	 84.30000	 63.85711	 84.30000
 91.40000	 84.42000	 64.00309	 84.42000
 91.60000	 84.56000	 64.17197	 84.56000
 91.80000	 84.71000	 64.35181	 84.71000
 92.00000	 84.83000	 64.50188	 84.83000
 92.20000	 84.93000	 64.63044	 84.93000
 92.40000	 84.99000	 64.71716	 84.99000
 92.60000	 85.00000	 64.75199	 85.00000
 92.80000	 84.89000	 64.66739	 84.89000
 93.00000	 84.71000	 64.51308	 84.71000
 93.20000	 84.49000	 64.31990	 84.49000
 93.40000	 84.21000	 64.07046	 84.21000
 93.60000	 83.84000	 63.73791	 83.84000
 93.80000	 83.42000	 63.36360	 83.42000
 94.00000	 82.99000	 62.98889	 82.99000
 94.20000	 82.59000	 62.65469	 82.59000
 94.40000	 82.26000	 62.40114	 82.26000
 94.60000	 82.06000	 62.28669	 82.06000
 94.80000	 81.93000	 62.25225	 81.93000
 95.00000	 81.87000	 62.29611	 81.87000
 95.20000	 81.87000	 62.40639	 81.87000
 95.40000	 81.95000	 62.59987	 81.95000
 95.60000	 82.08000	 62.84458	 82.08000
 95.80000	 82.28000	 63.15681	 82.28000
 96.00000	 82.55000	 63.53337	 82.55000
 96.20000	 82.91000	 63.99023	 82.91000
 96.40000	 83.31000	 64.47544	 83.31000
 96.60000	 83.71000	 64.94699	 83.71000
 96.80000	 84.08000	 65.37322	 84.08000
 97.00000	 84.37000	 65.70402	 84.37000
 97.20000	 84.62000	 65.97757	 84.62000
 97.40000	 84.83000	 66.19405	 84.83000
 97.60000	 84.99000	 66.34451	 84.99000
 97.80000	 85.09000	 66.42057	 85.09000
 98.00000	 85.15000	 66.44343	 85.15000
 98.20000	 85.17000	 66.41518	 85.17000
 98.40000	 85.15000	 66.33813	 85.15000
 98.60000	 85.07000	 66.19535	 85.07000
 98.80000	 84.99000	 66.04760	 84.99000
 99.00000	 84.92000	 65.90687	 84.92000
 99.20000	 84.89000	 65.80409	 84.89000
 99.40000	 84.91000	 65.75016	 84.91000
 99.60000	 84.99000	 65.75528	 84.99000
 99.80000	 85.16000	 65.84834	 85.16000
100.00000	 85.49000	 66.09605	 85.49000
100.20000	 85.92000	 66.43801	 85.92000
100.40000	 86.38000	 66.80357	 86.38000
100.60000	 86.82000	 67.14167	 86.82000
100.80000	 87.19000	 67.40197	 87.19000
101.00000	 87.50000	 67.59323	 87.50000
101.20000	 87.70000	 67.66706	 87.70000
101.40000	 87.68000	 67.51819	 87.68000
101.60000	 87.52000	 67.22721	 87.52000
101.80000	 87.27000	 66.84657	 87.27000
102.00000	 86.94000	 66.39032	 86.94000
102.20000	 86.61000	 65.94025	 86.61000
102.40000	 86.25000	 65.47100	 86.25000
102.60000	 85.87000	 64.99551	 85.87000
102.80000	 85.50000	 64.54559	 85.50000
103.00000	 85.15000	 64.13297	 85.15000
103.20000	 84.82000	 63.75904	 84.82000
103.40000	 84.53000	 63.44386	 84.53000
103.60000	 84.28000	 63.18744	 84.28000
103.80000	 84.08000	 62.99887	 84.08000
104.00000	 83.94000	 62.88662	 83.94000
104.20000	 83.86000	 62.84888	 83.86000
104.40000	 83.84000	 62.88340	 83.84000
104.60000	 83.91000	 63.01653	 83.91000
104.80000	 84.06000	 63.23537	 84.06000
105.00000	 84.27000	 63.51701	 84.27000
105.20000	 84.56000	 63.87714	 84.56000
105.40000	 84.94000	 64.32157	 84.94000
105.60000	 85.38000	 64.81721	 85.38000
105.80000	 85.85000	 65.33110	 85.85000
106.00000	 86.35000	 65.85974	 86.35000
106.20000	 86.86000	 66.38072	 86.86000
106.40000	 87.34000	 66.85288	 87.34000
106.60000	 87.76000	 67.24559	 87.76000
106.80000	 88.04000	 67.48097	 88.04000
107.00000	 88.22000	 67.59885	 88.22000
107.20000	 88.32000	 67.62076	 88.32000
107.40000	 88.33000	 67.53981	 88.33000
107.60000	 88.18000	 67.29172	 88.18000
107.80000	 88.01000	 67.01642	 88.01000
108.00000	 87.88000	 66.77607	 87.88000
108.20000	 87.90000	 66.68016	 87.90000
108.40000	 88.20000	 66.85561	 88.20000
108.60000	 88.56000	 67.08794	 88.56000
108.80000	 88.92000	 67.31711	 88.92000
109.00000	 89.19000	 67.45441	 89.19000
109.20000	 89.33000	 67.46069	 89.33000
109.40000	 89.36000	 67.35621	 89.36000
109.60000	 89.30000	 67.16219	 89.30000
109.80000	 89.05000	 66.78439	 89.05000
110.00000	 88.62000	 66.23640	 88.62000
110.20000	 88.11000	 65.61994	 88.11000
110.40000	 87.55000	 64.96890	 87.55000
110.60000	 86.97000	 64.31673	 86.97000
110.80000	 86.44000	 63.73487	 86.44000
111.00000	 85.93000	 63.19671	 85.93000
111.20000	 85.47000	 62.73284	 85.47000
111.40000	 85.06000	 62.34382	 85.06000
111.60000	 84.81000	 62.13571	 84.81000
111.80000	 84.64000	 62.02906	 84.64000
112.00000	 84.52000	 61.99204	 84.52000
112.20000	 84.43000	 62.00224	 84.43000
112.40000	 84.29000	 61.97919	 84.29000
112.60000	 84.12000	 61.93996	 84.12000
112.80000	 83.98000	 61.94080	 83.98000
113.00000	 83.86000	 61.97014	 83.86000
113.20000	 83.80000	 62.06477	 83.80000
113.40000	 83.80000	 62.22243	 83.80000
113.60000	 83.84000	 62.42124	 83.84000
113.80000	 83.93000	 62.66831	 83.93000
114.00000	 84.13000	 63.01907	 84.13000
114.20000	 84.36000	 63.39287	 84.36000
114.40000	 84.58000	 63.74810	 84.58000
114.60000	 84.76000	 64.05343	 84.76000
114.80000	 84.81000	 64.22040	 84.81000
115.00000	 84.81000	 64.32658	 84.81000
115.20000	 84.75000	 64.36309	 84.75000
115.40000	 84.64000	 64.34096	 84.64000
115.60000	 84.45000	 64.23293	 84.45000
115.80000	 84.23000	 64.08971	 84.23000
116.00000	 84.00000	 63.93295	 84.00000
116.20000	 83.78000	 63.78411	 83.78000
116.40000	 83.58000	 63.65455	 83.58000
116.60000	 83.42000	 63.56483	 83.42000
116.80000	 83.34000	 63.55430	 83.34000
117.00000	 83.37000	 63.65170	 83.37000
117.20000	 83.52000	 63.86543	 83.52000
117.40000	 83.76000	 64.16421	 83.76000
117.60000	 84.07000	 64.52597	 84.07000
117.80000	 84.51000	 65.00580	 84.51000
118.00000	 85.00000	 65.52270	 85.00000
118.20000	 85.48000	 66.01521	 85.48000
118.40000	 85.91000	 66.44203	 85.91000
118.60000	 86.24000	 66.75326	 86.24000
118.80000	 86.49000	 66.96814	 86.49000
119.00000	 86.67000	 67.09722	 86.67000
119.20000	 86.73000	 67.09376	 86.73000
119.40000	 86.69000	 66.97981	 86.69000
119.60000	 86.59000	 66.79745	 86.59000
119.80000	 86.47000	 66.58892	 86.47000
120.00000	 86.33000	 66.35748	 86.33000
120.20000	 86.21000	 66.14479	 86.21000
120.40000	 86.13000	 65.97252	 86.13000
120.60000	 86.13000	 65.88091	 86.13000
120.80000	 86.32000	 65.97685	 86.32000
121.00000	 86.69000	 66.24920	 86.69000
121.20000	 87.11000	 66.56924	 87.11000
121.40000	 87.55000	 66.90497	 87.55000
121.60000	 87.92000	 67.16667	 87.92000
121.80000	 88.21000	 67.34317	 88.21000
122.00000	 88.43000	 67.44372	 88.43000
122.20000	 88.58000	 67.46875	 88.58000
122.40000	 88.59000	 67.35168	 88.59000
122.60000	 88.49000	 67.12388	 88.49000
122.80000	 88.33000	 66.83682	 88.33000
123.00000	 88.13000	 66.51304	 88.13000
123.20000	 87.93000	 66.19429	 87.93000
123.40000	 87.72000	 65.87343	 87.72000
123.60000	 87.54000	 65.59128	 87.54000
123.80000	 87.39000	 65.34924	 87.39000
124.00000	 87.30000	 65.17710	 87.30000
124.20000	 87.35000	 65.15216	 87.35000
124.40000	 87.45000	 65.18585	 87.45000
124.60000	 87.58000	 65.25694	 87.58000
124.80000	 87.74000	 65.36346	 87.74000
125.00000	 87.86000	 65.43568	 87.86000
125.20000	 87.99000	 65.52059	 87.99000
125.40000	 88.14000	 65.62659	 88.14000
125.60000	 88.32000	 65.76206	 88.32000
125.80000	 88.53000	 65.92563	 88.53000
126.00000	 88.78000	 66.12551	 88.78000
126.20000	 89.08000	 66.36982	 89.08000
126.40000	 89.42000	 66.64711	 89.42000
126.60000	 89.88000	 67.03295	 89.88000
126.80000	 90.35000	 67.41836	 90.35000
127.00000	 90.83000	 67.80116	 90.83000
127.20000	 91.27000	 68.13121	 91.27000
127.40000	 91.66000	 68.39787	 91.66000
127.60000	 91.99000	 68.59130	 91.99000
127.80000	 92.24000	 68.69278	 92.24000
128.00000	 92.38000	 68.67472	 92.38000
128.20000	 92.40000	 68.52989	 92.40000
128.40000	 92.31000	 68.27127	 92.31000
128.60000	 92.14000	 67.93182	 92.14000
128.80000	 91.82000	 67.44796	 91.82000
129.00000	 91.42000	 66.89230	 91.42000
129.20000	 90.97000	 66.29871	 90.97000
129.40000	 90.53000	 65.72967	 90.53000
129.60000	 90.15000	 65.23702	 90.15000
129.80000	 89.78000	 64.77455	 89.78000
130.00000	 89.41000	 64.33408	 89.41000
130.20000	 89.01000	 63.88761	 89.01000
130.40000	 88.55000	 63.40701	 88.55000
130.60000	 88.10000	 62.96103	 88.10000
130.80000	 87.69000	 62.57922	 87.69000
131.00000	 87.34000	 62.28068	 87.34000
131.20000	 87.14000	 62.15141	 87.14000
131.40000	 87.00000	 62.10176	 87.00000
131.60000	 86.91000	 62.11904	 86.91000
131.80000	 86.87000	 62.20005	 86.87000
132.00000	 86.86000	 62.32207	 86.86000
132.20000	 86.87000	 62.47216	 86.87000
132.40000	 86.88000	 62.62796	 86.88000
132.60000	 86.84000	 62.73849	 86.84000
132.80000	 86.76000	 62.81167	 86.76000
133.00000	 86.66000	 62.86572	 86.66000
133.20000	 86.56000	 62.91927	 86.56000
133.40000	 86.44000	 62.95233	 86.44000
133.60000	 86.33000	 62.99362	 86.33000
133.80000	 86.25000	 63.06212	 86.25000
134.00000	 86.22000	 63.17663	 86.22000
134.20000	 86.28000	 63.37489	 86.28000
134.40000	 86.41000	 63.63596	 86.41000
134.60000	 86.61000	 63.95785	 86.61000
134.80000	 86.87000	 64.32863	 86.87000
135.00000	 87.22000	 64.77492	 87.22000
135.20000	 87.62000	 65.25529	 87.62000
135.40000	 88.05000	 65.74776	 88.05000
135.60000	 88.53000	 66.26934	 88.53000
135.80000	 89.07000	 66.82748	 89.07000
136.00000	 89.56000	 67.31358	 89.56000
136.20000	 89.95000	 67.67815	 89.95000
136.40000	 90.07000	 67.75707	 90.07000
136.60000	 89.92000	 67.55346	 89.92000
136.80000	 89.67000	 67.23722	 89.67000
137.00000	 89.36000	 66.85278	 89.36000
137.20000	 89.11000	 66.52174	 89.11000
137.40000	 88.92000	 66.24823	 88.92000
137.60000	 88.74000	 65.98679	 88.74000
137.80000	 88.56000	 65.73008	 88.56000
138.00000	 88.39000	 65.48968	 88.39000
138.20000	 88.23000	 65.26702	 88.23000
138.40000	 88.06000	 65.04378	 88.06000
138.60000	 87.88000	 64.82081	 87.88000
138.80000	 87.66000	 64.56980	 87.66000
139.00000	 87.32000	 64.21425	 87.32000
139.20000	 86.98000	 63.87197	 86.98000
139.40000	 86.66000	 63.56365	 86.66000
139.60000	 86.38000	 63.30938	 86.38000
139.80000	 86.24000	 63.20598	 86.24000
140.00000	 86.18000	 63.19398	 86.18000
140.20000	 86.19000	 63.26154	 86.19000
140.40000	 86.26000	 63.39640	 86.26000
140.60000	 86.43000	 63.63436	 86.43000
140.80000	 86.67000	 63.94294	 86.67000
141.00000	 86.92000	 64.26048	 86.92000
141.20000	 87.18000	 64.58385	 87.18000
141.40000	 87.41000	 64.87167	 87.41000
141.60000	 87.60000	 65.11234	 87.60000
141.80000	 87.75000	 65.30475	 87.75000
142.00000	 87.85000	 65.43876	 87.85000
142.20000	 87.79000	 65.40818	 87.79000
142.40000	 87.69000	 65.33092	 87.69000
142.60000	 87.56000	 65.21865	 87.56000
142.80000	 87.44000	 65.11211	 87.44000
143.00000	 87.37000	 65.05166	 87.37000
143.20000	 87.33000	 65.01891	 87.33000
143.40000	 87.31000	 65.00472	 87.31000
143.60000	 87.31000	 65.00934	 87.31000
143.80000	 87.34000	 65.04249	 87.34000
144.00000	 87.39000	 65.09423	 87.39000
144.20000	 87.45000	 65.15449	 87.45000
144.40000	 87.52000	 65.22285	 87.52000
144.60000	 87.56000	 65.26018	 87.56000
144.80000	 87.63000	 65.32446	 87.63000
145.00000	 87.73000	 65.41539	 87.73000
145.20000	 87.89000	 65.56145	 87.89000
145.40000	 88.12000	 65.77133	 88.12000
145.60000	 88.39000	 66.01454	 88.39000
145.80000	 88.70000	 66.28952	 88.70000
146.00000	 89.04000	 66.58498	 89.04000
146.20000	 89.40000	 66.88969	 89.40000
146.40000	 89.76000	 67.18290	 89.76000
146.60000	 90.10000	 67.44423	 90.10000
146.80000	 90.41000	 67.66345	 90.41000
147.00000	 90.67000	 67.82118	 90.67000
147.20000	 90.84000	 67.87935	 90.84000
147.40000	 90.91000	 67.82980	 90.91000
147.60000	 90.71000	 67.51046	 90.71000
147.80000	 90.40000	 67.08078	 90.40000
148.00000	 90.02000	 66.58449	 90.02000
148.20000	 89.61000	 66.06521	 89.61000
148.40000	 89.27000	 65.62401	 89.27000
148.60000	 88.97000	 65.23476	 88.97000
148.80000	 88.70000	 64.88969	 88.70000
149.00000	 88.46000	 64.58994	 88.46000
149.20000	 88.27000	 64.35534	 88.27000
149.40000	 88.15000	 64.20499	 88.15000
149.60000	 88.06000	 64.09911	 88.06000
149.80000	 88.02000	 64.05569	 88.02000
150.00000	 88.00000	 64.04392	 88.00000
150.20000	 87.97000	 64.03296	 87.97000
150.40000	 88.02000	 64.10828	 88.02000
150.60000	 88.17000	 64.28705	 88.17000
150.80000	 88.53000	 64.67276	 88.53000
151.00000	 89.09000	 65.25126	 89.09000
151.20000	 89.72000	 65.89111	 89.72000
151.40000	 90.39000	 66.55787	 90.39000
151.60000	 91.02000	 67.16936	 91.02000
151.80000	 91.62000	 67.73177	 91.62000
152.00000	 92.15000	 68.20399	 92.15000
152.20000	 92.52000	 68.49787	 92.52000
152.40000	 92.75000	 68.63361	 92.75000
152.60000	 92.88000	 68.65223	 92.88000
152.80000	 92.92000	 68.56655	 92.92000
153.00000	 92.86000	 68.37063	 92.86000
153.20000	 92.74000	 68.10738	 92.74000
153.40000	 92.58000	 67.80042	 92.58000
153.60000	 92.40000	 67.47310	 92.40000
153.80000	 92.23000	 67.15804	 92.23000
154.00000	 92.06000	 66.84847	 92.06000
154.20000	 91.91000	 66.56611	 91.91000
154.40000	 91.82000	 66.35137	 91.82000
154.60000	 91.84000	 66.25338	 91.84000
154.80000	 91.85000	 66.15555	 91.85000
155.00000	 91.81000	 66.01874	 91.81000
155.20000	 91.65000	 65.77523	 91.65000
155.40000	 91.28000	 65.33903	 91.28000
155.60000	 90.84000	 64.84833	 90.84000
155.80000	 90.34000	 64.31569	 90.34000
156.00000	 89.82000	 63.78262	 89.82000
156.20000	 89.34000	 63.30951	 89.34000
156.40000	 88.86000	 62.85905	 88.86000
156.60000	 88.38000	 62.43213	 88.38000
156.80000	 87.90000	 62.02926	 87.90000
157.00000	 87.37000	 61.60223	 87.37000
157.20000	 86.86000	 61.21908	 86.86000
157.40000	 86.39000	 60.89898	 86.39000
157.60000	 86.00000	 60.67981	 86.00000
157.80000	 85.74000	 60.60824	 85.74000
158.00000	 85.64000	 60.71032	 85.64000
158.20000	 85.63000	 60.91415	 85.63000
158.40000	 85.73000	 61.23446	 85.73000
158.60000	 85.94000	 61.66623	 85.94000
158.80000	 86.24000	 62.18476	 86.24000
159.00000	 86.60000	 62.75564	 86.60000
159.20000	 86.99000	 63.34482	 86.99000
159.40000	 87.33000	 63.87051	 87.33000
159.60000	 87.66000	 64.36832	 87.66000
159.80000	 87.99000	 64.84564	 87.99000
160.00000	 88.31000	 65.29110	 88.31000
160.20000	 88.63000	 65.71327	 88.63000
160.40000	 88.94000	 66.10183	 88.94000
160.60000	 89.24000	 66.45659	 89.24000
160.80000	 89.55000	 66.79708	 89.55000
161.00000	 89.85000	 67.10431	 89.85000
161.20000	 90.14000	 67.37892	 90.14000
161.40000	 90.40000	 67.60245	 90.40000
161.60000	 90.59000	 67.73751	 90.59000
161.80000	 90.72000	 67.79575	 90.72000
162.00000	 90.82000	 67.80864	 90.82000
162.20000	 90.90000	 67.78841	 90.90000
162.40000	 90.94000	 67.71819	 90.94000
162.60000	 90.98000	 67.63928	 90.98000
162.80000	 91.01000	 67.54429	 91.01000
163.00000	 91.05000	 67.45467	 91.05000
163.20000	 91.16000	 67.43016	 91.16000
163.40000	 91.26000	 67.39418	 91.26000
163.60000	 91.36000	 67.35720	 91.36000
163.80000	 91.43000	 67.29087	 91.43000
164.00000	 91.45000	 67.17672	 91.45000
164.20000	 91.42000	 67.01595	 91.42000
164.40000	 91.33000	 66.80035	 91.33000
164.60000	 91.15000	 66.50271	 91.15000
164.80000	 90.85000	 66.09631	 90.85000
165.00000	 90.46000	 65.61321	 90.46000
165.20000	 90.00000	 65.07604	 90.00000
165.40000	 89.47000	 64.48812	 89.47000
165.60000	 88.84000	 63.82370	 88.84000
165.80000	 88.20000	 63.17332	 88.20000
166.00000	 87.59000	 62.57844	 87.59000
166.20000	 87.07000	 62.09886	 87.07000
166.40000	 86.71000	 61.80256	 86.71000
166.60000	 86.44000	 61.62024	 86.44000
166.80000	 86.26000	 61.54938	 86.26000
167.00000	 86.21000	 61.62540	 86.21000
167.20000	 86.28000	 61.83440	 86.28000
167.40000	 86.38000	 62.08441	 86.38000
167.60000	 86.46000	 62.32253	 86.46000
167.80000	 86.39000	 62.41928	 86.39000
168.00000	 86.20000	 62.40195	 86.20000
168.20000	 85.94000	 62.31858	 85.94000
168.40000	 85.63000	 62.18889	 85.63000
168.60000	 85.23000	 61.97497	 85.23000
168.80000	 84.81000	 61.74603	 84.81000
169.00000	 84.38000	 61.51314	 84.38000
169.20000	 83.97000	 61.30654	 83.97000
169.40000	 83.63000	 61.17533	 83.63000
169.60000	 83.37000	 61.12907	 83.37000
169.80000	 83.19000	 61.16679	 83.19000
170.00000	 83.08000	 61.27716	 83.08000
170.20000	 83.07000	 61.48709	 83.07000
170.40000	 83.17000	 61.80345	 83.17000
170.60000	 83.37000	 62.21317	 83.37000
170.80000	 83.68000	 62.72212	 83.68000
171.00000	 84.19000	 63.41318	 84.19000
171.20000	 84.81000	 64.19398	 84.81000
171.40000	 85.48000	 65.00113	 85.48000
171.60000	 86.16000	 65.79119	 86.16000
171.80000	 86.78000	 66.49266	 86.78000
172.00000	 87.37000	 67.13226	 87.37000
172.20000	 87.91000	 67.68940	 87.91000
172.40000	 88.37000	 68.13484	 88.37000
172.60000	 88.75000	 68.46956	 88.75000
172.80000	 89.05000	 68.69553	 89.05000
173.00000	 89.25000	 68.79616	 89.25000
173.20000	 89.33000	 68.75575	 89.33000
173.40000	 89.32000	 68.60777	 89.32000
173.60000	 89.21000	 68.34744	 89.21000
173.80000	 88.94000	 67.92194	 88.94000
174.00000	 88.58000	 67.40506	 88.58000
174.20000	 88.22000	 66.88987	 88.22000
174.40000	 87.91000	 66.42978	 87.91000
174.60000	 87.82000	 66.19291	 87.82000
174.80000	 87.80000	 66.03507	 87.80000
175.00000	 87.80000	 65.90784	 87.80000
175.20000	 87.83000	 65.82052	 87.83000
175.40000	 87.83000	 65.71436	 87.83000
175.60000	 87.79000	 65.57925	 87.79000
175.80000	 87.67000	 65.37643	 87.67000
176.00000	 87.34000	 64.98075	 87.34000
176.20000	 86.87000	 64.46233	 86.87000
176.40000	 86.32000	 63.88244	 86.32000
176.60000	 85.70000	 63.25408	 85.70000
176.80000	 85.02000	 62.59018	 85.02000
177.00000	 84.32000	 61.93251	 84.32000
177.20000	 83.62000	 61.30290	 83.62000
177.40000	 82.96000	 60.74184	 82.96000
177.60000	 82.38000	 60.28881	 82.38000
177.80000	 81.95000	 60.01108	 81.95000
178.00000	 81.62000	 59.85812	 81.62000
178.20000	 81.40000	 59.83653	 81.40000
178.40000	 81.31000	 59.96170	 81.31000
178.60000	 81.48000	 60.35457	 81.48000
178.80000	 81.77000	 60.87299	 81.77000
179.00000	 82.11000	 61.44233	 82.11000
179.20000	 82.48000	 62.03690	 82.48000
179.40000	 82.74000	 62.51570	 82.74000
179.60000	 82.97000	 62.95256	 82.97000
179.80000	 83.18000	 63.35460	 83.18000
180.00000	 83.37000	 63.72003	 83.37000
180.20000	 83.48000	 63.98969	 83.48000
180.40000	 83.59000	 64.24101	 83.59000
180.60000	 83.74000	 64.51290	 83.74000
180.80000	 83.96000	 64.83437	 83.96000
181.00000	 84.34000	 65.29202	 84.34000
181.20000	 84.74000	 65.74870	 84.74000
181.40000	 85.15000	 66.19332	 85.15000
181.60000	 85.51000	 66.56680	 85.51000
181.80000	 85.81000	 66.85930	 85.81000
182.00000	 86.06000	 67.08120	 86.06000
182.20000	 86.27000	 67.24349	 86.27000
182.40000	 86.38000	 67.28987	 86.38000
182.60000	 86.43000	 67.26167	 86.43000
182.80000	 86.49000	 67.22957	 86.49000
183.00000	 86.59000	 67.22514	 86.59000
183.20000	 86.85000	 67.36634	 86.85000
183.40000	 87.20000	 67.58563	 87.20000
183.60000	 87.65000	 67.89203	 87.65000
183.80000	 88.17000	 68.25514	 88.17000
184.00000	 88.92000	 68.82797	 88.92000
184.20000	 89.68000	 69.39421	 89.68000
184.40000	 90.38000	 69.88326	 90.38000
184.60000	 90.87000	 70.14841	 90.87000
184.80000	 91.03000	 70.07446	 91.03000
185.00000	 91.03000	 69.82997	 91.03000
185.20000	 90.89000	 69.43948	 90.89000
185.40000	 90.66000	 68.95721	 90.66000
185.60000	 90.34000	 68.38900	 90.34000
185.80000	 89.96000	 67.76964	 89.96000
186.00000	 89.56000	 67.14319	 89.56000
186.20000	 89.16000	 66.53358	 89.16000
186.40000	 88.81000	 65.99282	 88.81000
186.60000	 88.48000	 65.49428	 88.48000
186.80000	 88.21000	 65.07821	 88.21000
187.00000	 87.99000	 64.73540	 87.99000
187.20000	 87.90000	 64.54286	 87.90000
187.40000	 87.87000	 64.43104	 87.87000
187.60000	 87.89000	 64.38790	 87.89000
187.80000	 87.94000	 64.39138	 87.94000
188.00000	 88.00000	 64.41938	 88.00000
188.20000	 88.08000	 64.47898	 88.08000
188.40000	 88.20000	 64.58701	 88.20000
188.60000	 88.36000	 64.74086	 88.36000
188.80000	 88.59000	 64.96689	 88.59000
189.00000	 88.81000	 65.18477	 88.81000
189.20000	 89.01000	 65.38239	 89.01000
189.40000	 89.14000	 65.50958	 89.14000
189.60000	 89.20000	 65.56549	 89.20000
189.80000	 89.19000	 65.55013	 89.19000
190.00000	 89.10000	 65.45455	 89.10000
190.20000	 88.85000	 65.20279	 88.85000
190.40000	 88.50000	 64.85562	 88.50000
190.60000	 88.11000	 64.47435	 88.11000
190.80000	 87.71000	 64.09108	 87.71000
191.00000	 87.39000	 63.79544	 87.39000
191.20000	 87.13000	 63.56942	 87.13000
191.40000	 86.91000	 63.39407	 86.91000
191.60000	 86.71000	 63.24986	 86.71000
191.80000	 86.54000	 63.14598	 86.54000
192.00000	 86.44000	 63.12030	 86.44000
192.20000	 86.37000	 63.13265	 86.37000
192.40000	 86.31000	 63.16206	 86.31000
192.60000	 86.23000	 63.17795	 86.23000
192.80000	 86.12000	 63.16947	 86.12000
193.00000	 85.90000	 63.05848	 85.90000
193.20000	 85.66000	 62.93243	 85.66000
193.40000	 85.43000	 62.82077	 85.43000
193.60000	 85.21000	 62.72377	 85.21000
193.80000	 85.06000	 62.69949	 85.06000
194.00000	 84.93000	 62.69891	 84.93000
194.20000	 84.85000	 62.75021	 84.85000
194.40000	 84.83000	 62.86185	 84.83000
194.60000	 84.86000	 63.02255	 84.86000
194.80000	 84.94000	 63.23043	 84.94000
195.00000	 85.06000	 63.47381	 85.06000
195.20000	 85.19000	 63.72159	 85.19000
195.40000	 85.35000	 63.99135	 85.35000
195.60000	 85.56000	 64.30072	 85.56000
195.80000	 85.85000	 64.67691	 85.85000
196.00000	 86.34000	 65.23377	 86.34000
196.20000	 86.92000	 65.86129	 86.92000
196.40000	 87.52000	 66.48803	 87.52000
196.60000	 88.10000	 67.07217	 88.10000
196.80000	 88.55000	 67.50514	 88.55000
197.00000	 88.93000	 67.84468	 88.93000
197.20000	 89.26000	 68.11083	 89.26000
197.40000	 89.51000	 68.27594	 89.51000
197.60000	 89.64000	 68.30349	 89.64000
197.80000	 89.74000	 68.28377	 89.74000
198.00000	 89.83000	 68.23931	 89.83000
198.20000	 89.94000	 68.20211	 89.94000
198.40000	 90.19000	 68.29067	 90.19000
198.60000	 90.47000	 68.39940	 90.47000
198.80000	 90.74000	 68.49011	 90.74000
199.00000	 91.00000	 68.56340	 91.00000
199.20000	 91.21000	 68.58127	 91.21000
199.40000	 91.38000	 68.55455	 91.38000
199.60000	 91.47000	 68.44594	 91.47000
199.80000	 91.49000	 68.26714	 91.49000
200.00000	 91.29000	 67.87546	 91.29000
200.20000	 91.01000	 67.41046	 91.01000
200.40000	 90.68000	 66.90535	 90.68000
200.60000	 90.32000	 66.38342	 90.32000
200.80000	 89.95000	 65.86749	 89.95000
201.00000	 89.60000	 65.38942	 89.60000
201.20000	 89.31000	 64.98990	 89.31000
201.40000	 89.10000	 64.68914	 89.10000
201.60000	 89.00000	 64.51589	 89.00000
201.80000	 89.16000	 64.61370	 89.16000
202.00000	 89.44000	 64.84317	 89.44000
202.20000	 89.84000	 65.19959	 89.84000
202.40000	 90.34000	 65.65838	 90.34000
202.60000	 91.02000	 66.29147	 91.02000
202.80000	 91.76000	 66.97647	 91.76000
203.00000	 92.49000	 67.63987	 92.49000
203.20000	 93.15000	 68.21893	 93.15000
203.40000	 93.60000	 68.57518	 93.60000
203.60000	 93.97000	 68.83399	 93.97000
203.80000	 94.28000	 69.01540	 94.28000
204.00000	 94.57000	 69.15948	 94.57000
204.20000	 94.86000	 69.28713	 94.86000
204.40000	 95.11000	 69.36115	 95.11000
204.60000	 95.32000	 69.38336	 95.32000
204.80000	 95.44000	 69.30743	 95.44000
205.00000	 95.47000	 69.13609	 95.47000
205.20000	 95.47000	 68.93063	 95.47000
205.40000	 95.44000	 68.69413	 95.44000
205.60000	 95.47000	 68.51653	 95.47000
205.80000	 95.50000	 68.34168	 95.50000
206.00000	 95.51000	 68.15177	 95.51000
206.20000	 95.46000	 67.90954	 95.46000
206.40000	 95.34000	 67.60706	 95.34000
206.60000	 95.14000	 67.23669	 95.14000
206.80000	 94.84000	 66.78149	 94.84000
207.00000	 94.41000	 66.21528	 94.41000
207.20000	 93.78000	 65.47385	 93.78000
207.40000	 93.06000	 64.66826	 93.06000
207.60000	 92.26000	 63.81272	 92.26000
207.80000	 91.41000	 62.94053	 91.41000
208.00000	 90.58000	 62.12314	 90.58000
208.20000	 89.75000	 61.34379	 89.75000
208.40000	 88.94000	 60.62354	 88.94000
208.60000	 88.15000	 59.96325	 88.15000
208.80000	 87.40000	 59.38230	 87.40000
209.00000	 86.70000	 58.88959	 86.70000
209.20000	 86.07000	 58.50287	 86.07000
209.40000	 85.51000	 58.21971	 85.51000
209.60000	 85.06000	 58.07566	 85.06000
209.80000	 84.72000	 58.06668	 84.72000
210.00000	 84.52000	 58.21699	 84.52000
210.20000	 84.46000	 58.52093	 84.46000
210.40000	 84.55000	 58.98188	 84.55000
210.60000	 84.79000	 59.59293	 84.79000
210.80000	 85.36000	 60.52087	 85.36000
211.00000	 86.06000	 61.56295	 86.06000
211.20000	 86.80000	 62.62317	 86.80000
211.40000	 87.51000	 63.62610	 87.51000
211.60000	 87.94000	 64.32407	 87.94000
211.80000	 88.26000	 64.87961	 88.26000
212.00000	 88.49000	 65.31195	 88.49000
212.20000	 88.65000	 65.64159	 88.65000
212.40000	 88.75000	 65.88026	 88.75000
212.60000	 88.81000	 66.04995	 88.81000
212.80000	 88.84000	 66.16331	 88.84000
213.00000	 88.85000	 66.23310	 88.85000
213.20000	 88.89000	 66.31073	 88.89000
213.40000	 88.94000	 66.37940	 88.94000
213.60000	 89.00000	 66.44134	 89.00000
213.80000	 89.07000	 66.49851	 89.07000
214.00000	 89.17000	 66.57198	 89.17000
214.20000	 89.29000	 66.65338	 89.29000
214.40000	 89.45000	 66.76308	 89.45000
214.60000	 89.65000	 66.90168	 89.65000
214.80000	 89.91000	 67.08874	 89.91000
215.00000	 90.22000	 67.31432	 90.22000
215.20000	 90.61000	 67.60680	 90.61000
215.40000	 91.08000	 67.96503	 91.08000
215.60000	 91.79000	 68.54213	 91.79000
215.80000	 92.58000	 69.17979	 92.58000
216.00000	 93.34000	 69.76808	 93.34000
216.20000	 94.00000	 70.23679	 94.00000
216.40000	 94.25000	 70.28522	 94.25000
216.60000	 94.32000	 70.13930	 94.32000
216.80000	 94.27000	 69.86196	 94.27000
217.00000	 94.14000	 69.49733	 94.14000
217.20000	 94.00000	 69.11857	 94.00000
217.40000	 93.85000	 68.73043	 93.85000
217.60000	 93.71000	 68.35636	 93.71000
217.80000	 93.58000	 67.99966	 93.58000
218.00000	 93.54000	 67.74029	 93.54000
218.20000	 93.65000	 67.63749	 93.65000
218.40000	 93.78000	 67.56498	 93.78000
218.60000	 93.90000	 67.49295	 93.90000
218.80000	 93.97000	 67.38204	 93.97000
219.00000	 93.83000	 67.07731	 93.83000
219.20000	 93.66000	 66.75460	 93.66000
219.40000	 93.48000	 66.43492	 93.48000
219.60000	 93.34000	 66.16796	 93.34000
219.80000	 93.27000	 65.98334	 93.27000
220.00000	 93.26000	 65.87105	 93.26000
220.20000	 93.34000	 65.85906	 93.34000
220.40000	 93.61000	 66.04224	 93.61000
220.60000	 94.02000	 66.36867	 94.02000
220.80000	 94.43000	 66.69854	 94.43000
221.00000	 94.75000	 66.94103	 94.75000
221.20000	 94.74000	 66.86175	 94.74000
221.40000	 94.57000	 66.62637	 94.57000
221.60000	 94.28000	 66.27624	 94.28000
221.80000	 93.88000	 65.82438	 93.88000
222.00000	 93.39000	 65.29398	 93.39000
222.20000	 92.84000	 64.71807	 92.84000
222.40000	 92.25000	 64.11980	 92.25000
222.60000	 91.67000	 63.55095	 91.67000
222.80000	 91.14000	 63.05277	 91.14000
223.00000	 90.65000	 62.61702	 90.65000
223.20000	 90.22000	 62.26360	 90.22000
223.40000	 89.87000	 62.01147	 89.87000
223.60000	 89.64000	 61.89795	 89.64000
223.80000	 89.54000	 61.93018	 89.54000
224.00000	 89.53000	 62.06584	 89.53000
224.20000	 89.58000	 62.27181	 89.58000
224.40000	 89.75000	 62.60196	 89.75000
224.60000	 90.01000	 63.02252	 90.01000
224.80000	 90.28000	 63.45119	 90.28000
225.00000	 90.50000	 63.82573	 90.50000
225.20000	 90.57000	 64.04643	 90.57000
225.40000	 90.49000	 64.11228	 90.49000
225.60000	 90.34000	 64.10141	 90.34000
225.80000	 90.12000	 64.01518	 90.12000
226.00000	 89.83000	 63.85553	 89.83000
226.20000	 89.48000	 63.63449	 89.48000
226.40000	 89.17000	 63.45139	 89.17000
226.60000	 88.92000	 63.32738	 88.92000
226.80000	 88.85000	 63.37946	 88.85000
227.00000	 89.06000	 63.70339	 89.06000
227.20000	 89.36000	 64.11186	 89.36000
227.40000	 89.74000	 64.59141	 89.74000
227.60000	 90.17000	 65.10910	 90.17000
227.80000	 90.65000	 65.66127	 90.65000
228.00000	 91.10000	 66.16714	 91.10000
228.20000	 91.45000	 66.55660	 91.45000
228.40000	 91.62000	 66.75145	 91.62000
228.60000	 91.39000	 66.54018	 91.39000
228.80000	 91.03000	 66.18905	 91.03000
229.00000	 90.56000	 65.72315	 90.56000
229.20000	 90.03000	 65.19681	 90.03000
229.40000	 89.54000	 64.71241	 89.54000
229.60000	 89.06000	 64.24524	 89.06000
229.80000	 88.62000	 63.82781	 88.62000
230.00000	 88.25000	 63.49152	 88.25000
230.20000	 88.02000	 63.30529	 88.02000
230.40000	 87.97000	 63.30732	 87.97000
230.60000	 87.99000	 63.38889	 87.99000
230.80000	 88.05000	 63.51825	 88.05000
231.00000	 88.11000	 63.65389	 88.11000
231.20000	 88.13000	 63.75471	 88.13000
231.40000	 88.13000	 63.83833	 88.13000
231.60000	 88.10000	 63.89383	 88.10000
231.80000	 88.03000	 63.91073	 88.03000
232.00000	 87.85000	 63.82107	 87.85000
232.20000	 87.62000	 63.68370	 87.62000
232.40000	 87.36000	 63.51913	 87.36000
232.60000	 87.09000	 63.34797	 87.09000
232.80000	 86.83000	 63.19069	 86.83000
233.00000	 86.57000	 63.03841	 86.57000
233.20000	 86.36000	 62.94010	 86.36000
233.40000	 86.21000	 62.90543	 86.21000
233.60000	 86.14000	 62.95306	 86.14000
233.80000	 86.19000	 63.12032	 86.19000
234.00000	 86.34000	 63.38548	 86.34000
234.20000	 86.61000	 63.76494	 86.61000
234.40000	 87.06000	 64.31308	 87.06000
234.60000	 87.75000	 65.08320	 87.75000
234.80000	 88.50000	 65.89502	 88.50000
235.00000	 89.25000	 66.68488	 89.25000
235.20000	 89.90000	 67.35160	 89.90000
235.40000	 90.39000	 67.83462	 90.39000
235.60000	 90.77000	 68.18204	 90.77000
235.80000	 91.02000	 68.37569	 91.02000
236.00000	 91.04000	 68.32141	 91.04000
236.20000	 90.83000	 68.02383	 90.83000
236.40000	 90.50000	 67.59571	 90.50000
236.60000	 90.10000	 67.09209	 90.10000
236.80000	 89.65000	 66.53869	 89.65000
237.00000	 89.25000	 66.03810	 89.25000
237.20000	 88.84000	 65.53672	 88.84000
237.40000	 88.45000	 65.06726	 88.45000
237.60000	 88.10000	 64.65187	 88.10000
237.80000	 87.81000	 64.31170	 87.81000
238.00000	 87.60000	 64.06683	 87.60000
238.20000	 87.46000	 63.90724	 87.46000
238.40000	 87.39000	 63.83178	 87.39000
238.60000	 87.43000	 63.87731	 87.43000
238.80000	 87.59000	 64.05073	 87.59000
239.00000	 87.82000	 64.30006	 87.82000
239.20000	 88.10000	 64.60214	 88.10000
239.40000	 88.43000	 64.95324	 88.43000
239.60000	 88.83000	 65.36906	 88.83000
239.80000	 89.23000	 65.77819	 89.23000
240.00000	 89.58000	 66.12922	 89.58000
240.20000	 89.85000	 66.39116	 89.85000
240.40000	 89.95000	 66.47620	 89.95000
240.60000	 89.97000	 66.47252	 89.97000
240.80000	 89.89000	 66.36263	 89.89000
241.00000	 89.72000	 66.15884	 89.72000
241.20000	 89.46000	 65.86429	 89.46000
241.40000	 89.14000	 65.51158	 89.14000
241.60000	 88.76000	 65.10430	 88.76000
241.80000	 88.31000	 64.63633	 88.31000
242.00000	 87.84000	 64.15962	 87.84000
242.20000	 87.39000	 63.71597	 87.39000
242.40000	 86.98000	 63.32699	 86.98000
242.60000	 86.68000	 63.06173	 86.68000
242.80000	 86.46000	 62.89105	 86.46000
243.00000	 86.32000	 62.81390	 86.32000
243.20000	 86.31000	 62.87678	 86.31000
243.40000	 86.46000	 63.10575	 86.46000
243.60000	 86.69000	 63.41927	 86.69000
243.80000	 86.95000	 63.76461	 86.95000
244.00000	 87.22000	 64.11845	 87.22000
244.20000	 87.47000	 64.44831	 87.47000
244.40000	 87.68000	 64.73221	 87.68000
244.60000	 87.83000	 64.94902	 87.83000
244.80000	 87.80000	 64.98188	 87.80000
245.00000	 87.63000	 64.87062	 87.63000
245.20000	 87.41000	 64.70473	 87.41000
245.40000	 87.16000	 64.50613	 87.16000
245.60000	 86.93000	 64.32571	 86.93000
245.80000	 86.73000	 64.17507	 86.73000
246.00000	 86.57000	 64.06522	 86.57000
246.20000	 86.46000	 64.00655	 86.46000
246.40000	 86.41000	 64.00880	 86.41000
246.60000	 86.44000	 64.09080	 86.44000
246.80000	 86.59000	 64.28997	 86.59000
247.00000	 86.87000	 64.61378	 86.87000
247.20000	 87.39000	 65.16548	 87.39000
247.40000	 88.08000	 65.87250	 88.08000
247.60000	 88.88000	 66.67115	 88.88000
247.80000	 89.75000	 67.51707	 89.75000
248.00000	 90.74000	 68.45341	 90.74000
248.20000	 91.69000	 69.32015	 91.69000
248.40000	 92.55000	 70.06524	 92.55000
248.60000	 93.11000	 70.48369	 93.11000
248.80000	 93.37000	 70.57723	 93.37000
249.00000	 93.48000	 70.49566	 93.48000
249.20000	 93.47000	 70.27377	 93.47000
249.40000	 93.42000	 69.99520	 93.42000
249.60000	 93.33000	 69.66583	 93.33000
249.80000	 93.22000	 69.31048	 93.22000
250.00000	 93.10000	 68.94367	 93.10000
250.20000	 93.03000	 68.62766	 93.03000
250.40000	 93.02000	 68.37516	 93.02000
250.60000	 93.06000	 68.17842	 93.06000
250.80000	 93.13000	 68.01915	 93.13000
251.00000	 93.28000	 67.94622	 93.28000
251.20000	 93.61000	 68.05590	 93.61000
251.40000	 93.93000	 68.16221	 93.93000
251.60000	 94.18000	 68.20530	 94.18000
251.80000	 94.30000	 68.12621	 94.30000
252.00000	 94.04000	 67.68360	 94.04000
252.20000	 93.65000	 67.12325	 93.65000
252.40000	 93.15000	 66.46904	 93.15000
252.60000	 92.59000	 65.77406	 92.59000
252.80000	 92.03000	 65.10071	 92.03000
253.00000	 91.48000	 64.46211	 91.48000
253.20000	 90.94000	 63.86079	 90.94000
253.40000	 90.42000	 63.30815	 90.42000
253.60000	 89.95000	 62.83414	 89.95000
253.80000	 89.55000	 62.45806	 89.55000
254.00000	 89.22000	 62.17889	 89.22000
254.20000	 88.97000	 62.00442	 88.97000
254.40000	 88.80000	 61.93200	 88.80000
254.60000	 88.77000	 62.01640	 88.77000
254.80000	 88.82000	 62.19522	 88.82000
255.00000	 88.96000	 62.47353	 88.96000
255.20000	 89.18000	 62.83675	 89.18000
255.40000	 89.61000	 63.40564	 89.61000
255.60000	 90.05000	 63.98051	 90.05000
255.80000	 90.43000	 64.48835	 90.43000
256.00000	 90.66000	 64.83831	 90.66000
256.20000	 90.51000	 64.80633	 90.51000
256.40000	 90.21000	 64.61732	 90.21000
256.60000	 89.80000	 64.31365	 89.80000
256.80000	 89.33000	 63.94789	 89.33000
257.00000	 88.86000	 63.58227	 88.86000
257.20000	 88.37000	 63.20097	 88.37000
257.40000	 87.88000	 62.82645	 87.88000
257.60000	 87.42000	 62.49029	 87.42000
257.80000	 87.01000	 62.21358	 87.01000
258.00000	 86.69000	 62.03589	 86.69000
258.20000	 86.42000	 61.91827	 86.42000
258.40000	 86.22000	 61.87922	 86.22000
258.60000	 86.08000	 61.90757	 86.08000
258.80000	 86.03000	 62.03040	 86.03000
259.00000	 86.05000	 62.22578	 86.05000
259.20000	 86.14000	 62.49079	 86.14000
259.40000	 86.30000	 62.82229	 86.30000
259.60000	 86.65000	 63.33304	 86.65000
259.80000	 87.02000	 63.85404	 87.02000
260.00000	 87.36000	 64.33299	 87.36000
260.20000	 87.59000	 64.68963	 87.59000
260.40000	 87.47000	 64.69065	 87.47000
260.60000	 87.25000	 64.58040	 87.25000
260.80000	 86.96000	 64.39118	 86.96000
261.00000	 86.67000	 64.19427	 86.67000
261.20000	 86.46000	 64.07011	 86.46000
261.40000	 86.28000	 63.97224	 86.28000
261.60000	 86.11000	 63.88262	 86.11000
261.80000	 85.96000	 63.81198	 85.96000
262.00000	 85.85000	 63.78032	 85.85000
262.20000	 85.77000	 63.77817	 85.77000
262.40000	 85.72000	 63.80538	 85.72000
262.60000	 85.70000	 63.86155	 85.70000
262.80000	 85.70000	 63.93637	 85.70000
263.00000	 85.73000	 64.03879	 85.73000
263.20000	 85.79000	 64.16793	 85.79000
263.40000	 85.86000	 64.30344	 85.86000
263.60000	 85.91000	 64.41541	 85.91000
263.80000	 85.93000	 64.49364	 85.93000
264.00000	 85.85000	 64.47032	 85.85000
264.20000	 85.73000	 64.40442	 85.73000
264.40000	 85.59000	 64.31650	 85.59000
264.60000	 85.43000	 64.20781	 85.43000
264.80000	 85.24000	 64.06994	 85.24000
265.00000	 85.07000	 63.95259	 85.07000
265.20000	 84.92000	 63.85669	 84.92000
265.40000	 84.85000	 63.84085	 84.85000
265.60000	 84.90000	 63.94343	 84.90000
265.80000	 85.01000	 64.10495	 85.01000
266.00000	 85.17000	 64.31391	 85.17000
266.20000	 85.42000	 64.60700	 85.42000
266.40000	 85.73000	 64.95270	 85.73000
266.60000	 86.02000	 65.27098	 86.02000
266.80000	 86.23000	 65.50187	 86.23000
267.00000	 86.20000	 65.48987	 86.20000
267.20000	 86.00000	 65.30449	 86.00000
267.40000	 85.71000	 65.02634	 85.71000
267.60000	 85.35000	 64.67846	 85.35000
267.80000	 84.94000	 64.28398	 84.94000
268.00000	 84.50000	 63.86588	 84.50000
268.20000	 84.09000	 63.48552	 84.09000
268.40000	 83.71000	 63.14528	 83.71000
268.60000	 83.47000	 62.95318	 83.47000
268.80000	 83.33000	 62.87038	 83.33000
269.00000	 83.27000	 62.87631	 83.27000
269.20000	 83.30000	 62.97874	 83.30000
269.40000	 83.45000	 63.20407	 83.45000
269.60000	 83.70000	 63.52955	 83.70000
269.80000	 83.99000	 63.89327	 83.99000
270.00000	 84.31000	 64.28191	 84.31000
270.20000	 84.63000	 64.66313	 84.63000
270.40000	 84.93000	 65.01489	 84.93000
270.60000	 85.16000	 65.28684	 85.16000
270.80000	 85.30000	 65.45878	 85.30000
271.00000	 85.15000	 65.33757	 85.15000
271.20000	 84.85000	 65.06180	 84.85000
271.40000	 84.46000	 64.69373	 84.46000
271.60000	 84.03000	 64.28621	 84.03000
271.80000	 83.62000	 63.90145	 83.62000
272.00000	 83.31000	 63.62010	 83.31000
272.20000	 83.01000	 63.35685	 83.01000
272.40000	 82.71000	 63.10328	 82.71000
272.60000	 82.40000	 62.85070	 82.40000
272.80000	 82.01000	 62.53217	 82.01000
273.00000	 81.58000	 62.18769	 81.58000
273.20000	 81.20000	 61.90566	 81.20000
273.40000	 80.91000	 61.72525	 80.91000
273.60000	 80.78000	 61.71356	 80.78000
273.80000	 80.90000	 61.95541	 80.90000
274.00000	 81.17000	 62.34968	 81.17000
274.20000	 81.58000	 62.88147	 81.58000
274.40000	 82.14000	 63.55465	 82.14000
274.60000	 82.97000	 64.47901	 82.97000
274.80000	 83.84000	 65.42432	 83.84000
275.00000	 84.66000	 66.29679	 84.66000
275.20000	 85.29000	 66.95609	 85.29000
275.40000	 85.53000	 67.20680	 85.53000
275.60000	 85.62000	 67.28348	 85.62000
275.80000	 85.61000	 67.23831	 85.61000
276.00000	 85.55000	 67.12409	 85.55000
276.20000	 85.50000	 67.00334	 85.50000
276.40000	 85.44000	 66.86054	 85.44000
276.60000	 85.37000	 66.69918	 85.37000
276.80000	 85.30000	 66.53204	 85.30000
277.00000	 85.31000	 66.43919	 85.31000
277.20000	 85.34000	 66.36411	 85.34000
277.40000	 85.40000	 66.31760	 85.40000
277.60000	 85.48000	 66.29064	 85.48000
277.80000	 85.56000	 66.26422	 85.56000
278.00000	 85.67000	 66.26767	 85.67000
278.20000	 85.80000	 66.29125	 85.80000
278.40000	 85.96000	 66.34438	 85.96000
278.60000	 86.20000	 66.47494	 86.20000
278.80000	 86.50000	 66.66236	 86.50000
279.00000	 86.80000	 66.84706	 86.80000
279.20000	 87.10000	 67.02774	 87.10000
279.40000	 87.37000	 67.17434	 87.37000
279.60000	 87.60000	 67.27664	 87.60000
279.80000	 87.76000	 67.30564	 87.76000
280.00000	 87.83000	 67.24272	 87.83000
280.20000	 87.75000	 67.03139	 87.75000
280.40000	 87.50000	 66.65509	 87.50000
280.60000	 87.16000	 66.19519	 87.16000
280.80000	 86.76000	 65.68489	 86.76000
281.00000	 86.31000	 65.13788	 86.31000
281.20000	 85.86000	 64.60625	 85.86000
281.40000	 85.39000	 64.07365	 85.39000
281.60000	 84.91000	 63.55225	 84.91000
281.80000	 84.42000	 63.04400	 84.42000
282.00000	 83.91000	 62.54075	 83.91000
282.20000	 83.38000	 62.04368	 83.38000
282.40000	 82.88000	 61.60205	 82.88000
282.60000	 82.45000	 61.25474	 82.45000
282.80000	 82.10000	 61.01061	 82.10000
283.00000	 81.92000	 60.95496	 81.92000
283.20000	 81.86000	 61.03605	 81.86000
283.40000	 81.91000	 61.23998	 81.91000
283.60000	 82.09000	 61.58130	 82.09000
283.80000	 82.52000	 62.17064	 82.52000
284.00000	 83.04000	 62.84619	 83.04000
284.20000	 83.61000	 63.56248	 83.61000
284.40000	 84.17000	 64.25534	 84.17000
284.60000	 84.62000	 64.82316	 84.62000
284.80000	 85.02000	 65.32110	 85.02000
285.00000	 85.36000	 65.73780	 85.36000
285.20000	 85.61000	 66.04366	 85.61000
285.40000	 85.72000	 66.19095	 85.72000
285.60000	 85.76000	 66.24951	 85.76000
285.80000	 85.74000	 66.23175	 85.74000
286.00000	 85.68000	 66.16005	 85.68000
286.20000	 85.56000	 66.01822	 85.56000
286.40000	 85.43000	 65.85796	 85.43000
286.60000	 85.31000	 65.70165	 85.31000
286.80000	 85.25000	 65.60015	 85.25000
287.00000	 85.32000	 65.62272	 85.32000
287.20000	 85.48000	 65.73078	 85.48000
287.40000	 85.69000	 65.88484	 85.69000
287.60000	 85.97000	 66.10316	 85.97000
