  0.00000	 84.43000	 62.35449	 84.43000
  0.20000	 84.58000	 62.51338	 84.58000
  0.40000	 84.61000	 62.55638	 84.61000
  0.60000	 84.56000	 62.52193	 84.56000
  0.80000	 84.44000	 62.41969	 84.44000
  1.00000	 84.29000	 62.28846	 84.29000
  1.20000	 84.14000	 62.15740	 84.14000
  1.40000	 84.00000	 62.03629	 84.00000
  1.60000	 83.91000	 61.96383	 83.91000
  1.80000	 83.94000	 62.00768	 83.94000
  2.00000	 84.14000	 62.21591	 84.14000
  2.20000	 84.40000	 62.48161	 84.40000
  2.40000	 84.69000	 62.77529	 84.69000
  2.60000	 84.99000	 63.07724	 84.99000
  2.80000	 85.25000	 63.33887	 85.25000
  3.00000	 85.49000	 63.57943	 85.49000
  3.20000	 85.70000	 63.78925	 85.70000
  3.40000	 85.86000	 63.94907	 85.86000
  3.60000	 85.89000	 63.98168	 85.89000
  3.80000	 85.85000	 63.94549	 85.85000
  4.00000	 85.78000	 63.87958	 85.78000
  4.20000	 85.71000	 63.81333	 85.71000
  4.40000	 85.66000	 63.76629	 85.66000
  4.60000	 85.66000	 63.76762	 85.66000
  4.80000	 85.70000	 63.80762	 85.70000
  5.00000	 85.80000	 63.90555	 85.80000
  5.20000	 85.98000	 64.08059	 85.98000
  5.40000	 86.36000	 64.44851	 86.36000
  5.60000	 86.79000	 64.86369	 86.79000
  5.80000	 87.26000	 65.31598	 87.26000
  6.00000	 87.72000	 65.75664	 87.72000
  6.20000	 88.08000	 66.09840	 88.08000
  6.40000	 88.39000	 66.38969	 88.39000
  6.60000	 88.66000	 66.64033	 88.66000
  6.80000	 88.88000	 66.84087	 88.88000
  7.00000	 89.04000	 66.98190	 89.04000
  7.20000	 89.13000	 67.05403	 89.13000
  7.40000	 89.20000	 67.10599	 89.20000
  7.60000	 89.26000	 67.14773	 89.26000
  7.80000	 89.35000	 67.21817	 89.35000
  8.00000	 89.58000	 67.42379	 89.58000
  8.20000	 89.83000	 67.64831	 89.83000
  8.40000	 90.08000	 67.87224	 90.08000
  8.60000	 90.31000	 68.07610	 90.31000
  8.80000	 90.47000	 68.21152	 90.47000
  9.00000	 90.56000	 68.27861	 90.56000
  9.20000	 90.60000	 68.29694	 90.60000
  9.40000	 90.59000	 68.26677	 90.59000
  9.60000	 90.53000	 68.18837	 90.53000
  9.80000	 90.39000	 68.03299	 90.39000
 10.00000	 90.20000	 67.83001	 90.20000
 10.20000	 89.98000	 67.59907	 89.98000
 10.40000	 89.73000	 67.34046	 89.73000
 10.60000	 89.47000	 67.07372	 89.47000
 10.80000	 89.17000	 66.77002	 89.17000
 11.00000	 88.88000	 66.47787	 88.88000
 11.20000	 88.62000	 66.21669	 88.62000
 11.40000	 88.40000	 65.99613	 88.40000
 11.60000	 88.29000	 65.88378	 88.29000
 11.80000	 88.29000	 65.87933	 88.29000
 12.00000	 88.36000	 65.94365	 88.36000
 12.20000	 88.48000	 66.05695	 88.48000
 12.40000	 88.65000	 66.21884	 88.65000
 12.60000	 88.90000	 66.45794	 88.90000
 12.80000	 89.17000	 66.71583	 89.17000
 13.00000	 89.45000	 66.98252	 89.45000
 13.20000	 89.70000	 67.21910	 89.70000
 13.40000	 89.88000	 67.38680	 89.88000
 13.60000	 89.99000	 67.48572	 89.99000
 13.80000	 90.05000	 67.53540	 90.05000
 14.00000	 90.06000	 67.53610	 90.06000
 14.20000	 90.02000	 67.48808	 90.02000
 14.40000	 89.89000	 67.35295	 89.89000
 14.60000	 89.72000	 67.17942	 89.72000
 14.80000	 89.54000	 66.99685	 89.54000
 15.00000	 89.35000	 66.80545	 89.35000
 15.20000	 89.19000	 66.64410	 89.19000
 15.40000	 89.05000	 66.50317	 89.05000
 15.60000	 88.94000	 66.39230	 88.94000
 15.80000	 88.87000	 66.32110	 88.87000
 16.00000	 88.87000	 66.31844	 88.87000
 16.20000	 88.97000	 66.41309	 88.97000
 16.40000	 89.10000	 66.53698	 89.10000
 16.60000	 89.24000	 66.67047	 89.24000
 16.80000	 89.37000	 66.79399	 89.37000
 17.00000	 89.43000	 66.84936	 89.43000
 17.20000	 89.46000	 66.87534	 89.46000
 17.40000	 89.46000	 66.87201	 89.46000
 17.60000	 89.41000	 66.82016	 89.41000
 17.80000	 89.31000	 66.71996	 89.31000
 18.00000	 89.16000	 66.57165	 89.16000
 18.20000	 88.97000	 66.38514	 88.97000
 18.40000	 88.74000	 66.16067	 88.74000
 18.60000	 88.48000	 65.90815	 88.48000
 18.80000	 88.18000	 65.61810	 88.18000
 19.00000	 87.86000	 65.31007	 87.86000
 19.20000	 87.53000	 64.99392	 87.53000
 19.40000	 87.20000	 64.67942	 87.20000
 19.60000	 86.86000	 64.35696	 86.86000
 19.80000	 86.54000	 64.05560	 86.54000
 20.00000	 86.25000	 63.78500	 86.25000
 20.20000	 86.01000	 63.56440	 86.01000
 20.40000	 85.83000	 63.40329	 85.83000
 20.60000	 85.76000	 63.34979	 85.76000
 20.80000	 85.75000	 63.35514	 85.75000
 21.00000	 85.79000	 63.40927	 85.79000
 21.20000	 85.89000	 63.52150	 85.89000
 21.40000	 86.05000	 63.69144	 86.05000
 21.60000	 86.25000	 63.89941	 86.25000
 21.80000	 86.45000	 64.10638	 86.45000
 22.00000	 86.65000	 64.31216	 86.65000
 22.20000	 86.80000	 64.46825	 86.80000
 22.40000	 86.92000	 64.59404	 86.92000
 22.60000	 87.00000	 64.67992	 87.00000
 22.80000	 87.04000	 64.72605	 87.04000
 23.00000	 87.01000	 64.70360	 87.01000
 23.20000	 86.93000	 64.63218	 86.93000
 23.40000	 86.80000	 64.51210	 86.80000
 23.60000	 86.64000	 64.36298	 86.64000
 23.80000	 86.46000	 64.19475	 86.46000
 24.00000	 86.27000	 64.01731	 86.27000
 24.20000	 86.05000	 63.81146	 86.05000
 24.40000	 85.80000	 63.57737	 85.80000
 24.60000	 85.51000	 63.30552	 85.51000
 24.80000	 85.15000	 62.96708	 85.15000
 25.00000	 84.77000	 62.61065	 84.77000
 25.20000	 84.37000	 62.23642	 84.37000
 25.40000	 83.96000	 61.85421	 83.96000
 25.60000	 83.54000	 61.46414	 83.54000
 25.80000	 83.11000	 61.06627	 83.11000
 26.00000	 82.71000	 60.69935	 82.71000
 26.20000	 82.35000	 60.37299	 82.35000
 26.40000	 82.04000	 60.09676	 82.04000
 26.60000	 81.83000	 59.91881	 81.83000
 26.80000	 81.65000	 59.77109	 81.65000
 27.00000	 81.52000	 59.67264	 81.52000
 27.20000	 81.43000	 59.61347	 81.43000
 27.40000	 81.35000	 59.56428	 81.35000
 27.60000	 81.31000	 59.55385	 81.31000
 27.80000	 81.29000	 59.56262	 81.29000
 28.00000	 81.31000	 59.60972	 81.31000
 28.20000	 81.37000	 59.69497	 81.37000
 28.40000	 81.44000	 59.78912	 81.44000
 28.60000	 81.52000	 59.89202	 81.52000
 28.80000	 81.58000	 59.97455	 81.58000
 29.00000	 81.60000	 60.01733	 81.60000
 29.20000	 81.59000	 60.03009	 81.59000
 29.40000	 81.55000	 60.01295	 81.55000
 29.60000	 81.47000	 59.95639	 81.47000
 29.80000	 81.34000	 59.85091	 81.34000
 30.00000	 81.17000	 59.70642	 81.17000
 30.20000	 80.95000	 59.51347	 80.95000
 30.40000	 80.69000	 59.28200	 80.69000
 30.60000	 80.36000	 58.98324	 80.36000
 30.80000	 79.92000	 58.57880	 79.92000
 31.00000	 79.47000	 58.16582	 79.47000
 31.20000	 79.04000	 57.77360	 79.04000
 31.40000	 78.66000	 57.43130	 78.66000
 31.60000	 78.42000	 57.22594	 78.42000
 31.80000	 78.27000	 57.10887	 78.27000
 32.00000	 78.22000	 57.08938	 78.22000
 32.20000	 78.27000	 57.16699	 78.27000
 32.40000	 78.45000	 57.37022	 78.45000
 32.60000	 78.75000	 57.68878	 78.75000
 32.80000	 79.14000	 58.09304	 79.14000
 33.00000	 79.62000	 58.58239	 79.62000
 33.20000	 80.20000	 59.16596	 80.20000
 33.40000	 80.88000	 59.84320	 80.88000
 33.60000	 81.59000	 60.54586	 81.59000
 33.80000	 82.32000	 61.26390	 82.32000
 34.00000	 83.00000	 61.92935	 83.00000
 34.20000	 83.60000	 62.51315	 83.60000
 34.40000	 84.14000	 63.03482	 84.14000
 34.60000	 84.64000	 63.51398	 84.64000
 34.80000	 85.06000	 63.91224	 85.06000
 35.00000	 85.41000	 64.23966	 85.41000
 35.20000	 85.71000	 64.51604	 85.71000
 35.40000	 85.94000	 64.72243	 85.94000
 35.60000	 86.13000	 64.88831	 86.13000
 35.80000	 86.28000	 65.01406	 86.28000
 36.00000	 86.38000	 65.09038	 86.38000
 36.20000	 86.44000	 65.12730	 86.44000
 36.40000	 86.47000	 65.13481	 86.47000
 36.60000	 86.43000	 65.07451	 86.43000
 36.80000	 86.34000	 64.96606	 86.34000
 37.00000	 86.26000	 64.86783	 86.26000
 37.20000	 86.22000	 64.80900	 86.22000
 37.40000	 86.33000	 64.89604	 86.33000
 37.60000	 86.56000	 65.09963	 86.56000
 37.80000	 86.82000	 65.33234	 86.82000
 38.00000	 87.08000	 65.56479	 87.08000
 38.20000	 87.24000	 65.70003	 87.24000
 38.40000	 87.35000	 65.78647	 87.35000
 38.60000	 87.42000	 65.83391	 87.42000
 38.80000	 87.47000	 65.86185	 87.47000
 39.00000	 87.52000	 65.88980	 87.52000
 39.20000	 87.57000	 65.91787	 87.57000
 39.40000	 87.58000	 65.90743	 87.58000
 39.60000	 87.55000	 65.85861	 87.55000
 39.80000	 87.43000	 65.72320	 87.43000
 40.00000	 87.25000	 65.53051	 87.25000
 40.20000	 87.03000	 65.30016	 87.03000
 40.40000	 86.78000	 65.04211	 86.78000
 40.60000	 86.50000	 64.75658	 86.50000
 40.80000	 86.23000	 64.48245	 86.23000
 41.00000	 85.94000	 64.19081	 85.94000
 41.20000	 85.62000	 63.87207	 85.62000
 41.40000	 85.28000	 63.53600	 85.28000
 41.60000	 84.88000	 63.14400	 84.88000
 41.80000	 84.46000	 62.73491	 84.46000
 42.00000	 84.05000	 62.33787	 84.05000
 42.20000	 83.66000	 61.96258	 83.66000
 42.40000	 83.32000	 61.63802	 83.32000
 42.60000	 83.04000	 61.37373	 83.04000
 42.80000	 82.83000	 61.17913	 82.83000
 43.00000	 82.69000	 61.05391	 82.69000
 43.20000	 82.65000	 61.02672	 82.65000
 43.40000	 82.76000	 61.14546	 82.76000
 43.60000	 82.96000	 61.35149	 82.96000
 43.80000	 83.25000	 61.64422	 83.25000
 44.00000	 83.63000	 62.02307	 83.63000
 44.20000	 84.17000	 62.55520	 84.17000
 44.40000	 84.76000	 63.13355	 84.76000
 44.60000	 85.38000	 63.73823	 85.38000
 44.80000	 85.97000	 64.31083	 85.97000
 45.00000	 86.43000	 64.75445	 86.43000
 45.20000	 86.82000	 65.12727	 86.82000
 45.40000	 87.16000	 65.44893	 87.16000
 45.60000	 87.44000	 65.71006	 87.44000
 45.80000	 87.66000	 65.91102	 87.66000
 46.00000	 87.82000	 66.05218	 87.82000
 46.20000	 87.94000	 66.15329	 87.94000
 46.40000	 88.00000	 66.19534	 88.00000
 46.60000	 88.00000	 66.17872	 88.00000
 46.80000	 87.93000	 66.09412	 87.93000
 47.00000	 87.85000	 65.99997	 87.85000
 47.20000	 87.77000	 65.90622	 87.77000
 47.40000	 87.71000	 65.83240	 87.71000
 47.60000	 87.74000	 65.84631	 87.74000
 47.80000	 87.81000	 65.89946	 87.81000
 48.00000	 87.89000	 65.96267	 87.89000
 48.20000	 88.00000	 66.05514	 88.00000
 48.40000	 88.13000	 66.16705	 88.13000
 48.60000	 88.27000	 66.28859	 88.27000
 48.80000	 88.41000	 66.40996	 88.41000
 49.00000	 88.53000	 66.51175	 88.53000
 49.20000	 88.62000	 66.58426	 88.62000
 49.40000	 88.66000	 66.60822	 88.66000
 49.60000	 88.66000	 66.59342	 88.66000
 49.80000	 88.63000	 66.54970	 88.63000
 50.00000	 88.55000	 66.45791	 88.55000
 50.20000	 88.39000	 66.28922	 88.39000
 50.40000	 88.19000	 66.08263	 88.19000
 50.60000	 87.95000	 65.83839	 87.95000
 50.80000	 87.68000	 65.56644	 87.68000
 51.00000	 87.38000	 65.26699	 87.38000
 51.20000	 87.04000	 64.93055	 87.04000
 51.40000	 86.70000	 64.59600	 86.70000
 51.60000	 86.36000	 64.26345	 86.36000
 51.80000	 86.04000	 63.95231	 86.04000
 52.00000	 85.78000	 63.70122	 85.78000
 52.20000	 85.57000	 63.50038	 85.57000
 52.40000	 85.39000	 63.33021	 85.39000
 52.60000	 85.22000	 63.17116	 85.22000
 52.80000	 85.06000	 63.02303	 85.06000
 53.00000	 84.86000	 62.83732	 84.86000
 53.20000	 84.70000	 62.69134	 84.70000
 53.40000	 84.61000	 62.61401	 84.61000
 53.60000	 84.64000	 62.65345	 84.64000
 53.80000	 84.90000	 62.91567	 84.90000
 54.00000	 85.24000	 63.25488	 85.24000
 54.20000	 85.62000	 63.63174	 85.62000
 54.40000	 86.00000	 64.00708	 86.00000
 54.60000	 86.34000	 64.34189	 86.34000
 54.80000	 86.64000	 64.63602	 86.64000
 55.00000	 86.88000	 64.87017	 86.88000
 55.20000	 86.98000	 64.96709	 86.98000
 55.40000	 86.95000	 64.93684	 86.95000
 55.60000	 86.84000	 64.82831	 86.84000
 55.80000	 86.67000	 64.66137	 86.67000
 56.00000	 86.42000	 64.41715	 86.42000
 56.20000	 86.09000	 64.09613	 86.09000
 56.40000	 85.77000	 63.78582	 85.77000
 56.60000	 85.48000	 63.50588	 85.48000
 56.80000	 85.26000	 63.29509	 85.26000
 57.00000	 85.28000	 63.31784	 85.28000
 57.20000	 85.41000	 63.44786	 85.41000
 57.40000	 85.60000	 63.63621	 85.60000
 57.60000	 85.86000	 63.89206	 85.86000
 57.80000	 86.17000	 64.19558	 86.17000
 58.00000	 86.51000	 64.52701	 86.51000
 58.20000	 86.86000	 64.86669	 86.86000
 58.40000	 87.18000	 65.17568	 87.18000
 58.60000	 87.43000	 65.41522	 87.43000
 58.80000	 87.57000	 65.54673	 87.57000
 59.00000	 87.65000	 65.61885	 87.65000
 59.20000	 87.69000	 65.65126	 87.69000
 59.40000	 87.68000	 65.63461	 87.68000
 59.60000	 87.59000	 65.54018	 87.59000
 59.80000	 87.49000	 65.43607	 87.49000
 60.00000	 87.39000	 65.33221	 87.39000
 60.20000	 87.32000	 65.25780	 87.32000
 60.40000	 87.33000	 65.26126	 87.33000
 60.60000	 87.41000	 65.33282	 87.41000
 60.80000	 87.54000	 65.45289	 87.54000
 61.00000	 87.72000	 65.62124	 87.72000
 61.20000	 88.01000	 65.89564	 88.01000
 61.40000	 88.36000	 66.22733	 88.36000
 61.60000	 88.74000	 66.58692	 88.74000
 61.80000	 89.13000	 66.95478	 89.13000
 62.00000	 89.50000	 67.30167	 89.50000
 62.20000	 89.83000	 67.60817	 89.83000
 62.40000	 90.12000	 67.87430	 90.12000
 62.60000	 90.35000	 68.08086	 90.35000
 62.80000	 90.49000	 68.19902	 90.49000
 63.00000	 90.50000	 68.19043	 90.50000
 63.20000	 90.44000	 68.11362	 90.44000
 63.40000	 90.31000	 67.96905	 90.31000
 63.60000	 90.12000	 67.76686	 90.12000
 63.80000	 89.85000	 67.48811	 89.85000
 64.00000	 89.53000	 67.16227	 89.53000
 64.20000	 89.18000	 66.80905	 89.18000
 64.40000	 88.81000	 66.43843	 88.81000
 64.60000	 88.41000	 66.04095	 88.41000
 64.80000	 88.00000	 65.63615	 88.00000
 65.00000	 87.63000	 65.27252	 87.63000
 65.20000	 87.31000	 64.95969	 87.31000
 65.40000	 87.08000	 64.73624	 87.08000
 65.60000	 87.06000	 64.71792	 87.06000
 65.80000	 87.12000	 64.77840	 87.12000
 66.00000	 87.25000	 64.90739	 87.25000
 66.20000	 87.45000	 65.10437	 87.45000
 66.40000	 87.71000	 65.35913	 87.71000
 66.60000	 87.99000	 65.63255	 87.99000
 66.80000	 88.28000	 65.91459	 88.28000
 67.00000	 88.55000	 66.17600	 88.55000
 67.20000	 88.73000	 66.34897	 88.73000
 67.40000	 88.83000	 66.44328	 88.83000
 67.60000	 88.87000	 66.47851	 88.87000
 67.80000	 88.86000	 66.46463	 88.86000
 68.00000	 88.76000	 66.36325	 88.76000
 68.20000	 88.57000	 66.17476	 88.57000
 68.40000	 88.34000	 65.94795	 88.34000
 68.60000	 88.08000	 65.69286	 88.08000
 68.80000	 87.79000	 65.40980	 87.79000
 69.00000	 87.50000	 65.12804	 87.50000
 69.20000	 87.20000	 64.83806	 87.20000
 69.40000	 86.92000	 64.56899	 86.92000
 69.60000	 86.66000	 64.32085	 86.66000
 69.80000	 86.46000	 64.13230	 86.46000
 70.00000	 86.31000	 63.99349	 86.31000
 70.20000	 86.19000	 63.88488	 86.19000
 70.40000	 86.11000	 63.81591	 86.11000
 70.60000	 86.07000	 63.78635	 86.07000
 70.80000	 86.07000	 63.79596	 86.07000
 71.00000	 86.11000	 63.84447	 86.11000
 71.20000	 86.18000	 63.92199	 86.18000
 71.40000	 86.29000	 64.03794	 86.29000
 71.60000	 86.44000	 64.19211	 86.44000
 71.80000	 86.58000	 64.33589	 86.58000
 72.00000	 86.71000	 64.46917	 86.71000
 72.20000	 86.78000	 64.54353	 86.78000
 72.40000	 86.73000	 64.50101	 86.73000
 72.60000	 86.64000	 64.41930	 86.64000
 72.80000	 86.52000	 64.30834	 86.52000
 73.00000	 86.37000	 64.16839	 86.37000
 73.20000	 86.25000	 64.05771	 86.25000
 73.40000	 86.12000	 63.93772	 86.12000
 73.60000	 85.96000	 63.78914	 85.96000
 73.80000	 85.78000	 63.62176	 85.78000
 74.00000	 85.50000	 63.35831	 85.50000
 74.20000	 85.17000	 63.04742	 85.17000
 74.40000	 84.86000	 62.75704	 84.86000
 74.60000	 84.59000	 62.50666	 84.59000
 74.80000	 84.47000	 62.40265	 84.47000
 75.00000	 84.46000	 62.40603	 84.46000
 75.20000	 84.51000	 62.46801	 84.51000
 75.40000	 84.63000	 62.59784	 84.63000
 75.60000	 84.83000	 62.80478	 84.83000
 75.80000	 85.05000	 63.03036	 85.05000
 76.00000	 85.27000	 63.25491	 85.27000
 76.20000	 85.45000	 63.43953	 85.45000
 76.40000	 85.56000	 63.55514	 85.56000
 76.60000	 85.61000	 63.61154	 85.61000
 76.80000	 85.58000	 63.58957	 85.58000
 77.00000	 85.42000	 63.44119	 85.42000
 77.20000	 85.11000	 63.14751	 85.11000
 77.40000	 84.75000	 62.80587	 84.75000
 77.60000	 84.33000	 62.40708	 84.33000
 77.80000	 83.90000	 61.99998	 83.90000
 78.00000	 83.48000	 61.60420	 83.48000
 78.20000	 83.08000	 61.22961	 83.08000
 78.40000	 82.72000	 60.89560	 82.72000
 78.60000	 82.42000	 60.62147	 82.42000
 78.80000	 82.26000	 60.48442	 82.26000
 79.00000	 82.20000	 60.44537	 82.20000
 79.20000	 82.20000	 60.46513	 82.20000
 79.40000	 82.25000	 60.53360	 82.25000
 79.60000	 82.32000	 60.62134	 82.32000
 79.80000	 82.40000	 60.71837	 82.40000
 80.00000	 82.51000	 60.84381	 82.51000
 80.20000	 82.65000	 60.99744	 82.65000
 80.40000	 82.82000	 61.17909	 82.82000
 80.60000	 83.04000	 61.40790	 83.04000
 80.80000	 83.27000	 61.64499	 83.27000
 81.00000	 83.50000	 61.88054	 83.50000
 81.20000	 83.73000	 62.11447	 83.73000
 81.40000	 83.85000	 62.24035	 83.85000
 81.60000	 83.97000	 62.36477	 83.97000
 81.80000	 84.10000	 62.49755	 84.10000
 82.00000	 84.28000	 62.67747	 84.28000
 82.20000	 84.55000	 62.94321	 84.55000
 82.40000	 84.88000	 63.26558	 84.88000
 82.60000	 85.28000	 63.65403	 85.28000
 82.80000	 85.78000	 64.13730	 85.78000
 83.00000	 86.41000	 64.74405	 86.41000
 83.20000	 87.02000	 65.32873	 87.02000
 83.40000	 87.54000	 65.82338	 87.54000
 83.60000	 87.76000	 66.02493	 87.76000
 83.80000	 87.80000	 66.05007	 87.80000
 84.00000	 87.71000	 65.94796	 87.71000
 84.20000	 87.50000	 65.72907	 87.50000
 84.40000	 87.18000	 65.40388	 87.18000
 84.60000	 86.80000	 65.02149	 86.80000
 84.80000	 86.38000	 64.60186	 86.38000
 85.00000	 85.94000	 64.16482	 85.94000
 85.20000	 85.57000	 63.79776	 85.57000
 85.40000	 85.26000	 63.49109	 85.26000
 85.60000	 84.98000	 63.21571	 84.98000
 85.80000	 84.72000	 62.96181	 84.72000
 86.00000	 84.50000	 62.74857	 84.50000
 86.20000	 84.31000	 62.56611	 84.31000
 86.40000	 84.16000	 62.42391	 84.16000
 86.60000	 84.07000	 62.34106	 84.07000
 86.80000	 84.03000	 62.30760	 84.03000
 87.00000	 84.10000	 62.38126	 84.10000
 87.20000	 84.23000	 62.51325	 84.23000
 87.40000	 84.40000	 62.68382	 84.40000
 87.60000	 84.62000	 62.90228	 84.62000
 87.80000	 84.92000	 63.19731	 84.92000
 88.00000	 85.22000	 63.49118	 85.22000
 88.20000	 85.52000	 63.78363	 85.52000
 88.40000	 85.79000	 64.04549	 85.79000
 88.60000	 85.96000	 64.20905	 85.96000
 88.80000	 86.08000	 64.32284	 86.08000
 89.00000	 86.14000	 64.37744	 86.14000
 89.20000	 86.13000	 64.36346	 86.13000
 89.40000	 85.98000	 64.21354	 85.98000
 89.60000	 85.78000	 64.01524	 85.78000
 89.80000	 85.54000	 63.77868	 85.54000
 90.00000	 85.27000	 63.51389	 85.27000
 90.20000	 84.99000	 63.24053	 84.99000
 90.40000	 84.72000	 62.97816	 84.72000
 90.60000	 84.49000	 62.75590	 84.49000
 90.80000	 84.30000	 62.57374	 84.30000
 91.00000	 84.24000	 62.51863	 84.24000
 91.20000	 84.30000	 62.58057	 84.30000
 91.40000	 84.42000	 62.70104	 84.42000
 91.60000	 84.56000	 62.84093	 84.56000
 91.80000	 84.71000	 62.99022	 84.71000
 92.00000	 84.83000	 63.10999	 84.83000
 92.20000	 84.93000	 63.20979	 84.93000
 92.40000	 84.99000	 63.27026	 84.99000
 92.60000	 85.00000	 63.28179	 85.00000
 92.80000	 84.89000	 63.17683	 84.89000
 93.00000	 84.71000	 63.00407	 84.71000
 93.20000	 84.49000	 62.79289	 84.49000
 93.40000	 84.21000	 62.52428	 84.21000
 93.60000	 83.84000	 62.16954	 83.84000
 93.80000	 83.42000	 61.76776	 83.42000
 94.00000	 82.99000	 61.35796	 82.99000
 94.20000	 82.59000	 60.97908	 82.59000
 94.40000	 82.26000	 60.66989	 82.26000
 94.60000	 82.06000	 60.48832	 82.06000
 94.80000	 81.93000	 60.37600	 81.93000
 95.00000	 81.87000	 60.33256	 81.87000
 95.20000	 81.87000	 60.34792	 81.87000
 95.40000	 81.95000	 60.44103	 81.95000
 95.60000	 82.08000	 60.58243	 82.08000
 95.80000	 82.28000	 60.79108	 82.28000
 96.00000	 82.55000	 61.06660	 82.55000
 96.20000	 82.91000	 61.42792	 82.91000
 96.40000	 83.31000	 61.82625	 83.31000
 96.60000	 83.71000	 62.22256	 83.71000
 96.80000	 84.08000	 62.58761	 84.08000
 97.00000	 84.37000	 62.87297	 84.37000
 97.20000	 84.62000	 63.11746	 84.62000
 97.40000	 84.83000	 63.32127	 84.83000
 97.60000	 84.99000	 63.47494	 84.99000
 97.80000	 85.09000	 63.56909	 85.09000
 98.00000	 85.15000	 63.62336	 85.15000
 98.20000	 85.17000	 63.63805	 85.17000
 98.40000	 85.15000	 63.61346	 85.15000
 98.60000	 85.07000	 63.53052	 85.07000
 98.80000	 84.99000	 63.44759	 84.99000
 99.00000	 84.92000	 63.37453	 84.92000
 99.20000	 84.89000	 63.34049	 84.89000
 99.40000	 84.91000	 63.35514	 84.91000
 99.60000	 84.99000	 63.42806	 84.99000
 99.80000	 85.16000	 63.58808	 85.16000
100.00000	 85.49000	 63.90259	 85.49000
100.20000	 85.92000	 64.31306	 85.92000
100.40000	 86.38000	 64.75125	 86.38000
100.60000	 86.82000	 65.16839	 86.82000
100.80000	 87.19000	 65.51590	 87.19000
101.00000	 87.50000	 65.80346	 87.50000
101.20000	 87.70000	 65.98284	 87.70000
101.40000	 87.68000	 65.94799	 87.68000
101.60000	 87.52000	 65.77693	 87.52000
101.80000	 87.27000	 65.51875	 87.27000
102.00000	 86.94000	 65.18380	 86.94000
102.20000	 86.61000	 64.85006	 86.61000
102.40000	 86.25000	 64.48890	 86.25000
102.60000	 85.87000	 64.11031	 85.87000
102.80000	 85.50000	 63.74354	 85.50000
103.00000	 85.15000	 63.39838	 85.15000
103.20000	 84.82000	 63.07485	 84.82000
103.40000	 84.53000	 62.79224	 84.53000
103.60000	 84.28000	 62.55043	 84.28000
103.80000	 84.08000	 62.35888	 84.08000
104.00000	 83.94000	 62.22704	 83.94000
104.20000	 83.86000	 62.15459	 83.86000
104.40000	 83.84000	 62.14121	 83.84000
104.60000	 83.91000	 62.21557	 83.91000
104.80000	 84.06000	 62.36756	 84.06000
105.00000	 84.27000	 62.57741	 84.27000
105.20000	 84.56000	 62.86403	 84.56000
105.40000	 84.94000	 63.23667	 84.94000
105.60000	 85.38000	 63.66586	 85.38000
105.80000	 85.85000	 64.12216	 85.85000
106.00000	 86.35000	 64.60527	 86.35000
106.20000	 86.86000	 65.09557	 86.86000
106.40000	 87.34000	 65.55423	 87.34000
106.60000	 87.76000	 65.95219	 87.76000
106.80000	 88.04000	 66.21220	 88.04000
107.00000	 88.22000	 66.37333	 88.22000
107.20000	 88.32000	 66.45539	 88.32000
107.40000	 88.33000	 66.44922	 88.33000
107.60000	 88.18000	 66.28762	 88.18000
107.80000	 88.01000	 66.10667	 88.01000
108.00000	 87.88000	 65.96491	 87.88000
108.20000	 87.90000	 65.96897	 87.90000
108.40000	 88.20000	 66.24446	 88.20000
108.60000	 88.56000	 66.57797	 88.56000
108.80000	 88.92000	 66.91093	 88.92000
109.00000	 89.19000	 67.15591	 89.19000
109.20000	 89.33000	 67.27417	 89.33000
109.40000	 89.36000	 67.28528	 89.36000
109.60000	 89.30000	 67.20893	 89.30000
109.80000	 89.05000	 66.94884	 89.05000
110.00000	 88.62000	 66.51534	 88.62000
110.20000	 88.11000	 66.00594	 88.11000
110.40000	 87.55000	 65.45033	 87.55000
110.60000	 86.97000	 64.87806	 86.97000
110.80000	 86.44000	 64.35721	 86.44000
111.00000	 85.93000	 63.85889	 85.93000
111.20000	 85.47000	 63.41214	 85.47000
111.40000	 85.06000	 63.01683	 85.06000
111.60000	 84.81000	 62.77916	 84.81000
111.80000	 84.64000	 62.62126	 84.64000
112.00000	 84.52000	 62.51362	 84.52000
112.20000	 84.43000	 62.43643	 84.43000
112.40000	 84.29000	 62.31193	 84.29000
112.60000	 84.12000	 62.15929	 84.12000
112.80000	 83.98000	 62.03648	 83.98000
113.00000	 83.86000	 61.93371	 83.86000
113.20000	 83.80000	 61.88954	 83.80000
113.40000	 83.80000	 61.90376	 83.80000
113.60000	 83.84000	 61.95678	 83.84000
113.80000	 83.93000	 62.05801	 83.93000
114.00000	 84.13000	 62.26522	 84.13000
114.20000	 84.36000	 62.50063	 84.36000
114.40000	 84.58000	 62.72525	 84.58000
114.60000	 84.76000	 62.90987	 84.76000
114.80000	 84.81000	 62.96741	 84.81000
115.00000	 84.81000	 62.97549	 84.81000
115.20000	 84.75000	 62.92472	 84.75000
115.40000	 84.64000	 62.82506	 84.64000
115.60000	 84.45000	 62.64781	 84.45000
115.80000	 84.23000	 62.44172	 84.23000
116.00000	 84.00000	 62.22642	 84.00000
116.20000	 83.78000	 62.02148	 83.78000
116.40000	 83.58000	 61.83670	 83.58000
116.60000	 83.42000	 61.69147	 83.42000
116.80000	 83.34000	 61.62441	 83.34000
117.00000	 83.37000	 61.66433	 83.37000
117.20000	 83.52000	 61.82055	 83.52000
117.40000	 83.76000	 62.06357	 83.76000
117.60000	 84.07000	 62.37356	 84.07000
117.80000	 84.51000	 62.80809	 84.51000
118.00000	 85.00000	 63.28921	 85.00000
118.20000	 85.48000	 63.75844	 85.48000
118.40000	 85.91000	 64.17684	 85.91000
118.60000	 86.24000	 64.49596	 86.24000
118.80000	 86.49000	 64.73535	 86.49000
119.00000	 86.67000	 64.90495	 86.67000
119.20000	 86.73000	 64.95679	 86.73000
119.40000	 86.69000	 64.91069	 86.69000
119.60000	 86.59000	 64.80588	 86.59000
119.80000	 86.47000	 64.68154	 86.47000
120.00000	 86.33000	 64.53805	 86.33000
120.20000	 86.21000	 64.41438	 86.21000
120.40000	 86.13000	 64.33003	 86.13000
120.60000	 86.13000	 64.32371	 86.13000
120.80000	 86.32000	 64.50167	 86.32000
121.00000	 86.69000	 64.85376	 86.69000
121.20000	 87.11000	 65.25357	 87.11000
121.40000	 87.55000	 65.67155	 87.55000
121.60000	 87.92000	 66.02025	 87.92000
121.80000	 88.21000	 66.28987	 88.21000
122.00000	 88.43000	 66.49019	 88.43000
122.20000	 88.58000	 66.62141	 88.58000
122.40000	 88.59000	 66.61613	 88.59000
122.60000	 88.49000	 66.50384	 88.49000
122.80000	 88.33000	 66.33345	 88.33000
123.00000	 88.13000	 66.12479	 88.13000
123.20000	 87.93000	 65.91695	 87.93000
123.40000	 87.72000	 65.70054	 87.72000
123.60000	 87.54000	 65.51441	 87.54000
123.80000	 87.39000	 65.35865	 87.39000
124.00000	 87.30000	 65.26222	 87.30000
124.20000	 87.35000	 65.30236	 87.35000
124.40000	 87.45000	 65.39162	 87.45000
124.60000	 87.58000	 65.51031	 87.58000
124.80000	 87.74000	 65.65811	 87.74000
125.00000	 87.86000	 65.76705	 87.86000
125.20000	 87.99000	 65.88538	 87.99000
125.40000	 88.14000	 66.02269	 88.14000
125.60000	 88.32000	 66.18854	 88.32000
125.80000	 88.53000	 66.38284	 88.53000
126.00000	 88.78000	 66.61511	 88.78000
126.20000	 89.08000	 66.89486	 89.08000
126.40000	 89.42000	 67.21223	 89.42000
126.60000	 89.88000	 67.64439	 89.88000
126.80000	 90.35000	 68.08460	 90.35000
127.00000	 90.83000	 68.53261	 90.83000
127.20000	 91.27000	 68.93990	 91.27000
127.40000	 91.66000	 69.29677	 91.66000
127.60000	 91.99000	 69.59366	 91.99000
127.80000	 92.24000	 69.81143	 92.24000
128.00000	 92.38000	 69.92139	 92.38000
128.20000	 92.40000	 69.91430	 92.40000
128.40000	 92.31000	 69.80037	 92.31000
128.60000	 92.14000	 69.60921	 92.14000
128.80000	 91.82000	 69.27366	 91.82000
129.00000	 91.42000	 68.86209	 91.42000
129.20000	 90.97000	 68.40410	 90.97000
129.40000	 90.53000	 67.95820	 90.53000
129.60000	 90.15000	 67.57302	 90.15000
129.80000	 89.78000	 67.20026	 89.78000
130.00000	 89.41000	 66.83024	 89.41000
130.20000	 89.01000	 66.43389	 89.01000
130.40000	 88.55000	 65.98221	 88.55000
130.60000	 88.10000	 65.54300	 88.10000
130.80000	 87.69000	 65.14529	 87.69000
131.00000	 87.34000	 64.80832	 87.34000
131.20000	 87.14000	 64.61894	 87.14000
131.40000	 87.00000	 64.48965	 87.00000
131.60000	 86.91000	 64.41031	 86.91000
131.80000	 86.87000	 64.38053	 86.87000
132.00000	 86.86000	 64.38056	 86.86000
132.20000	 86.87000	 64.40039	 86.87000
132.40000	 86.88000	 64.42042	 86.88000
132.60000	 86.84000	 64.39210	 86.84000
132.80000	 86.76000	 64.32507	 86.76000
133.00000	 86.66000	 64.23874	 86.66000
133.20000	 86.56000	 64.15252	 86.56000
133.40000	 86.44000	 64.04712	 86.44000
133.60000	 86.33000	 63.95164	 86.33000
133.80000	 86.25000	 63.88544	 86.25000
134.00000	 86.22000	 63.86782	 86.22000
134.20000	 86.28000	 63.93734	 86.28000
134.40000	 86.41000	 64.07440	 86.41000
134.60000	 86.61000	 64.27869	 86.61000
134.80000	 86.87000	 64.54018	 86.87000
135.00000	 87.22000	 64.88757	 87.22000
135.20000	 87.62000	 65.28175	 87.62000
135.40000	 88.05000	 65.70305	 88.05000
135.60000	 88.53000	 66.17053	 88.53000
135.80000	 89.07000	 66.69360	 89.07000
136.00000	 89.56000	 67.16559	 89.56000
136.20000	 89.95000	 67.53809	 89.95000
136.40000	 90.07000	 67.64685	 90.07000
136.60000	 89.92000	 67.49255	 89.92000
136.80000	 89.67000	 67.24061	 89.67000
137.00000	 89.36000	 66.93059	 89.36000
137.20000	 89.11000	 66.67928	 89.11000
137.40000	 88.92000	 66.48703	 88.92000
137.60000	 88.74000	 66.30561	 88.74000
137.80000	 88.56000	 66.12540	 88.56000
138.00000	 88.39000	 65.95609	 88.39000
138.20000	 88.23000	 65.79767	 88.23000
138.40000	 88.06000	 65.63075	 88.06000
138.60000	 87.88000	 65.45531	 87.88000
138.80000	 87.66000	 65.24232	 87.66000
139.00000	 87.32000	 64.91448	 87.32000
139.20000	 86.98000	 64.58810	 86.98000
139.40000	 86.66000	 64.28270	 86.66000
139.60000	 86.38000	 64.01768	 86.38000
139.80000	 86.24000	 63.88969	 86.24000
140.00000	 86.18000	 63.84038	 86.18000
140.20000	 86.19000	 63.85969	 86.19000
140.40000	 86.26000	 63.93754	 86.26000
140.60000	 86.43000	 64.11222	 86.43000
140.80000	 86.67000	 64.35424	 86.67000
141.00000	 86.92000	 64.60512	 86.92000
141.20000	 87.18000	 64.86456	 87.18000
141.40000	 87.41000	 65.09363	 87.41000
141.60000	 87.60000	 65.28259	 87.60000
141.80000	 87.75000	 65.43148	 87.75000
142.00000	 87.85000	 65.53073	 87.85000
142.20000	 87.79000	 65.47415	 87.79000
142.40000	 87.69000	 65.37824	 87.69000
142.60000	 87.56000	 65.25307	 87.56000
142.80000	 87.44000	 65.13765	 87.44000
143.00000	 87.37000	 65.07087	 87.37000
143.20000	 87.33000	 65.03342	 87.33000
143.40000	 87.31000	 65.01559	 87.31000
143.60000	 87.31000	 65.01732	 87.31000
143.80000	 87.34000	 65.04820	 87.34000
144.00000	 87.39000	 65.09843	 87.39000
144.20000	 87.45000	 65.15822	 87.45000
144.40000	 87.52000	 65.22748	 87.52000
144.60000	 87.56000	 65.26742	 87.56000
144.80000	 87.63000	 65.33610	 87.63000
145.00000	 87.73000	 65.43345	 87.73000
145.20000	 87.89000	 65.58840	 87.89000
145.40000	 88.12000	 65.81045	 88.12000
145.60000	 88.39000	 66.07033	 88.39000
145.80000	 88.70000	 66.36781	 88.70000
146.00000	 89.04000	 66.69299	 89.04000
146.20000	 89.40000	 67.03599	 89.40000
146.40000	 89.76000	 67.37732	 89.76000
146.60000	 90.10000	 67.69754	 90.10000
146.80000	 90.41000	 67.98697	 90.41000
147.00000	 90.67000	 68.22634	 90.67000
147.20000	 90.84000	 68.37713	 90.84000
147.40000	 90.91000	 68.42995	 90.91000
147.60000	 90.71000	 68.22081	 90.71000
147.80000	 90.40000	 67.90526	 90.40000
148.00000	 90.02000	 67.52275	 90.02000
148.20000	 89.61000	 67.11261	 89.61000
148.40000	 89.27000	 66.77205	 89.27000
148.60000	 88.97000	 66.47223	 88.97000
148.80000	 88.70000	 66.20349	 88.70000
149.00000	 88.46000	 65.96577	 88.46000
149.20000	 88.27000	 65.77830	 88.27000
149.40000	 88.15000	 65.66022	 88.15000
149.60000	 88.06000	 65.57255	 88.06000
149.80000	 88.02000	 65.53437	 88.02000
150.00000	 88.00000	 65.51638	 88.00000
150.20000	 87.97000	 65.48932	 87.97000
150.40000	 88.02000	 65.54007	 88.02000
150.60000	 88.17000	 65.68772	 88.17000
150.80000	 88.53000	 66.03829	 88.53000
151.00000	 89.09000	 66.58145	 89.09000
151.20000	 89.72000	 67.19063	 89.72000
151.40000	 90.39000	 67.83614	 90.39000
151.60000	 91.02000	 68.44009	 91.02000
151.80000	 91.62000	 69.01191	 91.62000
152.00000	 92.15000	 69.51282	 92.15000
152.20000	 92.52000	 69.85590	 92.52000
152.40000	 92.75000	 70.06092	 92.75000
152.60000	 92.88000	 70.16713	 92.88000
152.80000	 92.92000	 70.18483	 92.92000
153.00000	 92.86000	 70.10493	 92.86000
153.20000	 92.74000	 69.96676	 92.74000
153.40000	 92.58000	 69.79017	 92.58000
153.60000	 92.40000	 69.59496	 92.40000
153.80000	 92.23000	 69.41046	 92.23000
154.00000	 92.06000	 69.22721	 92.06000
154.20000	 91.91000	 69.06466	 91.91000
154.40000	 91.82000	 68.96154	 91.82000
154.60000	 91.84000	 68.96609	 91.84000
154.80000	 91.85000	 68.96194	 91.85000
155.00000	 91.81000	 68.91022	 91.81000
155.20000	 91.65000	 68.74318	 91.65000
155.40000	 91.28000	 68.37397	 91.28000
155.60000	 90.84000	 67.93852	 90.84000
155.80000	 90.34000	 67.44699	 90.34000
156.00000	 89.82000	 66.93848	 89.82000
156.20000	 89.34000	 66.47134	 89.34000
156.40000	 88.86000	 66.00697	 88.86000
156.60000	 88.38000	 65.54542	 88.38000
156.80000	 87.90000	 65.08668	 87.90000
157.00000	 87.37000	 64.58238	 87.37000
157.20000	 86.86000	 64.10025	 86.86000
157.40000	 86.39000	 63.65962	 86.39000
157.60000	 86.00000	 63.29905	 86.00000
157.80000	 85.74000	 63.06661	 85.74000
158.00000	 85.64000	 62.99088	 85.64000
158.20000	 85.63000	 63.00350	 85.63000
158.40000	 85.73000	 63.12320	 85.73000
158.60000	 85.94000	 63.34933	 85.94000
158.80000	 86.24000	 63.66190	 86.24000
159.00000	 86.60000	 64.03129	 86.60000
159.20000	 86.99000	 64.42796	 86.99000
159.40000	 87.33000	 64.77414	 87.33000
159.60000	 87.66000	 65.10837	 87.66000
159.80000	 87.99000	 65.44025	 87.99000
160.00000	 88.31000	 65.76012	 88.31000
160.20000	 88.63000	 66.07765	 88.63000
160.40000	 88.94000	 66.38324	 88.94000
160.60000	 89.24000	 66.67694	 89.24000
160.80000	 89.55000	 66.97820	 89.55000
161.00000	 89.85000	 67.26774	 89.85000
161.20000	 90.14000	 67.54563	 90.14000
161.40000	 90.40000	 67.79263	 90.40000
161.60000	 90.59000	 67.97020	 90.59000
161.80000	 90.72000	 68.08825	 90.72000
162.00000	 90.82000	 68.17610	 90.82000
162.20000	 90.90000	 68.24370	 90.90000
162.40000	 90.94000	 68.27193	 90.94000
162.60000	 90.98000	 68.29973	 90.98000
162.80000	 91.01000	 68.31760	 91.01000
163.00000	 91.05000	 68.34501	 91.05000
163.20000	 91.16000	 68.44008	 91.16000
163.40000	 91.26000	 68.52534	 91.26000
163.60000	 91.36000	 68.61044	 91.36000
163.80000	 91.43000	 68.66632	 91.43000
164.00000	 91.45000	 68.67370	 91.45000
164.20000	 91.42000	 68.63270	 91.42000
164.40000	 91.33000	 68.53383	 91.33000
164.60000	 91.15000	 68.34832	 91.15000
164.80000	 90.85000	 68.04749	 90.85000
165.00000	 90.46000	 67.66079	 90.46000
165.20000	 90.00000	 67.20805	 90.00000
165.40000	 89.47000	 66.68971	 89.47000
165.60000	 88.84000	 66.07715	 88.84000
165.80000	 88.20000	 65.45788	 88.20000
166.00000	 87.59000	 64.87087	 87.59000
166.20000	 87.07000	 64.37427	 87.07000
166.40000	 86.71000	 64.03565	 86.71000
166.60000	 86.44000	 63.78687	 86.44000
166.80000	 86.26000	 63.62743	 86.26000
167.00000	 86.21000	 63.59550	 86.21000
167.20000	 86.28000	 63.68076	 86.28000
167.40000	 86.38000	 63.79549	 86.38000
167.60000	 86.46000	 63.89082	 86.46000
167.80000	 86.39000	 63.84070	 86.39000
168.00000	 86.20000	 63.67422	 86.20000
168.20000	 85.94000	 63.44003	 85.94000
168.40000	 85.63000	 63.15781	 85.63000
168.60000	 85.23000	 62.78918	 85.23000
168.80000	 84.81000	 62.40224	 84.81000
169.00000	 84.38000	 62.00695	 84.38000
169.20000	 83.97000	 61.63252	 83.97000
169.40000	 83.63000	 61.32741	 83.63000
169.60000	 83.37000	 61.10119	 83.37000
169.80000	 83.19000	 60.95362	 83.19000
170.00000	 83.08000	 60.87470	 83.08000
170.20000	 83.07000	 60.89309	 83.07000
170.40000	 83.17000	 61.01801	 83.17000
170.60000	 83.37000	 61.23926	 83.37000
170.80000	 83.68000	 61.56598	 83.68000
171.00000	 84.19000	 62.08464	 84.19000
171.20000	 84.81000	 62.70743	 84.81000
171.40000	 85.48000	 63.37562	 85.48000
171.60000	 86.16000	 64.04996	 86.16000
171.80000	 86.78000	 64.66239	 86.78000
172.00000	 87.37000	 65.24185	 87.37000
172.20000	 87.91000	 65.76903	 87.91000
172.40000	 88.37000	 66.21508	 88.37000
172.60000	 88.75000	 66.58029	 88.75000
172.80000	 89.05000	 66.86506	 89.05000
173.00000	 89.25000	 67.05050	 89.25000
173.20000	 89.33000	 67.11781	 89.33000
173.40000	 89.32000	 67.09659	 89.32000
173.60000	 89.21000	 66.97779	 89.21000
173.80000	 88.94000	 66.70399	 88.94000
174.00000	 88.58000	 66.34362	 88.58000
174.20000	 88.22000	 65.98440	 88.22000
174.40000	 87.91000	 65.67512	 87.91000
174.60000	 87.82000	 65.58039	 87.82000
174.80000	 87.80000	 65.55482	 87.80000
175.00000	 87.80000	 65.54968	 87.80000
175.20000	 87.83000	 65.57436	 87.83000
175.40000	 87.83000	 65.57054	 87.83000
175.60000	 87.79000	 65.52843	 87.79000
175.80000	 87.67000	 65.40932	 87.67000
176.00000	 87.34000	 65.08763	 87.34000
176.20000	 86.87000	 64.63155	 86.87000
176.40000	 86.32000	 64.09971	 86.32000
176.60000	 85.70000	 63.50233	 85.70000
176.80000	 85.02000	 62.84957	 85.02000
177.00000	 84.32000	 62.18052	 84.32000
177.20000	 83.62000	 61.51484	 83.62000
177.40000	 82.96000	 60.89137	 82.96000
177.60000	 82.38000	 60.34880	 82.38000
177.80000	 81.95000	 59.95464	 81.95000
178.00000	 81.62000	 59.66008	 81.62000
178.20000	 81.40000	 59.47426	 81.40000
178.40000	 81.31000	 59.41594	 81.31000
178.60000	 81.48000	 59.61016	 81.48000
178.80000	 81.77000	 59.92055	 81.77000
179.00000	 82.11000	 60.27851	 82.11000
179.20000	 82.48000	 60.66401	 82.48000
179.40000	 82.74000	 60.94111	 82.74000
179.60000	 82.97000	 61.18708	 82.97000
179.80000	 83.18000	 61.41159	 83.18000
180.00000	 83.37000	 61.61468	 83.37000
180.20000	 83.48000	 61.73844	 83.48000
180.40000	 83.59000	 61.86048	 83.59000
180.60000	 83.74000	 62.01966	 83.74000
180.80000	 83.96000	 62.24507	 83.96000
181.00000	 84.34000	 62.62367	 84.34000
181.20000	 84.74000	 63.01971	 84.74000
181.40000	 85.15000	 63.42326	 85.15000
181.60000	 85.51000	 63.77612	 85.51000
181.80000	 85.81000	 64.06862	 85.81000
182.00000	 86.06000	 64.31057	 86.06000
182.20000	 86.27000	 64.51187	 86.27000
182.40000	 86.38000	 64.61471	 86.38000
182.60000	 86.43000	 64.65817	 86.43000
182.80000	 86.49000	 64.71034	 86.49000
183.00000	 86.59000	 64.80047	 86.59000
183.20000	 86.85000	 65.04474	 86.85000
183.40000	 87.20000	 65.37521	 87.20000
183.60000	 87.65000	 65.80123	 87.65000
183.80000	 88.17000	 66.29337	 88.17000
184.00000	 88.92000	 67.00599	 88.92000
184.20000	 89.68000	 67.72562	 89.68000
184.40000	 90.38000	 68.38410	 90.38000
184.60000	 90.87000	 68.83617	 90.87000
184.80000	 91.03000	 68.96610	 91.03000
185.00000	 91.03000	 68.93920	 91.03000
185.20000	 90.89000	 68.77575	 90.89000
185.40000	 90.66000	 68.52502	 90.66000
185.60000	 90.34000	 68.18782	 90.34000
185.80000	 89.96000	 67.79388	 89.96000
186.00000	 89.56000	 67.38246	 89.56000
186.20000	 89.16000	 66.97334	 89.16000
186.40000	 88.81000	 66.61513	 88.81000
186.60000	 88.48000	 66.27888	 88.48000
186.80000	 88.21000	 66.00325	 88.21000
187.00000	 87.99000	 65.77839	 87.99000
187.20000	 87.90000	 65.68147	 87.90000
187.40000	 87.87000	 65.64435	 87.87000
187.60000	 87.89000	 65.65692	 87.89000
187.80000	 87.94000	 65.69945	 87.94000
188.00000	 88.00000	 65.75225	 88.00000
188.20000	 88.08000	 65.82474	 88.08000
188.40000	 88.20000	 65.93605	 88.20000
188.60000	 88.36000	 66.08594	 88.36000
188.80000	 88.59000	 66.30322	 88.59000
189.00000	 88.81000	 66.51020	 88.81000
189.20000	 89.01000	 66.69706	 89.01000
189.40000	 89.14000	 66.81535	 89.14000
189.60000	 89.20000	 66.86519	 89.20000
189.80000	 89.19000	 66.84677	 89.19000
190.00000	 89.10000	 66.75071	 89.10000
190.20000	 88.85000	 66.49998	 88.85000
190.40000	 88.50000	 66.15316	 88.50000
190.60000	 88.11000	 65.76885	 88.11000
190.80000	 87.71000	 65.37649	 87.71000
191.00000	 87.39000	 65.06345	 87.39000
191.20000	 87.13000	 64.81041	 87.13000
191.40000	 86.91000	 64.59792	 86.91000
191.60000	 86.71000	 64.40647	 86.71000
191.80000	 86.54000	 64.24554	 86.54000
192.00000	 86.44000	 64.15364	 86.44000
192.20000	 86.37000	 64.09180	 86.37000
192.40000	 86.31000	 64.04042	 86.31000
192.60000	 86.23000	 63.97028	 86.23000
192.80000	 86.12000	 63.87160	 86.12000
193.00000	 85.90000	 63.66700	 85.90000
193.20000	 85.66000	 63.44371	 85.66000
193.40000	 85.43000	 63.23092	 85.43000
193.60000	 85.21000	 63.02871	 85.21000
193.80000	 85.06000	 62.89514	 85.06000
194.00000	 84.93000	 62.78172	 84.93000
194.20000	 84.85000	 62.71734	 84.85000
194.40000	 84.83000	 62.71149	 84.83000
194.60000	 84.86000	 62.75422	 84.86000
194.80000	 84.94000	 62.84529	 84.94000
195.00000	 85.06000	 62.97472	 85.06000
195.20000	 85.19000	 63.11325	 85.19000
195.40000	 85.35000	 63.28001	 85.35000
195.60000	 85.56000	 63.49418	 85.56000
195.80000	 85.85000	 63.78456	 85.85000
196.00000	 86.34000	 64.26692	 86.34000
196.20000	 86.92000	 64.83431	 86.92000
196.40000	 87.52000	 65.41848	 87.52000
196.60000	 88.10000	 65.98037	 88.10000
196.80000	 88.55000	 66.41339	 88.55000
197.00000	 88.93000	 66.77573	 88.93000
197.20000	 89.26000	 67.08701	 89.26000
197.40000	 89.51000	 67.31851	 89.51000
197.60000	 89.64000	 67.43193	 89.64000
197.80000	 89.74000	 67.51485	 89.74000
198.00000	 89.83000	 67.58701	 89.83000
198.20000	 89.94000	 67.67777	 89.94000
198.40000	 90.19000	 67.90336	 90.19000
198.60000	 90.47000	 68.15726	 90.47000
198.80000	 90.74000	 68.40063	 90.74000
199.00000	 91.00000	 68.63340	 91.00000
199.20000	 91.21000	 68.81687	 91.21000
199.40000	 91.38000	 68.96080	 91.38000
199.60000	 91.47000	 69.02665	 91.47000
199.80000	 91.49000	 69.02436	 91.49000
200.00000	 91.29000	 68.80916	 91.29000
200.20000	 91.01000	 68.51711	 91.01000
200.40000	 90.68000	 68.17781	 90.68000
200.60000	 90.32000	 67.81109	 90.32000
200.80000	 89.95000	 67.43666	 89.95000
201.00000	 89.60000	 67.08379	 89.60000
201.20000	 89.31000	 66.79129	 89.31000
201.40000	 89.10000	 66.57842	 89.10000
201.60000	 89.00000	 66.47399	 89.00000
201.80000	 89.16000	 66.62268	 89.16000
202.00000	 89.44000	 66.88832	 89.44000
202.20000	 89.84000	 67.27013	 89.84000
202.40000	 90.34000	 67.74800	 90.34000
202.60000	 91.02000	 68.39862	 91.02000
202.80000	 91.76000	 69.10511	 91.76000
203.00000	 92.49000	 69.79911	 92.49000
203.20000	 93.15000	 70.42221	 93.15000
203.40000	 93.60000	 70.83889	 93.60000
203.60000	 93.97000	 71.17528	 93.97000
203.80000	 94.28000	 71.45113	 94.28000
204.00000	 94.57000	 71.70559	 94.57000
204.20000	 94.86000	 71.95835	 94.86000
204.40000	 95.11000	 72.17098	 95.11000
204.60000	 95.32000	 72.34376	 95.32000
204.80000	 95.44000	 72.42859	 95.44000
205.00000	 95.47000	 72.42584	 95.47000
205.20000	 95.47000	 72.39398	 95.47000
205.40000	 95.44000	 72.33335	 95.44000
205.60000	 95.47000	 72.33129	 95.47000
205.80000	 95.50000	 72.32986	 95.50000
206.00000	 95.51000	 72.30975	 95.51000
206.20000	 95.46000	 72.23235	 95.46000
206.40000	 95.34000	 72.08813	 95.34000
206.60000	 95.14000	 71.86765	 95.14000
206.80000	 94.84000	 71.55187	 94.84000
207.00000	 94.41000	 71.11215	 94.41000
207.20000	 93.78000	 70.48129	 93.78000
207.40000	 93.06000	 69.76638	 93.06000
207.60000	 92.26000	 68.97771	 92.26000
207.80000	 91.41000	 68.14484	 91.41000
208.00000	 90.58000	 67.33588	 90.58000
208.20000	 89.75000	 66.53170	 89.75000
208.40000	 88.94000	 65.75174	 88.94000
208.60000	 88.15000	 64.99596	 88.15000
208.80000	 87.40000	 64.28361	 87.40000
209.00000	 86.70000	 63.62417	 86.70000
209.20000	 86.07000	 63.03669	 86.07000
209.40000	 85.51000	 62.52082	 85.51000
209.60000	 85.06000	 62.11481	 85.06000
209.80000	 84.72000	 61.81815	 84.72000
210.00000	 84.52000	 61.65922	 84.52000
210.20000	 84.46000	 61.63733	 84.46000
210.40000	 84.55000	 61.76139	 84.55000
210.60000	 84.79000	 62.03056	 84.79000
210.80000	 85.36000	 62.61810	 85.36000
211.00000	 86.06000	 63.32936	 86.06000
211.20000	 86.80000	 64.07625	 86.80000
211.40000	 87.51000	 64.79029	 87.51000
211.60000	 87.94000	 65.22927	 87.94000
211.80000	 88.26000	 65.55791	 88.26000
212.00000	 88.49000	 65.79600	 88.49000
212.20000	 88.65000	 65.96341	 88.65000
212.40000	 88.75000	 66.07033	 88.75000
212.60000	 88.81000	 66.13659	 88.81000
212.80000	 88.84000	 66.17230	 88.84000
213.00000	 88.85000	 66.18749	 88.85000
213.20000	 88.89000	 66.23083	 88.89000
213.40000	 88.94000	 66.28312	 88.94000
213.60000	 89.00000	 66.34446	 89.00000
213.80000	 89.07000	 66.41490	 89.07000
214.00000	 89.17000	 66.51381	 89.17000
214.20000	 89.29000	 66.63146	 89.29000
214.40000	 89.45000	 66.78716	 89.45000
214.60000	 89.65000	 66.98078	 89.65000
214.80000	 89.91000	 67.23153	 89.91000
215.00000	 90.22000	 67.52952	 90.22000
215.20000	 90.61000	 67.90355	 90.61000
215.40000	 91.08000	 68.35332	 91.08000
215.60000	 91.79000	 69.03325	 91.79000
215.80000	 92.58000	 69.78791	 92.58000
216.00000	 93.34000	 70.51031	 93.34000
216.20000	 94.00000	 71.13246	 94.00000
216.40000	 94.25000	 71.35454	 94.25000
216.60000	 94.32000	 71.39984	 94.32000
216.80000	 94.27000	 71.32734	 94.27000
217.00000	 94.14000	 71.17663	 94.14000
217.20000	 94.00000	 71.01618	 94.00000
217.40000	 93.85000	 70.84652	 93.85000
217.60000	 93.71000	 70.68740	 93.71000
217.80000	 93.58000	 70.53903	 93.58000
218.00000	 93.54000	 70.47894	 93.54000
218.20000	 93.65000	 70.56504	 93.65000
218.40000	 93.78000	 70.67124	 93.78000
218.60000	 93.90000	 70.76822	 93.90000
218.80000	 93.97000	 70.81711	 93.97000
219.00000	 93.83000	 70.66313	 93.83000
219.20000	 93.66000	 70.48075	 93.66000
219.40000	 93.48000	 70.28962	 93.48000
219.60000	 93.34000	 70.13834	 93.34000
219.80000	 93.27000	 70.05596	 93.27000
220.00000	 93.26000	 70.03272	 93.26000
220.20000	 93.34000	 70.09744	 93.34000
220.40000	 93.61000	 70.34651	 93.61000
220.60000	 94.02000	 70.73098	 94.02000
220.80000	 94.43000	 71.11478	 94.43000
221.00000	 94.75000	 71.41041	 94.75000
221.20000	 94.74000	 71.38563	 94.74000
221.40000	 94.57000	 71.20542	 94.57000
221.60000	 94.28000	 70.90917	 94.28000
221.80000	 93.88000	 70.50728	 93.88000
222.00000	 93.39000	 70.01976	 93.39000
222.20000	 92.84000	 69.47626	 92.84000
222.40000	 92.25000	 68.89665	 92.25000
222.60000	 91.67000	 68.32969	 91.67000
222.80000	 91.14000	 67.81431	 91.14000
223.00000	 90.65000	 67.34084	 90.65000
223.20000	 90.22000	 66.92856	 90.22000
223.40000	 89.87000	 66.59657	 89.87000
223.60000	 89.64000	 66.38326	 89.64000
223.80000	 89.54000	 66.29781	 89.54000
224.00000	 89.53000	 66.30093	 89.53000
224.20000	 89.58000	 66.36301	 89.58000
224.40000	 89.75000	 66.54155	 89.75000
224.60000	 90.01000	 66.80694	 90.01000
224.80000	 90.28000	 67.08122	 90.28000
225.00000	 90.50000	 67.30596	 90.50000
225.20000	 90.57000	 67.38428	 90.57000
225.40000	 90.49000	 67.31636	 90.49000
225.60000	 90.34000	 67.18000	 90.34000
225.80000	 90.12000	 66.97565	 90.12000
226.00000	 89.83000	 66.70374	 89.83000
226.20000	 89.48000	 66.37438	 89.48000
226.40000	 89.17000	 66.08467	 89.17000
226.60000	 88.92000	 65.85416	 88.92000
226.80000	 88.85000	 65.79890	 88.85000
227.00000	 89.06000	 66.01525	 89.06000
227.20000	 89.36000	 66.31865	 89.36000
227.40000	 89.74000	 66.69872	 89.74000
227.60000	 90.17000	 67.12581	 90.17000
227.80000	 90.65000	 67.59940	 90.65000
228.00000	 91.10000	 68.04168	 91.10000
228.20000	 91.45000	 68.38476	 91.45000
228.40000	 91.62000	 68.55132	 91.62000
228.60000	 91.39000	 68.32902	 91.39000
228.80000	 91.03000	 67.98006	 91.03000
229.00000	 90.56000	 67.52480	 90.56000
229.20000	 90.03000	 67.01249	 90.03000
229.40000	 89.54000	 66.54054	 89.54000
229.60000	 89.06000	 66.08033	 89.06000
229.80000	 88.62000	 65.66112	 88.62000
230.00000	 88.25000	 65.31195	 88.25000
230.20000	 88.02000	 65.10042	 88.02000
230.40000	 87.97000	 65.06483	 87.97000
230.60000	 87.99000	 65.09817	 87.99000
230.80000	 88.05000	 65.17086	 88.05000
231.00000	 88.11000	 65.24372	 88.11000
231.20000	 88.13000	 65.27776	 88.13000
231.40000	 88.13000	 65.29218	 88.13000
231.60000	 88.10000	 65.27724	 88.10000
231.80000	 88.03000	 65.22331	 88.03000
232.00000	 87.85000	 65.06277	 87.85000
232.20000	 87.62000	 64.85395	 87.62000
232.40000	 87.36000	 64.61646	 87.36000
232.60000	 87.09000	 64.36990	 87.09000
232.80000	 86.83000	 64.13380	 86.83000
233.00000	 86.57000	 63.89859	 86.57000
233.20000	 86.36000	 63.71268	 86.36000
233.40000	 86.21000	 63.58567	 86.21000
233.60000	 86.14000	 63.53674	 86.14000
233.80000	 86.19000	 63.60430	 86.19000
234.00000	 86.34000	 63.76859	 86.34000
234.20000	 86.61000	 64.04845	 86.61000
234.40000	 87.06000	 64.50137	 87.06000
234.60000	 87.75000	 65.18466	 87.75000
234.80000	 88.50000	 65.92329	 88.50000
235.00000	 89.25000	 66.65852	 89.25000
235.20000	 89.90000	 67.29316	 89.90000
235.40000	 90.39000	 67.76910	 90.39000
235.60000	 90.77000	 68.13500	 90.77000
235.80000	 91.02000	 68.37197	 91.02000
236.00000	 91.04000	 68.38387	 91.04000
236.20000	 90.83000	 68.17158	 90.83000
236.40000	 90.50000	 67.84253	 90.50000
236.60000	 90.10000	 67.44606	 90.10000
236.80000	 89.65000	 67.00228	 89.65000
237.00000	 89.25000	 66.60854	 89.25000
237.20000	 88.84000	 66.20710	 88.84000
237.40000	 88.45000	 65.82719	 88.45000
237.60000	 88.10000	 65.48824	 88.10000
237.80000	 87.81000	 65.20954	 87.81000
238.00000	 87.60000	 65.01028	 87.60000
238.20000	 87.46000	 64.88049	 87.46000
238.40000	 87.39000	 64.81981	 87.39000
238.60000	 87.43000	 64.86655	 87.43000
238.80000	 87.59000	 65.02989	 87.59000
239.00000	 87.82000	 65.26091	 87.82000
239.20000	 88.10000	 65.53974	 88.10000
239.40000	 88.43000	 65.86594	 88.43000
239.60000	 88.83000	 66.25845	 88.83000
239.80000	 89.23000	 66.64918	 89.23000
240.00000	 89.58000	 66.98955	 89.58000
240.20000	 89.85000	 67.25046	 89.85000
240.40000	 89.95000	 67.34504	 89.95000
240.60000	 89.97000	 67.36075	 89.97000
240.80000	 89.89000	 67.27874	 89.89000
241.00000	 89.72000	 67.10920	 89.72000
241.20000	 89.46000	 66.85265	 89.46000
241.40000	 89.14000	 66.53867	 89.14000
241.60000	 88.76000	 66.16772	 88.76000
241.80000	 88.31000	 65.73055	 88.31000
242.00000	 87.84000	 65.27595	 87.84000
242.20000	 87.39000	 64.84290	 87.39000
242.40000	 86.98000	 64.45088	 86.98000
242.60000	 86.68000	 64.16759	 86.68000
242.80000	 86.46000	 63.96379	 86.46000
243.00000	 86.32000	 63.83913	 86.32000
243.20000	 86.31000	 63.84157	 86.31000
243.40000	 86.46000	 63.99958	 86.46000
243.60000	 86.69000	 64.23511	 86.69000
243.80000	 86.95000	 64.49918	 86.95000
244.00000	 87.22000	 64.77197	 87.22000
244.20000	 87.47000	 65.02412	 87.47000
244.40000	 87.68000	 65.23613	 87.68000
244.60000	 87.83000	 65.38861	 87.83000
244.80000	 87.80000	 65.36562	 87.80000
245.00000	 87.63000	 65.20629	 87.63000
245.20000	 87.41000	 64.99824	 87.41000
245.40000	 87.16000	 64.76130	 87.16000
245.60000	 86.93000	 64.54424	 86.93000
245.80000	 86.73000	 64.35694	 86.73000
246.00000	 86.57000	 64.20916	 86.57000
246.20000	 86.46000	 64.11055	 86.46000
246.40000	 86.41000	 64.07065	 86.41000
246.60000	 86.44000	 64.10860	 86.44000
246.80000	 86.59000	 64.26280	 86.59000
247.00000	 86.87000	 64.54246	 86.87000
247.20000	 87.39000	 65.05345	 87.39000
247.40000	 88.08000	 65.72721	 88.08000
247.60000	 88.88000	 66.50486	 88.88000
247.80000	 89.75000	 67.34692	 89.75000
248.00000	 90.74000	 68.30111	 90.74000
248.20000	 91.69000	 69.21206	 91.69000
248.40000	 92.55000	 70.03111	 92.55000
248.60000	 93.11000	 70.55516	 93.11000
248.80000	 93.37000	 70.78486	 93.37000
249.00000	 93.48000	 70.86635	 93.48000
249.20000	 93.47000	 70.82967	 93.47000
249.40000	 93.42000	 70.75317	 93.42000
249.60000	 93.33000	 70.63759	 93.33000
249.80000	 93.22000	 70.50285	 93.22000
250.00000	 93.10000	 70.35907	 93.10000
250.20000	 93.03000	 70.26458	 93.03000
250.40000	 93.02000	 70.22916	 93.02000
250.60000	 93.06000	 70.24309	 93.06000
250.80000	 93.13000	 70.28687	 93.13000
251.00000	 93.28000	 70.40869	 93.28000
251.20000	 93.61000	 70.70501	 93.61000
251.40000	 93.93000	 70.99153	 93.93000
251.60000	 94.18000	 71.20985	 94.18000
251.80000	 94.30000	 71.30187	 94.30000
252.00000	 94.04000	 71.02597	 94.04000
252.20000	 93.65000	 70.62483	 93.65000
252.40000	 93.15000	 70.11862	 93.15000
252.60000	 92.59000	 69.55647	 92.59000
252.80000	 92.03000	 68.99703	 92.03000
253.00000	 91.48000	 68.45037	 91.48000
253.20000	 90.94000	 67.91671	 90.94000
253.40000	 90.42000	 67.40581	 90.42000
253.60000	 89.95000	 66.94667	 89.95000
253.80000	 89.55000	 66.55851	 89.55000
254.00000	 89.22000	 66.24107	 89.22000
254.20000	 88.97000	 66.00368	 88.97000
254.40000	 88.80000	 65.84591	 88.80000
254.60000	 88.77000	 65.82534	 88.77000
254.80000	 88.82000	 65.88334	 88.82000
255.00000	 88.96000	 66.02901	 88.96000
255.20000	 89.18000	 66.25210	 89.18000
255.40000	 89.61000	 66.67781	 89.61000
255.60000	 90.05000	 67.11192	 90.05000
255.80000	 90.43000	 67.48619	 90.43000
256.00000	 90.66000	 67.71337	 90.66000
256.20000	 90.51000	 67.57115	 90.51000
256.40000	 90.21000	 67.28283	 90.21000
256.60000	 89.80000	 66.88801	 89.80000
256.80000	 89.33000	 66.43584	 89.33000
257.00000	 88.86000	 65.98503	 88.86000
257.20000	 88.37000	 65.51667	 88.37000
257.40000	 87.88000	 65.05042	 87.88000
257.60000	 87.42000	 64.61549	 87.42000
257.80000	 87.01000	 64.23128	 87.01000
258.00000	 86.69000	 63.93639	 86.69000
258.20000	 86.42000	 63.69188	 86.42000
258.40000	 86.22000	 63.51680	 86.22000
258.60000	 86.08000	 63.40113	 86.08000
258.80000	 86.03000	 63.37352	 86.03000
259.00000	 86.05000	 63.41418	 86.05000
259.20000	 86.14000	 63.52269	 86.14000
259.40000	 86.30000	 63.69861	 86.30000
259.60000	 86.65000	 64.05758	 86.65000
259.80000	 87.02000	 64.43452	 87.02000
260.00000	 87.36000	 64.78060	 87.36000
260.20000	 87.59000	 65.01821	 87.59000
260.40000	 87.47000	 64.91529	 87.47000
260.60000	 87.25000	 64.71439	 87.25000
260.80000	 86.96000	 64.44524	 86.96000
261.00000	 86.67000	 64.17615	 86.67000
261.20000	 86.46000	 63.98493	 86.46000
261.40000	 86.28000	 63.82335	 86.28000
261.60000	 86.11000	 63.67209	 86.11000
261.80000	 85.96000	 63.54081	 85.96000
262.00000	 85.85000	 63.44881	 85.85000
262.20000	 85.77000	 63.38629	 85.77000
262.40000	 85.72000	 63.35310	 85.72000
262.60000	 85.70000	 63.34910	 85.70000
262.80000	 85.70000	 63.36444	 85.70000
263.00000	 85.73000	 63.40864	 85.73000
263.20000	 85.79000	 63.48154	 85.79000
263.40000	 85.86000	 63.56363	 85.86000
263.60000	 85.91000	 63.62577	 85.91000
263.80000	 85.93000	 63.65825	 85.93000
264.00000	 85.85000	 63.59341	 85.85000
264.20000	 85.73000	 63.48949	 85.73000
264.40000	 85.59000	 63.36608	 85.59000
264.60000	 85.43000	 63.22337	 85.43000
264.80000	 85.24000	 63.05186	 85.24000
265.00000	 85.07000	 62.90010	 85.07000
265.20000	 84.92000	 62.76815	 84.92000
265.40000	 84.85000	 62.71406	 84.85000
265.60000	 84.90000	 62.77635	 84.90000
265.80000	 85.01000	 62.89666	 85.01000
266.00000	 85.17000	 63.06497	 85.17000
266.20000	 85.42000	 63.31963	 85.42000
266.40000	 85.73000	 63.63124	 85.73000
266.60000	 86.02000	 63.92206	 86.02000
266.80000	 86.23000	 64.13384	 86.23000
267.00000	 86.20000	 64.11189	 86.20000
267.20000	 86.00000	 63.92440	 86.00000
267.40000	 85.71000	 63.64944	 85.71000
267.60000	 85.35000	 63.30699	 85.35000
267.80000	 84.94000	 62.91696	 84.94000
268.00000	 84.50000	 62.49918	 84.50000
268.20000	 84.09000	 62.11205	 84.09000
268.40000	 83.71000	 61.75574	 83.71000
268.60000	 83.47000	 61.53668	 83.47000
268.80000	 83.33000	 61.41594	 83.33000
269.00000	 83.27000	 61.37379	 83.27000
269.20000	 83.30000	 61.41945	 83.30000
269.40000	 83.45000	 61.58149	 83.45000
269.60000	 83.70000	 61.83999	 83.70000
269.80000	 83.99000	 62.13635	 83.99000
270.00000	 84.31000	 62.46045	 84.31000
270.20000	 84.63000	 62.78292	 84.63000
270.40000	 84.93000	 63.08418	 84.93000
270.60000	 85.16000	 63.31579	 85.16000
270.80000	 85.30000	 63.45848	 85.30000
271.00000	 85.15000	 63.31907	 85.15000
271.20000	 84.85000	 63.03372	 84.85000
271.40000	 84.46000	 62.66127	 84.46000
271.60000	 84.03000	 62.25081	 84.03000
271.80000	 83.62000	 61.86092	 83.62000
272.00000	 83.31000	 61.56931	 83.31000
272.20000	 83.01000	 61.28896	 83.01000
272.40000	 82.71000	 61.01016	 82.71000
272.60000	 82.40000	 60.72322	 82.40000
272.80000	 82.01000	 60.36041	 82.01000
273.00000	 81.58000	 59.96055	 81.58000
273.20000	 81.20000	 59.61084	 81.20000
273.40000	 80.91000	 59.34994	 80.91000
273.60000	 80.78000	 59.24536	 80.78000
273.80000	 80.90000	 59.38368	 80.90000
274.00000	 81.17000	 59.66738	 81.17000
274.20000	 81.58000	 60.08593	 81.58000
274.40000	 82.14000	 60.64819	 82.14000
274.60000	 82.97000	 61.46935	 82.97000
274.80000	 83.84000	 62.32589	 83.84000
275.00000	 84.66000	 63.12999	 84.66000
275.20000	 85.29000	 63.74585	 85.29000
275.40000	 85.53000	 63.98019	 85.53000
275.60000	 85.62000	 64.06602	 85.62000
275.80000	 85.61000	 64.05264	 85.61000
276.00000	 85.55000	 63.98926	 85.55000
276.20000	 85.50000	 63.93461	 85.50000
276.40000	 85.44000	 63.86981	 85.44000
276.60000	 85.37000	 63.79519	 85.37000
276.80000	 85.30000	 63.72067	 85.30000
277.00000	 85.31000	 63.72381	 85.31000
277.20000	 85.34000	 63.74652	 85.34000
277.40000	 85.40000	 63.79841	 85.40000
277.60000	 85.48000	 63.86970	 85.48000
277.80000	 85.56000	 63.94094	 85.56000
278.00000	 85.67000	 64.04106	 85.67000
278.20000	 85.80000	 64.16029	 85.80000
278.40000	 85.96000	 64.30818	 85.96000
278.60000	 86.20000	 64.53297	 86.20000
278.80000	 86.50000	 64.81508	 86.50000
279.00000	 86.80000	 65.09619	 86.80000
279.20000	 87.10000	 65.37615	 87.10000
279.40000	 87.37000	 65.62582	 87.37000
279.60000	 87.60000	 65.83554	 87.60000
279.80000	 87.76000	 65.97637	 87.76000
280.00000	 87.83000	 66.02919	 87.83000
280.20000	 87.75000	 65.93627	 87.75000
280.40000	 87.50000	 65.67881	 87.50000
280.60000	 87.16000	 65.33485	 87.16000
280.80000	 86.76000	 64.93404	 86.76000
281.00000	 86.31000	 64.48659	 86.31000
281.20000	 85.86000	 64.04130	 85.86000
281.40000	 85.39000	 63.57911	 85.39000
281.60000	 84.91000	 63.10989	 84.91000
281.80000	 84.42000	 62.63377	 84.42000
282.00000	 83.91000	 62.14118	 83.91000
282.20000	 83.38000	 61.63216	 83.38000
282.40000	 82.88000	 61.15513	 82.88000
282.60000	 82.45000	 60.74873	 82.45000
282.80000	 82.10000	 60.42243	 82.10000
283.00000	 81.92000	 60.26297	 81.92000
283.20000	 81.86000	 60.22140	 81.86000
283.40000	 81.91000	 60.28743	 81.91000
283.60000	 82.09000	 60.47973	 82.09000
283.80000	 82.52000	 60.91368	 82.52000
284.00000	 83.04000	 61.43354	 83.04000
284.20000	 83.61000	 61.99983	 83.61000
284.40000	 84.17000	 62.55388	 84.17000
284.60000	 84.62000	 62.99858	 84.62000
284.80000	 85.02000	 63.39195	 85.02000
285.00000	 85.36000	 63.72443	 85.36000
285.20000	 85.61000	 63.96722	 85.61000
285.40000	 85.72000	 64.07231	 85.72000
285.60000	 85.76000	 64.10795	 85.76000
285.80000	 85.74000	 64.08431	 85.74000
286.00000	 85.68000	 64.02122	 85.68000
286.20000	 85.56000	 63.89976	 85.56000
286.40000	 85.43000	 63.76866	 85.43000
286.60000	 85.31000	 63.64758	 85.31000
286.80000	 85.25000	 63.58503	 85.25000
287.00000	 85.32000	 63.64874	 85.32000
287.20000	 85.48000	 63.79973	 85.48000
287.40000	 85.69000	 63.99899	 85.69000
287.60000	 85.97000	 64.26551	 85.97000
