  0.00000	 84.43000	 63.90394	 84.43000
  0.20000	 84.58000	 64.47425	 84.58000
  0.40000	 84.61000	 64.84473	 84.61000
  0.60000	 84.56000	 65.04483	 84.56000
  0.80000	 84.44000	 65.09380	 84.44000
  1.00000	 84.29000	 65.05115	 84.29000
  1.20000	 84.14000	 64.96891	 84.14000
  1.40000	 84.00000	 64.87646	 84.00000
  1.60000	 83.91000	 64.82708	 83.91000
  1.80000	 83.94000	 64.89463	 83.94000
  2.00000	 84.14000	 65.12085	 84.14000
  2.20000	 84.40000	 65.38007	 84.40000
  2.40000	 84.69000	 65.62692	 84.69000
  2.60000	 84.99000	 65.83194	 84.99000
  2.80000	 85.25000	 65.94376	 85.25000
  3.00000	 85.49000	 65.98839	 85.49000
  3.20000	 85.70000	 65.96709	 85.70000
  3.40000	 85.86000	 65.87428	 85.86000
  3.60000	 85.89000	 65.64878	 85.89000
  3.80000	 85.85000	 65.37218	 85.85000
  4.00000	 85.78000	 65.10416	 85.78000
  4.20000	 85.71000	 64.88742	 85.71000
  4.40000	 85.66000	 64.74591	 85.66000
  4.60000	 85.66000	 64.70476	 85.66000
  4.80000	 85.70000	 64.74220	 85.70000
  5.00000	 85.80000	 64.86182	 85.80000
  5.20000	 85.98000	 65.06438	 85.98000
  5.40000	 86.36000	 65.44540	 86.36000
  5.60000	 86.79000	 65.82902	 86.79000
  5.80000	 87.26000	 66.18413	 87.26000
  6.00000	 87.72000	 66.45028	 87.72000
  6.20000	 88.08000	 66.54046	 88.08000
  6.40000	 88.39000	 66.51954	 88.39000
  6.60000	 88.66000	 66.41905	 88.66000
  6.80000	 88.88000	 66.25190	 88.88000
  7.00000	 89.04000	 66.03027	 89.04000
  7.20000	 89.13000	 65.76469	 89.13000
  7.40000	 89.20000	 65.52150	 89.20000
  7.60000	 89.26000	 65.32070	 89.26000
  7.80000	 89.35000	 65.20406	 89.35000
  8.00000	 89.58000	 65.27223	 89.58000
  8.20000	 89.83000	 65.38790	 89.83000
  8.40000	 90.08000	 65.51257	 90.08000
  8.60000	 90.31000	 65.61279	 90.31000
  8.80000	 90.47000	 65.63270	 90.47000
  9.00000	 90.56000	 65.57459	 90.56000
  9.20000	 90.60000	 65.46664	 90.60000
  9.40000	 90.59000	 65.31960	 90.59000
  9.60000	 90.53000	 65.14453	 90.53000
  9.80000	 90.39000	 64.92261	 90.39000
 10.00000	 90.20000	 64.69422	 90.20000
 10.20000	 89.98000	 64.48710	 89.98000
 10.40000	 89.73000	 64.30497	 89.73000
 10.60000	 89.47000	 64.16735	 89.47000
 10.80000	 89.17000	 64.04111	 89.17000
 11.00000	 88.88000	 63.97059	 88.88000
 11.20000	 88.62000	 63.96713	 88.62000
 11.40000	 88.40000	 64.02853	 88.40000
 11.60000	 88.29000	 64.20824	 88.29000
 11.80000	 88.29000	 64.48536	 88.29000
 12.00000	 88.36000	 64.79775	 88.36000
 12.20000	 88.48000	 65.10658	 88.48000
 12.40000	 88.65000	 65.39881	 88.65000
 12.60000	 88.90000	 65.69610	 88.90000
 12.80000	 89.17000	 65.93497	 89.17000
 13.00000	 89.45000	 66.10755	 89.45000
 13.20000	 89.70000	 66.18272	 89.70000
 13.40000	 89.88000	 66.13616	 89.88000
 13.60000	 89.99000	 65.98923	 89.99000
 13.80000	 90.05000	 65.78545	 90.05000
 14.00000	 90.06000	 65.54683	 90.06000
 14.20000	 90.02000	 65.29182	 90.02000
 14.40000	 89.89000	 64.99596	 89.89000
 14.60000	 89.72000	 64.72117	 89.72000
 14.80000	 89.54000	 64.50379	 89.54000
 15.00000	 89.35000	 64.34342	 89.35000
 15.20000	 89.19000	 64.27307	 89.19000
 15.40000	 89.05000	 64.27067	 89.05000
 15.60000	 88.94000	 64.33090	 88.94000
 15.80000	 88.87000	 64.44718	 88.87000
 16.00000	 88.87000	 64.63206	 88.87000
 16.20000	 88.97000	 64.89677	 88.97000
 16.40000	 89.10000	 65.15392	 89.10000
 16.60000	 89.24000	 65.37132	 89.24000
 16.80000	 89.37000	 65.52450	 89.37000
 17.00000	 89.43000	 65.55796	 89.43000
 17.20000	 89.46000	 65.52332	 89.46000
 17.40000	 89.46000	 65.43595	 89.46000
 17.60000	 89.41000	 65.29208	 89.41000
 17.80000	 89.31000	 65.10773	 89.31000
 18.00000	 89.16000	 64.89776	 89.16000
 18.20000	 88.97000	 64.68444	 88.97000
 18.40000	 88.74000	 64.47674	 88.74000
 18.60000	 88.48000	 64.28996	 88.48000
 18.80000	 88.18000	 64.11625	 88.18000
 19.00000	 87.86000	 63.97494	 87.86000
 19.20000	 87.53000	 63.87256	 87.53000
 19.40000	 87.20000	 63.81293	 87.20000
 19.60000	 86.86000	 63.77826	 86.86000
 19.80000	 86.54000	 63.78956	 86.54000
 20.00000	 86.25000	 63.84667	 86.25000
 20.20000	 86.01000	 63.95781	 86.01000
 20.40000	 85.83000	 64.11996	 85.83000
 20.60000	 85.76000	 64.36795	 85.76000
 20.80000	 85.75000	 64.63614	 85.75000
 21.00000	 85.79000	 64.90110	 85.79000
 21.20000	 85.89000	 65.16334	 85.89000
 21.40000	 86.05000	 65.41693	 86.05000
 21.60000	 86.25000	 65.63932	 86.25000
 21.80000	 86.45000	 65.79263	 86.45000
 22.00000	 86.65000	 65.88398	 86.65000
 22.20000	 86.80000	 65.87579	 86.80000
 22.40000	 86.92000	 65.80420	 86.92000
 22.60000	 87.00000	 65.67711	 87.00000
 22.80000	 87.04000	 65.51188	 87.04000
 23.00000	 87.01000	 65.29504	 87.01000
 23.20000	 86.93000	 65.06146	 86.93000
 23.40000	 86.80000	 64.82337	 86.80000
 23.60000	 86.64000	 64.60893	 86.64000
 23.80000	 86.46000	 64.43162	 86.46000
 24.00000	 86.27000	 64.30018	 86.27000
 24.20000	 86.05000	 64.19028	 86.05000
 24.40000	 85.80000	 64.09637	 85.80000
 24.60000	 85.51000	 64.00336	 85.51000
 24.80000	 85.15000	 63.87833	 85.15000
 25.00000	 84.77000	 63.76983	 84.77000
 25.20000	 84.37000	 63.67641	 84.37000
 25.40000	 83.96000	 63.60525	 83.96000
 25.60000	 83.54000	 63.55252	 83.54000
 25.80000	 83.11000	 63.51380	 83.11000
 26.00000	 82.71000	 63.52335	 82.71000
 26.20000	 82.35000	 63.58330	 82.35000
 26.40000	 82.04000	 63.69338	 82.04000
 26.60000	 81.83000	 63.89040	 81.83000
 26.80000	 81.65000	 64.09065	 81.65000
 27.00000	 81.52000	 64.30210	 81.52000
 27.20000	 81.43000	 64.50627	 81.43000
 27.40000	 81.35000	 64.66878	 81.35000
 27.60000	 81.31000	 64.81892	 81.31000
 27.80000	 81.29000	 64.93876	 81.29000
 28.00000	 81.31000	 65.05155	 81.31000
 28.20000	 81.37000	 65.16070	 81.37000
 28.40000	 81.44000	 65.24001	 81.44000
 28.60000	 81.52000	 65.29425	 81.52000
 28.80000	 81.58000	 65.30011	 81.58000
 29.00000	 81.60000	 65.24674	 81.60000
 29.20000	 81.59000	 65.15521	 81.59000
 29.40000	 81.55000	 65.03699	 81.55000
 29.60000	 81.47000	 64.89281	 81.47000
 29.80000	 81.34000	 64.72258	 81.34000
 30.00000	 81.17000	 64.54499	 81.17000
 30.20000	 80.95000	 64.35724	 80.95000
 30.40000	 80.69000	 64.17460	 80.69000
 30.60000	 80.36000	 63.97141	 80.36000
 30.80000	 79.92000	 63.71310	 79.92000
 31.00000	 79.47000	 63.50427	 79.47000
 31.20000	 79.04000	 63.37467	 79.04000
 31.40000	 78.66000	 63.34638	 78.66000
 31.60000	 78.42000	 63.49214	 78.42000
 31.80000	 78.27000	 63.73745	 78.27000
 32.00000	 78.22000	 64.06464	 78.22000
 32.20000	 78.27000	 64.44721	 78.27000
 32.40000	 78.45000	 64.89076	 78.45000
 32.60000	 78.75000	 65.36389	 78.75000
 32.80000	 79.14000	 65.81994	 79.14000
 33.00000	 79.62000	 66.24849	 79.62000
 33.20000	 80.20000	 66.65477	 80.20000
 33.40000	 80.88000	 67.03798	 80.88000
 33.60000	 81.59000	 67.33225	 81.59000
 33.80000	 82.32000	 67.53763	 82.32000
 34.00000	 83.00000	 67.60162	 83.00000
 34.20000	 83.60000	 67.51902	 83.60000
 34.40000	 84.14000	 67.33938	 84.14000
 34.60000	 84.64000	 67.11205	 84.64000
 34.80000	 85.06000	 66.82355	 85.06000
 35.00000	 85.41000	 66.50665	 85.41000
 35.20000	 85.71000	 66.19924	 85.71000
 35.40000	 85.94000	 65.89383	 85.94000
 35.60000	 86.13000	 65.62732	 86.13000
 35.80000	 86.28000	 65.40143	 86.28000
 36.00000	 86.38000	 65.20373	 86.38000
 36.20000	 86.44000	 65.03925	 86.44000
 36.40000	 86.47000	 64.91122	 86.47000
 36.60000	 86.43000	 64.77298	 86.43000
 36.80000	 86.34000	 64.63919	 86.34000
 37.00000	 86.26000	 64.56415	 86.26000
 37.20000	 86.22000	 64.56873	 86.22000
 37.40000	 86.33000	 64.74621	 86.33000
 37.60000	 86.56000	 65.04241	 86.56000
 37.80000	 86.82000	 65.34186	 86.82000
 38.00000	 87.08000	 65.59558	 87.08000
 38.20000	 87.24000	 65.69739	 87.24000
 38.40000	 87.35000	 65.70328	 87.35000
 38.60000	 87.42000	 65.63721	 87.42000
 38.80000	 87.47000	 65.53513	 87.47000
 39.00000	 87.52000	 65.43127	 87.52000
 39.20000	 87.57000	 65.33611	 87.57000
 39.40000	 87.58000	 65.21738	 87.58000
 39.60000	 87.55000	 65.08170	 87.55000
 39.80000	 87.43000	 64.88679	 87.43000
 40.00000	 87.25000	 64.67136	 87.25000
 40.20000	 87.03000	 64.46327	 87.03000
 40.40000	 86.78000	 64.27733	 86.78000
 40.60000	 86.50000	 64.11494	 86.50000
 40.80000	 86.23000	 64.01347	 86.23000
 41.00000	 85.94000	 63.93726	 85.94000
 41.20000	 85.62000	 63.86959	 85.62000
 41.40000	 85.28000	 63.81440	 85.28000
 41.60000	 84.88000	 63.72781	 84.88000
 41.80000	 84.46000	 63.64778	 84.46000
 42.00000	 84.05000	 63.60217	 84.05000
 42.20000	 83.66000	 63.59659	 83.66000
 42.40000	 83.32000	 63.65351	 83.32000
 42.60000	 83.04000	 63.77225	 83.04000
 42.80000	 82.83000	 63.94955	 82.83000
 43.00000	 82.69000	 64.17105	 82.69000
 43.20000	 82.65000	 64.45178	 82.65000
 43.40000	 82.76000	 64.82498	 82.76000
 43.60000	 82.96000	 65.21367	 82.96000
 43.80000	 83.25000	 65.60344	 83.25000
 44.00000	 83.63000	 65.98437	 83.63000
 44.20000	 84.17000	 66.41830	 84.17000
 44.40000	 84.76000	 66.79005	 84.76000
 44.60000	 85.38000	 67.08017	 85.38000
 44.80000	 85.97000	 67.23835	 85.97000
 45.00000	 86.43000	 67.18565	 86.43000
 45.20000	 86.82000	 67.01212	 86.82000
 45.40000	 87.16000	 66.77059	 87.16000
 45.60000	 87.44000	 66.48094	 87.44000
 45.80000	 87.66000	 66.16804	 87.66000
 46.00000	 87.82000	 65.85122	 87.82000
 46.20000	 87.94000	 65.56346	 87.94000
 46.40000	 88.00000	 65.29204	 88.00000
 46.60000	 88.00000	 65.03987	 88.00000
 46.80000	 87.93000	 64.79739	 87.93000
 47.00000	 87.85000	 64.62164	 87.85000
 47.20000	 87.77000	 64.51527	 87.77000
 47.40000	 87.71000	 64.48620	 87.71000
 47.60000	 87.74000	 64.58695	 87.74000
 47.80000	 87.81000	 64.74652	 87.81000
 48.00000	 87.89000	 64.91471	 87.89000
 48.20000	 88.00000	 65.09541	 88.00000
 48.40000	 88.13000	 65.26713	 88.13000
 48.60000	 88.27000	 65.41289	 88.27000
 48.80000	 88.41000	 65.52043	 88.41000
 49.00000	 88.53000	 65.57226	 88.53000
 49.20000	 88.62000	 65.56519	 88.62000
 49.40000	 88.66000	 65.48992	 88.66000
 49.60000	 88.66000	 65.36942	 88.66000
 49.80000	 88.63000	 65.22678	 88.63000
 50.00000	 88.55000	 65.05400	 88.55000
 50.20000	 88.39000	 64.83266	 88.39000
 50.40000	 88.19000	 64.61325	 88.19000
 50.60000	 87.95000	 64.40368	 87.95000
 50.80000	 87.68000	 64.21808	 87.68000
 51.00000	 87.38000	 64.05724	 87.38000
 51.20000	 87.04000	 63.90961	 87.04000
 51.40000	 86.70000	 63.81126	 86.70000
 51.60000	 86.36000	 63.75573	 86.36000
 51.80000	 86.04000	 63.75381	 86.04000
 52.00000	 85.78000	 63.83324	 85.78000
 52.20000	 85.57000	 63.96918	 85.57000
 52.40000	 85.39000	 64.12653	 85.39000
 52.60000	 85.22000	 64.27305	 85.22000
 52.80000	 85.06000	 64.40087	 85.06000
 53.00000	 84.86000	 64.45796	 84.86000
 53.20000	 84.70000	 64.52579	 84.70000
 53.40000	 84.61000	 64.63526	 84.61000
 53.60000	 84.64000	 64.83222	 84.64000
 53.80000	 84.90000	 65.21325	 84.90000
 54.00000	 85.24000	 65.60950	 85.24000
 54.20000	 85.62000	 65.96450	 85.62000
 54.40000	 86.00000	 66.23126	 86.00000
 54.60000	 86.34000	 66.37367	 86.34000
 54.80000	 86.64000	 66.40523	 86.64000
 55.00000	 86.88000	 66.32637	 86.88000
 55.20000	 86.98000	 66.08374	 86.98000
 55.40000	 86.95000	 65.71888	 86.95000
 55.60000	 86.84000	 65.31358	 86.84000
 55.80000	 86.67000	 64.91397	 86.67000
 56.00000	 86.42000	 64.51863	 86.42000
 56.20000	 86.09000	 64.13941	 86.09000
 56.40000	 85.77000	 63.86988	 85.77000
 56.60000	 85.48000	 63.72355	 85.48000
 56.80000	 85.26000	 63.72345	 85.26000
 57.00000	 85.28000	 64.00944	 85.28000
 57.20000	 85.41000	 64.41214	 85.41000
 57.40000	 85.60000	 64.84213	 85.60000
 57.60000	 85.86000	 65.27819	 85.86000
 57.80000	 86.17000	 65.67912	 86.17000
 58.00000	 86.51000	 66.01388	 86.51000
 58.20000	 86.86000	 66.26134	 86.86000
 58.40000	 87.18000	 66.38987	 87.18000
 58.60000	 87.43000	 66.37686	 87.43000
 58.80000	 87.57000	 66.20803	 87.57000
 59.00000	 87.65000	 65.96319	 87.65000
 59.20000	 87.69000	 65.69055	 87.69000
 59.40000	 87.68000	 65.40297	 87.68000
 59.60000	 87.59000	 65.08835	 87.59000
 59.80000	 87.49000	 64.82854	 87.49000
 60.00000	 87.39000	 64.63778	 87.39000
 60.20000	 87.32000	 64.54171	 87.32000
 60.40000	 87.33000	 64.57746	 87.33000
 60.60000	 87.41000	 64.71523	 87.41000
 60.80000	 87.54000	 64.91223	 87.54000
 61.00000	 87.72000	 65.14670	 87.72000
 61.20000	 88.01000	 65.45814	 88.01000
 61.40000	 88.36000	 65.77831	 88.36000
 61.60000	 88.74000	 66.06367	 88.74000
 61.80000	 89.13000	 66.28822	 89.13000
 62.00000	 89.50000	 66.42406	 89.50000
 62.20000	 89.83000	 66.46103	 89.83000
 62.40000	 90.12000	 66.41474	 90.12000
 62.60000	 90.35000	 66.28447	 90.35000
 62.80000	 90.49000	 66.06195	 90.49000
 63.00000	 90.50000	 65.73142	 90.50000
 63.20000	 90.44000	 65.37676	 90.44000
 63.40000	 90.31000	 65.01804	 90.31000
 63.60000	 90.12000	 64.67907	 90.12000
 63.80000	 89.85000	 64.34831	 89.85000
 64.00000	 89.53000	 64.05927	 89.53000
 64.20000	 89.18000	 63.83035	 89.18000
 64.40000	 88.81000	 63.66484	 88.81000
 64.60000	 88.41000	 63.54258	 88.41000
 64.80000	 88.00000	 63.47153	 88.00000
 65.00000	 87.63000	 63.48729	 87.63000
 65.20000	 87.31000	 63.58256	 87.31000
 65.40000	 87.08000	 63.77683	 87.08000
 65.60000	 87.06000	 64.16368	 87.06000
 65.80000	 87.12000	 64.58394	 87.12000
 66.00000	 87.25000	 65.00180	 87.25000
 66.20000	 87.45000	 65.39950	 87.45000
 66.40000	 87.71000	 65.75712	 87.71000
 66.60000	 87.99000	 66.03278	 87.99000
 66.80000	 88.28000	 66.22239	 88.28000
 67.00000	 88.55000	 66.30898	 88.55000
 67.20000	 88.73000	 66.24287	 88.73000
 67.40000	 88.83000	 66.06053	 88.83000
 67.60000	 88.87000	 65.81071	 88.87000
 67.80000	 88.86000	 65.52971	 88.86000
 68.00000	 88.76000	 65.20015	 88.76000
 68.20000	 88.57000	 64.84119	 88.57000
 68.40000	 88.34000	 64.51710	 88.34000
 68.60000	 88.08000	 64.24518	 88.08000
 68.80000	 87.79000	 64.02571	 87.79000
 69.00000	 87.50000	 63.88289	 87.50000
 69.20000	 87.20000	 63.79646	 87.20000
 69.40000	 86.92000	 63.78274	 86.92000
 69.60000	 86.66000	 63.82609	 86.66000
 69.80000	 86.46000	 63.94901	 86.46000
 70.00000	 86.31000	 64.12320	 86.31000
 70.20000	 86.19000	 64.31166	 86.19000
 70.40000	 86.11000	 64.51052	 86.11000
 70.60000	 86.07000	 64.70953	 86.07000
 70.80000	 86.07000	 64.90162	 86.07000
 71.00000	 86.11000	 65.08264	 86.11000
 71.20000	 86.18000	 65.24117	 86.18000
 71.40000	 86.29000	 65.38784	 86.29000
 71.60000	 86.44000	 65.52452	 86.44000
 71.80000	 86.58000	 65.60517	 86.58000
 72.00000	 86.71000	 65.63667	 86.71000
 72.20000	 86.78000	 65.58006	 86.78000
 72.40000	 86.73000	 65.39206	 86.73000
 72.60000	 86.64000	 65.17246	 86.64000
 72.80000	 86.52000	 64.94938	 86.52000
 73.00000	 86.37000	 64.73587	 86.37000
 73.20000	 86.25000	 64.59802	 86.25000
 73.40000	 86.12000	 64.49562	 86.12000
 73.60000	 85.96000	 64.40490	 85.96000
 73.80000	 85.78000	 64.33132	 85.78000
 74.00000	 85.50000	 64.19290	 85.50000
 74.20000	 85.17000	 64.04078	 85.17000
 74.40000	 84.86000	 63.94581	 84.86000
 74.60000	 84.59000	 63.92412	 84.59000
 74.80000	 84.47000	 64.07301	 84.47000
 75.00000	 84.46000	 64.33163	 84.46000
 75.20000	 84.51000	 64.62610	 84.51000
 75.40000	 84.63000	 64.94512	 84.63000
 75.60000	 84.83000	 65.28166	 84.83000
 75.80000	 85.05000	 65.56461	 85.05000
 76.00000	 85.27000	 65.77068	 85.27000
 76.20000	 85.45000	 65.86573	 85.45000
 76.40000	 85.56000	 65.83434	 85.56000
 76.60000	 85.61000	 65.70742	 85.61000
 76.80000	 85.58000	 65.48927	 85.58000
 77.00000	 85.42000	 65.15640	 85.42000
 77.20000	 85.11000	 64.71730	 85.11000
 77.40000	 84.75000	 64.29773	 84.75000
 77.60000	 84.33000	 63.90620	 84.33000
 77.80000	 83.90000	 63.60088	 83.90000
 78.00000	 83.48000	 63.39973	 83.48000
 78.20000	 83.08000	 63.30163	 83.08000
 78.40000	 82.72000	 63.30871	 82.72000
 78.60000	 82.42000	 63.41853	 82.42000
 78.80000	 82.26000	 63.68376	 82.26000
 79.00000	 82.20000	 64.03416	 82.20000
 79.20000	 82.20000	 64.40130	 82.20000
 79.40000	 82.25000	 64.75347	 82.25000
 79.60000	 82.32000	 65.04788	 82.32000
 79.80000	 82.40000	 65.27084	 82.40000
 80.00000	 82.51000	 65.44569	 82.51000
 80.20000	 82.65000	 65.57981	 82.65000
 80.40000	 82.82000	 65.68222	 82.82000
 80.60000	 83.04000	 65.78156	 83.04000
 80.80000	 83.27000	 65.84597	 83.27000
 81.00000	 83.50000	 65.87383	 83.50000
 81.20000	 83.73000	 65.87415	 83.73000
 81.40000	 83.85000	 65.74943	 83.85000
 81.60000	 83.97000	 65.62381	 83.97000
 81.80000	 84.10000	 65.51935	 84.10000
 82.00000	 84.28000	 65.48134	 84.28000
 82.20000	 84.55000	 65.54682	 84.55000
 82.40000	 84.88000	 65.67602	 84.88000
 82.60000	 85.28000	 65.86523	 85.28000
 82.80000	 85.78000	 66.12865	 85.78000
 83.00000	 86.41000	 66.47819	 86.41000
 83.20000	 87.02000	 66.74904	 87.02000
 83.40000	 87.54000	 66.86722	 87.54000
 83.60000	 87.76000	 66.63958	 87.76000
 83.80000	 87.80000	 66.22126	 87.80000
 84.00000	 87.71000	 65.70541	 87.71000
 84.20000	 87.50000	 65.14169	 87.50000
 84.40000	 87.18000	 64.57177	 87.18000
 84.60000	 86.80000	 64.06656	 86.80000
 84.80000	 86.38000	 63.65477	 86.38000
 85.00000	 85.94000	 63.35332	 85.94000
 85.20000	 85.57000	 63.23707	 85.57000
 85.40000	 85.26000	 63.27054	 85.26000
 85.60000	 84.98000	 63.39275	 84.98000
 85.80000	 84.72000	 63.56359	 84.72000
 86.00000	 84.50000	 63.77672	 84.50000
 86.20000	 84.31000	 64.00079	 84.31000
 86.40000	 84.16000	 64.22948	 84.16000
 86.60000	 84.07000	 64.47067	 84.07000
 86.80000	 84.03000	 64.70571	 84.03000
 87.00000	 84.10000	 64.98708	 84.10000
 87.20000	 84.23000	 65.25839	 84.23000
 87.40000	 84.40000	 65.49579	 84.40000
 87.60000	 84.62000	 65.70914	 84.62000
 87.80000	 84.92000	 65.92992	 84.92000
 88.00000	 85.22000	 66.08194	 85.22000
 88.20000	 85.52000	 66.17251	 85.52000
 88.40000	 85.79000	 66.18349	 85.79000
 88.60000	 85.96000	 66.06221	 85.96000
 88.80000	 86.08000	 65.87974	 86.08000
 89.00000	 86.14000	 65.64786	 86.14000
 89.20000	 86.13000	 65.37631	 86.13000
 89.40000	 85.98000	 65.01444	 85.98000
 89.60000	 85.78000	 64.66943	 85.78000
 89.80000	 85.54000	 64.36316	 85.54000
 90.00000	 85.27000	 64.11005	 85.27000
 90.20000	 84.99000	 63.92762	 84.99000
 90.40000	 84.72000	 63.82726	 84.72000
 90.60000	 84.49000	 63.82470	 84.49000
 90.80000	 84.30000	 63.90158	 84.30000
 91.00000	 84.24000	 64.12478	 84.24000
 91.20000	 84.30000	 64.45706	 84.30000
 91.40000	 84.42000	 64.81118	 84.42000
 91.60000	 84.56000	 65.12628	 84.56000
 91.80000	 84.71000	 65.38108	 84.71000
 92.00000	 84.83000	 65.53456	 84.83000
 92.20000	 84.93000	 65.60435	 84.93000
 92.40000	 84.99000	 65.58446	 84.99000
 92.60000	 85.00000	 65.48291	 85.00000
 92.80000	 84.89000	 65.25188	 84.89000
 93.00000	 84.71000	 64.96552	 84.71000
 93.20000	 84.49000	 64.67583	 84.49000
 93.40000	 84.21000	 64.37960	 84.21000
 93.60000	 83.84000	 64.05951	 83.84000
 93.80000	 83.42000	 63.76443	 83.42000
 94.00000	 82.99000	 63.53764	 82.99000
 94.20000	 82.59000	 63.41453	 82.59000
 94.40000	 82.26000	 63.42172	 82.26000
 94.60000	 82.06000	 63.59671	 82.06000
 94.80000	 81.93000	 63.85159	 81.93000
 95.00000	 81.87000	 64.15823	 81.87000
 95.20000	 81.87000	 64.48274	 81.87000
 95.40000	 81.95000	 64.82609	 81.95000
 95.60000	 82.08000	 65.14491	 82.08000
 95.80000	 82.28000	 65.45103	 82.28000
 96.00000	 82.55000	 65.74058	 82.55000
 96.20000	 82.91000	 66.03190	 82.91000
 96.40000	 83.31000	 66.27596	 83.31000
 96.60000	 83.71000	 66.43814	 83.71000
 96.80000	 84.08000	 66.50000	 84.08000
 97.00000	 84.37000	 66.42994	 84.37000
 97.20000	 84.62000	 66.29060	 84.62000
 97.40000	 84.83000	 66.10503	 84.83000
 97.60000	 84.99000	 65.88384	 84.99000
 97.80000	 85.09000	 65.63467	 85.09000
 98.00000	 85.15000	 65.39140	 85.15000
 98.20000	 85.17000	 65.16344	 85.17000
 98.40000	 85.15000	 64.95580	 85.15000
 98.60000	 85.07000	 64.75060	 85.07000
 98.80000	 84.99000	 64.60654	 84.99000
 99.00000	 84.92000	 64.52799	 84.92000
 99.20000	 84.89000	 64.53407	 84.89000
 99.40000	 84.91000	 64.61970	 84.91000
 99.60000	 84.99000	 64.77688	 84.99000
 99.80000	 85.16000	 65.01573	 85.16000
100.00000	 85.49000	 65.38331	 85.49000
100.20000	 85.92000	 65.79539	 85.92000
100.40000	 86.38000	 66.16212	 86.38000
100.60000	 86.82000	 66.42414	 86.82000
100.80000	 87.19000	 66.53535	 87.19000
101.00000	 87.50000	 66.52115	 87.50000
101.20000	 87.70000	 66.35582	 87.70000
101.40000	 87.68000	 65.96276	 87.68000
101.60000	 87.52000	 65.46112	 87.52000
101.80000	 87.27000	 64.93820	 87.27000
102.00000	 86.94000	 64.43249	 86.94000
102.20000	 86.61000	 64.03953	 86.61000
102.40000	 86.25000	 63.73221	 86.25000
102.60000	 85.87000	 63.51337	 85.87000
102.80000	 85.50000	 63.39886	 85.50000
103.00000	 85.15000	 63.37940	 85.15000
103.20000	 84.82000	 63.43289	 84.82000
103.40000	 84.53000	 63.55651	 84.53000
103.60000	 84.28000	 63.72836	 84.28000
103.80000	 84.08000	 63.93844	 84.08000
104.00000	 83.94000	 64.17928	 83.94000
104.20000	 83.86000	 64.43622	 83.86000
104.40000	 83.84000	 64.69769	 83.84000
104.60000	 83.91000	 64.98437	 83.91000
104.80000	 84.06000	 65.27861	 84.06000
105.00000	 84.27000	 65.55496	 84.27000
105.20000	 84.56000	 65.83034	 84.56000
105.40000	 84.94000	 66.11300	 84.94000
105.60000	 85.38000	 66.37240	 85.38000
105.80000	 85.85000	 66.58078	 85.85000
106.00000	 86.35000	 66.74389	 86.35000
106.20000	 86.86000	 66.85074	 86.86000
106.40000	 87.34000	 66.87373	 87.34000
106.60000	 87.76000	 66.79942	 87.76000
106.80000	 88.04000	 66.57034	 88.04000
107.00000	 88.22000	 66.25332	 88.22000
107.20000	 88.32000	 65.89535	 88.32000
107.40000	 88.33000	 65.50963	 88.33000
107.60000	 88.18000	 65.04674	 88.18000
107.80000	 88.01000	 64.66177	 88.01000
108.00000	 87.88000	 64.41896	 87.88000
108.20000	 87.90000	 64.41560	 87.90000
108.40000	 88.20000	 64.74876	 88.20000
108.60000	 88.56000	 65.15444	 88.56000
108.80000	 88.92000	 65.53240	 88.92000
109.00000	 89.19000	 65.76900	 89.19000
109.20000	 89.33000	 65.82036	 89.33000
109.40000	 89.36000	 65.71953	 89.36000
109.60000	 89.30000	 65.50954	 89.30000
109.80000	 89.05000	 65.12026	 89.05000
110.00000	 88.62000	 64.59636	 88.62000
110.20000	 88.11000	 64.07125	 88.11000
110.40000	 87.55000	 63.59927	 87.55000
110.60000	 86.97000	 63.22188	 86.97000
110.80000	 86.44000	 63.00639	 86.44000
111.00000	 85.93000	 62.90828	 85.93000
111.20000	 85.47000	 62.93475	 85.47000
111.40000	 85.06000	 63.05900	 85.06000
111.60000	 84.81000	 63.35971	 84.81000
111.80000	 84.64000	 63.72389	 84.64000
112.00000	 84.52000	 64.09201	 84.52000
112.20000	 84.43000	 64.42333	 84.43000
112.40000	 84.29000	 64.62918	 84.29000
112.60000	 84.12000	 64.73290	 84.12000
112.80000	 83.98000	 64.80488	 83.98000
113.00000	 83.86000	 64.84708	 83.86000
113.20000	 83.80000	 64.90907	 83.80000
113.40000	 83.80000	 64.99665	 83.80000
113.60000	 83.84000	 65.09217	 83.84000
113.80000	 83.93000	 65.20578	 83.93000
114.00000	 84.13000	 65.39424	 84.13000
114.20000	 84.36000	 65.57241	 84.36000
114.40000	 84.58000	 65.69724	 84.58000
114.60000	 84.76000	 65.74174	 84.76000
114.80000	 84.81000	 65.62779	 84.81000
115.00000	 84.81000	 65.45371	 84.81000
115.20000	 84.75000	 65.22994	 84.75000
115.40000	 84.64000	 64.98465	 84.64000
115.60000	 84.45000	 64.70360	 84.45000
115.80000	 84.23000	 64.44859	 84.23000
116.00000	 84.00000	 64.24577	 84.00000
116.20000	 83.78000	 64.11424	 83.78000
116.40000	 83.58000	 64.05675	 83.58000
116.60000	 83.42000	 64.08089	 83.42000
116.80000	 83.34000	 64.20956	 83.34000
117.00000	 83.37000	 64.45109	 83.37000
117.20000	 83.52000	 64.79035	 83.52000
117.40000	 83.76000	 65.17213	 83.76000
117.60000	 84.07000	 65.55506	 84.07000
117.80000	 84.51000	 65.98198	 84.51000
118.00000	 85.00000	 66.36105	 85.00000
118.20000	 85.48000	 66.62885	 85.48000
118.40000	 85.91000	 66.75348	 85.91000
118.60000	 86.24000	 66.70474	 86.24000
118.80000	 86.49000	 66.53078	 86.49000
119.00000	 86.67000	 66.27292	 86.67000
119.20000	 86.73000	 65.91253	 86.73000
119.40000	 86.69000	 65.49901	 86.69000
119.60000	 86.59000	 65.09672	 86.59000
119.80000	 86.47000	 64.76094	 86.47000
120.00000	 86.33000	 64.49682	 86.33000
120.20000	 86.21000	 64.33980	 86.21000
120.40000	 86.13000	 64.29686	 86.13000
120.60000	 86.13000	 64.38742	 86.13000
120.80000	 86.32000	 64.69201	 86.32000
121.00000	 86.69000	 65.16318	 86.69000
121.20000	 87.11000	 65.63356	 87.11000
121.40000	 87.55000	 66.04549	 87.55000
121.60000	 87.92000	 66.29768	 87.92000
121.80000	 88.21000	 66.38558	 88.21000
122.00000	 88.43000	 66.33780	 88.43000
122.20000	 88.58000	 66.18019	 88.58000
122.40000	 88.59000	 65.87321	 88.59000
122.60000	 88.49000	 65.47925	 88.49000
122.80000	 88.33000	 65.07781	 88.33000
123.00000	 88.13000	 64.71039	 88.13000
123.20000	 87.93000	 64.42773	 87.93000
123.40000	 87.72000	 64.22048	 87.72000
123.60000	 87.54000	 64.12037	 87.54000
123.80000	 87.39000	 64.11252	 87.39000
124.00000	 87.30000	 64.20695	 87.30000
124.20000	 87.35000	 64.45831	 87.35000
124.40000	 87.45000	 64.74923	 87.45000
124.60000	 87.58000	 65.03572	 87.58000
124.80000	 87.74000	 65.30118	 87.74000
125.00000	 87.86000	 65.46846	 87.86000
125.20000	 87.99000	 65.58862	 87.99000
125.40000	 88.14000	 65.67766	 88.14000
125.60000	 88.32000	 65.75263	 88.32000
125.80000	 88.53000	 65.82001	 88.53000
126.00000	 88.78000	 65.89475	 88.78000
126.20000	 89.08000	 65.98953	 89.08000
126.40000	 89.42000	 66.09498	 89.42000
126.60000	 89.88000	 66.28773	 89.88000
126.80000	 90.35000	 66.45284	 90.35000
127.00000	 90.83000	 66.58701	 90.83000
127.20000	 91.27000	 66.64256	 91.27000
127.40000	 91.66000	 66.61765	 91.66000
127.60000	 91.99000	 66.51555	 91.99000
127.80000	 92.24000	 66.33309	 92.24000
128.00000	 92.38000	 66.05991	 92.38000
128.20000	 92.40000	 65.70763	 92.40000
128.40000	 92.31000	 65.30793	 92.31000
128.60000	 92.14000	 64.90937	 92.14000
128.80000	 91.82000	 64.45751	 91.82000
129.00000	 91.42000	 64.03400	 91.42000
129.20000	 90.97000	 63.67469	 90.97000
129.40000	 90.53000	 63.43617	 90.53000
129.60000	 90.15000	 63.35439	 90.15000
129.80000	 89.78000	 63.35766	 89.78000
130.00000	 89.41000	 63.41213	 89.41000
130.20000	 89.01000	 63.46720	 89.01000
130.40000	 88.55000	 63.47879	 88.55000
130.60000	 88.10000	 63.50819	 88.10000
130.80000	 87.69000	 63.57830	 87.69000
131.00000	 87.34000	 63.70045	 87.34000
131.20000	 87.14000	 63.95134	 87.14000
131.40000	 87.00000	 64.22481	 87.00000
131.60000	 86.91000	 64.49596	 86.91000
131.80000	 86.87000	 64.75455	 86.87000
132.00000	 86.86000	 64.97543	 86.86000
132.20000	 86.87000	 65.14851	 86.87000
132.40000	 86.88000	 65.25876	 86.88000
132.60000	 86.84000	 65.26672	 86.84000
132.80000	 86.76000	 65.19783	 86.76000
133.00000	 86.66000	 65.08956	 86.66000
133.20000	 86.56000	 64.97747	 86.56000
133.40000	 86.44000	 64.85384	 86.44000
133.60000	 86.33000	 64.75676	 86.33000
133.80000	 86.25000	 64.70936	 86.25000
134.00000	 86.22000	 64.72899	 86.22000
134.20000	 86.28000	 64.84666	 86.28000
134.40000	 86.41000	 65.02862	 86.41000
134.60000	 86.61000	 65.25893	 86.61000
134.80000	 86.87000	 65.51243	 86.87000
135.00000	 87.22000	 65.80534	 87.22000
135.20000	 87.62000	 66.08654	 87.62000
135.40000	 88.05000	 66.32927	 88.05000
135.60000	 88.53000	 66.55146	 88.53000
135.80000	 89.07000	 66.76381	 89.07000
136.00000	 89.56000	 66.86170	 89.56000
136.20000	 89.95000	 66.80875	 89.95000
136.40000	 90.07000	 66.46291	 90.07000
136.60000	 89.92000	 65.86691	 89.92000
136.80000	 89.67000	 65.23795	 89.67000
137.00000	 89.36000	 64.65419	 89.36000
137.20000	 89.11000	 64.25462	 89.11000
137.40000	 88.92000	 64.03780	 88.92000
137.60000	 88.74000	 63.93717	 88.74000
137.80000	 88.56000	 63.91948	 88.56000
138.00000	 88.39000	 63.97023	 88.39000
138.20000	 88.23000	 64.06623	 88.23000
138.40000	 88.06000	 64.16779	 88.06000
138.60000	 87.88000	 64.26031	 87.88000
138.80000	 87.66000	 64.30548	 87.66000
139.00000	 87.32000	 64.22393	 87.32000
139.20000	 86.98000	 64.14208	 86.98000
139.40000	 86.66000	 64.08650	 86.66000
139.60000	 86.38000	 64.07908	 86.38000
139.80000	 86.24000	 64.21381	 86.24000
140.00000	 86.18000	 64.41758	 86.18000
140.20000	 86.19000	 64.66387	 86.19000
140.40000	 86.26000	 64.92746	 86.26000
140.60000	 86.43000	 65.23475	 86.43000
140.80000	 86.67000	 65.54425	 86.67000
141.00000	 86.92000	 65.78922	 86.92000
141.20000	 87.18000	 65.96976	 87.18000
141.40000	 87.41000	 66.05336	 87.41000
141.60000	 87.60000	 66.04376	 87.60000
141.80000	 87.75000	 65.95899	 87.75000
142.00000	 87.85000	 65.80890	 87.85000
142.20000	 87.79000	 65.50672	 87.79000
142.40000	 87.69000	 65.19618	 87.69000
142.60000	 87.56000	 64.90684	 87.56000
142.80000	 87.44000	 64.68910	 87.44000
143.00000	 87.37000	 64.58298	 87.37000
143.20000	 87.33000	 64.55960	 87.33000
143.40000	 87.31000	 64.59488	 87.31000
143.60000	 87.31000	 64.67336	 87.31000
143.80000	 87.34000	 64.78994	 87.34000
144.00000	 87.39000	 64.92117	 87.39000
144.20000	 87.45000	 65.04648	 87.45000
144.40000	 87.52000	 65.15893	 87.52000
144.60000	 87.56000	 65.21623	 87.56000
144.80000	 87.63000	 65.27912	 87.63000
145.00000	 87.73000	 65.34897	 87.73000
145.20000	 87.89000	 65.45515	 87.89000
145.40000	 88.12000	 65.60426	 88.12000
145.60000	 88.39000	 65.76120	 88.39000
145.80000	 88.70000	 65.92111	 88.70000
146.00000	 89.04000	 66.07073	 89.04000
146.20000	 89.40000	 66.19894	 89.40000
146.40000	 89.76000	 66.28746	 89.76000
146.60000	 90.10000	 66.32144	 90.10000
146.80000	 90.41000	 66.29943	 90.41000
147.00000	 90.67000	 66.21306	 90.67000
147.20000	 90.84000	 66.03720	 90.84000
147.40000	 90.91000	 65.77989	 90.91000
147.60000	 90.71000	 65.29652	 90.71000
147.80000	 90.40000	 64.77642	 90.40000
148.00000	 90.02000	 64.28553	 90.02000
148.20000	 89.61000	 63.87849	 89.61000
148.40000	 89.27000	 63.65508	 89.27000
148.60000	 88.97000	 63.57114	 88.97000
148.80000	 88.70000	 63.59338	 88.70000
149.00000	 88.46000	 63.69547	 88.46000
149.20000	 88.27000	 63.87100	 88.27000
149.40000	 88.15000	 64.11463	 88.15000
149.60000	 88.06000	 64.36427	 88.06000
149.80000	 88.02000	 64.62254	 88.02000
150.00000	 88.00000	 64.84812	 88.00000
150.20000	 87.97000	 65.00662	 87.97000
150.40000	 88.02000	 65.18768	 88.02000
150.60000	 88.17000	 65.41047	 88.17000
150.80000	 88.53000	 65.77747	 88.53000
151.00000	 89.09000	 66.26305	 89.09000
151.20000	 89.72000	 66.71957	 89.72000
151.40000	 90.39000	 67.10571	 90.39000
151.60000	 91.02000	 67.34233	 91.02000
151.80000	 91.62000	 67.45195	 91.62000
152.00000	 92.15000	 67.41676	 92.15000
152.20000	 92.52000	 67.17774	 92.52000
152.40000	 92.75000	 66.79263	 92.75000
152.60000	 92.88000	 66.34030	 92.88000
152.80000	 92.92000	 65.86440	 92.92000
153.00000	 92.86000	 65.38086	 92.86000
153.20000	 92.74000	 64.94663	 92.74000
153.40000	 92.58000	 64.58891	 92.58000
153.60000	 92.40000	 64.32517	 92.40000
153.80000	 92.23000	 64.17421	 92.23000
154.00000	 92.06000	 64.10860	 92.06000
154.20000	 91.91000	 64.12733	 91.91000
154.40000	 91.82000	 64.24704	 91.82000
154.60000	 91.84000	 64.49137	 91.84000
154.80000	 91.85000	 64.71556	 91.85000
155.00000	 91.81000	 64.86293	 91.81000
155.20000	 91.65000	 64.86051	 91.65000
155.40000	 91.28000	 64.63158	 91.28000
155.60000	 90.84000	 64.33973	 90.84000
155.80000	 90.34000	 64.01998	 90.34000
156.00000	 89.82000	 63.73112	 89.82000
156.20000	 89.34000	 63.54211	 89.34000
156.40000	 88.86000	 63.41245	 88.86000
156.60000	 88.38000	 63.33529	 88.38000
156.80000	 87.90000	 63.30090	 87.90000
157.00000	 87.37000	 63.25013	 87.37000
157.20000	 86.86000	 63.24468	 86.86000
157.40000	 86.39000	 63.29549	 86.39000
157.60000	 86.00000	 63.43017	 86.00000
157.80000	 85.74000	 63.68160	 85.74000
158.00000	 85.64000	 64.05730	 85.64000
158.20000	 85.63000	 64.46318	 85.63000
158.40000	 85.73000	 64.89764	 85.73000
158.60000	 85.94000	 65.34367	 85.94000
158.80000	 86.24000	 65.76927	 86.24000
159.00000	 86.60000	 66.13873	 86.60000
159.20000	 86.99000	 66.42386	 86.99000
159.40000	 87.33000	 66.55588	 87.33000
159.60000	 87.66000	 66.59383	 87.66000
159.80000	 87.99000	 66.57035	 87.99000
160.00000	 88.31000	 66.49752	 88.31000
160.20000	 88.63000	 66.40468	 88.63000
160.40000	 88.94000	 66.29770	 88.94000
160.60000	 89.24000	 66.18866	 89.24000
160.80000	 89.55000	 66.10542	 89.55000
161.00000	 89.85000	 66.03213	 89.85000
161.20000	 90.14000	 65.97023	 90.14000
161.40000	 90.40000	 65.90030	 90.40000
161.60000	 90.59000	 65.78429	 90.59000
161.80000	 90.72000	 65.63654	 90.72000
162.00000	 90.82000	 65.49222	 90.82000
162.20000	 90.90000	 65.36485	 90.90000
162.40000	 90.94000	 65.23613	 90.94000
162.60000	 90.98000	 65.14551	 90.98000
162.80000	 91.01000	 65.08026	 91.01000
163.00000	 91.05000	 65.05517	 91.05000
163.20000	 91.16000	 65.12134	 91.16000
163.40000	 91.26000	 65.18808	 91.26000
163.60000	 91.36000	 65.25578	 91.36000
163.80000	 91.43000	 65.28889	 91.43000
164.00000	 91.45000	 65.26679	 91.45000
164.20000	 91.42000	 65.19371	 91.42000
164.40000	 91.33000	 65.06765	 91.33000
164.60000	 91.15000	 64.86981	 91.15000
164.80000	 90.85000	 64.58488	 90.85000
165.00000	 90.46000	 64.25939	 90.46000
165.20000	 90.00000	 63.92847	 90.00000
165.40000	 89.47000	 63.60345	 89.47000
165.60000	 88.84000	 63.26248	 88.84000
165.80000	 88.20000	 62.99887	 88.20000
166.00000	 87.59000	 62.84831	 87.59000
166.20000	 87.07000	 62.85613	 87.07000
166.40000	 86.71000	 63.06637	 86.71000
166.60000	 86.44000	 63.37611	 86.44000
166.80000	 86.26000	 63.75169	 86.26000
167.00000	 86.21000	 64.20244	 86.21000
167.20000	 86.28000	 64.69148	 86.28000
167.40000	 86.38000	 65.10952	 86.38000
167.60000	 86.46000	 65.39959	 86.46000
167.80000	 86.39000	 65.44205	 86.39000
168.00000	 86.20000	 65.29332	 86.20000
168.20000	 85.94000	 65.03861	 85.94000
168.40000	 85.63000	 64.73268	 85.63000
168.60000	 85.23000	 64.36612	 85.23000
168.80000	 84.81000	 64.03247	 84.81000
169.00000	 84.38000	 63.75615	 84.38000
169.20000	 83.97000	 63.57093	 83.97000
169.40000	 83.63000	 63.51987	 83.63000
169.60000	 83.37000	 63.59642	 83.37000
169.80000	 83.19000	 63.77738	 83.19000
170.00000	 83.08000	 64.02731	 83.08000
170.20000	 83.07000	 64.35097	 83.07000
170.40000	 83.17000	 64.73444	 83.17000
170.60000	 83.37000	 65.14627	 83.37000
170.80000	 83.68000	 65.57853	 83.68000
171.00000	 84.19000	 66.10436	 84.19000
171.20000	 84.81000	 66.61860	 84.81000
171.40000	 85.48000	 67.05197	 85.48000
171.60000	 86.16000	 67.36574	 86.16000
171.80000	 86.78000	 67.50352	 86.78000
172.00000	 87.37000	 67.51871	 87.37000
172.20000	 87.91000	 67.42041	 87.91000
172.40000	 88.37000	 67.20994	 88.37000
172.60000	 88.75000	 66.91877	 88.75000
172.80000	 89.05000	 66.57618	 89.05000
173.00000	 89.25000	 66.18783	 89.25000
173.20000	 89.33000	 65.75584	 89.33000
173.40000	 89.32000	 65.32797	 89.32000
173.60000	 89.21000	 64.90699	 89.21000
173.80000	 88.94000	 64.44265	 88.94000
174.00000	 88.58000	 64.01185	 88.58000
174.20000	 88.22000	 63.70465	 88.22000
174.40000	 87.91000	 63.55980	 87.91000
174.60000	 87.82000	 63.71981	 87.82000
174.80000	 87.80000	 63.99594	 87.80000
175.00000	 87.80000	 64.29876	 87.80000
175.20000	 87.83000	 64.60701	 87.83000
175.40000	 87.83000	 64.84080	 87.83000
175.60000	 87.79000	 64.98229	 87.79000
175.80000	 87.67000	 64.99583	 87.67000
176.00000	 87.34000	 64.76974	 87.34000
176.20000	 86.87000	 64.40376	 86.87000
176.40000	 86.32000	 63.99110	 86.32000
176.60000	 85.70000	 63.57004	 85.70000
176.80000	 85.02000	 63.17073	 85.02000
177.00000	 84.32000	 62.84388	 84.32000
177.20000	 83.62000	 62.61024	 83.62000
177.40000	 82.96000	 62.50065	 82.96000
177.60000	 82.38000	 62.53671	 82.38000
177.80000	 81.95000	 62.76064	 81.95000
178.00000	 81.62000	 63.08891	 81.62000
178.20000	 81.40000	 63.49718	 81.40000
178.40000	 81.31000	 63.97385	 81.31000
178.60000	 81.48000	 64.61701	 81.48000
178.80000	 81.77000	 65.25681	 81.77000
179.00000	 82.11000	 65.80226	 82.11000
179.20000	 82.48000	 66.22690	 82.48000
179.40000	 82.74000	 66.40191	 82.74000
179.60000	 82.97000	 66.43264	 82.97000
179.80000	 83.18000	 66.36174	 83.18000
180.00000	 83.37000	 66.22163	 83.37000
180.20000	 83.48000	 65.98323	 83.48000
180.40000	 83.59000	 65.75312	 83.59000
180.60000	 83.74000	 65.58943	 83.74000
180.80000	 83.96000	 65.52841	 83.96000
181.00000	 84.34000	 65.65253	 84.34000
181.20000	 84.74000	 65.80598	 84.74000
181.40000	 85.15000	 65.96221	 85.15000
181.60000	 85.51000	 66.05128	 85.51000
181.80000	 85.81000	 66.06153	 85.81000
182.00000	 86.06000	 66.00860	 86.06000
182.20000	 86.27000	 65.91220	 86.27000
182.40000	 86.38000	 65.72527	 86.38000
182.60000	 86.43000	 65.50250	 86.43000
182.80000	 86.49000	 65.32595	 86.49000
183.00000	 86.59000	 65.23021	 86.59000
183.20000	 86.85000	 65.32763	 86.85000
183.40000	 87.20000	 65.52994	 87.20000
183.60000	 87.65000	 65.82281	 87.65000
183.80000	 88.17000	 66.15221	 88.17000
184.00000	 88.92000	 66.65226	 88.92000
184.20000	 89.68000	 67.08014	 89.68000
184.40000	 90.38000	 67.35422	 90.38000
184.60000	 90.87000	 67.33421	 90.87000
184.80000	 91.03000	 66.93485	 91.03000
185.00000	 91.03000	 66.37717	 91.03000
185.20000	 90.89000	 65.73441	 90.89000
185.40000	 90.66000	 65.10005	 90.66000
185.60000	 90.34000	 64.50435	 90.34000
185.80000	 89.96000	 63.99346	 89.96000
186.00000	 89.56000	 63.60979	 89.56000
186.20000	 89.16000	 63.36318	 89.16000
186.40000	 88.81000	 63.28242	 88.81000
186.60000	 88.48000	 63.30937	 88.48000
186.80000	 88.21000	 63.45235	 88.21000
187.00000	 87.99000	 63.66983	 87.99000
187.20000	 87.90000	 64.01013	 87.90000
187.40000	 87.87000	 64.37408	 87.87000
187.60000	 87.89000	 64.72806	 87.89000
187.80000	 87.94000	 65.03721	 87.94000
188.00000	 88.00000	 65.27572	 88.00000
188.20000	 88.08000	 65.45551	 88.08000
188.40000	 88.20000	 65.60306	 88.20000
188.60000	 88.36000	 65.72645	 88.36000
188.80000	 88.59000	 65.86265	 88.59000
189.00000	 88.81000	 65.93869	 88.81000
189.20000	 89.01000	 65.95365	 89.01000
189.40000	 89.14000	 65.87095	 89.14000
189.60000	 89.20000	 65.70788	 89.20000
189.80000	 89.19000	 65.48389	 89.19000
190.00000	 89.10000	 65.20840	 89.10000
190.20000	 88.85000	 64.82200	 88.85000
190.40000	 88.50000	 64.40535	 88.50000
190.60000	 88.11000	 64.03484	 88.11000
190.80000	 87.71000	 63.74774	 87.71000
191.00000	 87.39000	 63.62892	 87.39000
191.20000	 87.13000	 63.64171	 87.13000
191.40000	 86.91000	 63.74245	 86.91000
191.60000	 86.71000	 63.88670	 86.71000
191.80000	 86.54000	 64.06267	 86.54000
192.00000	 86.44000	 64.29124	 86.44000
192.20000	 86.37000	 64.51655	 86.37000
192.40000	 86.31000	 64.70773	 86.31000
192.60000	 86.23000	 64.83103	 86.23000
192.80000	 86.12000	 64.87989	 86.12000
193.00000	 85.90000	 64.78609	 85.90000
193.20000	 85.66000	 64.65631	 85.66000
193.40000	 85.43000	 64.53654	 85.43000
193.60000	 85.21000	 64.43758	 85.21000
193.80000	 85.06000	 64.42301	 85.06000
194.00000	 84.93000	 64.44044	 84.93000
194.20000	 84.85000	 64.51310	 84.85000
194.40000	 84.83000	 64.64152	 84.83000
194.60000	 84.86000	 64.80454	 84.86000
194.80000	 84.94000	 64.99101	 84.94000
195.00000	 85.06000	 65.18142	 85.06000
195.20000	 85.19000	 65.33963	 85.19000
195.40000	 85.35000	 65.48313	 85.35000
195.60000	 85.56000	 65.63143	 85.56000
195.80000	 85.85000	 65.81329	 85.85000
196.00000	 86.34000	 66.14156	 86.34000
196.20000	 86.92000	 66.49415	 86.92000
196.40000	 87.52000	 66.79033	 87.52000
196.60000	 88.10000	 66.98778	 88.10000
196.80000	 88.55000	 66.98691	 88.55000
197.00000	 88.93000	 66.86899	 88.93000
197.20000	 89.26000	 66.68041	 89.26000
197.40000	 89.51000	 66.41746	 89.51000
197.60000	 89.64000	 66.06590	 89.64000
197.80000	 89.74000	 65.73784	 89.74000
198.00000	 89.83000	 65.46771	 89.83000
198.20000	 89.94000	 65.28946	 89.94000
198.40000	 90.19000	 65.31392	 90.19000
198.60000	 90.47000	 65.41213	 90.47000
198.80000	 90.74000	 65.52284	 90.74000
199.00000	 91.00000	 65.62926	 91.00000
199.20000	 91.21000	 65.68144	 91.21000
199.40000	 91.38000	 65.68630	 91.38000
199.60000	 91.47000	 65.60767	 91.47000
199.80000	 91.49000	 65.46470	 91.49000
200.00000	 91.29000	 65.12486	 91.29000
200.20000	 91.01000	 64.75047	 91.01000
200.40000	 90.68000	 64.39229	 90.68000
200.60000	 90.32000	 64.08311	 90.32000
200.80000	 89.95000	 63.84688	 89.95000
201.00000	 89.60000	 63.70888	 89.60000
201.20000	 89.31000	 63.69595	 89.31000
201.40000	 89.10000	 63.80750	 89.10000
201.60000	 89.00000	 64.04711	 89.00000
201.80000	 89.16000	 64.53031	 89.16000
202.00000	 89.44000	 65.07867	 89.44000
202.20000	 89.84000	 65.65646	 89.84000
202.40000	 90.34000	 66.21700	 90.34000
202.60000	 91.02000	 66.82060	 91.02000
202.80000	 91.76000	 67.33561	 91.76000
203.00000	 92.49000	 67.69203	 92.49000
203.20000	 93.15000	 67.84525	 93.15000
203.40000	 93.60000	 67.68826	 93.60000
203.60000	 93.97000	 67.39543	 93.97000
203.80000	 94.28000	 67.03250	 94.28000
204.00000	 94.57000	 66.67679	 94.57000
204.20000	 94.86000	 66.37369	 94.86000
204.40000	 95.11000	 66.09754	 95.11000
204.60000	 95.32000	 65.85475	 95.32000
204.80000	 95.44000	 65.59817	 95.44000
205.00000	 95.47000	 65.32976	 95.47000
205.20000	 95.47000	 65.10988	 95.47000
205.40000	 95.44000	 64.93549	 95.44000
205.60000	 95.47000	 64.88716	 95.47000
205.80000	 95.50000	 64.89056	 95.50000
206.00000	 95.51000	 64.91017	 95.51000
206.20000	 95.46000	 64.89451	 95.46000
206.40000	 95.34000	 64.82831	 95.34000
206.60000	 95.14000	 64.70265	 95.14000
206.80000	 94.84000	 64.50422	 94.84000
207.00000	 94.41000	 64.21487	 94.41000
207.20000	 93.78000	 63.78278	 93.78000
207.40000	 93.06000	 63.33851	 93.06000
207.60000	 92.26000	 62.90942	 92.26000
207.80000	 91.41000	 62.53523	 91.41000
208.00000	 90.58000	 62.28572	 90.58000
208.20000	 89.75000	 62.13125	 89.75000
208.40000	 88.94000	 62.07502	 88.94000
208.60000	 88.15000	 62.09659	 88.15000
208.80000	 87.40000	 62.19384	 87.40000
209.00000	 86.70000	 62.35447	 86.70000
209.20000	 86.07000	 62.57671	 86.07000
209.40000	 85.51000	 62.84025	 85.51000
209.60000	 85.06000	 63.16592	 85.06000
209.80000	 84.72000	 63.53568	 84.72000
210.00000	 84.52000	 63.96208	 84.52000
210.20000	 84.46000	 64.42864	 84.46000
210.40000	 84.55000	 64.93004	 84.55000
210.60000	 84.79000	 65.45289	 84.79000
210.80000	 85.36000	 66.16028	 85.36000
211.00000	 86.06000	 66.83426	 86.06000
211.20000	 86.80000	 67.37422	 86.80000
211.40000	 87.51000	 67.71584	 87.51000
211.60000	 87.94000	 67.63837	 87.94000
211.80000	 88.26000	 67.35999	 88.26000
212.00000	 88.49000	 66.95606	 88.49000
212.20000	 88.65000	 66.49644	 88.65000
212.40000	 88.75000	 66.03091	 88.75000
212.60000	 88.81000	 65.60704	 88.81000
212.80000	 88.84000	 65.25000	 88.84000
213.00000	 88.85000	 64.97385	 88.85000
213.20000	 88.89000	 64.82226	 88.89000
213.40000	 88.94000	 64.76091	 88.94000
213.60000	 89.00000	 64.77092	 89.00000
213.80000	 89.07000	 64.83247	 89.07000
214.00000	 89.17000	 64.94631	 89.17000
214.20000	 89.29000	 65.08502	 89.29000
214.40000	 89.45000	 65.25334	 89.45000
214.60000	 89.65000	 65.43840	 89.65000
214.80000	 89.91000	 65.64916	 89.91000
215.00000	 90.22000	 65.86641	 90.22000
215.20000	 90.61000	 66.11205	 90.61000
215.40000	 91.08000	 66.37862	 91.08000
215.60000	 91.79000	 66.81384	 91.79000
215.80000	 92.58000	 67.24260	 92.58000
216.00000	 93.34000	 67.54516	 93.34000
216.20000	 94.00000	 67.65647	 94.00000
216.40000	 94.25000	 67.29645	 94.25000
216.60000	 94.32000	 66.74511	 94.32000
216.80000	 94.27000	 66.11811	 94.27000
217.00000	 94.14000	 65.50097	 94.14000
217.20000	 94.00000	 64.99275	 94.00000
217.40000	 93.85000	 64.60481	 93.85000
217.60000	 93.71000	 64.35297	 93.71000
217.80000	 93.58000	 64.22190	 93.58000
218.00000	 93.54000	 64.26698	 93.54000
218.20000	 93.65000	 64.51448	 93.65000
218.40000	 93.78000	 64.79778	 93.78000
218.60000	 93.90000	 65.05623	 93.90000
218.80000	 93.97000	 65.23156	 93.97000
219.00000	 93.83000	 65.16324	 93.83000
219.20000	 93.66000	 65.04406	 93.66000
219.40000	 93.48000	 64.91105	 93.48000
219.60000	 93.34000	 64.82611	 93.34000
219.80000	 93.27000	 64.82315	 93.27000
220.00000	 93.26000	 64.88827	 93.26000
220.20000	 93.34000	 65.04121	 93.34000
220.40000	 93.61000	 65.36410	 93.61000
220.60000	 94.02000	 65.78277	 94.02000
220.80000	 94.43000	 66.13512	 94.43000
221.00000	 94.75000	 66.32190	 94.75000
221.20000	 94.74000	 66.11805	 94.74000
221.40000	 94.57000	 65.72926	 94.57000
221.60000	 94.28000	 65.24000	 94.28000
221.80000	 93.88000	 64.70094	 93.88000
222.00000	 93.39000	 64.16431	 93.39000
222.20000	 92.84000	 63.68150	 92.84000
222.40000	 92.25000	 63.28214	 92.25000
222.60000	 91.67000	 63.01375	 91.67000
222.80000	 91.14000	 62.90203	 91.14000
223.00000	 90.65000	 62.91359	 90.65000
223.20000	 90.22000	 63.03975	 90.22000
223.40000	 89.87000	 63.26973	 89.87000
223.60000	 89.64000	 63.61165	 89.64000
223.80000	 89.54000	 64.04367	 89.54000
224.00000	 89.53000	 64.49697	 89.53000
224.20000	 89.58000	 64.91985	 89.58000
224.40000	 89.75000	 65.35760	 89.75000
224.60000	 90.01000	 65.77122	 90.01000
224.80000	 90.28000	 66.07885	 90.28000
225.00000	 90.50000	 66.22942	 90.50000
225.20000	 90.57000	 66.14581	 90.57000
225.40000	 90.49000	 65.86347	 90.49000
225.60000	 90.34000	 65.50288	 90.34000
225.80000	 90.12000	 65.10114	 90.12000
226.00000	 89.83000	 64.68772	 89.83000
226.20000	 89.48000	 64.29365	 89.48000
226.40000	 89.17000	 64.02852	 89.17000
226.60000	 88.92000	 63.90843	 88.92000
226.80000	 88.85000	 64.03358	 88.85000
227.00000	 89.06000	 64.46682	 89.06000
227.20000	 89.36000	 64.97229	 89.36000
227.40000	 89.74000	 65.49757	 89.74000
227.60000	 90.17000	 65.98232	 90.17000
227.80000	 90.65000	 66.40878	 90.65000
228.00000	 91.10000	 66.69290	 91.10000
228.20000	 91.45000	 66.77577	 91.45000
228.40000	 91.62000	 66.60497	 91.62000
228.60000	 91.39000	 66.00869	 91.39000
228.80000	 91.03000	 65.31598	 91.03000
229.00000	 90.56000	 64.60209	 90.56000
229.20000	 90.03000	 63.95589	 90.03000
229.40000	 89.54000	 63.49562	 89.54000
229.60000	 89.06000	 63.18963	 89.06000
229.80000	 88.62000	 63.05055	 88.62000
230.00000	 88.25000	 63.08028	 88.25000
230.20000	 88.02000	 63.31194	 88.02000
230.40000	 87.97000	 63.74139	 87.97000
230.60000	 87.99000	 64.21419	 87.99000
230.80000	 88.05000	 64.66411	 88.05000
231.00000	 88.11000	 65.02890	 88.11000
231.20000	 88.13000	 65.26165	 88.13000
231.40000	 88.13000	 65.38843	 88.13000
231.60000	 88.10000	 65.41422	 88.10000
231.80000	 88.03000	 65.34899	 88.03000
232.00000	 87.85000	 65.14720	 87.85000
232.20000	 87.62000	 64.89492	 87.62000
232.40000	 87.36000	 64.63563	 87.36000
232.60000	 87.09000	 64.40597	 87.09000
232.80000	 86.83000	 64.23444	 86.83000
233.00000	 86.57000	 64.11221	 86.57000
233.20000	 86.36000	 64.08358	 86.36000
233.40000	 86.21000	 64.14662	 86.21000
233.60000	 86.14000	 64.30409	 86.14000
233.80000	 86.19000	 64.57438	 86.19000
234.00000	 86.34000	 64.91365	 86.34000
234.20000	 86.61000	 65.31794	 86.61000
234.40000	 87.06000	 65.82319	 87.06000
234.60000	 87.75000	 66.46294	 87.75000
234.80000	 88.50000	 67.03382	 88.50000
235.00000	 89.25000	 67.46418	 89.25000
235.20000	 89.90000	 67.66116	 89.90000
235.40000	 90.39000	 67.59132	 90.39000
235.60000	 90.77000	 67.34502	 90.77000
235.80000	 91.02000	 66.94848	 91.02000
236.00000	 91.04000	 66.35053	 91.04000
236.20000	 90.83000	 65.60134	 90.83000
236.40000	 90.50000	 64.85593	 90.50000
236.60000	 90.10000	 64.19575	 90.10000
236.80000	 89.65000	 63.65487	 89.65000
237.00000	 89.25000	 63.32879	 89.25000
237.20000	 88.84000	 63.13842	 88.84000
237.40000	 88.45000	 63.08530	 88.45000
237.60000	 88.10000	 63.15682	 88.10000
237.80000	 87.81000	 63.33846	 87.81000
238.00000	 87.60000	 63.61581	 87.60000
238.20000	 87.46000	 63.94691	 87.46000
238.40000	 87.39000	 64.30446	 87.39000
238.60000	 87.43000	 64.70585	 87.43000
238.80000	 87.59000	 65.14207	 87.59000
239.00000	 87.82000	 65.54876	 87.82000
239.20000	 88.10000	 65.89841	 88.10000
239.40000	 88.43000	 66.19085	 88.43000
239.60000	 88.83000	 66.45083	 88.83000
239.80000	 89.23000	 66.61759	 89.23000
240.00000	 89.58000	 66.65640	 89.58000
240.20000	 89.85000	 66.55969	 89.85000
240.40000	 89.95000	 66.26796	 89.95000
240.60000	 89.97000	 65.90547	 89.97000
240.80000	 89.89000	 65.48521	 89.89000
241.00000	 89.72000	 65.04449	 89.72000
241.20000	 89.46000	 64.60425	 89.46000
241.40000	 89.14000	 64.20777	 89.14000
241.60000	 88.76000	 63.86069	 88.76000
241.80000	 88.31000	 63.55243	 88.31000
242.00000	 87.84000	 63.32695	 87.84000
242.20000	 87.39000	 63.21199	 87.39000
242.40000	 86.98000	 63.20890	 86.98000
242.60000	 86.68000	 63.36241	 86.68000
242.80000	 86.46000	 63.61298	 86.46000
243.00000	 86.32000	 63.93041	 86.32000
243.20000	 86.31000	 64.33600	 86.31000
243.40000	 86.46000	 64.83190	 86.46000
243.60000	 86.69000	 65.31390	 86.69000
243.80000	 86.95000	 65.71650	 86.95000
244.00000	 87.22000	 66.01608	 87.22000
244.20000	 87.47000	 66.19044	 87.47000
244.40000	 87.68000	 66.23675	 87.68000
244.60000	 87.83000	 66.15917	 87.83000
244.80000	 87.80000	 65.86952	 87.80000
245.00000	 87.63000	 65.44554	 87.63000
245.20000	 87.41000	 65.01378	 87.41000
245.40000	 87.16000	 64.62156	 87.16000
245.60000	 86.93000	 64.33283	 86.93000
245.80000	 86.73000	 64.15828	 86.73000
246.00000	 86.57000	 64.09754	 86.57000
246.20000	 86.46000	 64.14262	 86.46000
246.40000	 86.41000	 64.28105	 86.41000
246.60000	 86.44000	 64.50810	 86.44000
246.80000	 86.59000	 64.83757	 86.59000
247.00000	 86.87000	 65.25239	 86.87000
247.20000	 87.39000	 65.83264	 87.39000
247.40000	 88.08000	 66.47714	 88.08000
247.60000	 88.88000	 67.09893	 88.88000
247.80000	 89.75000	 67.64164	 89.75000
248.00000	 90.74000	 68.14902	 90.74000
248.20000	 91.69000	 68.46666	 91.69000
248.40000	 92.55000	 68.56436	 92.55000
248.60000	 93.11000	 68.27222	 93.11000
248.80000	 93.37000	 67.64960	 93.37000
249.00000	 93.48000	 66.91341	 93.48000
249.20000	 93.47000	 66.15286	 93.47000
249.40000	 93.42000	 65.48911	 93.42000
249.60000	 93.33000	 64.94320	 93.33000
249.80000	 93.22000	 64.53785	 93.22000
250.00000	 93.10000	 64.27170	 93.10000
250.20000	 93.03000	 64.18195	 93.03000
250.40000	 93.02000	 64.24724	 93.02000
250.60000	 93.06000	 64.42186	 93.06000
250.80000	 93.13000	 64.65123	 93.13000
251.00000	 93.28000	 64.95422	 93.28000
251.20000	 93.61000	 65.40029	 93.61000
251.40000	 93.93000	 65.77359	 93.93000
251.60000	 94.18000	 66.00074	 94.18000
251.80000	 94.30000	 66.02681	 94.30000
252.00000	 94.04000	 65.63093	 94.04000
252.20000	 93.65000	 65.10865	 93.65000
252.40000	 93.15000	 64.52824	 93.15000
252.60000	 92.59000	 63.97726	 92.59000
252.80000	 92.03000	 63.53796	 92.03000
253.00000	 91.48000	 63.22622	 91.48000
253.20000	 90.94000	 63.03426	 90.94000
253.40000	 90.42000	 62.95507	 90.42000
253.60000	 89.95000	 62.99546	 89.95000
253.80000	 89.55000	 63.14817	 89.55000
254.00000	 89.22000	 63.38429	 89.22000
254.20000	 88.97000	 63.68570	 88.97000
254.40000	 88.80000	 64.02711	 88.80000
254.60000	 88.77000	 64.44543	 88.77000
254.80000	 88.82000	 64.86097	 88.82000
255.00000	 88.96000	 65.26881	 88.96000
255.20000	 89.18000	 65.65008	 89.18000
255.40000	 89.61000	 66.12679	 89.61000
255.60000	 90.05000	 66.49430	 90.05000
255.80000	 90.43000	 66.68750	 90.43000
256.00000	 90.66000	 66.63751	 90.66000
256.20000	 90.51000	 66.15723	 90.51000
256.40000	 90.21000	 65.53362	 90.21000
256.60000	 89.80000	 64.86331	 89.80000
256.80000	 89.33000	 64.23902	 89.33000
257.00000	 88.86000	 63.74499	 88.86000
257.20000	 88.37000	 63.36772	 88.37000
257.40000	 87.88000	 63.11950	 87.88000
257.60000	 87.42000	 63.01223	 87.42000
257.80000	 87.01000	 63.04013	 87.01000
258.00000	 86.69000	 63.21178	 86.69000
258.20000	 86.42000	 63.45421	 86.42000
258.40000	 86.22000	 63.75643	 86.22000
258.60000	 86.08000	 64.08221	 86.08000
258.80000	 86.03000	 64.44008	 86.03000
259.00000	 86.05000	 64.79363	 86.05000
259.20000	 86.14000	 65.13158	 86.14000
259.40000	 86.30000	 65.44774	 86.30000
259.60000	 86.65000	 65.85607	 86.65000
259.80000	 87.02000	 66.18231	 87.02000
260.00000	 87.36000	 66.37910	 87.36000
260.20000	 87.59000	 66.38196	 87.59000
260.40000	 87.47000	 65.98586	 87.47000
260.60000	 87.25000	 65.48847	 87.25000
260.80000	 86.96000	 64.96689	 86.96000
261.00000	 86.67000	 64.52430	 86.67000
261.20000	 86.46000	 64.25513	 86.46000
261.40000	 86.28000	 64.10657	 86.28000
261.60000	 86.11000	 64.04483	 86.11000
261.80000	 85.96000	 64.06138	 85.96000
262.00000	 85.85000	 64.15558	 85.85000
262.20000	 85.77000	 64.29665	 85.77000
262.40000	 85.72000	 64.46560	 85.72000
262.60000	 85.70000	 64.64669	 85.70000
262.80000	 85.70000	 64.81825	 85.70000
263.00000	 85.73000	 64.98261	 85.73000
263.20000	 85.79000	 65.13539	 85.79000
263.40000	 85.86000	 65.25540	 85.86000
263.60000	 85.91000	 65.31544	 85.91000
263.80000	 85.93000	 65.31275	 85.93000
264.00000	 85.85000	 65.19028	 85.85000
264.20000	 85.73000	 65.02462	 85.73000
264.40000	 85.59000	 64.85196	 85.59000
264.60000	 85.43000	 64.68459	 85.43000
264.80000	 85.24000	 64.52081	 85.24000
265.00000	 85.07000	 64.41411	 85.07000
265.20000	 84.92000	 64.36266	 84.92000
265.40000	 84.85000	 64.41805	 84.85000
265.60000	 84.90000	 64.60452	 84.90000
265.80000	 85.01000	 64.84186	 85.01000
266.00000	 85.17000	 65.10033	 85.17000
266.20000	 85.42000	 65.40282	 85.42000
266.40000	 85.73000	 65.70538	 85.73000
266.60000	 86.02000	 65.92038	 86.02000
266.80000	 86.23000	 65.99096	 86.23000
267.00000	 86.20000	 65.77670	 86.20000
267.20000	 86.00000	 65.38176	 86.00000
267.40000	 85.71000	 64.92554	 85.71000
267.60000	 85.35000	 64.46211	 85.35000
267.80000	 84.94000	 64.03542	 84.94000
268.00000	 84.50000	 63.67828	 84.50000
268.20000	 84.09000	 63.45139	 84.09000
268.40000	 83.71000	 63.34434	 83.71000
268.60000	 83.47000	 63.44501	 83.47000
268.80000	 83.33000	 63.68249	 83.33000
269.00000	 83.27000	 64.00236	 83.27000
269.20000	 83.30000	 64.38236	 83.30000
269.40000	 83.45000	 64.82386	 83.45000
269.60000	 83.70000	 65.28279	 83.70000
269.80000	 83.99000	 65.68251	 83.99000
270.00000	 84.31000	 66.00617	 84.31000
270.20000	 84.63000	 66.22703	 84.63000
270.40000	 84.93000	 66.33704	 84.93000
270.60000	 85.16000	 66.30614	 85.16000
270.80000	 85.30000	 66.14086	 85.30000
271.00000	 85.15000	 65.67823	 85.15000
271.20000	 84.85000	 65.10237	 84.85000
271.40000	 84.46000	 64.51548	 84.46000
271.60000	 84.03000	 63.99738	 84.03000
271.80000	 83.62000	 63.62129	 83.62000
272.00000	 83.31000	 63.46171	 83.31000
272.20000	 83.01000	 63.40926	 83.01000
272.40000	 82.71000	 63.42870	 82.71000
272.60000	 82.40000	 63.48585	 82.40000
272.80000	 82.01000	 63.49246	 82.01000
273.00000	 81.58000	 63.47760	 81.58000
273.20000	 81.20000	 63.52366	 81.20000
273.40000	 80.91000	 63.66039	 80.91000
273.60000	 80.78000	 63.94091	 80.78000
273.80000	 80.90000	 64.42884	 80.90000
274.00000	 81.17000	 64.99207	 81.17000
274.20000	 81.58000	 65.58956	 81.58000
274.40000	 82.14000	 66.20630	 82.14000
274.60000	 82.97000	 66.93969	 82.97000
274.80000	 83.84000	 67.54384	 83.84000
275.00000	 84.66000	 67.92776	 84.66000
275.20000	 85.29000	 67.97408	 85.29000
275.40000	 85.53000	 67.53346	 85.53000
275.60000	 85.62000	 66.91396	 85.62000
275.80000	 85.61000	 66.23314	 85.61000
276.00000	 85.55000	 65.59292	 85.55000
276.20000	 85.50000	 65.08445	 85.50000
276.40000	 85.44000	 64.69888	 85.44000
276.60000	 85.37000	 64.43181	 85.37000
276.80000	 85.30000	 64.27862	 85.30000
277.00000	 85.31000	 64.29604	 85.31000
277.20000	 85.34000	 64.39570	 85.34000
277.40000	 85.40000	 64.55855	 85.40000
277.60000	 85.48000	 64.74910	 85.48000
277.80000	 85.56000	 64.92753	 85.56000
278.00000	 85.67000	 65.10984	 85.67000
278.20000	 85.80000	 65.27704	 85.80000
278.40000	 85.96000	 65.43381	 85.96000
278.60000	 86.20000	 65.62609	 86.20000
278.80000	 86.50000	 65.82966	 86.50000
279.00000	 86.80000	 65.98215	 86.80000
279.20000	 87.10000	 66.08538	 87.10000
279.40000	 87.37000	 66.11628	 87.37000
279.60000	 87.60000	 66.07606	 87.60000
279.80000	 87.76000	 65.94992	 87.76000
280.00000	 87.83000	 65.73636	 87.83000
280.20000	 87.75000	 65.39781	 87.75000
280.40000	 87.50000	 64.94065	 87.50000
280.60000	 87.16000	 64.47097	 87.16000
280.80000	 86.76000	 64.03872	 86.76000
281.00000	 86.31000	 63.66438	 86.31000
281.20000	 85.86000	 63.39822	 85.86000
281.40000	 85.39000	 63.21200	 85.39000
281.60000	 84.91000	 63.10160	 84.91000
281.80000	 84.42000	 63.05029	 84.42000
282.00000	 83.91000	 63.03120	 83.91000
282.20000	 83.38000	 63.02935	 83.38000
282.40000	 82.88000	 63.08103	 82.88000
282.60000	 82.45000	 63.21159	 82.45000
282.80000	 82.10000	 63.41410	 82.10000
283.00000	 81.92000	 63.75748	 81.92000
283.20000	 81.86000	 64.16776	 81.86000
283.40000	 81.91000	 64.61146	 81.91000
283.60000	 82.09000	 65.08844	 82.09000
283.80000	 82.52000	 65.69840	 82.52000
284.00000	 83.04000	 66.26311	 83.04000
284.20000	 83.61000	 66.73206	 83.61000
284.40000	 84.17000	 67.04823	 84.17000
284.60000	 84.62000	 67.13002	 84.62000
284.80000	 85.02000	 67.06792	 85.02000
285.00000	 85.36000	 66.88827	 85.36000
285.20000	 85.61000	 66.59799	 85.61000
285.40000	 85.72000	 66.18393	 85.72000
285.60000	 85.76000	 65.74961	 85.76000
285.80000	 85.74000	 65.33129	 85.74000
286.00000	 85.68000	 64.96512	 85.68000
286.20000	 85.56000	 64.63835	 85.56000
286.40000	 85.43000	 64.40008	 85.43000
286.60000	 85.31000	 64.26177	 85.31000
286.80000	 85.25000	 64.25687	 85.25000
287.00000	 85.32000	 64.43024	 85.32000
287.20000	 85.48000	 64.71075	 85.48000
287.40000	 85.69000	 65.02726	 85.69000
287.60000	 85.97000	 65.37334	 85.97000
