  0.00000	 71.87000	 98.10399	 71.87000
  0.20000	 72.02000	 99.67836	 72.02000
  0.40000	 72.23000	101.11985	 72.23000
  0.60000	 72.49000	102.34881	 72.49000
  0.80000	 72.79000	103.32484	 72.79000
  1.00000	 73.12000	104.03854	 73.12000
  1.20000	 73.49000	104.53873	 73.49000
  1.40000	 73.88000	104.83119	 73.88000
  1.60000	 74.30000	104.98251	 74.30000
  1.80000	 74.73000	105.00387	 74.73000
  2.00000	 75.17000	104.94022	 75.17000
  2.20000	 75.61000	104.81280	 75.61000
  2.40000	 76.06000	104.67277	 76.06000
  2.60000	 76.53000	104.56230	 76.53000
  2.80000	 77.01000	104.47744	 77.01000
  3.00000	 77.45000	104.33564	 77.45000
  3.20000	 77.83000	104.11127	 77.83000
  3.40000	 78.14000	103.80112	 78.14000
  3.60000	 78.21000	103.11773	 78.21000
  3.80000	 78.12000	102.25194	 78.12000
  4.00000	 77.96000	101.41481	 77.96000
  4.20000	 77.76000	100.69145	 77.76000
  4.40000	 77.55000	100.14645	 77.55000
  4.60000	 77.39000	 99.87813	 77.39000
  4.80000	 77.45000	100.15943	 77.45000
  5.00000	 77.54000	100.57496	 77.54000
  5.20000	 77.66000	101.06098	 77.66000
  5.40000	 77.79000	101.53085	 77.79000
  5.60000	 77.92000	101.93304	 77.92000
  5.80000	 78.05000	102.25074	 78.05000
  6.00000	 78.22000	102.55222	 78.22000
  6.20000	 78.36000	102.71080	 78.36000
  6.40000	 78.44000	102.68540	 78.44000
  6.60000	 78.41000	102.41226	 78.41000
  6.80000	 78.27000	101.93253	 78.27000
  7.00000	 77.81000	100.91642	 77.81000
  7.20000	 77.05000	 99.48259	 77.05000
  7.40000	 76.21000	 98.12224	 76.21000
  7.60000	 75.34000	 96.98432	 75.34000
  7.80000	 74.48000	 96.16046	 74.48000
  8.00000	 73.75000	 95.85032	 73.75000
  8.20000	 73.51000	 96.64166	 73.51000
  8.40000	 73.38000	 97.70782	 73.38000
  8.60000	 73.33000	 98.86976	 73.33000
  8.80000	 73.35000	100.01411	 73.35000
  9.00000	 73.40000	101.00483	 73.40000
  9.20000	 73.46000	101.77620	 73.46000
  9.40000	 73.46000	102.20261	 73.46000
  9.60000	 73.29000	102.11892	 73.29000
  9.80000	 73.11000	101.88301	 73.11000
 10.00000	 72.92000	101.55791	 72.92000
 10.20000	 72.73000	101.21362	 72.73000
 10.40000	 72.55000	100.90598	 72.55000
 10.60000	 72.37000	100.63979	 72.37000
 10.80000	 72.21000	100.46282	 72.21000
 11.00000	 72.08000	100.39286	 72.08000
 11.20000	 71.97000	100.40180	 71.97000
 11.40000	 71.90000	100.51113	 71.90000
 11.60000	 71.89000	100.73746	 71.89000
 11.80000	 72.02000	101.20029	 72.02000
 12.00000	 72.19000	101.68116	 72.19000
 12.20000	 72.38000	102.11576	 72.38000
 12.40000	 72.58000	102.47090	 72.58000
 12.60000	 72.77000	102.70768	 72.77000
 12.80000	 72.95000	102.83521	 72.95000
 13.00000	 73.00000	102.65443	 73.00000
 13.20000	 73.01000	102.36736	 73.01000
 13.40000	 73.00000	102.04774	 73.00000
 13.60000	 72.97000	101.72476	 72.97000
 13.80000	 72.92000	101.41886	 72.92000
 14.00000	 72.86000	101.16049	 72.86000
 14.20000	 72.81000	100.98970	 72.81000
 14.40000	 72.76000	100.88309	 72.76000
 14.60000	 72.70000	100.81288	 72.70000
 14.80000	 72.63000	100.76877	 72.63000
 15.00000	 72.55000	100.74114	 72.55000
 15.20000	 72.46000	100.72173	 72.46000
 15.40000	 72.36000	100.70401	 72.36000
 15.60000	 72.26000	100.70124	 72.26000
 15.80000	 72.16000	100.70875	 72.16000
 16.00000	 72.07000	100.74030	 72.07000
 16.20000	 71.99000	100.79072	 71.99000
 16.40000	 71.94000	100.89064	 71.94000
 16.60000	 71.92000	101.03179	 71.92000
 16.80000	 71.91000	101.16870	 71.91000
 17.00000	 71.91000	101.29521	 71.91000
 17.20000	 71.93000	101.42604	 71.93000
 17.40000	 71.96000	101.54064	 71.96000
 17.60000	 72.00000	101.63877	 72.00000
 17.80000	 72.06000	101.73987	 72.06000
 18.00000	 72.13000	101.82672	 72.13000
 18.20000	 72.19000	101.86533	 72.19000
 18.40000	 72.26000	101.89749	 72.26000
 18.60000	 72.32000	101.89197	 72.32000
 18.80000	 72.37000	101.85555	 72.37000
 19.00000	 72.40000	101.77786	 72.40000
 19.20000	 72.42000	101.68597	 72.42000
 19.40000	 72.45000	101.62343	 72.45000
 19.60000	 72.47000	101.55682	 72.47000
 19.80000	 72.51000	101.54215	 72.51000
 20.00000	 72.56000	101.55806	 72.56000
 20.20000	 72.60000	101.56338	 72.60000
 20.40000	 72.64000	101.57344	 72.64000
 20.60000	 72.66000	101.55003	 72.66000
 20.80000	 72.68000	101.53062	 72.68000
 21.00000	 72.65000	101.42600	 72.65000
 21.20000	 72.59000	101.28050	 72.59000
 21.40000	 72.52000	101.13962	 72.52000
 21.60000	 72.46000	101.04546	 72.46000
 21.80000	 72.41000	100.99788	 72.41000
 22.00000	 72.37000	100.99242	 72.37000
 22.20000	 72.40000	101.12987	 72.40000
 22.40000	 72.48000	101.35611	 72.48000
 22.60000	 72.57000	101.57843	 72.57000
 22.80000	 72.66000	101.76485	 72.66000
 23.00000	 72.73000	101.87313	 72.73000
 23.20000	 72.75000	101.85232	 72.75000
 23.40000	 72.69000	101.66260	 72.69000
 23.60000	 72.62000	101.45527	 72.62000
 23.80000	 72.53000	101.23164	 72.53000
 24.00000	 72.44000	101.04247	 72.44000
 24.20000	 72.35000	100.89477	 72.35000
 24.40000	 72.36000	100.96920	 72.36000
 24.60000	 72.37000	101.06595	 72.37000
 24.80000	 72.39000	101.18701	 72.39000
 25.00000	 72.40000	101.28309	 72.40000
 25.20000	 72.40000	101.34728	 72.40000
 25.40000	 72.37000	101.34183	 72.37000
 25.60000	 72.19000	101.05632	 72.19000
 25.80000	 71.99000	100.75403	 71.99000
 26.00000	 71.81000	100.52891	 71.81000
 26.20000	 71.66000	100.40694	 71.66000
 26.40000	 71.56000	100.41996	 71.56000
 26.60000	 71.61000	100.73225	 71.61000
 26.80000	 71.88000	101.43111	 71.88000
 27.00000	 72.19000	102.13049	 72.19000
 27.20000	 72.51000	102.73327	 72.51000
 27.40000	 72.81000	103.16480	 72.81000
 27.60000	 73.01000	103.28309	 73.01000
 27.80000	 72.97000	102.86706	 72.97000
 28.00000	 72.89000	102.34712	 72.89000
 28.20000	 72.78000	101.80004	 72.78000
 28.40000	 72.67000	101.32293	 72.67000
 28.60000	 72.62000	101.04690	 72.62000
 28.80000	 72.74000	101.16693	 72.74000
 29.00000	 72.89000	101.39259	 72.89000
 29.20000	 73.05000	101.65116	 73.05000
 29.40000	 73.22000	101.91412	 73.22000
 29.60000	 73.37000	102.10740	 73.37000
 29.80000	 73.45000	102.13373	 73.45000
 30.00000	 73.39000	101.87772	 73.39000
 30.20000	 73.30000	101.57057	 73.30000
 30.40000	 73.20000	101.27614	 73.20000
 30.60000	 73.11000	101.04848	 73.11000
 30.80000	 73.03000	100.89381	 73.03000
 31.00000	 73.04000	100.95337	 73.04000
 31.20000	 73.13000	101.18744	 73.13000
 31.40000	 73.23000	101.43889	 73.23000
 31.60000	 73.33000	101.66647	 73.33000
 31.80000	 73.41000	101.82036	 73.41000
 32.00000	 73.44000	101.84397	 73.44000
 32.20000	 73.37000	101.65772	 73.37000
 32.40000	 73.27000	101.41410	 73.27000
 32.60000	 73.16000	101.17283	 73.16000
 32.80000	 73.03000	100.93216	 73.03000
 33.00000	 72.91000	100.75711	 72.91000
 33.20000	 72.83000	100.70310	 72.83000
 33.40000	 72.76000	100.70593	 72.76000
 33.60000	 72.69000	100.73516	 72.69000
 33.80000	 72.63000	100.79764	 72.63000
 34.00000	 72.57000	100.86457	 72.57000
 34.20000	 72.52000	100.94602	 72.52000
 34.40000	 72.40000	100.89137	 72.40000
 34.60000	 72.30000	100.87033	 72.30000
 34.80000	 72.23000	100.90323	 72.23000
 35.00000	 72.21000	101.02267	 72.21000
 35.20000	 72.25000	101.23626	 72.25000
 35.40000	 72.40000	101.61801	 72.40000
 35.60000	 72.72000	102.24922	 72.72000
 35.80000	 73.08000	102.85482	 73.08000
 36.00000	 73.48000	103.40870	 73.48000
 36.20000	 73.91000	103.87985	 73.91000
 36.40000	 74.32000	104.17730	 74.32000
 36.60000	 74.70000	104.29869	 74.70000
 36.80000	 75.07000	104.30736	 75.07000
 37.00000	 75.42000	104.21493	 75.42000
 37.20000	 75.75000	104.05137	 75.75000
 37.40000	 76.03000	103.79021	 76.03000
 37.60000	 76.27000	103.47748	 76.27000
 37.80000	 76.47000	103.13734	 76.47000
 38.00000	 76.62000	102.77101	 76.62000
 38.20000	 76.73000	102.41208	 76.73000
 38.40000	 76.78000	102.03454	 76.78000
 38.60000	 76.71000	101.53902	 76.71000
 38.80000	 76.61000	101.10388	 76.61000
 39.00000	 76.50000	100.77077	 76.50000
 39.20000	 76.38000	100.53392	 76.38000
 39.40000	 76.28000	100.43412	 76.28000
 39.60000	 76.34000	100.70100	 76.34000
 39.80000	 76.47000	101.12340	 76.47000
 40.00000	 76.59000	101.50884	 76.59000
 40.20000	 76.66000	101.75519	 76.66000
 40.40000	 76.65000	101.80058	 76.65000
 40.60000	 76.37000	101.31676	 76.37000
 40.80000	 75.93000	100.55982	 75.93000
 41.00000	 75.42000	 99.75723	 75.42000
 41.20000	 74.90000	 99.06643	 74.90000
 41.40000	 74.39000	 98.54705	 74.39000
 41.60000	 74.11000	 98.59476	 74.11000
 41.80000	 73.94000	 98.94110	 73.94000
 42.00000	 73.82000	 99.41381	 73.82000
 42.20000	 73.73000	 99.92056	 73.73000
 42.40000	 73.66000	100.40119	 73.66000
 42.60000	 73.58000	100.77515	 73.58000
 42.80000	 73.42000	100.90824	 73.42000
 43.00000	 73.23000	100.90704	 73.23000
 43.20000	 73.01000	100.79576	 73.01000
 43.40000	 72.78000	100.63740	 72.78000
 43.60000	 72.53000	100.43717	 72.53000
 43.80000	 72.23000	100.16106	 72.23000
 44.00000	 71.78000	 99.65015	 71.78000
 44.20000	 71.36000	 99.26411	 71.36000
 44.40000	 70.98000	 99.03418	 70.98000
 44.60000	 70.69000	 99.04482	 70.69000
 44.80000	 70.51000	 99.30571	 70.51000
 45.00000	 70.69000	100.22474	 70.69000
 45.20000	 71.03000	101.35261	 71.03000
 45.40000	 71.45000	102.46415	 71.45000
 45.60000	 71.92000	103.45089	 71.92000
 45.80000	 72.41000	104.23314	 72.41000
 46.00000	 72.82000	104.63276	 72.82000
 46.20000	 73.20000	104.77666	 73.20000
 46.40000	 73.54000	104.69664	 73.54000
 46.60000	 73.85000	104.46617	 73.85000
 46.80000	 74.04000	103.97606	 74.04000
 47.00000	 74.12000	103.30487	 74.12000
 47.20000	 74.15000	102.61913	 74.15000
 47.40000	 74.18000	102.05057	 74.18000
 47.60000	 74.21000	101.61705	 74.21000
 47.80000	 74.33000	101.47994	 74.33000
 48.00000	 74.61000	101.73701	 74.61000
 48.20000	 74.91000	102.08045	 74.91000
 48.40000	 75.22000	102.44527	 75.22000
 48.60000	 75.51000	102.74302	 75.51000
 48.80000	 75.78000	102.95608	 75.78000
 49.00000	 75.81000	102.68475	 75.81000
 49.20000	 75.76000	102.25874	 75.76000
 49.40000	 75.73000	101.90128	 75.73000
 49.60000	 75.78000	101.74394	 75.78000
 49.80000	 75.94000	101.83836	 75.94000
 50.00000	 76.48000	102.64482	 76.48000
 50.20000	 77.25000	103.81026	 77.25000
 50.40000	 78.08000	104.93816	 78.08000
 50.60000	 78.92000	105.87942	 78.92000
 50.80000	 79.74000	106.55682	 79.74000
 51.00000	 80.49000	106.88928	 80.49000
 51.20000	 81.11000	106.80745	 81.11000
 51.40000	 81.52000	106.23298	 81.52000
 51.60000	 81.66000	105.14925	 81.66000
 51.80000	 81.02000	102.75004	 81.02000
 52.00000	 80.16000	100.24025	 80.16000
 52.20000	 79.18000	 97.94665	 79.18000
 52.40000	 78.17000	 96.11195	 78.17000
 52.60000	 77.55000	 95.50350	 77.55000
 52.80000	 77.45000	 96.24885	 77.45000
 53.00000	 77.49000	 97.46511	 77.49000
 53.20000	 77.62000	 98.87993	 77.62000
 53.40000	 77.79000	100.25861	 77.79000
 53.60000	 77.96000	101.43256	 77.96000
 53.80000	 77.93000	101.99472	 77.93000
 54.00000	 77.63000	101.84358	 77.63000
 54.20000	 77.32000	101.52992	 77.32000
 54.40000	 77.01000	101.14481	 77.01000
 54.60000	 76.74000	100.81755	 76.74000
 54.80000	 76.54000	100.63645	 76.54000
 55.00000	 76.64000	101.02510	 76.64000
 55.20000	 76.76000	101.43440	 76.76000
 55.40000	 76.89000	101.81272	 76.89000
 55.60000	 76.97000	102.03192	 76.97000
 55.80000	 76.93000	101.96701	 76.93000
 56.00000	 76.67000	101.46531	 76.67000
 56.20000	 76.33000	100.83779	 76.33000
 56.40000	 75.94000	100.19110	 75.94000
 56.60000	 75.52000	 99.59934	 75.52000
 56.80000	 75.10000	 99.13752	 75.10000
 57.00000	 74.69000	 98.82593	 74.69000
 57.20000	 74.29000	 98.65199	 74.29000
 57.40000	 73.90000	 98.59397	 73.90000
 57.60000	 73.54000	 98.66185	 73.54000
 57.80000	 73.21000	 98.82583	 73.21000
 58.00000	 72.93000	 99.09224	 72.93000
 58.20000	 72.70000	 99.43103	 72.70000
 58.40000	 72.53000	 99.83270	 72.53000
 58.60000	 72.42000	100.27249	 72.42000
 58.80000	 72.40000	100.78374	 72.40000
 59.00000	 72.46000	101.32782	 72.46000
 59.20000	 72.62000	101.92349	 72.62000
 59.40000	 72.89000	102.57232	 72.89000
 59.60000	 73.26000	103.24029	 73.26000
 59.80000	 73.83000	104.09459	 73.83000
 60.00000	 74.68000	105.25333	 74.68000
 60.20000	 75.57000	106.23952	 75.57000
 60.40000	 76.43000	106.91221	 76.43000
 60.60000	 77.20000	107.18267	 77.20000
 60.80000	 77.61000	106.61661	 77.61000
 61.00000	 77.86000	105.68678	 77.86000
 61.20000	 77.98000	104.55944	 77.98000
 61.40000	 78.00000	103.38452	 78.00000
 61.60000	 77.90000	102.19671	 77.90000
 61.80000	 77.72000	101.11763	 77.72000
 62.00000	 77.50000	100.24301	 77.50000
 62.20000	 77.26000	 99.60584	 77.26000
 62.40000	 77.02000	 99.21744	 77.02000
 62.60000	 76.83000	 99.12709	 76.83000
 62.80000	 76.68000	 99.26067	 76.68000
 63.00000	 76.60000	 99.61217	 76.60000
 63.20000	 76.60000	100.13766	 76.60000
 63.40000	 76.91000	101.19151	 76.91000
 63.60000	 77.30000	102.27047	 77.30000
 63.80000	 77.72000	103.22037	 77.72000
 64.00000	 78.12000	103.91913	 78.12000
 64.20000	 78.40000	104.18844	 78.40000
 64.40000	 78.57000	104.08749	 78.57000
 64.60000	 78.63000	103.67953	 78.63000
 64.80000	 78.58000	103.03700	 78.58000
 65.00000	 78.32000	102.05216	 78.32000
 65.20000	 77.82000	100.75264	 77.82000
 65.40000	 77.24000	 99.51145	 77.24000
 65.60000	 76.62000	 98.45382	 76.62000
 65.80000	 76.01000	 97.68904	 76.01000
 66.00000	 75.64000	 97.61626	 75.64000
 66.20000	 75.43000	 98.01713	 75.43000
 66.40000	 75.26000	 98.58005	 75.26000
 66.60000	 75.13000	 99.22340	 75.13000
 66.80000	 75.01000	 99.82928	 75.01000
 67.00000	 74.82000	100.21320	 74.82000
 67.20000	 74.47000	100.20597	 74.47000
 67.40000	 74.16000	100.19843	 74.16000
 67.60000	 73.89000	100.21246	 73.89000
 67.80000	 73.70000	100.33320	 73.70000
 68.00000	 73.74000	100.82958	 73.74000
 68.20000	 74.00000	101.64839	 74.00000
 68.40000	 74.29000	102.39394	 74.29000
 68.60000	 74.59000	102.99984	 74.59000
 68.80000	 74.81000	103.29646	 74.81000
 69.00000	 74.79000	103.01982	 74.79000
 69.20000	 74.70000	102.54524	 74.70000
 69.40000	 74.54000	101.93955	 74.54000
 69.60000	 74.33000	101.29712	 74.33000
 69.80000	 74.09000	100.69766	 74.09000
 70.00000	 73.82000	100.16729	 73.82000
 70.20000	 73.54000	 99.75340	 73.54000
 70.40000	 73.24000	 99.43489	 73.24000
 70.60000	 72.93000	 99.21844	 72.93000
 70.80000	 72.58000	 99.03265	 72.58000
 71.00000	 72.24000	 98.95222	 72.24000
 71.20000	 71.95000	 99.02862	 71.95000
 71.40000	 71.73000	 99.26898	 71.73000
 71.60000	 71.62000	 99.70994	 71.62000
 71.80000	 71.78000	100.59609	 71.78000
 72.00000	 72.13000	101.71261	 72.13000
 72.20000	 72.55000	102.77350	 72.55000
 72.40000	 73.00000	103.66369	 73.00000
 72.60000	 73.44000	104.29765	 73.44000
 72.80000	 73.76000	104.49245	 73.76000
 73.00000	 74.02000	104.40734	 74.02000
 73.20000	 74.20000	104.06827	 74.20000
 73.40000	 74.29000	103.52386	 74.29000
 73.60000	 74.14000	102.56977	 74.14000
 73.80000	 73.83000	101.43293	 73.83000
 74.00000	 73.46000	100.36740	 73.46000
 74.20000	 73.07000	 99.48957	 73.07000
 74.40000	 72.70000	 98.88430	 72.70000
 74.60000	 72.55000	 98.89431	 72.55000
 74.80000	 72.49000	 99.21683	 72.49000
 75.00000	 72.49000	 99.72082	 72.49000
 75.20000	 72.52000	100.28199	 72.52000
 75.40000	 72.59000	100.86429	 72.59000
 75.60000	 72.63000	101.30262	 72.63000
 75.80000	 72.65000	101.60130	 72.65000
 76.00000	 72.69000	101.83594	 72.69000
 76.20000	 72.77000	102.05116	 72.77000
 76.40000	 72.90000	102.27293	 72.90000
 76.60000	 73.18000	102.68607	 73.18000
 76.80000	 73.56000	103.18663	 73.56000
 77.00000	 73.93000	103.55920	 73.93000
 77.20000	 74.26000	103.74970	 74.26000
 77.40000	 74.45000	103.59538	 74.45000
 77.60000	 74.34000	102.85258	 74.34000
 77.80000	 74.18000	102.05576	 74.18000
 78.00000	 73.98000	101.28676	 73.98000
 78.20000	 73.79000	100.67688	 73.79000
 78.40000	 73.83000	100.63522	 73.83000
 78.60000	 74.01000	100.95646	 74.01000
 78.80000	 74.23000	101.39682	 74.23000
 79.00000	 74.45000	101.82893	 74.45000
 79.20000	 74.64000	102.16125	 74.64000
 79.40000	 74.67000	102.14341	 74.67000
 79.60000	 74.47000	101.67065	 74.47000
 79.80000	 74.28000	101.23119	 74.28000
 80.00000	 74.15000	100.95114	 74.15000
 80.20000	 74.13000	100.93058	 74.13000
 80.40000	 74.50000	101.65564	 74.50000
 80.60000	 75.12000	102.79358	 75.12000
 80.80000	 75.79000	103.89050	 75.79000
 81.00000	 76.44000	104.75931	 76.44000
 81.20000	 76.95000	105.16338	 76.95000
 81.40000	 77.16000	104.84420	 77.16000
 81.60000	 77.25000	104.21286	 77.25000
 81.80000	 77.24000	103.39505	 77.24000
 82.00000	 77.14000	102.48823	 77.14000
 82.20000	 76.96000	101.57348	 76.96000
 82.40000	 76.72000	100.73095	 76.72000
 82.60000	 76.43000	100.00215	 76.43000
 82.80000	 76.11000	 99.42840	 76.11000
 83.00000	 75.77000	 99.01660	 75.77000
 83.20000	 75.40000	 98.72572	 75.40000
 83.40000	 75.05000	 98.61811	 75.05000
 83.60000	 74.74000	 98.69338	 74.74000
 83.80000	 74.49000	 98.94515	 74.49000
 84.00000	 74.33000	 99.38153	 74.33000
 84.20000	 74.39000	100.18730	 74.39000
 84.40000	 74.68000	101.31235	 74.68000
 84.60000	 75.03000	102.37457	 75.03000
 84.80000	 75.41000	103.27317	 75.41000
 85.00000	 75.77000	103.90143	 75.77000
 85.20000	 76.04000	104.14742	 76.04000
 85.40000	 76.23000	104.07457	 76.23000
 85.60000	 76.33000	103.72632	 76.33000
 85.80000	 76.33000	103.15297	 76.33000
 86.00000	 76.12000	102.22505	 76.12000
 86.20000	 75.62000	100.87885	 75.62000
 86.40000	 75.04000	 99.58591	 75.04000
 86.60000	 74.41000	 98.45994	 74.41000
 86.80000	 73.77000	 97.59827	 73.77000
 87.00000	 73.23000	 97.19116	 73.23000
 87.20000	 72.89000	 97.37050	 72.89000
 87.40000	 72.63000	 97.83261	 72.63000
 87.60000	 72.44000	 98.47214	 72.44000
 87.80000	 72.35000	 99.26593	 72.35000
 88.00000	 72.34000	100.11042	 72.34000
 88.20000	 72.46000	101.04412	 72.46000
 88.40000	 72.67000	101.95161	 72.67000
 88.60000	 72.95000	102.76958	 72.95000
 88.80000	 73.31000	103.50576	 73.31000
 89.00000	 73.75000	104.16109	 73.75000
 89.20000	 74.33000	104.85200	 74.33000
 89.40000	 74.91000	105.32988	 74.91000
 89.60000	 75.46000	105.56310	 75.46000
 89.80000	 75.95000	105.53622	 75.95000
 90.00000	 76.26000	105.08460	 76.26000
 90.20000	 76.43000	104.35510	 76.43000
 90.40000	 76.46000	103.42543	 76.46000
 90.60000	 76.34000	102.34991	 76.34000
 90.80000	 75.89000	100.86834	 75.89000
 91.00000	 75.17000	 99.16974	 75.17000
 91.20000	 74.36000	 97.65345	 74.36000
 91.40000	 73.52000	 96.46225	 73.52000
 91.60000	 72.72000	 95.71525	 72.72000
 91.80000	 72.36000	 96.08485	 72.36000
 92.00000	 72.27000	 97.12905	 72.27000
 92.20000	 72.28000	 98.38488	 72.28000
 92.40000	 72.36000	 99.66975	 72.36000
 92.60000	 72.47000	100.82016	 72.47000
 92.80000	 72.59000	101.74959	 72.59000
 93.00000	 72.45000	101.95868	 72.45000
 93.20000	 72.23000	101.82855	 72.23000
 93.40000	 72.04000	101.62861	 72.04000
 93.60000	 71.90000	101.45116	 71.90000
 93.80000	 71.83000	101.36920	 71.83000
 94.00000	 72.00000	101.70515	 72.00000
 94.20000	 72.36000	102.34205	 72.36000
 94.40000	 72.76000	102.96369	 72.76000
 94.60000	 73.19000	103.52144	 73.19000
 94.80000	 73.60000	103.91032	 73.60000
 95.00000	 73.94000	104.04594	 73.94000
 95.20000	 74.22000	103.97381	 74.22000
 95.40000	 74.40000	103.66056	 74.40000
 95.60000	 74.48000	103.15534	 74.48000
 95.80000	 74.27000	102.16852	 74.27000
 96.00000	 73.81000	100.85250	 73.81000
 96.20000	 73.27000	 99.59890	 73.27000
 96.40000	 72.68000	 98.51504	 72.68000
 96.60000	 72.09000	 97.71151	 72.09000
 96.80000	 71.67000	 97.48169	 71.67000
 97.00000	 71.42000	 97.76338	 71.42000
 97.20000	 71.26000	 98.32192	 71.26000
 97.40000	 71.18000	 99.05049	 71.18000
 97.60000	 71.19000	 99.88974	 71.19000
 97.80000	 71.29000	100.77597	 71.29000
 98.00000	 71.56000	101.80472	 71.56000
 98.20000	 71.92000	102.78590	 71.92000
 98.40000	 72.34000	103.63832	 72.34000
 98.60000	 72.77000	104.26564	 72.77000
 98.80000	 73.21000	104.68473	 73.21000
 99.00000	 73.65000	104.90903	 73.65000
 99.20000	 74.05000	104.90685	 74.05000
 99.40000	 74.37000	104.65542	 74.37000
 99.60000	 74.56000	104.12221	 74.56000
 99.80000	 74.50000	103.15748	 74.50000
100.00000	 74.02000	101.54130	 74.02000
100.20000	 73.42000	 99.93245	 73.42000
100.40000	 72.76000	 98.52042	 72.76000
100.60000	 72.11000	 97.46873	 72.11000
100.80000	 71.61000	 97.02101	 71.61000
101.00000	 71.52000	 97.58241	 71.52000
101.20000	 71.53000	 98.45851	 71.53000
101.40000	 71.64000	 99.52489	 71.64000
101.60000	 71.83000	100.64176	 71.83000
101.80000	 72.09000	101.71477	 72.09000
102.00000	 72.38000	102.62353	 72.38000
102.20000	 72.65000	103.26025	 72.65000
102.40000	 72.96000	103.74606	 72.96000
102.60000	 73.31000	104.10456	 73.31000
102.80000	 73.71000	104.38229	 73.71000
103.00000	 74.15000	104.58883	 74.15000
103.20000	 74.78000	105.01977	 74.78000
103.40000	 75.40000	105.31301	 75.40000
103.60000	 75.98000	105.42580	 75.98000
103.80000	 76.48000	105.31096	 76.48000
104.00000	 76.75000	104.73724	 76.75000
104.20000	 76.79000	103.77387	 76.79000
104.40000	 76.73000	102.73855	 76.73000
104.60000	 76.61000	101.76783	 76.61000
104.80000	 76.45000	100.93608	 76.45000
105.00000	 76.38000	100.49028	 76.38000
105.20000	 76.33000	100.27761	 76.33000
105.40000	 76.27000	100.20344	 76.27000
105.60000	 76.20000	100.22644	 76.20000
105.80000	 76.12000	100.30876	 76.12000
106.00000	 75.95000	100.27476	 75.95000
106.20000	 75.70000	100.13108	 75.70000
106.40000	 75.48000	100.07769	 75.48000
106.60000	 75.34000	100.19756	 75.34000
106.80000	 75.29000	100.48779	 75.29000
107.00000	 75.42000	101.07984	 75.42000
107.20000	 75.96000	102.33818	 75.96000
107.40000	 76.59000	103.59210	 76.59000
107.60000	 77.23000	104.63236	 77.23000
107.80000	 77.86000	105.39797	 77.86000
108.00000	 78.34000	105.64595	 78.34000
108.20000	 78.65000	105.39481	 78.65000
108.40000	 78.86000	104.85476	 78.86000
108.60000	 78.97000	104.11124	 78.97000
108.80000	 78.93000	103.15244	 78.93000
109.00000	 78.65000	101.89053	 78.65000
109.20000	 78.29000	100.69213	 78.29000
109.40000	 77.87000	 99.64164	 77.87000
109.60000	 77.43000	 98.83029	 77.43000
109.80000	 77.01000	 98.32065	 77.01000
110.00000	 76.72000	 98.27548	 76.72000
110.20000	 76.48000	 98.48326	 76.48000
110.40000	 76.31000	 98.90927	 76.31000
110.60000	 76.23000	 99.52011	 76.23000
110.80000	 76.26000	100.28653	 76.26000
111.00000	 76.56000	101.43662	 76.56000
111.20000	 76.98000	102.62418	 76.98000
111.40000	 77.44000	103.64924	 77.44000
111.60000	 77.91000	104.43453	 77.91000
111.80000	 78.35000	104.91471	 78.35000
112.00000	 78.70000	105.01526	 78.70000
112.20000	 78.96000	104.79489	 78.96000
112.40000	 79.12000	104.30634	 79.12000
112.60000	 79.15000	103.56971	 79.15000
112.80000	 78.82000	102.24587	 78.82000
113.00000	 78.32000	100.78212	 78.32000
113.20000	 77.74000	 99.42613	 77.74000
113.40000	 77.13000	 98.31679	 77.13000
113.60000	 76.53000	 97.53644	 76.53000
113.80000	 76.20000	 97.52856	 76.20000
114.00000	 75.95000	 97.86290	 75.95000
114.20000	 75.77000	 98.42793	 75.77000
114.40000	 75.67000	 99.15524	 75.67000
114.60000	 75.63000	 99.93400	 75.63000
114.80000	 75.69000	100.77960	 75.69000
115.00000	 75.85000	101.64691	 75.85000
115.20000	 76.05000	102.39516	 76.05000
115.40000	 76.29000	103.01294	 76.29000
115.60000	 76.55000	103.46889	 76.55000
115.80000	 76.86000	103.83551	 76.86000
116.00000	 77.18000	104.06239	 77.18000
116.20000	 77.46000	104.08780	 77.46000
116.40000	 77.68000	103.91420	 77.68000
116.60000	 77.76000	103.44304	 77.76000
116.80000	 77.57000	102.49966	 77.57000
117.00000	 77.31000	101.52820	 77.31000
117.20000	 77.02000	100.66155	 77.02000
117.40000	 76.72000	 99.96790	 76.72000
117.60000	 76.55000	 99.70476	 76.55000
117.80000	 76.51000	 99.83590	 76.51000
118.00000	 76.51000	100.13758	 76.51000
118.20000	 76.55000	100.55088	 76.55000
118.40000	 76.62000	101.00663	 76.62000
118.60000	 76.68000	101.39353	 76.68000
118.80000	 76.72000	101.67285	 76.72000
119.00000	 76.78000	101.91222	 76.78000
119.20000	 76.89000	102.16645	 76.89000
119.40000	 77.03000	102.39897	 77.03000
119.60000	 77.37000	102.91709	 77.37000
119.80000	 77.77000	103.44399	 77.77000
120.00000	 78.14000	103.79988	 78.14000
120.20000	 78.41000	103.86253	 78.41000
120.40000	 78.41000	103.35629	 78.41000
120.60000	 78.02000	102.13913	 78.02000
120.80000	 77.52000	100.83128	 77.52000
121.00000	 76.93000	 99.55787	 76.93000
121.20000	 76.32000	 98.50291	 76.32000
121.40000	 75.85000	 97.97350	 75.85000
121.60000	 75.50000	 97.89794	 75.50000
121.80000	 75.21000	 98.10106	 75.21000
122.00000	 74.98000	 98.51008	 74.98000
122.20000	 74.81000	 99.05532	 74.81000
122.40000	 74.73000	 99.72978	 74.73000
122.60000	 74.79000	100.56921	 74.79000
122.80000	 74.90000	101.35924	 74.90000
123.00000	 75.04000	102.03236	 75.04000
123.20000	 75.20000	102.55990	 75.20000
123.40000	 75.38000	102.94833	 75.38000
123.60000	 75.58000	103.21533	 75.58000
123.80000	 75.72000	103.24096	 75.72000
124.00000	 75.78000	103.02839	 75.78000
124.20000	 75.73000	102.57308	 75.73000
124.40000	 75.27000	101.39260	 75.27000
124.60000	 74.71000	100.15073	 74.71000
124.80000	 74.08000	 98.98064	 74.08000
125.00000	 73.44000	 98.03800	 73.44000
125.20000	 72.87000	 97.47816	 72.87000
125.40000	 72.54000	 97.57866	 72.54000
125.60000	 72.29000	 97.97084	 72.29000
125.80000	 72.12000	 98.57120	 72.12000
126.00000	 72.02000	 99.28455	 72.02000
126.20000	 71.99000	100.04696	 71.99000
126.40000	 72.02000	100.79178	 72.02000
126.60000	 72.12000	101.50518	 72.12000
126.80000	 72.31000	102.20427	 72.31000
127.00000	 72.57000	102.84176	 72.57000
127.20000	 72.93000	103.46975	 72.93000
127.40000	 73.52000	104.32191	 73.52000
127.60000	 74.18000	105.09021	 74.18000
127.80000	 74.84000	105.64286	 74.84000
128.00000	 75.45000	105.90626	 75.45000
128.20000	 75.83000	105.59538	 75.83000
128.40000	 75.99000	104.80840	 75.99000
128.60000	 76.07000	103.89685	 76.07000
128.80000	 76.10000	102.99530	 76.10000
129.00000	 76.12000	102.23038	 76.12000
129.20000	 76.21000	101.77078	 76.21000
129.40000	 76.32000	101.51524	 76.32000
129.60000	 76.44000	101.41861	 76.44000
129.80000	 76.58000	101.46507	 76.58000
130.00000	 76.75000	101.63569	 76.75000
130.20000	 76.93000	101.85734	 76.93000
130.40000	 77.15000	102.15341	 77.15000
130.60000	 77.41000	102.49583	 77.41000
130.80000	 77.71000	102.86093	 77.71000
131.00000	 78.20000	103.49991	 78.20000
131.20000	 78.76000	104.15907	 78.76000
131.40000	 79.27000	104.59473	 79.27000
131.60000	 79.65000	104.66471	 79.65000
131.80000	 79.72000	104.08075	 79.72000
132.00000	 79.31000	102.62260	 79.31000
132.20000	 78.76000	101.04155	 78.76000
132.40000	 78.13000	 99.55364	 78.13000
132.60000	 77.48000	 98.33254	 77.48000
132.80000	 77.16000	 98.02757	 77.16000
133.00000	 77.01000	 98.27955	 77.01000
133.20000	 76.91000	 98.77108	 76.91000
133.40000	 76.85000	 99.39125	 76.85000
133.60000	 76.79000	 99.99179	 76.79000
133.80000	 76.68000	100.43180	 76.68000
134.00000	 76.34000	100.36747	 76.34000
134.20000	 76.02000	100.28106	 76.02000
134.40000	 75.73000	100.21549	 75.73000
134.60000	 75.51000	100.25806	 75.51000
134.80000	 75.41000	100.49929	 75.41000
135.00000	 75.63000	101.28072	 75.63000
135.20000	 75.92000	102.09054	 75.92000
135.40000	 76.23000	102.79316	 76.23000
135.60000	 76.52000	103.29528	 76.52000
135.80000	 76.65000	103.34933	 76.65000
136.00000	 76.63000	103.01800	 76.63000
136.20000	 76.58000	102.58390	 76.58000
136.40000	 76.51000	102.12095	 76.51000
136.60000	 76.45000	101.72450	 76.45000
136.80000	 76.56000	101.70451	 76.56000
137.00000	 76.68000	101.75386	 76.68000
137.20000	 76.80000	101.83451	 76.80000
137.40000	 76.89000	101.87567	 76.89000
137.60000	 76.93000	101.83336	 76.93000
137.80000	 76.65000	101.22447	 76.65000
138.00000	 76.33000	100.60632	 76.33000
138.20000	 76.05000	100.16085	 76.05000
138.40000	 75.87000	100.00612	 75.87000
138.60000	 75.89000	100.30176	 75.89000
138.80000	 76.44000	101.58501	 76.44000
139.00000	 77.11000	102.98856	 77.11000
139.20000	 77.83000	104.28533	 77.83000
139.40000	 78.56000	105.34363	 78.56000
139.60000	 79.12000	105.82111	 79.12000
139.80000	 79.54000	105.81310	 79.54000
140.00000	 79.87000	105.48361	 79.87000
140.20000	 80.09000	104.87815	 80.09000
140.40000	 80.11000	103.91710	 80.11000
140.60000	 79.93000	102.69033	 79.93000
140.80000	 79.65000	101.46425	 79.65000
141.00000	 79.31000	100.37038	 79.31000
141.20000	 78.94000	 99.49117	 78.94000
141.40000	 78.60000	 98.93380	 78.60000
141.60000	 78.31000	 98.70341	 78.31000
141.80000	 78.07000	 98.74785	 78.07000
142.00000	 77.89000	 99.02317	 77.89000
142.20000	 77.78000	 99.48280	 77.78000
142.40000	 77.81000	100.19068	 77.81000
142.60000	 78.08000	101.26067	 78.08000
142.80000	 78.40000	102.27219	 78.40000
143.00000	 78.75000	103.14026	 78.75000
143.20000	 79.09000	103.77273	 79.09000
143.40000	 79.36000	104.06999	 79.36000
143.60000	 79.54000	104.03330	 79.54000
143.80000	 79.64000	103.73770	 79.64000
144.00000	 79.67000	103.26490	 79.67000
144.20000	 79.57000	102.56775	 79.57000
144.40000	 79.26000	101.56524	 79.26000
144.60000	 78.87000	100.56272	 78.87000
144.80000	 78.40000	 99.60952	 78.40000
145.00000	 77.90000	 98.82475	 77.90000
145.20000	 77.37000	 98.21258	 77.37000
145.40000	 76.84000	 97.81338	 76.84000
145.60000	 76.33000	 97.63358	 76.33000
145.80000	 75.89000	 97.72187	 75.89000
146.00000	 75.53000	 98.04260	 75.53000
146.20000	 75.28000	 98.59082	 75.28000
146.40000	 75.38000	 99.73600	 75.38000
146.60000	 75.60000	100.96653	 75.60000
146.80000	 75.89000	102.11690	 75.89000
147.00000	 76.20000	103.05270	 76.20000
147.20000	 76.50000	103.70954	 76.50000
147.40000	 76.71000	103.96277	 76.71000
147.60000	 76.89000	103.97139	 76.89000
147.80000	 77.02000	103.75792	 77.02000
148.00000	 77.10000	103.38370	 77.10000
148.20000	 77.06000	102.78042	 77.06000
148.40000	 76.95000	102.09904	 76.95000
148.60000	 76.80000	101.44294	 76.80000
148.80000	 76.60000	100.82585	 76.60000
149.00000	 76.37000	100.30180	 76.37000
149.20000	 76.02000	 99.71265	 76.02000
149.40000	 75.66000	 99.26435	 75.66000
149.60000	 75.35000	 99.05710	 75.35000
149.80000	 75.13000	 99.13484	 75.13000
150.00000	 75.03000	 99.50547	 75.03000
150.20000	 75.39000	100.72092	 75.39000
150.40000	 75.89000	102.08664	 75.89000
150.60000	 76.44000	103.34444	 76.44000
150.80000	 76.98000	104.33014	 76.98000
151.00000	 77.36000	104.76083	 77.36000
151.20000	 77.51000	104.55350	 77.51000
151.40000	 77.58000	104.06702	 77.58000
151.60000	 77.57000	103.38932	 77.57000
151.80000	 77.50000	102.63508	 77.50000
152.00000	 77.37000	101.86583	 77.37000
152.20000	 77.19000	101.14337	 77.19000
152.40000	 76.98000	100.52939	 76.98000
152.60000	 76.73000	100.01334	 76.73000
152.80000	 76.47000	 99.64492	 76.47000
153.00000	 76.13000	 99.28133	 76.13000
153.20000	 75.80000	 99.07189	 75.80000
153.40000	 75.50000	 99.02934	 75.50000
153.60000	 75.27000	 99.19382	 75.27000
153.80000	 75.11000	 99.52400	 75.11000
154.00000	 75.27000	100.42515	 75.27000
154.20000	 75.52000	101.40038	 75.52000
154.40000	 75.80000	102.27735	 75.80000
154.60000	 76.08000	102.96690	 76.08000
154.80000	 76.25000	103.26464	 76.25000
155.00000	 76.22000	103.04093	 76.22000
155.20000	 76.15000	102.65426	 76.15000
155.40000	 76.04000	102.16903	 76.04000
155.60000	 75.92000	101.69291	 75.92000
155.80000	 75.83000	101.33415	 75.83000
156.00000	 75.77000	101.10688	 75.77000
156.20000	 75.72000	100.97260	 75.72000
156.40000	 75.69000	100.93875	 75.69000
156.60000	 75.68000	100.98858	 75.68000
156.80000	 75.67000	101.06671	 75.67000
157.00000	 75.65000	101.13903	 75.65000
157.20000	 75.68000	101.30272	 75.68000
157.40000	 75.80000	101.61383	 75.80000
157.60000	 76.01000	102.04771	 76.01000
157.80000	 76.48000	102.88157	 76.48000
158.00000	 77.18000	104.00485	 77.18000
158.20000	 77.94000	105.04619	 77.94000
158.40000	 78.69000	105.84215	 78.69000
158.60000	 79.40000	106.33599	 79.40000
158.80000	 79.81000	106.08688	 79.81000
159.00000	 80.13000	105.55994	 80.13000
159.20000	 80.38000	104.87781	 80.38000
159.40000	 80.57000	104.13293	 80.57000
159.60000	 80.77000	103.50841	 80.77000
159.80000	 80.98000	103.03256	 80.98000
160.00000	 81.15000	102.62105	 81.15000
160.20000	 81.27000	102.25354	 81.27000
160.40000	 81.33000	101.90605	 81.33000
160.60000	 81.29000	101.50046	 81.29000
160.80000	 81.01000	100.78597	 81.01000
161.00000	 80.69000	100.15105	 80.69000
161.20000	 80.37000	 99.68003	 80.37000
161.40000	 80.08000	 99.41990	 80.08000
161.60000	 79.87000	 99.43587	 79.87000
161.80000	 80.09000	100.31408	 80.09000
162.00000	 80.40000	101.33355	 80.40000
162.20000	 80.68000	102.18942	 80.68000
162.40000	 80.88000	102.74549	 80.88000
162.60000	 80.87000	102.76415	 80.87000
162.80000	 80.26000	101.59183	 80.26000
163.00000	 79.51000	100.19887	 79.51000
163.20000	 78.68000	 98.81290	 78.68000
163.40000	 77.83000	 97.62377	 77.83000
163.60000	 77.12000	 96.95711	 77.12000
163.80000	 76.78000	 97.20369	 76.78000
164.00000	 76.53000	 97.75938	 76.53000
164.20000	 76.37000	 98.52536	 76.37000
164.40000	 76.28000	 99.37771	 76.28000
164.60000	 76.23000	100.19363	 76.23000
164.80000	 76.21000	100.91106	 76.21000
165.00000	 76.11000	101.31120	 76.11000
165.20000	 76.05000	101.62489	 76.05000
165.40000	 76.05000	101.90690	 76.05000
165.60000	 76.12000	102.19144	 76.12000
165.80000	 76.28000	102.52569	 76.28000
166.00000	 76.77000	103.34439	 76.77000
166.20000	 77.30000	104.08391	 77.30000
166.40000	 77.79000	104.57873	 77.79000
166.60000	 78.19000	104.74698	 78.19000
166.80000	 78.25000	104.17544	 78.25000
167.00000	 77.91000	102.85018	 77.91000
167.20000	 77.46000	101.42745	 77.46000
167.40000	 76.95000	100.09944	 76.95000
167.60000	 76.45000	 99.05364	 76.45000
167.80000	 76.24000	 98.80932	 76.24000
168.00000	 76.21000	 99.10495	 76.21000
168.20000	 76.27000	 99.68409	 76.27000
168.40000	 76.40000	100.41871	 76.40000
168.60000	 76.61000	101.24854	 76.61000
168.80000	 76.87000	102.05677	 76.87000
169.00000	 77.15000	102.74813	 77.15000
169.20000	 77.49000	103.37704	 77.49000
169.40000	 77.88000	103.91954	 77.88000
169.60000	 78.31000	104.36187	 78.31000
169.80000	 78.85000	104.84236	 78.85000
170.00000	 79.56000	105.47431	 79.56000
170.20000	 80.23000	105.87026	 80.23000
170.40000	 80.80000	105.93765	 80.80000
170.60000	 81.21000	105.61000	 81.21000
170.80000	 81.01000	104.14396	 81.01000
171.00000	 80.59000	102.39154	 80.59000
171.20000	 80.05000	100.66341	 80.05000
171.40000	 79.46000	 99.17332	 79.46000
171.60000	 78.99000	 98.26500	 78.99000
171.80000	 78.81000	 98.21576	 78.81000
172.00000	 78.69000	 98.51229	 78.69000
172.20000	 78.62000	 99.03494	 78.62000
172.40000	 78.59000	 99.67408	 78.59000
172.60000	 78.58000	100.31944	 78.58000
172.80000	 78.50000	100.75726	 78.50000
173.00000	 78.41000	101.07881	 78.41000
173.20000	 78.36000	101.37346	 78.36000
173.40000	 78.33000	101.60758	 78.33000
173.60000	 78.35000	101.84253	 78.35000
173.80000	 78.56000	102.33515	 78.56000
174.00000	 78.82000	102.81368	 78.82000
174.20000	 79.05000	103.12190	 79.05000
174.40000	 79.21000	103.19533	 79.21000
174.60000	 79.17000	102.82743	 79.17000
174.80000	 78.79000	101.82644	 78.79000
175.00000	 78.32000	100.74195	 78.32000
175.20000	 77.81000	 99.74082	 77.81000
175.40000	 77.30000	 98.94022	 77.30000
175.60000	 76.96000	 98.65807	 76.96000
175.80000	 76.84000	 98.94429	 76.84000
176.00000	 76.79000	 99.44854	 76.79000
176.20000	 76.78000	100.04063	 76.78000
176.40000	 76.81000	100.65955	 76.81000
176.60000	 76.85000	101.20676	 76.85000
176.80000	 76.73000	101.35263	 76.73000
177.00000	 76.64000	101.45944	 76.64000
177.20000	 76.59000	101.56336	 76.59000
177.40000	 76.64000	101.78523	 76.64000
177.60000	 76.83000	102.19513	 76.83000
177.80000	 77.39000	103.18787	 77.39000
178.00000	 78.00000	104.12149	 78.00000
178.20000	 78.61000	104.86565	 78.61000
178.40000	 79.16000	105.30242	 79.16000
178.60000	 79.35000	104.91451	 79.35000
178.80000	 79.34000	104.08153	 79.34000
179.00000	 79.25000	103.12432	 79.25000
179.20000	 79.11000	102.18111	 79.11000
179.40000	 78.99000	101.43457	 78.99000
179.60000	 79.05000	101.19311	 79.05000
179.80000	 79.15000	101.17229	 79.15000
180.00000	 79.26000	101.27473	 79.26000
180.20000	 79.38000	101.45872	 79.38000
180.40000	 79.51000	101.68768	 79.51000
180.60000	 79.58000	101.80625	 79.58000
180.80000	 79.65000	101.91208	 79.65000
181.00000	 79.72000	101.99930	 79.72000
181.20000	 79.80000	102.08359	 79.80000
181.40000	 79.89000	102.16368	 79.89000
181.60000	 80.22000	102.65251	 80.22000
181.80000	 80.51000	103.00863	 80.51000
182.00000	 80.71000	103.12814	 80.71000
182.20000	 80.73000	102.86168	 80.73000
182.40000	 80.29000	101.75048	 80.29000
182.60000	 79.37000	 99.86782	 79.37000
182.80000	 78.28000	 97.91792	 78.28000
183.00000	 77.12000	 96.18808	 77.12000
183.20000	 75.97000	 94.87549	 75.97000
183.40000	 75.19000	 94.62471	 75.19000
183.60000	 74.76000	 95.29880	 74.76000
183.80000	 74.47000	 96.36401	 74.47000
184.00000	 74.30000	 97.63965	 74.30000
184.20000	 74.24000	 98.98800	 74.24000
184.40000	 74.28000	100.30170	 74.28000
184.60000	 74.38000	101.45057	 74.38000
184.80000	 74.48000	102.30225	 74.48000
185.00000	 74.65000	102.99371	 74.65000
185.20000	 74.92000	103.60198	 74.92000
185.40000	 75.28000	104.13334	 75.28000
185.60000	 75.73000	104.61214	 75.73000
185.80000	 76.42000	105.33013	 76.42000
186.00000	 77.16000	105.93931	 77.16000
186.20000	 77.92000	106.39175	 77.92000
186.40000	 78.67000	106.65256	 78.67000
186.60000	 79.30000	106.55532	 79.30000
186.80000	 79.81000	106.15518	 79.81000
187.00000	 80.24000	105.59050	 80.24000
187.20000	 80.58000	104.90461	 80.58000
187.40000	 80.85000	104.18706	 80.85000
187.60000	 80.90000	103.20815	 80.90000
187.80000	 80.81000	102.16324	 80.81000
188.00000	 80.71000	101.32751	 80.71000
188.20000	 80.67000	100.83566	 80.67000
188.40000	 80.72000	100.71542	 80.72000
188.60000	 81.23000	101.57880	 81.23000
188.80000	 81.95000	102.84820	 81.95000
189.00000	 82.72000	104.10952	 82.72000
189.20000	 83.48000	105.16826	 83.48000
189.40000	 84.13000	105.80384	 84.13000
189.60000	 84.54000	105.79399	 84.54000
189.80000	 84.81000	105.38666	 84.81000
190.00000	 84.93000	104.64822	 84.93000
190.20000	 84.91000	103.68589	 84.91000
190.40000	 84.52000	102.16878	 84.52000
190.60000	 83.99000	100.61866	 83.99000
190.80000	 83.38000	 99.22107	 83.38000
191.00000	 82.72000	 98.06898	 82.72000
191.20000	 82.06000	 97.25591	 82.06000
191.40000	 81.60000	 97.11175	 81.60000
191.60000	 81.19000	 97.28377	 81.19000
191.80000	 80.86000	 97.73856	 80.86000
192.00000	 80.60000	 98.37122	 80.60000
192.20000	 80.43000	 99.14090	 80.43000
192.40000	 80.46000	100.17946	 80.46000
192.60000	 80.66000	101.36266	 80.66000
192.80000	 80.90000	102.39499	 80.90000
193.00000	 81.16000	103.21213	 81.16000
193.20000	 81.39000	103.72502	 81.39000
193.40000	 81.55000	103.89100	 81.55000
193.60000	 81.63000	103.74496	 81.63000
193.80000	 81.60000	103.29885	 81.60000
194.00000	 81.45000	102.60830	 81.45000
194.20000	 81.04000	101.49541	 81.04000
194.40000	 80.31000	 99.94246	 80.31000
194.60000	 79.47000	 98.42986	 79.47000
194.80000	 78.60000	 97.16851	 78.60000
195.00000	 77.73000	 96.23488	 77.73000
195.20000	 77.10000	 96.04495	 77.10000
195.40000	 76.72000	 96.53641	 76.72000
195.60000	 76.44000	 97.32045	 76.44000
195.80000	 76.26000	 98.28716	 76.26000
196.00000	 76.15000	 99.28959	 76.15000
196.20000	 76.11000	100.26017	 76.11000
196.40000	 76.11000	101.10147	 76.11000
196.60000	 76.16000	101.81372	 76.16000
196.80000	 76.26000	102.39702	 76.26000
197.00000	 76.42000	102.88178	 76.42000
197.20000	 76.63000	103.26818	 76.63000
197.40000	 76.97000	103.72207	 76.97000
197.60000	 77.31000	104.01909	 77.31000
197.80000	 77.60000	104.09069	 77.60000
198.00000	 77.80000	103.90088	 77.80000
198.20000	 77.66000	103.04963	 77.66000
198.40000	 77.35000	101.93809	 77.35000
198.60000	 76.97000	100.83625	 76.97000
198.80000	 76.56000	 99.87734	 76.56000
199.00000	 76.22000	 99.26991	 76.22000
199.20000	 76.16000	 99.37834	 76.16000
199.40000	 76.13000	 99.67738	 76.13000
199.60000	 76.13000	100.09658	 76.13000
199.80000	 76.13000	100.52193	 76.13000
200.00000	 76.10000	100.85736	 76.10000
200.20000	 75.81000	100.66869	 75.81000
200.40000	 75.48000	100.38568	 75.48000
200.60000	 75.20000	100.20267	 75.20000
200.80000	 75.03000	100.24078	 75.03000
201.00000	 75.01000	100.56049	 75.01000
201.20000	 75.47000	101.72094	 75.47000
201.40000	 76.04000	102.95554	 76.04000
201.60000	 76.68000	104.11549	 76.68000
201.80000	 77.34000	105.06495	 77.34000
202.00000	 77.91000	105.59440	 77.91000
202.20000	 78.40000	105.75308	 78.40000
202.40000	 78.78000	105.54356	 78.78000
202.60000	 79.03000	105.00348	 79.03000
202.80000	 78.97000	103.89110	 78.97000
203.00000	 78.66000	102.42402	 78.66000
203.20000	 78.23000	100.94463	 78.23000
203.40000	 77.73000	 99.61881	 77.73000
203.60000	 77.22000	 98.59227	 77.22000
203.80000	 76.95000	 98.31218	 76.95000
204.00000	 76.71000	 98.32974	 76.71000
204.20000	 76.49000	 98.54951	 76.49000
204.40000	 76.27000	 98.86283	 76.27000
204.60000	 76.05000	 99.21049	 76.05000
204.80000	 75.69000	 99.29665	 75.69000
205.00000	 75.32000	 99.34860	 75.32000
205.20000	 74.98000	 99.43707	 74.98000
205.40000	 74.69000	 99.59382	 74.69000
205.60000	 74.48000	 99.86359	 74.48000
205.80000	 74.43000	100.37338	 74.43000
206.00000	 74.51000	101.03548	 74.51000
206.20000	 74.71000	101.79452	 74.71000
206.40000	 75.02000	102.59790	 75.02000
206.60000	 75.46000	103.45374	 75.46000
206.80000	 76.25000	104.73370	 76.25000
207.00000	 77.07000	105.80718	 77.07000
207.20000	 77.85000	106.52966	 77.85000
207.40000	 78.51000	106.77747	 78.51000
207.60000	 78.62000	105.83621	 78.62000
207.80000	 78.50000	104.43223	 78.50000
208.00000	 78.26000	102.91092	 78.26000
208.20000	 77.98000	101.52903	 77.98000
208.40000	 77.85000	100.69292	 77.85000
208.60000	 77.92000	100.48619	 77.92000
208.80000	 78.01000	100.52208	 78.01000
209.00000	 78.09000	100.67999	 78.09000
209.20000	 78.12000	100.83027	 78.12000
209.40000	 77.90000	100.57400	 77.90000
209.60000	 77.46000	 99.97546	 77.46000
209.80000	 77.04000	 99.50483	 77.04000
210.00000	 76.68000	 99.24885	 76.68000
210.20000	 76.46000	 99.34144	 76.46000
210.40000	 76.76000	100.42627	 76.76000
210.60000	 77.27000	101.82675	 77.27000
210.80000	 77.84000	103.16143	 77.84000
211.00000	 78.40000	104.23350	 78.40000
211.20000	 78.81000	104.76701	 78.81000
211.40000	 78.98000	104.63382	 78.98000
211.60000	 79.03000	104.13524	 79.03000
211.80000	 78.95000	103.34671	 78.95000
212.00000	 78.72000	102.32399	 78.72000
212.20000	 78.22000	100.93654	 78.22000
212.40000	 77.62000	 99.58247	 77.62000
212.60000	 76.96000	 98.39425	 76.96000
212.80000	 76.29000	 97.48780	 76.29000
213.00000	 75.68000	 96.98023	 75.68000
213.20000	 75.23000	 97.00772	 75.23000
213.40000	 74.85000	 97.32821	 74.85000
213.60000	 74.56000	 97.89458	 74.56000
213.80000	 74.35000	 98.60837	 74.35000
214.00000	 74.24000	 99.43611	 74.24000
214.20000	 74.37000	100.57094	 74.37000
214.40000	 74.57000	101.63855	 74.57000
214.60000	 74.83000	102.57997	 74.83000
214.80000	 75.13000	103.34301	 75.13000
215.00000	 75.41000	103.82562	 75.41000
215.20000	 75.66000	104.04032	 75.66000
215.40000	 75.89000	104.05144	 75.89000
215.60000	 76.09000	103.89232	 76.09000
215.80000	 76.23000	103.56057	 76.23000
216.00000	 76.27000	103.03612	 76.27000
216.20000	 76.25000	102.44464	 76.25000
216.40000	 76.18000	101.84747	 76.18000
216.60000	 76.07000	101.29299	 76.07000
216.80000	 75.85000	100.67224	 75.85000
217.00000	 75.50000	 99.96685	 75.50000
217.20000	 75.16000	 99.44820	 75.16000
217.40000	 74.89000	 99.22014	 74.89000
217.60000	 74.74000	 99.34252	 74.74000
217.80000	 74.88000	100.06733	 74.88000
218.00000	 75.25000	101.19361	 75.25000
218.20000	 75.77000	102.47587	 75.77000
218.40000	 76.44000	103.82943	 76.44000
218.60000	 77.30000	105.26135	 77.30000
218.80000	 78.35000	106.71996	 78.35000
219.00000	 79.41000	107.84406	 79.41000
219.20000	 80.42000	108.53147	 80.42000
219.40000	 81.24000	108.57560	 81.24000
219.60000	 81.77000	107.88820	 81.77000
219.80000	 82.10000	106.76261	 82.10000
220.00000	 82.22000	105.31277	 82.22000
220.20000	 82.07000	103.55213	 82.07000
220.40000	 81.47000	101.26965	 81.47000
220.60000	 80.76000	 99.20220	 80.76000
220.80000	 80.06000	 97.63177	 80.06000
221.00000	 79.52000	 96.82688	 79.52000
221.20000	 79.67000	 97.66744	 79.67000
221.40000	 79.96000	 98.96113	 79.96000
221.60000	 80.32000	100.39864	 80.32000
221.80000	 80.70000	101.74968	 80.70000
222.00000	 80.88000	102.52989	 80.88000
222.20000	 80.79000	102.60523	 80.79000
222.40000	 80.64000	102.41327	 80.64000
222.60000	 80.44000	102.03870	 80.44000
222.80000	 80.23000	101.61675	 80.23000
223.00000	 80.11000	101.37543	 80.11000
223.20000	 79.97000	101.13367	 79.97000
223.40000	 79.81000	100.90295	 79.81000
223.60000	 79.61000	100.65416	 79.61000
223.80000	 79.36000	100.37564	 79.36000
224.00000	 79.06000	100.07441	 79.06000
224.20000	 78.70000	 99.73933	 78.70000
224.40000	 78.28000	 99.37812	 78.28000
224.60000	 77.74000	 98.89057	 77.74000
224.80000	 76.95000	 98.05984	 76.95000
225.00000	 76.17000	 97.39656	 76.17000
225.20000	 75.45000	 97.00474	 75.45000
225.40000	 74.87000	 97.01247	 74.87000
225.60000	 74.70000	 97.85683	 74.70000
225.80000	 74.90000	 99.35473	 74.90000
226.00000	 75.21000	100.90125	 75.21000
226.20000	 75.59000	102.32501	 75.59000
226.40000	 75.95000	103.40723	 75.95000
226.60000	 76.17000	103.92502	 76.17000
226.80000	 76.33000	104.07014	 76.33000
227.00000	 76.39000	103.83898	 76.39000
227.20000	 76.33000	103.27817	 76.33000
227.40000	 75.95000	102.11617	 75.95000
227.60000	 75.45000	100.82920	 75.45000
227.80000	 74.87000	 99.58137	 74.87000
228.00000	 74.22000	 98.45055	 74.22000
228.20000	 73.55000	 97.55672	 73.55000
228.40000	 72.85000	 96.88028	 72.85000
228.60000	 72.21000	 96.56118	 72.21000
228.80000	 71.65000	 96.58661	 71.65000
229.00000	 71.22000	 96.98038	 71.22000
229.20000	 70.99000	 97.78812	 70.99000
229.40000	 71.24000	 99.41908	 71.24000
229.60000	 71.62000	101.10276	 71.62000
229.80000	 72.07000	102.62890	 72.07000
230.00000	 72.56000	103.88780	 72.56000
230.20000	 72.97000	104.65061	 72.97000
230.40000	 73.27000	104.90099	 73.27000
230.60000	 73.53000	104.83889	 73.53000
230.80000	 73.73000	104.50917	 73.73000
231.00000	 73.84000	103.93897	 73.84000
231.20000	 73.82000	103.13495	 73.82000
231.40000	 73.74000	102.29905	 73.74000
231.60000	 73.59000	101.46878	 73.59000
231.80000	 73.39000	100.71774	 73.39000
232.00000	 73.09000	 99.97445	 73.09000
232.20000	 72.67000	 99.21463	 72.67000
232.40000	 72.27000	 98.69914	 72.27000
232.60000	 71.95000	 98.51914	 71.95000
232.80000	 71.74000	 98.68553	 71.74000
233.00000	 71.83000	 99.47759	 71.83000
233.20000	 72.21000	100.77607	 72.21000
233.40000	 72.72000	102.17631	 72.72000
233.60000	 73.34000	103.55211	 73.34000
233.80000	 74.04000	104.78976	 74.04000
234.00000	 74.87000	105.95110	 74.87000
234.20000	 75.69000	106.77273	 75.69000
234.40000	 76.45000	107.18879	 76.45000
234.60000	 77.09000	107.14624	 77.09000
234.80000	 77.29000	106.15087	 77.29000
235.00000	 77.34000	104.86867	 77.34000
235.20000	 77.26000	103.46245	 77.26000
235.40000	 77.09000	102.10323	 77.09000
235.60000	 76.84000	100.87286	 76.84000
235.80000	 76.55000	 99.87498	 76.55000
236.00000	 76.27000	 99.19928	 76.27000
236.20000	 76.04000	 98.88708	 76.04000
236.40000	 75.90000	 98.95485	 75.90000
236.60000	 76.03000	 99.65209	 76.03000
236.80000	 76.40000	100.81495	 76.40000
237.00000	 76.87000	102.07243	 76.87000
237.20000	 77.41000	103.27933	 77.41000
237.40000	 78.00000	104.34157	 78.00000
237.60000	 78.69000	105.32262	 78.69000
237.80000	 79.34000	105.96059	 79.34000
238.00000	 79.89000	106.17290	 79.89000
238.20000	 80.28000	105.90914	 80.28000
238.40000	 80.12000	104.55263	 80.12000
238.60000	 79.74000	102.85644	 79.74000
238.80000	 79.23000	101.12448	 79.23000
239.00000	 78.67000	 99.60189	 78.67000
239.20000	 78.18000	 98.55453	 78.18000
239.40000	 77.90000	 98.22400	 77.90000
239.60000	 77.69000	 98.28460	 77.69000
239.80000	 77.53000	 98.61228	 77.53000
240.00000	 77.44000	 99.15690	 77.44000
240.20000	 77.41000	 99.82058	 77.41000
240.40000	 77.50000	100.64478	 77.50000
240.60000	 77.65000	101.46090	 77.65000
240.80000	 77.83000	102.17394	 77.83000
241.00000	 78.06000	102.80125	 78.06000
241.20000	 78.31000	103.28435	 78.31000
241.40000	 78.61000	103.68769	 78.61000
241.60000	 78.89000	103.90049	 78.89000
241.80000	 79.12000	103.89720	 79.12000
242.00000	 79.29000	103.69977	 79.29000
242.20000	 79.21000	103.01253	 79.21000
242.40000	 79.01000	102.14638	 79.01000
242.60000	 78.74000	101.26120	 78.74000
242.80000	 78.42000	100.44295	 78.42000
243.00000	 78.07000	 99.75572	 78.07000
243.20000	 77.69000	 99.20648	 77.69000
243.40000	 77.32000	 98.85878	 77.32000
243.60000	 76.99000	 98.74171	 76.99000
243.80000	 76.73000	 98.87032	 76.73000
244.00000	 76.57000	 99.24859	 76.57000
244.20000	 76.63000	100.03433	 76.63000
244.40000	 76.95000	101.22155	 76.95000
244.60000	 77.37000	102.43161	 77.37000
244.80000	 77.85000	103.52776	 77.85000
245.00000	 78.37000	104.44015	 78.37000
245.20000	 78.87000	105.05497	 78.87000
245.40000	 79.36000	105.41421	 79.36000
245.60000	 79.82000	105.52267	 79.82000
245.80000	 80.21000	105.36033	 80.21000
246.00000	 80.50000	104.93458	 80.50000
246.20000	 80.63000	104.20461	 80.63000
246.40000	 80.68000	103.38888	 80.68000
246.60000	 80.65000	102.54694	 80.65000
246.80000	 80.56000	101.75816	 80.56000
247.00000	 80.32000	100.88562	 80.32000
247.20000	 79.95000	 99.98986	 79.95000
247.40000	 79.60000	 99.35929	 79.60000
247.60000	 79.32000	 99.07175	 79.32000
247.80000	 79.15000	 99.15857	 79.15000
248.00000	 79.32000	 99.97000	 79.32000
248.20000	 79.85000	101.43082	 79.85000
248.40000	 80.50000	102.97245	 80.50000
248.60000	 81.21000	104.38479	 81.21000
248.80000	 81.95000	105.55560	 81.95000
249.00000	 82.74000	106.50340	 82.74000
249.20000	 83.45000	107.00376	 83.45000
249.40000	 83.98000	106.92542	 83.98000
249.60000	 84.28000	106.26624	 84.28000
249.80000	 83.85000	104.24247	 83.85000
250.00000	 83.02000	101.65355	 83.02000
250.20000	 82.00000	 99.07187	 82.00000
250.40000	 80.88000	 96.79285	 80.88000
250.60000	 79.80000	 95.13164	 79.80000
250.80000	 79.24000	 94.93662	 79.24000
251.00000	 78.80000	 95.34184	 78.80000
251.20000	 78.47000	 96.17113	 78.47000
251.40000	 78.23000	 97.23926	 78.23000
251.60000	 78.08000	 98.42058	 78.08000
251.80000	 78.01000	 99.59970	 78.01000
252.00000	 78.05000	100.76361	 78.05000
252.20000	 78.13000	101.74193	 78.13000
252.40000	 78.26000	102.53952	 78.26000
252.60000	 78.41000	103.11065	 78.41000
252.80000	 78.56000	103.44656	 78.56000
253.00000	 78.69000	103.55237	 78.69000
253.20000	 78.80000	103.47826	 78.80000
253.40000	 78.89000	103.27590	 78.89000
253.60000	 78.95000	102.97520	 78.95000
253.80000	 78.93000	102.52863	 78.93000
254.00000	 78.84000	101.99700	 78.84000
254.20000	 78.70000	101.45375	 78.70000
254.40000	 78.52000	100.94374	 78.52000
254.60000	 78.30000	100.48228	 78.30000
254.80000	 77.98000	 99.96742	 77.98000
255.00000	 77.50000	 99.30009	 77.50000
255.20000	 77.06000	 98.85974	 77.06000
255.40000	 76.72000	 98.74669	 76.72000
255.60000	 76.53000	 99.01495	 76.53000
255.80000	 76.72000	100.01750	 76.72000
256.00000	 77.35000	101.75215	 77.35000
256.20000	 78.11000	103.51769	 78.11000
256.40000	 78.96000	105.14006	 78.96000
256.60000	 79.81000	106.40061	 79.81000
256.80000	 80.53000	107.06056	 80.53000
257.00000	 81.19000	107.29861	 81.19000
257.20000	 81.74000	107.10122	 81.74000
257.40000	 82.17000	106.54413	 82.17000
257.60000	 82.30000	105.40232	 82.30000
257.80000	 82.26000	104.03201	 82.26000
258.00000	 82.09000	102.61097	 82.09000
258.20000	 81.83000	101.28876	 81.83000
258.40000	 81.49000	100.12749	 81.49000
258.60000	 81.03000	 99.07026	 81.03000
258.80000	 80.56000	 98.31495	 80.56000
259.00000	 80.15000	 97.95885	 80.15000
259.20000	 79.84000	 98.01653	 79.84000
259.40000	 79.75000	 98.62514	 79.75000
259.60000	 80.24000	100.32597	 80.24000
259.80000	 80.81000	102.04566	 80.81000
260.00000	 81.37000	103.50003	 81.37000
260.20000	 81.83000	104.46761	 81.83000
260.40000	 81.85000	104.34175	 81.85000
260.60000	 81.51000	103.37131	 81.51000
260.80000	 81.04000	102.12120	 81.04000
261.00000	 80.46000	100.75827	 80.46000
261.20000	 79.84000	 99.50927	 79.84000
261.40000	 79.35000	 98.73873	 79.35000
261.60000	 78.87000	 98.22692	 78.87000
261.80000	 78.42000	 97.98253	 78.42000
262.00000	 78.02000	 97.99742	 78.02000
262.20000	 77.68000	 98.23467	 77.68000
262.40000	 77.45000	 98.72529	 77.45000
262.60000	 77.36000	 99.45885	 77.36000
262.80000	 77.33000	100.22448	 77.33000
263.00000	 77.34000	100.93695	 77.34000
263.20000	 77.40000	101.58530	 77.40000
263.40000	 77.49000	102.11978	 77.49000
263.60000	 77.60000	102.52376	 77.60000
263.80000	 77.70000	102.75665	 77.70000
264.00000	 77.79000	102.84386	 77.79000
264.20000	 77.84000	102.76281	 77.84000
264.40000	 77.75000	102.37126	 77.75000
264.60000	 77.62000	101.90382	 77.62000
264.80000	 77.44000	101.38755	 77.44000
265.00000	 77.22000	100.87608	 77.22000
265.20000	 76.96000	100.39347	 76.96000
265.40000	 76.52000	 99.70190	 76.52000
265.60000	 76.06000	 99.11767	 76.06000
265.80000	 75.66000	 98.79423	 75.66000
266.00000	 75.37000	 98.80365	 75.37000
266.20000	 75.23000	 99.17436	 75.23000
266.40000	 75.66000	100.59749	 75.66000
266.60000	 76.23000	102.15829	 76.23000
266.80000	 76.87000	103.62019	 76.87000
267.00000	 77.49000	104.75435	 77.49000
267.20000	 77.92000	105.23971	 77.92000
267.40000	 78.16000	105.12635	 78.16000
267.60000	 78.29000	104.64875	 78.29000
267.80000	 78.33000	103.93975	 78.33000
268.00000	 78.28000	103.08805	 78.28000
268.20000	 77.96000	101.84470	 77.96000
268.40000	 77.59000	100.69295	 77.59000
268.60000	 77.22000	 99.77461	 77.22000
268.80000	 76.89000	 99.17545	 76.89000
269.00000	 76.67000	 99.00078	 76.67000
269.20000	 76.83000	 99.68193	 76.83000
269.40000	 77.13000	100.67040	 77.13000
269.60000	 77.53000	101.78459	 77.53000
269.80000	 78.02000	102.91904	 78.02000
270.00000	 78.61000	104.02952	 78.61000
270.20000	 79.29000	105.05761	 79.29000
270.40000	 79.94000	105.76772	 79.94000
270.60000	 80.52000	106.10420	 80.52000
270.80000	 80.93000	105.93367	 80.93000
271.00000	 80.98000	104.99416	 80.98000
271.20000	 80.88000	103.78974	 80.88000
271.40000	 80.65000	102.46861	 80.65000
271.60000	 80.32000	101.17300	 80.32000
271.80000	 79.83000	 99.85345	 79.83000
272.00000	 79.23000	 98.64196	 79.23000
272.20000	 78.63000	 97.75483	 78.63000
272.40000	 78.11000	 97.31798	 78.11000
272.60000	 77.71000	 97.34859	 77.71000
272.80000	 77.71000	 98.26821	 77.71000
273.00000	 78.00000	 99.73974	 78.00000
273.20000	 78.43000	101.34580	 78.43000
273.40000	 78.97000	102.91791	 78.97000
273.60000	 79.61000	104.36237	 79.61000
273.80000	 80.36000	105.65718	 80.36000
274.00000	 81.06000	106.50158	 81.06000
274.20000	 81.66000	106.83910	 81.66000
274.40000	 82.02000	106.48883	 82.02000
274.60000	 81.78000	104.91701	 81.78000
274.80000	 81.35000	103.05259	 81.35000
275.00000	 80.79000	101.16342	 80.79000
275.20000	 80.16000	 99.47001	 80.16000
275.40000	 79.68000	 98.42703	 79.68000
275.60000	 79.31000	 97.94250	 79.31000
275.80000	 78.99000	 97.84221	 78.99000
276.00000	 78.75000	 98.09790	 78.75000
276.20000	 78.58000	 98.60129	 78.58000
276.40000	 78.53000	 99.35651	 78.53000
276.60000	 78.61000	100.29874	 78.61000
276.80000	 78.78000	101.28151	 78.78000
277.00000	 79.02000	102.21370	 79.02000
277.20000	 79.34000	103.08013	 79.34000
277.40000	 79.81000	103.99015	 79.81000
277.60000	 80.34000	104.76698	 80.34000
277.80000	 80.85000	105.26926	 80.85000
278.00000	 81.30000	105.45269	 81.30000
278.20000	 81.53000	105.07877	 81.53000
278.40000	 81.56000	104.26946	 81.56000
278.60000	 81.47000	103.26863	 81.47000
278.80000	 81.28000	102.19925	 81.28000
279.00000	 81.01000	101.16364	 81.01000
279.20000	 80.53000	 99.97063	 80.53000
279.40000	 80.01000	 98.96939	 80.01000
279.60000	 79.50000	 98.26168	 79.50000
279.80000	 79.08000	 97.97177	 79.08000
280.00000	 78.79000	 98.11880	 78.79000
280.20000	 79.04000	 99.36224	 79.04000
280.40000	 79.44000	100.84552	 79.44000
280.60000	 79.91000	102.29495	 79.91000
280.80000	 80.38000	103.49821	 80.38000
281.00000	 80.71000	104.16709	 80.71000
281.20000	 80.84000	104.21854	 80.84000
281.40000	 80.88000	103.92523	 80.88000
281.60000	 80.86000	103.42527	 80.86000
281.80000	 80.76000	102.76040	 80.76000
282.00000	 80.60000	102.03566	 80.60000
282.20000	 80.37000	101.28639	 80.37000
282.40000	 80.08000	100.56955	 80.08000
282.60000	 79.74000	 99.92683	 79.74000
282.80000	 79.34000	 99.34950	 79.34000
283.00000	 78.69000	 98.49604	 78.69000
283.20000	 78.02000	 97.80515	 78.02000
283.40000	 77.43000	 97.45860	 77.43000
283.60000	 76.96000	 97.49740	 76.96000
283.80000	 76.67000	 97.97190	 76.67000
284.00000	 77.06000	 99.70038	 77.06000
284.20000	 77.63000	101.61206	 77.63000
284.40000	 78.30000	103.42727	 78.30000
284.60000	 78.99000	104.91764	 78.99000
284.80000	 79.52000	105.73190	 79.52000
285.00000	 79.81000	105.77052	 79.81000
285.20000	 80.02000	105.42433	 80.02000
285.40000	 80.16000	104.81897	 80.16000
285.60000	 80.24000	104.07123	 80.24000
285.80000	 80.27000	103.28076	 80.27000
286.00000	 80.27000	102.54396	 80.27000
286.20000	 80.22000	101.86153	 80.22000
286.40000	 80.15000	101.30745	 80.15000
286.60000	 80.05000	100.86540	 80.05000
286.80000	 79.87000	100.43597	 79.87000
287.00000	 79.69000	100.15487	 79.69000
287.20000	 79.55000	100.07435	 79.55000
287.40000	 79.47000	100.19791	 79.47000
287.60000	 79.54000	100.64573	 79.54000
