  0.00000	 90.03000	 49.32645	 90.03000
  0.20000	 89.56000	 50.11445	 89.56000
  0.40000	 89.07000	 50.73722	 89.07000
  0.60000	 88.57000	 51.18854	 88.57000
  0.80000	 88.12000	 51.51460	 88.12000
  1.00000	 87.73000	 51.73891	 87.73000
  1.20000	 87.44000	 51.90886	 87.44000
  1.40000	 87.29000	 52.07045	 87.29000
  1.60000	 87.33000	 52.27090	 87.33000
  1.80000	 87.78000	 52.65926	 87.78000
  2.00000	 88.36000	 53.04209	 88.36000
  2.20000	 89.00000	 53.36616	 89.00000
  2.40000	 89.62000	 53.57990	 89.62000
  2.60000	 90.09000	 53.60981	 90.09000
  2.80000	 90.48000	 53.52560	 90.48000
  3.00000	 90.77000	 53.34200	 90.77000
  3.20000	 90.90000	 53.04868	 90.90000
  3.40000	 90.86000	 52.66907	 90.86000
  3.60000	 90.72000	 52.27703	 90.72000
  3.80000	 90.49000	 51.89992	 90.49000
  4.00000	 90.21000	 51.57651	 90.21000
  4.20000	 89.89000	 51.31708	 89.89000
  4.40000	 89.53000	 51.11816	 89.53000
  4.60000	 89.16000	 50.99095	 89.16000
  4.80000	 88.71000	 50.87777	 88.71000
  5.00000	 88.30000	 50.84609	 88.30000
  5.20000	 87.97000	 50.90713	 87.97000
  5.40000	 87.77000	 51.07439	 87.77000
  5.60000	 87.87000	 51.43480	 87.87000
  5.80000	 88.13000	 51.86411	 88.13000
  6.00000	 88.54000	 52.32615	 88.54000
  6.20000	 89.13000	 52.81680	 89.13000
  6.40000	 89.95000	 53.34962	 89.95000
  6.60000	 90.80000	 53.77871	 90.80000
  6.80000	 91.60000	 54.05066	 91.60000
  7.00000	 92.12000	 54.03050	 92.12000
  7.20000	 92.41000	 53.78731	 92.41000
  7.40000	 92.58000	 53.43842	 92.58000
  7.60000	 92.67000	 53.05160	 92.67000
  7.80000	 92.79000	 52.73041	 92.79000
  8.00000	 92.83000	 52.42011	 92.83000
  8.20000	 92.80000	 52.13733	 92.80000
  8.40000	 92.63000	 51.84118	 92.63000
  8.60000	 92.27000	 51.50348	 92.27000
  8.80000	 91.88000	 51.23415	 91.88000
  9.00000	 91.49000	 51.05058	 91.49000
  9.20000	 91.19000	 51.00145	 91.19000
  9.40000	 91.01000	 51.08696	 91.01000
  9.60000	 90.95000	 51.28121	 90.95000
  9.80000	 91.02000	 51.56260	 91.02000
 10.00000	 91.42000	 52.03284	 91.42000
 10.20000	 91.99000	 52.55202	 91.99000
 10.40000	 92.60000	 53.00642	 92.60000
 10.60000	 93.16000	 53.32350	 93.16000
 10.80000	 93.43000	 53.35117	 93.43000
 11.00000	 93.60000	 53.24129	 93.60000
 11.20000	 93.71000	 53.05277	 93.71000
 11.40000	 93.80000	 52.84169	 93.80000
 11.60000	 93.88000	 52.63759	 93.88000
 11.80000	 93.91000	 52.42990	 93.91000
 12.00000	 93.87000	 52.21656	 93.87000
 12.20000	 93.71000	 51.97324	 93.71000
 12.40000	 93.45000	 51.72106	 93.45000
 12.60000	 93.17000	 51.51812	 93.17000
 12.80000	 92.86000	 51.35771	 92.86000
 13.00000	 92.55000	 51.25495	 92.55000
 13.20000	 92.28000	 51.22732	 92.28000
 13.40000	 92.10000	 51.29423	 92.10000
 13.60000	 92.09000	 51.48963	 92.09000
 13.80000	 92.43000	 51.90557	 92.43000
 14.00000	 92.85000	 52.33036	 92.85000
 14.20000	 93.30000	 52.70517	 93.30000
 14.40000	 93.65000	 52.93241	 93.65000
 14.60000	 93.84000	 52.97775	 93.84000
 14.80000	 93.95000	 52.91298	 93.95000
 15.00000	 93.98000	 52.76235	 93.98000
 15.20000	 93.94000	 52.55712	 93.94000
 15.40000	 93.83000	 52.31956	 93.83000
 15.60000	 93.63000	 52.05514	 93.63000
 15.80000	 93.32000	 51.76609	 93.32000
 16.00000	 92.78000	 51.38757	 92.78000
 16.20000	 92.18000	 51.04641	 92.18000
 16.40000	 91.56000	 50.77659	 91.56000
 16.60000	 91.01000	 50.63512	 91.01000
 16.80000	 90.64000	 50.68022	 90.64000
 17.00000	 90.35000	 50.82094	 90.35000
 17.20000	 90.16000	 51.04300	 90.16000
 17.40000	 90.08000	 51.32647	 90.08000
 17.60000	 90.15000	 51.67322	 90.15000
 17.80000	 90.27000	 51.99626	 90.27000
 18.00000	 90.40000	 52.25653	 90.40000
 18.20000	 90.48000	 52.41209	 90.48000
 18.40000	 90.47000	 52.44474	 90.47000
 18.60000	 90.43000	 52.41007	 90.43000
 18.80000	 90.35000	 52.31960	 90.35000
 19.00000	 90.19000	 52.16518	 90.19000
 19.20000	 89.98000	 51.98437	 89.98000
 19.40000	 89.81000	 51.85038	 89.81000
 19.60000	 89.69000	 51.77569	 89.69000
 19.80000	 89.74000	 51.83645	 89.74000
 20.00000	 89.93000	 51.99971	 89.93000
 20.20000	 90.24000	 52.23362	 90.24000
 20.40000	 90.65000	 52.50561	 90.65000
 20.60000	 91.27000	 52.86966	 91.27000
 20.80000	 91.99000	 53.23443	 91.99000
 21.00000	 92.71000	 53.52130	 92.71000
 21.20000	 93.37000	 53.68919	 93.37000
 21.40000	 93.80000	 53.63786	 93.80000
 21.60000	 94.05000	 53.42672	 94.05000
 21.80000	 94.18000	 53.12822	 94.18000
 22.00000	 94.18000	 52.76735	 94.18000
 22.20000	 94.02000	 52.35223	 94.02000
 22.40000	 93.75000	 51.93915	 93.75000
 22.60000	 93.38000	 51.55086	 93.38000
 22.80000	 92.92000	 51.20262	 92.92000
 23.00000	 92.34000	 50.87723	 92.34000
 23.20000	 91.71000	 50.61914	 91.71000
 23.40000	 91.06000	 50.44074	 91.06000
 23.60000	 90.41000	 50.34255	 90.41000
 23.80000	 89.78000	 50.32132	 89.78000
 24.00000	 89.20000	 50.37797	 89.20000
 24.20000	 88.73000	 50.53116	 88.73000
 24.40000	 88.39000	 50.77092	 88.39000
 24.60000	 88.39000	 51.20901	 88.39000
 24.80000	 88.55000	 51.69424	 88.55000
 25.00000	 88.80000	 52.15293	 88.80000
 25.20000	 89.11000	 52.54864	 89.11000
 25.40000	 89.39000	 52.81744	 89.39000
 25.60000	 89.66000	 52.98023	 89.66000
 25.80000	 89.88000	 53.02671	 89.88000
 26.00000	 90.04000	 52.97214	 90.04000
 26.20000	 90.04000	 52.77643	 90.04000
 26.40000	 89.96000	 52.52142	 89.96000
 26.60000	 89.82000	 52.24642	 89.82000
 26.80000	 89.65000	 51.99089	 89.65000
 27.00000	 89.46000	 51.77333	 89.46000
 27.20000	 89.24000	 51.59198	 89.24000
 27.40000	 89.00000	 51.45310	 89.00000
 27.60000	 88.69000	 51.32019	 88.69000
 27.80000	 88.32000	 51.19617	 88.32000
 28.00000	 87.97000	 51.12934	 87.97000
 28.20000	 87.69000	 51.14430	 87.69000
 28.40000	 87.55000	 51.27326	 87.55000
 28.60000	 87.57000	 51.50953	 87.57000
 28.80000	 87.71000	 51.80370	 87.71000
 29.00000	 87.97000	 52.13414	 87.97000
 29.20000	 88.46000	 52.55366	 88.46000
 29.40000	 89.10000	 52.98976	 89.10000
 29.60000	 89.75000	 53.33620	 89.75000
 29.80000	 90.36000	 53.55824	 90.36000
 30.00000	 90.71000	 53.52379	 90.71000
 30.20000	 90.90000	 53.32837	 90.90000
 30.40000	 90.99000	 53.04721	 90.99000
 30.60000	 90.98000	 52.71354	 90.98000
 30.80000	 90.92000	 52.38751	 90.92000
 31.00000	 90.79000	 52.07471	 90.79000
 31.20000	 90.59000	 51.78661	 90.59000
 31.40000	 90.31000	 51.52225	 90.31000
 31.60000	 89.93000	 51.27019	 89.93000
 31.80000	 89.53000	 51.08186	 89.53000
 32.00000	 89.12000	 50.95747	 89.12000
 32.20000	 88.70000	 50.88663	 88.70000
 32.40000	 88.32000	 50.88938	 88.32000
 32.60000	 88.04000	 50.98907	 88.04000
 32.80000	 87.92000	 51.20474	 87.92000
 33.00000	 88.17000	 51.64764	 88.17000
 33.20000	 88.70000	 52.22164	 88.70000
 33.40000	 89.37000	 52.79790	 89.37000
 33.60000	 90.12000	 53.31107	 90.12000
 33.80000	 90.84000	 53.67771	 90.84000
 34.00000	 91.55000	 53.91604	 91.55000
 34.20000	 92.24000	 54.03540	 92.24000
 34.40000	 92.87000	 54.03212	 92.87000
 34.60000	 93.41000	 53.91369	 93.41000
 34.80000	 93.87000	 53.71600	 93.87000
 35.00000	 94.28000	 53.48618	 94.28000
 35.20000	 94.63000	 53.23998	 94.63000
 35.40000	 94.92000	 52.99425	 94.92000
 35.60000	 95.13000	 52.74761	 95.13000
 35.80000	 95.26000	 52.50805	 95.26000
 36.00000	 95.21000	 52.21571	 95.21000
 36.20000	 95.08000	 51.94326	 95.08000
 36.40000	 94.91000	 51.72017	 94.91000
 36.60000	 94.73000	 51.56360	 94.73000
 36.80000	 94.55000	 51.47215	 94.55000
 37.00000	 94.43000	 51.47298	 94.43000
 37.20000	 94.41000	 51.57527	 94.41000
 37.40000	 94.60000	 51.82903	 94.60000
 37.60000	 95.05000	 52.23792	 95.05000
 37.80000	 95.59000	 52.65790	 95.59000
 38.00000	 96.17000	 53.03204	 96.17000
 38.20000	 96.73000	 53.30892	 96.73000
 38.40000	 97.24000	 53.46957	 97.24000
 38.60000	 97.66000	 53.49939	 97.66000
 38.80000	 97.96000	 53.39905	 97.96000
 39.00000	 97.97000	 53.08476	 97.97000
 39.20000	 97.83000	 52.68492	 97.83000
 39.40000	 97.58000	 52.25957	 97.58000
 39.60000	 97.26000	 51.86049	 97.26000
 39.80000	 96.94000	 51.54830	 96.94000
 40.00000	 96.56000	 51.28667	 96.56000
 40.20000	 96.12000	 51.07241	 96.12000
 40.40000	 95.60000	 50.88585	 95.60000
 40.60000	 94.95000	 50.68727	 94.95000
 40.80000	 94.30000	 50.55654	 94.30000
 41.00000	 93.69000	 50.51020	 93.69000
 41.20000	 93.19000	 50.57910	 93.19000
 41.40000	 92.85000	 50.77484	 92.85000
 41.60000	 92.64000	 51.05186	 92.64000
 41.80000	 92.59000	 51.40390	 92.59000
 42.00000	 92.81000	 51.87737	 92.81000
 42.20000	 93.32000	 52.45695	 93.32000
 42.40000	 93.89000	 52.96479	 93.89000
 42.60000	 94.43000	 53.32936	 94.43000
 42.80000	 94.72000	 53.41277	 94.72000
 43.00000	 94.76000	 53.24429	 94.76000
 43.20000	 94.69000	 52.95817	 94.69000
 43.40000	 94.54000	 52.61514	 94.54000
 43.60000	 94.36000	 52.28139	 94.36000
 43.80000	 94.13000	 51.96657	 94.13000
 44.00000	 93.84000	 51.67797	 93.84000
 44.20000	 93.48000	 51.41610	 93.48000
 44.40000	 93.00000	 51.15086	 93.00000
 44.60000	 92.49000	 50.94212	 92.49000
 44.80000	 91.98000	 50.80504	 91.98000
 45.00000	 91.49000	 50.74285	 91.49000
 45.20000	 91.04000	 50.75470	 91.04000
 45.40000	 90.68000	 50.85639	 90.68000
 45.60000	 90.45000	 51.05394	 90.45000
 45.80000	 90.42000	 51.36996	 90.42000
 46.00000	 90.72000	 51.86180	 90.72000
 46.20000	 91.16000	 52.37200	 91.16000
 46.40000	 91.72000	 52.86206	 91.72000
 46.60000	 92.37000	 53.29693	 92.37000
 46.80000	 93.07000	 53.64528	 93.07000
 47.00000	 93.75000	 53.86630	 93.75000
 47.20000	 94.37000	 53.94927	 94.37000
 47.40000	 94.78000	 53.82071	 94.78000
 47.60000	 95.01000	 53.53602	 95.01000
 47.80000	 95.14000	 53.18638	 95.14000
 48.00000	 95.20000	 52.82453	 95.20000
 48.20000	 95.27000	 52.52634	 95.27000
 48.40000	 95.31000	 52.27668	 95.31000
 48.60000	 95.27000	 52.04603	 95.27000
 48.80000	 95.15000	 51.83443	 95.15000
 49.00000	 94.84000	 51.56891	 94.84000
 49.20000	 94.48000	 51.34352	 94.48000
 49.40000	 94.11000	 51.18271	 94.11000
 49.60000	 93.76000	 51.09878	 93.76000
 49.80000	 93.48000	 51.11187	 93.48000
 50.00000	 93.30000	 51.22385	 93.30000
 50.20000	 93.25000	 51.43273	 93.25000
 50.40000	 93.44000	 51.78579	 93.44000
 50.60000	 93.90000	 52.27256	 93.90000
 50.80000	 94.49000	 52.76961	 94.49000
 51.00000	 95.19000	 53.24035	 95.19000
 51.20000	 95.97000	 53.65165	 95.97000
 51.40000	 96.78000	 53.96743	 96.78000
 51.60000	 97.58000	 54.16827	 97.58000
 51.80000	 98.33000	 54.24368	 98.33000
 52.00000	 98.90000	 54.13210	 98.90000
 52.20000	 99.39000	 53.93114	 99.39000
 52.40000	 99.80000	 53.67203	 99.80000
 52.60000	100.12000	 53.37533	100.12000
 52.80000	100.37000	 53.07611	100.37000
 53.00000	100.53000	 52.77695	100.53000
 53.20000	100.61000	 52.49491	100.61000
 53.40000	100.62000	 52.24208	100.62000
 53.60000	100.55000	 52.01305	100.55000
 53.80000	100.38000	 51.79326	100.38000
 54.00000	100.13000	 51.59351	100.13000
 54.20000	 99.69000	 51.33926	 99.69000
 54.40000	 99.16000	 51.09765	 99.16000
 54.60000	 98.60000	 50.90790	 98.60000
 54.80000	 98.07000	 50.80412	 98.07000
 55.00000	 97.63000	 50.81378	 97.63000
 55.20000	 97.29000	 50.92488	 97.29000
 55.40000	 97.07000	 51.12807	 97.07000
 55.60000	 97.00000	 51.41874	 97.00000
 55.80000	 97.27000	 51.89498	 97.27000
 56.00000	 97.72000	 52.41913	 97.72000
 56.20000	 98.23000	 52.88563	 98.23000
 56.40000	 98.76000	 53.25476	 98.76000
 56.60000	 99.14000	 53.41631	 99.14000
 56.80000	 99.45000	 53.44120	 99.45000
 57.00000	 99.69000	 53.35558	 99.69000
 57.20000	 99.85000	 53.18147	 99.85000
 57.40000	 99.86000	 52.90165	 99.86000
 57.60000	 99.80000	 52.59702	 99.80000
 57.80000	 99.68000	 52.29651	 99.68000
 58.00000	 99.53000	 52.03463	 99.53000
 58.20000	 99.37000	 51.83106	 99.37000
 58.40000	 99.16000	 51.65909	 99.16000
 58.60000	 98.89000	 51.50863	 98.89000
 58.80000	 98.46000	 51.31044	 98.46000
 59.00000	 97.92000	 51.09792	 97.92000
 59.20000	 97.40000	 50.95708	 97.40000
 59.40000	 96.95000	 50.91485	 96.95000
 59.60000	 96.72000	 51.05516	 96.72000
 59.80000	 96.66000	 51.31972	 96.66000
 60.00000	 96.76000	 51.67252	 96.76000
 60.20000	 97.00000	 52.07200	 97.00000
 60.40000	 97.55000	 52.60396	 97.55000
 60.60000	 98.18000	 53.09097	 98.18000
 60.80000	 98.86000	 53.49803	 98.86000
 61.00000	 99.47000	 53.74445	 99.47000
 61.20000	 99.95000	 53.80439	 99.95000
 61.40000	100.34000	 53.73013	100.34000
 61.60000	100.62000	 53.53967	100.62000
 61.80000	100.70000	 53.20710	100.70000
 62.00000	100.64000	 52.80675	100.64000
 62.20000	100.50000	 52.40823	100.50000
 62.40000	100.30000	 52.04556	100.30000
 62.60000	100.17000	 51.81386	100.17000
 62.80000	 99.98000	 51.62454	 99.98000
 63.00000	 99.72000	 51.46385	 99.72000
 63.20000	 99.31000	 51.27227	 99.31000
 63.40000	 98.69000	 51.00836	 98.69000
 63.60000	 98.04000	 50.79315	 98.04000
 63.80000	 97.41000	 50.65758	 97.41000
 64.00000	 96.88000	 50.64487	 96.88000
 64.20000	 96.49000	 50.76350	 96.49000
 64.40000	 96.26000	 51.00212	 96.26000
 64.60000	 96.21000	 51.34565	 96.21000
 64.80000	 96.56000	 51.90717	 96.56000
 65.00000	 97.15000	 52.54302	 97.15000
 65.20000	 97.84000	 53.12810	 97.84000
 65.40000	 98.57000	 53.60460	 98.57000
 65.60000	 99.14000	 53.84043	 99.14000
 65.80000	 99.66000	 53.92729	 99.66000
 66.00000	100.11000	 53.88056	100.11000
 66.20000	100.47000	 53.71947	100.47000
 66.40000	100.70000	 53.45118	100.70000
 66.60000	100.86000	 53.14726	100.86000
 66.80000	100.96000	 52.84020	100.96000
 67.00000	101.03000	 52.56761	101.03000
 67.20000	101.05000	 52.32589	101.05000
 67.40000	101.00000	 52.10558	101.00000
 67.60000	100.88000	 51.90699	100.88000
 67.80000	100.62000	 51.68293	100.62000
 68.00000	100.30000	 51.48599	100.30000
 68.20000	 99.95000	 51.33354	 99.95000
 68.40000	 99.58000	 51.22639	 99.58000
 68.60000	 99.21000	 51.16924	 99.21000
 68.80000	 98.90000	 51.19044	 98.90000
 69.00000	 98.70000	 51.30771	 98.70000
 69.20000	 98.76000	 51.59896	 98.76000
 69.40000	 99.06000	 52.02190	 99.06000
 69.60000	 99.49000	 52.47299	 99.49000
 69.80000	100.00000	 52.89492	100.00000
 70.00000	100.59000	 53.27325	100.59000
 70.20000	101.19000	 53.55697	101.19000
 70.40000	101.74000	 53.71229	101.74000
 70.60000	102.19000	 53.72243	102.19000
 70.80000	102.37000	 53.50194	102.37000
 71.00000	102.44000	 53.19256	102.44000
 71.20000	102.41000	 52.83563	102.41000
 71.40000	102.34000	 52.49841	102.34000
 71.60000	102.23000	 52.19873	102.23000
 71.80000	102.05000	 51.92594	102.05000
 72.00000	101.78000	 51.67053	101.78000
 72.20000	101.31000	 51.36203	101.31000
 72.40000	100.73000	 51.06381	100.73000
 72.60000	100.14000	 50.84297	100.14000
 72.80000	 99.60000	 50.73266	 99.60000
 73.00000	 99.24000	 50.80260	 99.24000
 73.20000	 99.02000	 51.00020	 99.02000
 73.40000	 98.93000	 51.28859	 98.93000
 73.60000	 99.02000	 51.67056	 99.02000
 73.80000	 99.42000	 52.20105	 99.42000
 74.00000	 99.92000	 52.71057	 99.92000
 74.20000	100.48000	 53.15198	100.48000
 74.40000	101.00000	 53.45245	101.00000
 74.60000	101.45000	 53.60020	101.45000
 74.80000	101.83000	 53.61486	101.83000
 75.00000	102.13000	 53.51608	102.13000
 75.20000	102.26000	 53.27444	102.26000
 75.40000	102.28000	 52.96189	102.28000
 75.60000	102.23000	 52.63384	102.23000
 75.80000	102.14000	 52.33153	102.14000
 76.00000	102.09000	 52.11928	102.09000
 76.20000	101.99000	 51.93922	101.99000
 76.40000	101.81000	 51.76905	101.81000
 76.60000	101.45000	 51.54109	101.45000
 76.80000	100.90000	 51.25202	100.90000
 77.00000	100.30000	 51.00002	100.30000
 77.20000	 99.70000	 50.81917	 99.70000
 77.40000	 99.19000	 50.76213	 99.19000
 77.60000	 98.79000	 50.82639	 98.79000
 77.80000	 98.53000	 51.00930	 98.53000
 78.00000	 98.46000	 51.31687	 98.46000
 78.20000	 98.80000	 51.86146	 98.80000
 78.40000	 99.35000	 52.47128	 99.35000
 78.60000	 99.99000	 53.03341	 99.99000
 78.80000	100.65000	 53.48275	100.65000
 79.00000	101.18000	 53.71933	101.18000
 79.20000	101.67000	 53.81918	101.67000
 79.40000	102.09000	 53.78816	102.09000
 79.60000	102.42000	 53.64317	102.42000
 79.80000	102.65000	 53.40904	102.65000
 80.00000	102.80000	 53.12869	102.80000
 80.20000	102.87000	 52.82717	102.87000
 80.40000	102.88000	 52.53663	102.88000
 80.60000	102.81000	 52.25637	102.81000
 80.80000	102.65000	 51.98731	102.65000
 81.00000	102.38000	 51.72045	102.38000
 81.20000	101.96000	 51.43235	101.96000
 81.40000	101.48000	 51.18463	101.48000
 81.60000	100.96000	 50.98873	100.96000
 81.80000	100.40000	 50.83865	100.40000
 82.00000	 99.83000	 50.74527	 99.83000
 82.20000	 99.33000	 50.74897	 99.33000
 82.40000	 98.97000	 50.87807	 98.97000
 82.60000	 98.90000	 51.20607	 98.90000
 82.80000	 99.10000	 51.68538	 99.10000
 83.00000	 99.44000	 52.19398	 99.44000
 83.20000	 99.89000	 52.68357	 99.89000
 83.40000	100.45000	 53.13607	100.45000
 83.60000	101.05000	 53.49738	101.05000
 83.80000	101.61000	 53.71834	101.61000
 84.00000	102.07000	 53.77518	102.07000
 84.20000	102.29000	 53.60325	102.29000
 84.40000	102.40000	 53.32576	102.40000
 84.60000	102.42000	 52.99266	102.42000
 84.80000	102.33000	 52.62179	102.33000
 85.00000	102.17000	 52.26376	102.17000
 85.20000	101.98000	 51.96025	101.98000
 85.40000	101.77000	 51.72348	101.77000
 85.60000	101.67000	 51.63509	101.67000
 85.80000	101.57000	 51.60848	101.57000
 86.00000	101.44000	 51.60764	101.44000
 86.20000	101.23000	 51.58629	101.23000
 86.40000	100.83000	 51.46554	100.83000
 86.60000	100.41000	 51.35897	100.41000
 86.80000	100.00000	 51.28720	100.00000
 87.00000	 99.62000	 51.26074	 99.62000
 87.20000	 99.33000	 51.31241	 99.33000
 87.40000	 99.17000	 51.45667	 99.17000
 87.60000	 99.21000	 51.72225	 99.21000
 87.80000	 99.66000	 52.22217	 99.66000
 88.00000	100.41000	 52.84799	100.41000
 88.20000	101.29000	 53.45244	101.29000
 88.40000	102.23000	 53.96656	102.23000
 88.60000	103.14000	 54.32439	103.14000
 88.80000	103.99000	 54.51592	103.99000
 89.00000	104.74000	 54.53745	104.74000
 89.20000	105.29000	 54.35566	105.29000
 89.40000	105.60000	 53.98540	105.60000
 89.60000	105.77000	 53.53698	105.77000
 89.80000	105.81000	 53.05575	105.81000
 90.00000	105.76000	 52.59741	105.76000
 90.20000	105.61000	 52.17390	105.61000
 90.40000	105.39000	 51.81391	105.39000
 90.60000	105.09000	 51.51133	105.09000
 90.80000	104.74000	 51.28026	104.74000
 91.00000	104.33000	 51.10374	104.33000
 91.20000	103.84000	 50.95635	103.84000
 91.40000	103.26000	 50.82010	103.26000
 91.60000	102.59000	 50.68588	102.59000
 91.80000	101.90000	 50.59227	101.90000
 92.00000	101.23000	 50.55668	101.23000
 92.20000	100.60000	 50.58069	100.60000
 92.40000	100.05000	 50.67673	100.05000
 92.60000	 99.62000	 50.85461	 99.62000
 92.80000	 99.33000	 51.10856	 99.33000
 93.00000	 99.36000	 51.53493	 99.36000
 93.20000	 99.54000	 51.99410	 99.54000
 93.40000	 99.83000	 52.43671	 99.83000
 93.60000	100.21000	 52.83525	100.21000
 93.80000	100.67000	 53.17745	100.67000
 94.00000	101.13000	 53.41301	101.13000
 94.20000	101.54000	 53.52072	101.54000
 94.40000	101.78000	 53.44272	101.78000
 94.60000	101.82000	 53.19067	101.82000
 94.80000	101.75000	 52.86041	101.75000
 95.00000	101.57000	 52.48532	101.57000
 95.20000	101.27000	 52.08616	101.27000
 95.40000	100.89000	 51.70975	100.89000
 95.60000	100.44000	 51.37481	100.44000
 95.80000	 99.96000	 51.11167	 99.96000
 96.00000	 99.55000	 50.98121	 99.55000
 96.20000	 99.11000	 50.90377	 99.11000
 96.40000	 98.64000	 50.86385	 98.64000
 96.60000	 98.11000	 50.82777	 98.11000
 96.80000	 97.42000	 50.72057	 97.42000
 97.00000	 96.70000	 50.62563	 96.70000
 97.20000	 95.96000	 50.54778	 95.96000
 97.40000	 95.24000	 50.51010	 95.24000
 97.60000	 94.51000	 50.48750	 94.51000
 97.80000	 93.88000	 50.54568	 93.88000
 98.00000	 93.37000	 50.68630	 93.37000
 98.20000	 93.06000	 50.94562	 93.06000
 98.40000	 93.09000	 51.39240	 93.09000
 98.60000	 93.30000	 51.89091	 93.30000
 98.80000	 93.65000	 52.38824	 93.65000
 99.00000	 94.15000	 52.87238	 94.15000
 99.20000	 94.78000	 53.31908	 94.78000
 99.40000	 95.44000	 53.65956	 95.44000
 99.60000	 96.10000	 53.88166	 96.10000
 99.80000	 96.65000	 53.93051	 96.65000
100.00000	 97.07000	 53.82067	 97.07000
100.20000	 97.41000	 53.61835	 97.41000
100.40000	 97.67000	 53.35566	 97.67000
100.60000	 97.80000	 53.02816	 97.80000
100.80000	 97.84000	 52.68696	 97.84000
101.00000	 97.82000	 52.37010	 97.82000
101.20000	 97.74000	 52.08816	 97.74000
101.40000	 97.62000	 51.85797	 97.62000
101.60000	 97.47000	 51.68376	 97.47000
101.80000	 97.29000	 51.55866	 97.29000
102.00000	 97.10000	 51.48614	 97.10000
102.20000	 96.93000	 51.47404	 96.93000
102.40000	 96.74000	 51.48285	 96.74000
102.60000	 96.55000	 51.51401	 96.55000
102.80000	 96.30000	 51.51870	 96.30000
103.00000	 96.02000	 51.51176	 96.02000
103.20000	 95.77000	 51.52989	 95.77000
103.40000	 95.60000	 51.60163	 95.60000
103.60000	 95.56000	 51.75169	 95.56000
103.80000	 95.68000	 51.98694	 95.68000
104.00000	 95.93000	 52.27149	 95.93000
104.20000	 96.33000	 52.60228	 96.33000
104.40000	 96.97000	 53.02224	 96.97000
104.60000	 97.78000	 53.46745	 97.78000
104.80000	 98.67000	 53.86461	 98.67000
105.00000	 99.59000	 54.17560	 99.59000
105.20000	100.46000	 54.35289	100.46000
105.40000	101.29000	 54.41842	101.29000
105.60000	102.06000	 54.38051	102.06000
105.80000	102.72000	 54.23128	102.72000
106.00000	103.23000	 53.97221	103.23000
106.20000	103.64000	 53.66474	103.64000
106.40000	103.94000	 53.32701	103.94000
106.60000	104.14000	 52.98529	104.14000
106.80000	104.23000	 52.64704	104.23000
107.00000	104.22000	 52.32793	104.22000
107.20000	104.11000	 52.03239	104.11000
107.40000	103.87000	 51.74174	103.87000
107.60000	103.54000	 51.48170	103.54000
107.80000	103.10000	 51.23626	103.10000
108.00000	102.56000	 51.00821	102.56000
108.20000	101.82000	 50.72864	101.82000
108.40000	101.07000	 50.52196	101.07000
108.60000	100.36000	 50.41472	100.36000
108.80000	 99.79000	 50.45817	 99.79000
109.00000	 99.48000	 50.70651	 99.48000
109.20000	 99.33000	 51.05987	 99.33000
109.40000	 99.35000	 51.49057	 99.35000
109.60000	 99.60000	 52.00664	 99.60000
109.80000	100.12000	 52.60483	100.12000
110.00000	100.73000	 53.14124	100.73000
110.20000	101.36000	 53.55751	101.36000
110.40000	101.87000	 53.76548	101.87000
110.60000	102.22000	 53.76048	102.22000
110.80000	102.50000	 53.63528	102.50000
111.00000	102.70000	 53.41868	102.70000
111.20000	102.81000	 53.13719	102.81000
111.40000	102.84000	 52.82613	102.84000
111.60000	102.79000	 52.50818	102.79000
111.80000	102.67000	 52.20606	102.67000
112.00000	102.44000	 51.90359	102.44000
112.20000	102.17000	 51.65259	102.17000
112.40000	101.85000	 51.44624	101.85000
112.60000	101.54000	 51.31878	101.54000
112.80000	101.25000	 51.26608	101.25000
113.00000	100.92000	 51.23496	100.92000
113.20000	100.55000	 51.21339	100.55000
113.40000	100.06000	 51.14037	100.06000
113.60000	 99.46000	 51.02064	 99.46000
113.80000	 98.87000	 50.93485	 98.87000
114.00000	 98.34000	 50.91426	 98.34000
114.20000	 97.95000	 51.00371	 97.95000
114.40000	 97.71000	 51.19470	 97.71000
114.60000	 97.59000	 51.44805	 97.59000
114.80000	 97.61000	 51.75722	 97.61000
115.00000	 97.83000	 52.14239	 97.83000
115.20000	 98.20000	 52.55143	 98.20000
115.40000	 98.67000	 52.93625	 98.67000
115.60000	 99.23000	 53.28185	 99.23000
115.80000	 99.89000	 53.59262	 99.89000
116.00000	100.57000	 53.81886	100.57000
116.20000	101.24000	 53.95058	101.24000
116.40000	101.83000	 53.95799	101.83000
116.60000	102.29000	 53.83115	102.29000
116.80000	102.70000	 53.64979	102.70000
117.00000	103.05000	 53.43195	103.05000
117.20000	103.36000	 53.21091	103.36000
117.40000	103.62000	 52.99453	103.62000
117.60000	103.83000	 52.79225	103.83000
117.80000	104.00000	 52.61566	104.00000
118.00000	104.13000	 52.46583	104.13000
118.20000	104.19000	 52.32153	104.19000
118.40000	104.19000	 52.18734	104.19000
118.60000	104.03000	 51.99631	104.03000
118.80000	103.71000	 51.75201	103.71000
119.00000	103.38000	 51.55868	103.38000
119.20000	103.11000	 51.46178	103.11000
119.40000	103.01000	 51.52348	103.01000
119.60000	103.09000	 51.72929	103.09000
119.80000	103.32000	 52.03186	103.32000
120.00000	103.70000	 52.40290	103.70000
120.20000	104.41000	 52.93278	104.41000
120.40000	105.22000	 53.44035	105.22000
120.60000	106.06000	 53.86005	106.06000
120.80000	106.84000	 54.12802	106.84000
121.00000	107.49000	 54.20938	107.49000
121.20000	108.03000	 54.14171	108.03000
121.40000	108.46000	 53.95607	108.46000
121.60000	108.72000	 53.64622	108.72000
121.80000	108.83000	 53.25915	108.83000
122.00000	108.80000	 52.83205	108.80000
122.20000	108.64000	 52.39626	108.64000
122.40000	108.34000	 51.96321	108.34000
122.60000	107.96000	 51.58362	107.96000
122.80000	107.52000	 51.27354	107.52000
123.00000	107.15000	 51.11246	107.15000
123.20000	106.79000	 51.04448	106.79000
123.40000	106.36000	 50.99725	106.36000
123.60000	105.83000	 50.93503	105.83000
123.80000	105.04000	 50.74442	105.04000
124.00000	104.18000	 50.55306	104.18000
124.20000	103.30000	 50.39665	103.30000
124.40000	102.48000	 50.32588	102.48000
124.60000	101.77000	 50.36433	101.77000
124.80000	101.18000	 50.50221	101.18000
125.00000	100.74000	 50.73840	100.74000
125.20000	100.62000	 51.15942	100.62000
125.40000	100.74000	 51.68031	100.74000
125.60000	100.97000	 52.18489	100.97000
125.80000	101.23000	 52.60088	101.23000
126.00000	101.38000	 52.83196	101.38000
126.20000	101.48000	 52.93025	101.48000
126.40000	101.52000	 52.91101	101.52000
126.60000	101.48000	 52.78742	101.48000
126.80000	101.33000	 52.56796	101.33000
127.00000	101.12000	 52.31316	101.12000
127.20000	100.86000	 52.05229	100.86000
127.40000	100.55000	 51.80165	100.55000
127.60000	100.20000	 51.57797	100.20000
127.80000	 99.81000	 51.38575	 99.81000
128.00000	 99.36000	 51.21216	 99.36000
128.20000	 98.88000	 51.07480	 98.88000
128.40000	 98.34000	 50.94959	 98.34000
128.60000	 97.75000	 50.83852	 97.75000
128.80000	 97.06000	 50.70479	 97.06000
129.00000	 96.22000	 50.51500	 96.22000
129.20000	 95.38000	 50.37044	 95.38000
129.40000	 94.57000	 50.28922	 94.57000
129.60000	 93.88000	 50.32269	 93.88000
129.80000	 93.33000	 50.46831	 93.33000
130.00000	 92.94000	 50.71788	 92.94000
130.20000	 92.73000	 51.06003	 92.73000
130.40000	 92.82000	 51.54696	 92.82000
130.60000	 93.20000	 52.14131	 93.20000
130.80000	 93.71000	 52.70849	 93.71000
131.00000	 94.32000	 53.21026	 94.32000
131.20000	 94.95000	 53.58817	 94.95000
131.40000	 95.58000	 53.83637	 95.58000
131.60000	 96.19000	 53.95913	 96.19000
131.80000	 96.73000	 53.94789	 96.73000
132.00000	 97.12000	 53.77999	 97.12000
132.20000	 97.43000	 53.53542	 97.43000
132.40000	 97.67000	 53.25186	 97.67000
132.60000	 97.86000	 52.96745	 97.86000
132.80000	 97.99000	 52.69321	 97.99000
133.00000	 98.05000	 52.43374	 98.05000
133.20000	 98.04000	 52.19522	 98.04000
133.40000	 97.90000	 51.94109	 97.90000
133.60000	 97.67000	 51.70004	 97.67000
133.80000	 97.40000	 51.50500	 97.40000
134.00000	 97.11000	 51.36492	 97.11000
134.20000	 96.78000	 51.25889	 96.78000
134.40000	 96.49000	 51.22981	 96.49000
134.60000	 96.30000	 51.30313	 96.30000
134.80000	 96.28000	 51.50527	 96.28000
135.00000	 96.55000	 51.88876	 96.55000
135.20000	 96.98000	 52.33550	 96.98000
135.40000	 97.56000	 52.80959	 97.56000
135.60000	 98.34000	 53.32058	 98.34000
135.80000	 99.29000	 53.83006	 99.29000
136.00000	100.28000	 54.24123	100.28000
136.20000	101.26000	 54.52227	101.26000
136.40000	102.06000	 54.57597	102.06000
136.60000	102.73000	 54.46471	102.73000
136.80000	103.30000	 54.24413	103.30000
137.00000	103.76000	 53.94311	103.76000
137.20000	104.10000	 53.58713	104.10000
137.40000	104.32000	 53.20336	104.32000
137.60000	104.44000	 52.82602	104.44000
137.80000	104.46000	 52.46912	104.46000
138.00000	104.37000	 52.13384	104.37000
138.20000	104.19000	 51.83622	104.19000
138.40000	103.93000	 51.58120	103.93000
138.60000	103.58000	 51.35712	103.58000
138.80000	103.17000	 51.17675	103.17000
139.00000	102.71000	 51.03774	102.71000
139.20000	102.23000	 50.94940	102.23000
139.40000	101.71000	 50.88703	101.71000
139.60000	101.21000	 50.87872	101.21000
139.80000	100.77000	 50.93783	100.77000
140.00000	100.44000	 51.08171	100.44000
140.20000	100.31000	 51.35029	100.31000
140.40000	100.35000	 51.69998	100.35000
140.60000	100.54000	 52.09364	100.54000
140.80000	100.94000	 52.54929	100.94000
141.00000	101.67000	 53.12451	101.67000
141.20000	102.49000	 53.63946	102.49000
141.40000	103.32000	 54.03115	103.32000
141.60000	104.00000	 54.20004	104.00000
141.80000	104.48000	 54.13740	104.48000
142.00000	104.86000	 53.94583	104.86000
142.20000	105.13000	 53.65728	105.13000
142.40000	105.29000	 53.30735	105.29000
142.60000	105.35000	 52.93285	105.35000
142.80000	105.34000	 52.57637	105.34000
143.00000	105.25000	 52.24573	105.25000
143.20000	105.13000	 51.98057	105.13000
143.40000	104.93000	 51.74743	104.93000
143.60000	104.65000	 51.54238	104.65000
143.80000	104.24000	 51.32763	104.24000
144.00000	103.72000	 51.11308	103.72000
144.20000	103.14000	 50.92878	103.14000
144.40000	102.55000	 50.80254	102.55000
144.60000	101.94000	 50.71927	101.94000
144.80000	101.36000	 50.70123	101.36000
145.00000	100.88000	 50.78052	100.88000
145.20000	100.54000	 50.96485	100.54000
145.40000	100.54000	 51.36107	100.54000
145.60000	100.78000	 51.86947	100.78000
145.80000	101.15000	 52.38433	101.15000
146.00000	101.61000	 52.85536	101.61000
146.20000	102.10000	 53.23115	102.10000
146.40000	102.62000	 53.51199	102.62000
146.60000	103.11000	 53.66834	103.11000
146.80000	103.52000	 53.68603	103.52000
147.00000	103.79000	 53.55187	103.79000
147.20000	103.98000	 53.33656	103.98000
147.40000	104.10000	 53.07624	104.10000
147.60000	104.14000	 52.78917	104.14000
147.80000	104.13000	 52.51429	104.13000
148.00000	104.05000	 52.25100	104.05000
148.20000	103.93000	 52.02603	103.93000
148.40000	103.78000	 51.84724	103.78000
148.60000	103.58000	 51.69829	103.58000
148.80000	103.30000	 51.55453	103.30000
149.00000	102.94000	 51.41171	102.94000
149.20000	102.33000	 51.15690	102.33000
149.40000	101.70000	 50.94682	101.70000
149.60000	101.09000	 50.80871	101.09000
149.80000	100.60000	 50.80134	100.60000
150.00000	100.31000	 50.96012	100.31000
150.20000	100.19000	 51.23893	100.19000
150.40000	100.24000	 51.60809	100.24000
150.60000	100.58000	 52.11625	100.58000
150.80000	101.23000	 52.74351	101.23000
151.00000	101.97000	 53.31413	101.97000
151.20000	102.74000	 53.77153	102.74000
151.40000	103.37000	 54.00432	103.37000
151.60000	103.87000	 54.03897	103.87000
151.80000	104.25000	 53.91438	104.25000
152.00000	104.52000	 53.67442	104.52000
152.20000	104.54000	 53.26531	104.54000
152.40000	104.46000	 52.82507	104.46000
152.60000	104.29000	 52.39144	104.29000
152.80000	104.11000	 52.03702	104.11000
153.00000	103.95000	 51.78818	103.95000
153.20000	103.72000	 51.58162	103.72000
153.40000	103.42000	 51.40969	103.42000
153.60000	102.93000	 51.18618	102.93000
153.80000	102.29000	 50.93560	102.29000
154.00000	101.60000	 50.72402	101.60000
154.20000	100.90000	 50.57452	100.90000
154.40000	100.24000	 50.51162	100.24000
154.60000	 99.65000	 50.54116	 99.65000
154.80000	 99.17000	 50.67094	 99.17000
155.00000	 98.85000	 50.91141	 98.85000
155.20000	 98.85000	 51.34056	 98.85000
155.40000	 99.08000	 51.86516	 99.08000
155.60000	 99.48000	 52.41342	 99.48000
155.80000	100.04000	 52.95398	100.04000
156.00000	100.83000	 53.51575	100.83000
156.20000	101.71000	 53.99526	101.71000
156.40000	102.60000	 54.33970	102.60000
156.60000	103.42000	 54.50941	103.42000
156.80000	104.06000	 54.45809	104.06000
157.00000	104.61000	 54.28176	104.61000
157.20000	105.07000	 54.01836	105.07000
157.40000	105.43000	 53.69582	105.43000
157.60000	105.70000	 53.34990	105.70000
157.80000	105.86000	 52.99006	105.86000
158.00000	105.93000	 52.64590	105.93000
158.20000	105.89000	 52.31444	105.89000
158.40000	105.75000	 52.00771	105.75000
158.60000	105.53000	 51.74000	105.53000
158.80000	105.20000	 51.48909	105.20000
159.00000	104.78000	 51.26422	104.78000
159.20000	104.33000	 51.09903	104.33000
159.40000	103.87000	 50.99720	103.87000
159.60000	103.43000	 50.96571	103.43000
159.80000	103.04000	 51.00872	103.04000
160.00000	102.74000	 51.13455	102.74000
160.20000	102.57000	 51.34916	102.57000
160.40000	102.69000	 51.73395	102.69000
160.60000	102.95000	 52.16100	102.95000
160.80000	103.34000	 52.59857	103.34000
161.00000	103.83000	 53.00894	103.83000
161.20000	104.42000	 53.38210	104.42000
161.40000	105.03000	 53.66308	105.03000
161.60000	105.61000	 53.82606	105.61000
161.80000	106.05000	 53.81560	106.05000
162.00000	106.33000	 53.64582	106.33000
162.20000	106.50000	 53.38267	106.50000
162.40000	106.56000	 53.05812	106.56000
162.60000	106.47000	 52.67415	106.47000
162.80000	106.28000	 52.28778	106.28000
163.00000	106.02000	 51.93559	106.02000
163.20000	105.70000	 51.63263	105.70000
163.40000	105.36000	 51.40597	105.36000
163.60000	104.97000	 51.22981	104.97000
163.80000	104.51000	 51.08194	104.51000
164.00000	103.93000	 50.92089	103.93000
164.20000	103.24000	 50.74784	103.24000
164.40000	102.50000	 50.59892	102.50000
164.60000	101.73000	 50.48289	101.73000
164.80000	100.97000	 50.41955	100.97000
165.00000	100.22000	 50.39975	100.22000
165.20000	 99.55000	 50.45825	 99.55000
165.40000	 98.98000	 50.59345	 98.98000
165.60000	 98.60000	 50.84626	 98.60000
165.80000	 98.40000	 51.18743	 98.40000
166.00000	 98.36000	 51.58008	 98.36000
166.20000	 98.49000	 52.00941	 98.49000
166.40000	 98.89000	 52.52208	 98.89000
166.60000	 99.48000	 53.04636	 99.48000
166.80000	100.15000	 53.49649	100.15000
167.00000	100.85000	 53.83706	100.85000
167.20000	101.45000	 53.99239	101.45000
167.40000	102.01000	 54.02437	102.01000
167.60000	102.50000	 53.94128	102.50000
167.80000	102.91000	 53.76662	102.91000
168.00000	103.18000	 53.49092	103.18000
168.20000	103.39000	 53.19557	103.39000
168.40000	103.53000	 52.89643	103.53000
168.60000	103.68000	 52.66095	103.68000
168.80000	103.80000	 52.46815	103.80000
169.00000	103.84000	 52.28503	103.84000
169.20000	103.78000	 52.09717	103.78000
169.40000	103.43000	 51.78110	103.43000
169.60000	103.00000	 51.48379	103.00000
169.80000	102.59000	 51.27580	102.59000
170.00000	102.29000	 51.21096	102.29000
170.20000	102.23000	 51.35687	102.23000
170.40000	102.33000	 51.63082	102.33000
170.60000	102.58000	 51.99295	102.58000
170.80000	103.07000	 52.47011	103.07000
171.00000	103.78000	 53.01714	103.78000
171.20000	104.58000	 53.52135	104.58000
171.40000	105.41000	 53.92828	105.41000
171.60000	106.18000	 54.17818	106.18000
171.80000	106.89000	 54.28470	106.89000
172.00000	107.51000	 54.25145	107.51000
172.20000	107.99000	 54.07512	107.99000
172.40000	108.26000	 53.74397	108.26000
172.60000	108.40000	 53.34726	108.40000
172.80000	108.42000	 52.92349	108.42000
173.00000	108.37000	 52.52960	108.37000
173.20000	108.22000	 52.16031	108.22000
173.40000	107.94000	 51.80358	107.94000
173.60000	107.51000	 51.45020	107.51000
173.80000	106.70000	 50.95363	106.70000
174.00000	105.80000	 50.51579	105.80000
174.20000	104.89000	 50.19275	104.89000
174.40000	104.10000	 50.06068	104.10000
174.60000	103.55000	 50.17374	103.55000
174.80000	103.18000	 50.45408	103.18000
175.00000	103.00000	 50.86548	103.00000
175.20000	103.14000	 51.45022	103.14000
175.40000	103.56000	 52.13754	103.56000
175.60000	104.11000	 52.79008	104.11000
175.80000	104.71000	 53.33158	104.71000
176.00000	105.25000	 53.68455	105.25000
176.20000	105.75000	 53.87522	105.75000
176.40000	106.18000	 53.90877	106.18000
176.60000	106.50000	 53.79112	106.50000
176.80000	106.65000	 53.51969	106.65000
177.00000	106.72000	 53.19203	106.72000
177.20000	106.73000	 52.85357	106.73000
177.40000	106.74000	 52.56652	106.74000
177.60000	106.73000	 52.32934	106.73000
177.80000	106.66000	 52.11930	106.66000
178.00000	106.52000	 51.92946	106.52000
178.20000	106.25000	 51.71872	106.25000
178.40000	105.93000	 51.53897	105.93000
178.60000	105.55000	 51.38091	105.55000
178.80000	105.09000	 51.22752	105.09000
179.00000	104.57000	 51.08832	104.57000
179.20000	104.11000	 51.03711	104.11000
179.40000	103.75000	 51.08887	103.75000
179.60000	103.67000	 51.34276	103.67000
179.80000	103.79000	 51.71644	103.79000
180.00000	104.07000	 52.15172	104.07000
180.20000	104.55000	 52.64644	104.55000
180.40000	105.29000	 53.21460	105.29000
180.60000	106.11000	 53.71609	106.11000
180.80000	106.95000	 54.10210	106.95000
181.00000	107.66000	 54.27969	107.66000
181.20000	108.24000	 54.27120	108.24000
181.40000	108.71000	 54.12248	108.71000
181.60000	109.03000	 53.84361	109.03000
181.80000	109.14000	 53.43285	109.14000
182.00000	109.12000	 52.97975	109.12000
182.20000	108.99000	 52.52727	108.99000
182.40000	108.76000	 52.10250	108.76000
182.60000	108.46000	 51.73635	108.46000
182.80000	108.12000	 51.45055	108.12000
183.00000	107.78000	 51.26491	107.78000
183.20000	107.53000	 51.22392	107.53000
183.40000	107.28000	 51.24639	107.28000
183.60000	106.98000	 51.27806	106.98000
183.80000	106.52000	 51.23171	106.52000
184.00000	105.86000	 51.07752	105.86000
184.20000	105.22000	 50.96485	105.22000
184.40000	104.69000	 50.95294	104.69000
184.60000	104.47000	 51.16235	104.47000
184.80000	104.51000	 51.53423	104.51000
185.00000	104.75000	 51.99634	104.75000
185.20000	105.20000	 52.52368	105.20000
185.40000	105.98000	 53.16611	105.98000
185.60000	106.87000	 53.75179	106.87000
185.80000	107.80000	 54.22047	107.80000
186.00000	108.62000	 54.47594	108.62000
186.20000	109.29000	 54.51292	109.29000
186.40000	109.88000	 54.41135	109.88000
186.60000	110.38000	 54.20183	110.38000
186.80000	110.78000	 53.91368	110.78000
187.00000	111.08000	 53.57898	111.08000
187.20000	111.25000	 53.20484	111.25000
187.40000	111.30000	 52.81964	111.30000
187.60000	111.21000	 52.42654	111.21000
187.80000	110.99000	 52.04369	110.99000
188.00000	110.62000	 51.66516	110.62000
188.20000	110.00000	 51.23057	110.00000
188.40000	109.32000	 50.87060	109.32000
188.60000	108.64000	 50.62240	108.64000
188.80000	108.13000	 50.58408	108.13000
189.00000	107.79000	 50.72786	107.79000
189.20000	107.55000	 50.97225	107.55000
189.40000	107.40000	 51.27628	107.40000
189.60000	107.33000	 51.60407	107.33000
189.80000	107.33000	 51.92664	107.33000
190.00000	107.38000	 52.21603	107.38000
190.20000	107.46000	 52.45215	107.46000
190.40000	107.58000	 52.64155	107.58000
190.60000	107.68000	 52.75000	107.68000
190.80000	107.72000	 52.76246	107.72000
191.00000	107.61000	 52.63723	107.61000
191.20000	107.35000	 52.39859	107.35000
191.40000	106.99000	 52.10620	106.99000
191.60000	106.53000	 51.78395	106.53000
191.80000	105.97000	 51.45109	105.97000
192.00000	105.33000	 51.13476	105.33000
192.20000	104.63000	 50.85606	104.63000
192.40000	103.89000	 50.62993	103.89000
192.60000	103.10000	 50.44628	103.10000
192.80000	102.30000	 50.32438	102.30000
193.00000	101.49000	 50.25379	101.49000
193.20000	100.66000	 50.21596	100.66000
193.40000	 99.84000	 50.21880	 99.84000
193.60000	 99.08000	 50.28281	 99.08000
193.80000	 98.41000	 50.41350	 98.41000
194.00000	 97.93000	 50.65965	 97.93000
194.20000	 97.65000	 51.00609	 97.65000
194.40000	 97.52000	 51.39628	 97.52000
194.60000	 97.53000	 51.80301	 97.53000
194.80000	 97.71000	 52.22991	 97.71000
195.00000	 98.02000	 52.63854	 98.02000
195.20000	 98.42000	 52.99621	 98.42000
195.40000	 98.87000	 53.27727	 98.87000
195.60000	 99.33000	 53.46334	 99.33000
195.80000	 99.77000	 53.54919	 99.77000
196.00000	100.18000	 53.54763	100.18000
196.20000	100.52000	 53.45439	100.52000
196.40000	100.72000	 53.24779	100.72000
196.60000	100.82000	 52.98052	100.82000
196.80000	100.84000	 52.68971	100.84000
197.00000	100.74000	 52.36841	100.74000
197.20000	100.50000	 52.01953	100.50000
197.40000	100.22000	 51.72106	100.22000
197.60000	 99.92000	 51.49038	 99.92000
197.80000	 99.70000	 51.38874	 99.70000
198.00000	 99.56000	 51.40169	 99.56000
198.20000	 99.45000	 51.47618	 99.45000
198.40000	 99.39000	 51.60497	 99.39000
198.60000	 99.39000	 51.77549	 99.39000
198.80000	 99.43000	 51.95776	 99.43000
199.00000	 99.48000	 52.11953	 99.48000
199.20000	 99.52000	 52.24091	 99.52000
199.40000	 99.41000	 52.23045	 99.41000
199.60000	 99.29000	 52.19019	 99.29000
199.80000	 99.23000	 52.17623	 99.23000
200.00000	 99.30000	 52.23887	 99.30000
200.20000	 99.64000	 52.46500	 99.64000
200.40000	100.11000	 52.74654	100.11000
200.60000	100.71000	 53.06622	100.71000
200.80000	101.44000	 53.40861	101.44000
201.00000	102.30000	 53.76104	102.30000
201.20000	103.19000	 54.04935	103.19000
201.40000	104.06000	 54.24071	104.06000
201.60000	104.83000	 54.29224	104.83000
201.80000	105.50000	 54.22314	105.50000
202.00000	106.04000	 54.03862	106.04000
202.20000	106.42000	 53.74711	106.42000
202.40000	106.55000	 53.31961	106.55000
202.60000	106.53000	 52.85353	106.53000
202.80000	106.41000	 52.40731	106.41000
203.00000	106.23000	 52.02290	106.23000
203.20000	106.01000	 51.71847	106.01000
203.40000	105.74000	 51.48353	105.74000
203.60000	105.45000	 51.32806	105.45000
203.80000	105.17000	 51.25738	105.17000
204.00000	104.88000	 51.24082	104.88000
204.20000	104.59000	 51.26740	104.59000
204.40000	104.29000	 51.31453	104.29000
204.60000	103.95000	 51.34968	103.95000
204.80000	103.61000	 51.39068	103.61000
205.00000	103.29000	 51.44436	103.29000
205.20000	102.99000	 51.50532	102.99000
205.40000	102.71000	 51.56916	102.71000
205.60000	102.50000	 51.66489	102.50000
205.80000	102.39000	 51.80667	102.39000
206.00000	102.43000	 52.01898	102.43000
206.20000	102.72000	 52.35448	102.72000
206.40000	103.13000	 52.70958	103.13000
206.60000	103.64000	 53.05605	103.64000
206.80000	104.27000	 53.39719	104.27000
207.00000	104.99000	 53.70757	104.99000
207.20000	105.72000	 53.93436	105.72000
207.40000	106.41000	 54.05239	106.41000
207.60000	106.93000	 53.99283	106.93000
207.80000	107.34000	 53.82158	107.34000
208.00000	107.66000	 53.58076	107.66000
208.20000	107.88000	 53.29063	107.88000
208.40000	107.99000	 52.96775	107.99000
208.60000	108.02000	 52.65041	108.02000
208.80000	107.97000	 52.35109	107.97000
209.00000	107.89000	 52.10892	107.89000
209.20000	107.77000	 51.91671	107.77000
209.40000	107.55000	 51.73043	107.55000
209.60000	107.24000	 51.55220	107.24000
209.80000	106.65000	 51.25538	106.65000
210.00000	105.98000	 50.97739	105.98000
210.20000	105.33000	 50.78666	105.33000
210.40000	104.81000	 50.74863	104.81000
210.60000	104.59000	 50.95499	104.59000
210.80000	104.51000	 51.26699	104.51000
211.00000	104.58000	 51.65679	104.58000
211.20000	104.80000	 52.09344	104.80000
211.40000	105.18000	 52.55775	105.18000
211.60000	105.63000	 52.97137	105.63000
211.80000	106.13000	 53.31228	106.13000
212.00000	106.68000	 53.58114	106.68000
212.20000	107.19000	 53.72711	107.19000
212.40000	107.60000	 53.72809	107.60000
212.60000	107.80000	 53.53816	107.80000
212.80000	107.60000	 53.06975	107.60000
213.00000	107.23000	 52.52175	107.23000
213.20000	106.75000	 51.97504	106.75000
213.40000	106.27000	 51.52961	106.27000
213.60000	105.78000	 51.18941	105.78000
213.80000	105.30000	 50.96461	105.30000
214.00000	104.82000	 50.83592	104.82000
214.20000	104.40000	 50.82414	104.40000
214.40000	104.02000	 50.89290	104.02000
214.60000	103.66000	 51.00547	103.66000
214.80000	103.33000	 51.14772	103.33000
215.00000	103.02000	 51.29614	103.02000
215.20000	102.75000	 51.45130	102.75000
215.40000	102.53000	 51.61053	102.53000
215.60000	102.38000	 51.78008	102.38000
215.80000	102.33000	 51.97386	102.33000
216.00000	102.32000	 52.14710	102.32000
216.20000	102.33000	 52.28475	102.33000
216.40000	102.35000	 52.38225	102.35000
216.60000	102.37000	 52.43828	102.37000
216.80000	102.38000	 52.45385	102.38000
217.00000	102.40000	 52.45089	102.40000
217.20000	102.32000	 52.36631	102.32000
217.40000	102.23000	 52.27142	102.23000
217.60000	102.22000	 52.23441	102.22000
217.80000	102.33000	 52.28273	102.33000
218.00000	102.83000	 52.58399	102.83000
218.20000	103.50000	 52.96784	103.50000
218.40000	104.26000	 53.35546	104.26000
218.60000	105.04000	 53.68257	105.04000
218.80000	105.74000	 53.87715	105.74000
219.00000	106.39000	 53.96589	106.39000
219.20000	106.94000	 53.93150	106.94000
219.40000	107.31000	 53.74423	107.31000
219.60000	107.49000	 53.42704	107.49000
219.80000	107.53000	 53.04470	107.53000
220.00000	107.44000	 52.63213	107.44000
220.20000	107.20000	 52.19881	107.20000
220.40000	106.86000	 51.79434	106.86000
220.60000	106.45000	 51.44723	106.45000
220.80000	105.98000	 51.16472	105.98000
221.00000	105.42000	 50.92181	105.42000
221.20000	104.90000	 50.79473	104.90000
221.40000	104.48000	 50.80594	104.48000
221.60000	104.27000	 51.00229	104.27000
221.80000	104.43000	 51.45308	104.43000
222.00000	104.74000	 51.96897	104.74000
222.20000	105.14000	 52.47250	105.14000
222.40000	105.59000	 52.91235	105.59000
222.60000	106.03000	 53.23820	106.03000
222.80000	106.46000	 53.45281	106.46000
223.00000	106.83000	 53.53633	106.83000
223.20000	107.05000	 53.45157	107.05000
223.40000	107.16000	 53.25461	107.16000
223.60000	107.17000	 52.98335	107.17000
223.80000	107.08000	 52.66647	107.08000
224.00000	106.89000	 52.32801	106.89000
224.20000	106.58000	 51.97363	106.58000
224.40000	106.17000	 51.63045	106.17000
224.60000	105.59000	 51.26190	105.59000
224.80000	104.84000	 50.87619	104.84000
225.00000	104.02000	 50.54500	104.02000
225.20000	103.18000	 50.30030	103.18000
225.40000	102.35000	 50.15303	102.35000
225.60000	101.57000	 50.11396	101.57000
225.80000	100.89000	 50.19480	100.89000
226.00000	100.35000	 50.39589	100.35000
226.20000	100.08000	 50.77237	100.08000
226.40000	100.10000	 51.30090	100.10000
226.60000	100.24000	 51.83249	100.24000
226.80000	100.48000	 52.32697	100.48000
227.00000	100.77000	 52.73683	100.77000
227.20000	101.08000	 53.04020	101.08000
227.40000	101.35000	 53.20671	101.35000
227.60000	101.55000	 53.23572	101.55000
227.80000	101.52000	 53.04971	101.52000
228.00000	101.37000	 52.75778	101.37000
228.20000	101.13000	 52.41550	101.13000
228.40000	100.82000	 52.06550	100.82000
228.60000	100.49000	 51.76131	100.49000
228.80000	100.10000	 51.48740	100.10000
229.00000	 99.63000	 51.23506	 99.63000
229.20000	 99.03000	 50.97275	 99.03000
229.40000	 98.29000	 50.69534	 98.29000
229.60000	 97.54000	 50.48900	 97.54000
229.80000	 96.83000	 50.38079	 96.83000
230.00000	 96.20000	 50.38369	 96.20000
230.20000	 95.72000	 50.52361	 95.72000
230.40000	 95.40000	 50.78083	 95.40000
230.60000	 95.31000	 51.17156	 95.31000
230.80000	 95.71000	 51.83134	 95.71000
231.00000	 96.38000	 52.57067	 96.38000
231.20000	 97.19000	 53.26559	 97.19000
231.40000	 98.06000	 53.84110	 98.06000
231.60000	 98.84000	 54.19552	 98.84000
231.80000	 99.57000	 54.37225	 99.57000
232.00000	100.24000	 54.39370	100.24000
232.20000	100.75000	 54.22992	100.75000
232.40000	101.08000	 53.90928	101.08000
232.60000	101.30000	 53.52026	101.30000
232.80000	101.41000	 53.09912	101.41000
233.00000	101.44000	 52.69328	101.44000
233.20000	101.39000	 52.32057	101.39000
233.40000	101.25000	 51.98366	101.25000
233.60000	101.02000	 51.68538	101.02000
233.80000	100.62000	 51.37220	100.62000
234.00000	100.19000	 51.13453	100.19000
234.20000	 99.77000	 50.99100	 99.77000
234.40000	 99.42000	 50.96647	 99.42000
234.60000	 99.19000	 51.07245	 99.19000
234.80000	 99.11000	 51.30170	 99.11000
235.00000	 99.19000	 51.63077	 99.19000
235.20000	 99.57000	 52.12017	 99.57000
235.40000	100.26000	 52.74079	100.26000
235.60000	101.10000	 53.35260	101.10000
235.80000	102.01000	 53.87955	102.01000
236.00000	102.95000	 54.28704	102.95000
236.20000	103.86000	 54.54159	103.86000
236.40000	104.70000	 54.63547	104.70000
236.60000	105.38000	 54.53819	105.38000
236.80000	105.72000	 54.17049	105.72000
237.00000	105.93000	 53.71890	105.93000
237.20000	106.03000	 53.23932	106.03000
237.40000	106.11000	 52.82217	106.11000
237.60000	106.20000	 52.50324	106.20000
237.80000	106.23000	 52.23937	106.23000
238.00000	106.18000	 52.01379	106.18000
238.20000	105.97000	 51.76842	105.97000
238.40000	105.66000	 51.53927	105.66000
238.60000	105.33000	 51.37449	105.33000
238.80000	105.03000	 51.29779	105.03000
239.00000	104.84000	 51.34662	104.84000
239.20000	104.74000	 51.48645	104.74000
239.40000	104.75000	 51.70673	104.75000
239.60000	104.88000	 51.99020	104.88000
239.80000	105.25000	 52.39212	105.25000
240.00000	105.75000	 52.81510	105.75000
240.20000	106.34000	 53.21322	106.34000
240.40000	107.03000	 53.58151	107.03000
240.60000	107.83000	 53.92148	107.83000
240.80000	108.62000	 54.15495	108.62000
241.00000	109.33000	 54.24635	109.33000
241.20000	109.82000	 54.12524	109.82000
241.40000	110.12000	 53.84471	110.12000
241.60000	110.30000	 53.48821	110.30000
241.80000	110.40000	 53.11507	110.40000
242.00000	110.49000	 52.79517	110.49000
242.20000	110.49000	 52.48887	110.49000
242.40000	110.41000	 52.20953	110.41000
242.60000	110.20000	 51.92701	110.20000
242.80000	109.87000	 51.64938	109.87000
243.00000	109.45000	 51.39655	109.45000
243.20000	108.96000	 51.17934	108.96000
243.40000	108.41000	 50.99930	108.41000
243.60000	107.81000	 50.85590	107.81000
243.80000	107.19000	 50.76015	107.19000
244.00000	106.57000	 50.71464	106.57000
244.20000	105.93000	 50.69454	105.93000
244.40000	105.34000	 50.73441	105.34000
244.60000	104.84000	 50.84708	104.84000
244.80000	104.47000	 51.04261	104.47000
245.00000	104.32000	 51.36054	104.32000
245.20000	104.31000	 51.72497	104.31000
245.40000	104.41000	 52.09554	104.41000
245.60000	104.66000	 52.48310	104.66000
245.80000	105.04000	 52.86294	105.04000
246.00000	105.46000	 53.16963	105.46000
246.20000	105.86000	 53.36634	105.86000
246.40000	106.10000	 53.37434	106.10000
246.60000	106.23000	 53.25174	106.23000
246.80000	106.28000	 53.04799	106.28000
247.00000	106.25000	 52.79151	106.25000
247.20000	106.16000	 52.51979	106.16000
247.40000	105.99000	 52.23828	105.99000
247.60000	105.73000	 51.95408	105.73000
247.80000	105.34000	 51.65085	105.34000
248.00000	104.84000	 51.34977	104.84000
248.20000	104.31000	 51.10788	104.31000
248.40000	103.78000	 50.94265	103.78000
248.60000	103.41000	 50.94886	103.41000
248.80000	103.07000	 51.02054	103.07000
249.00000	102.73000	 51.11692	102.73000
249.20000	102.37000	 51.20793	102.37000
249.40000	101.84000	 51.18528	101.84000
249.60000	101.32000	 51.16793	101.32000
249.80000	100.85000	 51.18311	100.85000
250.00000	100.46000	 51.24810	100.46000
250.20000	100.23000	 51.40856	100.23000
250.40000	100.13000	 51.63205	100.13000
250.60000	100.19000	 51.92314	100.19000
250.80000	100.49000	 52.31704	100.49000
251.00000	101.04000	 52.79936	101.04000
251.20000	101.72000	 53.27008	101.72000
251.40000	102.49000	 53.68903	102.49000
251.60000	103.30000	 54.01900	103.30000
251.80000	104.11000	 54.23924	104.11000
252.00000	104.87000	 54.33133	104.87000
252.20000	105.54000	 54.29114	105.54000
252.40000	105.96000	 54.04271	105.96000
252.60000	106.24000	 53.69552	106.24000
252.80000	106.39000	 53.29181	106.39000
253.00000	106.39000	 52.84860	106.39000
253.20000	106.26000	 52.40310	106.26000
253.40000	106.05000	 52.00451	106.05000
253.60000	105.78000	 51.67288	105.78000
253.80000	105.54000	 51.46490	105.54000
254.00000	105.30000	 51.34850	105.30000
254.20000	105.01000	 51.27392	105.01000
254.40000	104.68000	 51.23153	104.68000
254.60000	104.20000	 51.13599	104.20000
254.80000	103.69000	 51.05984	103.69000
255.00000	103.20000	 51.03004	103.20000
255.20000	102.77000	 51.06437	102.77000
255.40000	102.42000	 51.16417	102.42000
255.60000	102.20000	 51.34763	102.20000
255.80000	102.15000	 51.62307	102.15000
256.00000	102.41000	 52.06030	102.41000
256.20000	103.00000	 52.64301	103.00000
256.40000	103.71000	 53.20192	103.71000
256.60000	104.48000	 53.67740	104.48000
256.80000	105.19000	 53.98543	105.19000
257.00000	105.83000	 54.13085	105.83000
257.20000	106.39000	 54.13033	106.39000
257.40000	106.84000	 53.99423	106.84000
257.60000	107.09000	 53.69767	107.09000
257.80000	107.22000	 53.33034	107.22000
258.00000	107.23000	 52.92509	107.23000
258.20000	107.09000	 52.48873	107.09000
258.40000	106.84000	 52.06799	106.84000
258.60000	106.54000	 51.71450	106.54000
258.80000	106.20000	 51.43718	106.20000
259.00000	105.94000	 51.30802	105.94000
259.20000	105.67000	 51.25109	105.67000
259.40000	105.38000	 51.24078	105.38000
259.60000	105.05000	 51.24647	105.05000
259.80000	104.66000	 51.24141	104.66000
260.00000	104.27000	 51.25576	104.27000
260.20000	103.89000	 51.28817	103.89000
260.40000	103.51000	 51.32507	103.51000
260.60000	103.16000	 51.38051	103.16000
260.80000	102.90000	 51.48784	102.90000
261.00000	102.78000	 51.67082	102.78000
261.20000	102.90000	 51.98114	102.90000
261.40000	103.20000	 52.35933	103.20000
261.60000	103.65000	 52.76549	103.65000
261.80000	104.31000	 53.22168	104.31000
262.00000	105.22000	 53.73773	105.22000
262.20000	106.18000	 54.16795	106.18000
262.40000	107.11000	 54.45745	107.11000
262.60000	107.83000	 54.50098	107.83000
262.80000	108.35000	 54.33570	108.35000
263.00000	108.74000	 54.04760	108.74000
263.20000	109.02000	 53.68932	109.02000
263.40000	109.20000	 53.30129	109.20000
263.60000	109.28000	 52.90975	109.28000
263.80000	109.25000	 52.52660	109.25000
264.00000	109.13000	 52.17655	109.13000
264.20000	108.93000	 51.87098	108.93000
264.40000	108.61000	 51.58314	108.61000
264.60000	108.16000	 51.30411	108.16000
264.80000	107.49000	 50.97305	107.49000
265.00000	106.74000	 50.68322	106.74000
265.20000	105.95000	 50.45838	105.95000
265.40000	105.16000	 50.31676	105.16000
265.60000	104.42000	 50.27750	104.42000
265.80000	103.77000	 50.34770	103.77000
266.00000	103.27000	 50.54290	103.27000
266.20000	103.05000	 50.91937	103.05000
266.40000	103.07000	 51.41524	103.07000
266.60000	103.28000	 51.96225	103.28000
266.80000	103.66000	 52.51800	103.66000
267.00000	104.34000	 53.14544	104.34000
267.20000	105.10000	 53.68143	105.10000
267.40000	105.88000	 54.08144	105.88000
267.60000	106.53000	 54.25744	106.53000
267.80000	106.99000	 54.19788	106.99000
268.00000	107.35000	 54.00182	107.35000
268.20000	107.60000	 53.70391	107.60000
268.40000	107.71000	 53.32276	107.71000
268.60000	107.73000	 52.92467	107.73000
268.80000	107.67000	 52.54113	107.67000
269.00000	107.56000	 52.20739	107.56000
269.20000	107.41000	 51.93610	107.41000
269.40000	107.18000	 51.69975	107.18000
269.60000	106.86000	 51.48732	106.86000
269.80000	106.35000	 51.22866	106.35000
270.00000	105.74000	 50.98224	105.74000
270.20000	105.07000	 50.77284	105.07000
270.40000	104.38000	 50.62200	104.38000
270.60000	103.64000	 50.50176	103.64000
270.80000	102.99000	 50.49372	102.99000
271.00000	102.49000	 50.61997	102.49000
271.20000	102.31000	 50.96630	102.31000
271.40000	102.45000	 51.49560	102.45000
271.60000	102.79000	 52.08771	102.79000
271.80000	103.31000	 52.69451	103.31000
272.00000	104.10000	 53.34860	104.10000
272.20000	104.98000	 53.91185	104.98000
272.40000	105.83000	 54.30031	105.83000
272.60000	106.49000	 54.42269	106.49000
272.80000	106.86000	 54.24768	106.86000
273.00000	107.08000	 53.91662	107.08000
273.20000	107.18000	 53.49870	107.18000
273.40000	107.19000	 53.05586	107.19000
273.60000	107.11000	 52.61981	107.11000
273.80000	106.96000	 52.22468	106.96000
274.00000	106.75000	 51.88764	106.75000
274.20000	106.49000	 51.61701	106.49000
274.40000	106.22000	 51.43357	106.22000
274.60000	105.96000	 51.33845	105.96000
274.80000	105.83000	 51.39269	105.83000
275.00000	105.74000	 51.51274	105.74000
275.20000	105.61000	 51.62312	105.61000
275.40000	105.34000	 51.64365	105.34000
275.60000	104.68000	 51.41032	104.68000
275.80000	104.01000	 51.19053	104.01000
276.00000	103.43000	 51.06272	103.43000
276.20000	103.19000	 51.18941	103.19000
276.40000	103.30000	 51.55406	103.30000
276.60000	103.59000	 52.00880	103.59000
276.80000	104.06000	 52.51901	104.06000
277.00000	104.77000	 53.09444	104.77000
277.20000	105.49000	 53.56051	105.49000
277.40000	106.14000	 53.85793	106.14000
277.60000	106.44000	 53.81640	106.44000
277.80000	106.51000	 53.55245	106.51000
278.00000	106.43000	 53.16556	106.43000
278.20000	106.27000	 52.74551	106.27000
278.40000	106.04000	 52.33261	106.04000
278.60000	105.71000	 51.93019	105.71000
278.80000	105.27000	 51.54636	105.27000
279.00000	104.63000	 51.13119	104.63000
279.20000	103.93000	 50.78354	103.93000
279.40000	103.23000	 50.54153	103.23000
279.60000	102.59000	 50.43348	102.59000
279.80000	102.05000	 50.46540	102.05000
280.00000	101.64000	 50.62979	101.64000
280.20000	101.39000	 50.91507	101.39000
280.40000	101.41000	 51.35960	101.41000
280.60000	101.60000	 51.86139	101.60000
280.80000	101.97000	 52.39581	101.97000
281.00000	102.62000	 53.00307	102.62000
281.20000	103.43000	 53.58219	103.43000
281.40000	104.24000	 54.01643	104.24000
281.60000	104.90000	 54.21332	104.90000
281.80000	105.27000	 54.10778	105.27000
282.00000	105.49000	 53.83611	105.49000
282.20000	105.56000	 53.44559	105.56000
282.40000	105.44000	 52.95420	105.44000
282.60000	105.20000	 52.44678	105.20000
282.80000	104.87000	 51.97156	104.87000
283.00000	104.54000	 51.60347	104.54000
283.20000	104.21000	 51.34398	104.21000
283.40000	103.81000	 51.13863	103.81000
283.60000	103.31000	 50.95640	103.31000
283.80000	102.49000	 50.64478	102.49000
284.00000	101.64000	 50.39586	101.64000
284.20000	100.82000	 50.24566	100.82000
284.40000	100.16000	 50.26699	100.16000
284.60000	 99.74000	 50.48775	 99.74000
284.80000	 99.52000	 50.84703	 99.52000
285.00000	 99.55000	 51.33999	 99.55000
285.20000	100.06000	 52.07717	100.06000
285.40000	100.84000	 52.87402	100.84000
285.60000	101.73000	 53.58797	101.73000
285.80000	102.63000	 54.13529	102.63000
286.00000	103.38000	 54.41514	103.38000
286.20000	104.06000	 54.50610	104.06000
286.40000	104.63000	 54.41876	104.63000
286.60000	105.00000	 54.13693	105.00000
286.80000	105.23000	 53.74658	105.23000
287.00000	105.36000	 53.31635	105.36000
287.20000	105.42000	 52.89892	105.42000
287.40000	105.44000	 52.53540	105.44000
287.60000	105.41000	 52.22923	105.41000
