  0.00000	 86.88000	 61.56387	 86.88000
  0.20000	 86.50000	 61.23492	 86.50000
  0.40000	 86.32000	 61.09129	 86.32000
  0.60000	 86.30000	 61.09587	 86.30000
  0.80000	 86.43000	 61.23892	 86.43000
  1.00000	 86.68000	 61.49221	 86.68000
  1.20000	 87.03000	 61.83670	 87.03000
  1.40000	 87.46000	 62.25337	 87.46000
  1.60000	 87.94000	 62.71406	 87.94000
  1.80000	 88.46000	 63.20914	 88.46000
  2.00000	 88.98000	 63.70146	 88.98000
  2.20000	 89.49000	 64.18162	 89.49000
  2.40000	 89.96000	 64.62191	 89.96000
  2.60000	 90.38000	 65.01319	 90.38000
  2.80000	 90.73000	 65.33720	 90.73000
  3.00000	 90.88000	 65.47466	 90.88000
  3.20000	 90.92000	 65.50890	 90.92000
  3.40000	 90.90000	 65.48652	 90.90000
  3.60000	 90.83000	 65.41724	 90.83000
  3.80000	 90.71000	 65.30155	 90.71000
  4.00000	 90.56000	 65.15823	 90.56000
  4.20000	 90.41000	 65.01523	 90.41000
  4.40000	 90.29000	 64.90036	 90.29000
  4.60000	 90.21000	 64.82291	 90.21000
  4.80000	 90.25000	 64.85643	 90.25000
  5.00000	 90.41000	 65.00069	 90.41000
  5.20000	 90.63000	 65.20012	 90.63000
  5.40000	 90.90000	 65.44515	 90.90000
  5.60000	 91.21000	 65.72624	 91.21000
  5.80000	 91.60000	 66.07989	 91.60000
  6.00000	 91.99000	 66.43217	 91.99000
  6.20000	 92.36000	 66.76447	 92.36000
  6.40000	 92.69000	 67.05832	 92.69000
  6.60000	 92.91000	 67.24936	 92.91000
  6.80000	 93.01000	 67.32862	 93.01000
  7.00000	 93.03000	 67.33330	 93.03000
  7.20000	 92.97000	 67.26380	 92.97000
  7.40000	 92.81000	 67.10220	 92.81000
  7.60000	 92.49000	 66.79379	 92.49000
  7.80000	 92.09000	 66.41277	 92.09000
  8.00000	 91.63000	 65.97808	 91.63000
  8.20000	 91.12000	 65.49941	 91.12000
  8.40000	 90.60000	 65.01394	 90.60000
  8.60000	 90.04000	 64.49433	 90.04000
  8.80000	 89.49000	 63.98681	 89.49000
  9.00000	 88.99000	 63.52825	 88.99000
  9.20000	 88.56000	 63.13701	 88.56000
  9.40000	 88.21000	 62.82209	 88.21000
  9.60000	 88.12000	 62.74872	 88.12000
  9.80000	 88.15000	 62.78744	 88.15000
 10.00000	 88.26000	 62.90074	 88.26000
 10.20000	 88.45000	 63.08798	 88.45000
 10.40000	 88.69000	 63.32098	 88.69000
 10.60000	 88.96000	 63.58084	 88.96000
 10.80000	 89.27000	 63.87639	 89.27000
 11.00000	 89.58000	 64.17052	 89.58000
 11.20000	 89.88000	 64.45383	 89.88000
 11.40000	 90.15000	 64.70781	 90.15000
 11.60000	 90.37000	 64.91407	 90.37000
 11.80000	 90.56000	 65.09113	 90.56000
 12.00000	 90.71000	 65.22992	 90.71000
 12.20000	 90.81000	 65.32144	 90.81000
 12.40000	 90.84000	 65.34754	 90.84000
 12.60000	 90.83000	 65.33609	 90.83000
 12.80000	 90.77000	 65.27818	 90.77000
 13.00000	 90.67000	 65.18330	 90.67000
 13.20000	 90.49000	 65.01493	 90.49000
 13.40000	 90.21000	 64.75502	 90.21000
 13.60000	 89.94000	 64.50513	 89.94000
 13.80000	 89.73000	 64.31150	 89.73000
 14.00000	 89.61000	 64.20175	 89.61000
 14.20000	 89.81000	 64.38726	 89.81000
 14.40000	 90.16000	 64.71101	 90.16000
 14.60000	 90.59000	 65.10785	 90.59000
 14.80000	 91.08000	 65.55875	 91.08000
 15.00000	 91.60000	 66.03557	 91.60000
 15.20000	 92.12000	 66.51031	 92.12000
 15.40000	 92.60000	 66.94593	 92.60000
 15.60000	 93.01000	 67.31476	 93.01000
 15.80000	 93.31000	 67.58012	 93.31000
 16.00000	 93.37000	 67.62275	 93.37000
 16.20000	 93.32000	 67.56285	 93.32000
 16.40000	 93.17000	 67.41030	 93.17000
 16.60000	 92.95000	 67.19332	 92.95000
 16.80000	 92.67000	 66.92168	 92.67000
 17.00000	 92.35000	 66.61427	 92.35000
 17.20000	 91.98000	 66.26228	 91.98000
 17.40000	 91.59000	 65.89365	 91.59000
 17.60000	 91.17000	 65.49944	 91.17000
 17.80000	 90.71000	 65.07066	 90.71000
 18.00000	 90.28000	 64.67188	 90.28000
 18.20000	 89.90000	 64.32155	 89.90000
 18.40000	 89.60000	 64.04718	 89.60000
 18.60000	 89.50000	 63.95889	 89.50000
 18.80000	 89.57000	 64.02856	 89.57000
 19.00000	 89.73000	 64.18191	 89.73000
 19.20000	 89.94000	 64.38151	 89.94000
 19.40000	 90.19000	 64.61763	 90.19000
 19.60000	 90.41000	 64.82545	 90.41000
 19.80000	 90.64000	 65.04153	 90.64000
 20.00000	 90.87000	 65.25650	 90.87000
 20.20000	 91.10000	 65.47026	 91.10000
 20.40000	 91.33000	 65.68276	 91.33000
 20.60000	 91.56000	 65.89395	 91.56000
 20.80000	 91.74000	 66.05787	 91.74000
 21.00000	 91.86000	 66.16540	 91.86000
 21.20000	 91.87000	 66.17077	 91.87000
 21.40000	 91.72000	 66.02833	 91.72000
 21.60000	 91.52000	 65.83977	 91.52000
 21.80000	 91.27000	 65.60555	 91.27000
 22.00000	 91.00000	 65.35367	 91.00000
 22.20000	 90.73000	 65.10281	 90.73000
 22.40000	 90.48000	 64.87156	 90.48000
 22.60000	 90.27000	 64.67840	 90.27000
 22.80000	 90.12000	 64.54169	 90.12000
 23.00000	 90.11000	 64.53486	 90.11000
 23.20000	 90.27000	 64.68513	 90.27000
 23.40000	 90.49000	 64.89078	 90.49000
 23.60000	 90.76000	 65.14210	 90.76000
 23.80000	 91.04000	 65.40188	 91.04000
 24.00000	 91.27000	 65.61464	 91.27000
 24.20000	 91.49000	 65.81706	 91.49000
 24.40000	 91.69000	 65.99991	 91.69000
 24.60000	 91.86000	 66.15400	 91.86000
 24.80000	 91.99000	 66.27024	 91.99000
 25.00000	 92.08000	 66.34874	 92.08000
 25.20000	 92.12000	 66.38051	 92.12000
 25.40000	 92.11000	 66.36574	 92.11000
 25.60000	 92.02000	 66.27712	 92.02000
 25.80000	 91.80000	 66.06896	 91.80000
 26.00000	 91.52000	 65.80610	 91.52000
 26.20000	 91.20000	 65.50735	 91.20000
 26.40000	 90.83000	 65.16386	 90.83000
 26.60000	 90.39000	 64.75755	 90.39000
 26.80000	 89.89000	 64.29794	 89.89000
 27.00000	 89.42000	 63.86813	 89.42000
 27.20000	 89.04000	 63.52342	 89.04000
 27.40000	 88.77000	 63.28210	 88.77000
 27.60000	 88.86000	 63.37382	 88.86000
 27.80000	 89.12000	 63.62294	 89.12000
 28.00000	 89.47000	 63.95499	 89.47000
 28.20000	 89.90000	 64.35996	 89.90000
 28.40000	 90.32000	 64.75441	 90.32000
 28.60000	 90.73000	 65.13791	 90.73000
 28.80000	 91.13000	 65.51020	 91.13000
 29.00000	 91.49000	 65.84356	 91.49000
 29.20000	 91.80000	 66.12879	 91.80000
 29.40000	 91.98000	 66.29243	 91.98000
 29.60000	 92.10000	 66.39921	 92.10000
 29.80000	 92.16000	 66.44947	 92.16000
 30.00000	 92.17000	 66.45277	 92.17000
 30.20000	 92.10000	 66.38188	 92.10000
 30.40000	 91.98000	 66.26479	 91.98000
 30.60000	 91.83000	 66.12024	 91.83000
 30.80000	 91.65000	 65.94853	 91.65000
 31.00000	 91.43000	 65.74072	 91.43000
 31.20000	 91.14000	 65.46947	 91.14000
 31.40000	 90.89000	 65.23621	 90.89000
 31.60000	 90.74000	 65.09623	 90.74000
 31.80000	 90.73000	 65.08619	 90.73000
 32.00000	 91.18000	 65.50003	 91.18000
 32.20000	 91.75000	 66.02397	 91.75000
 32.40000	 92.36000	 66.58347	 92.36000
 32.60000	 92.95000	 67.12264	 92.95000
 32.80000	 93.28000	 67.42033	 93.28000
 33.00000	 93.50000	 67.61471	 93.50000
 33.20000	 93.64000	 67.73371	 93.64000
 33.40000	 93.71000	 67.78696	 93.71000
 33.60000	 93.72000	 67.78408	 93.72000
 33.80000	 93.66000	 67.71627	 93.66000
 34.00000	 93.55000	 67.60234	 93.55000
 34.20000	 93.41000	 67.46107	 93.41000
 34.40000	 93.23000	 67.28355	 93.23000
 34.60000	 93.03000	 67.08846	 93.03000
 34.80000	 92.82000	 66.88521	 92.82000
 35.00000	 92.59000	 66.66476	 92.59000
 35.20000	 92.35000	 66.43643	 92.35000
 35.40000	 92.09000	 66.19114	 92.09000
 35.60000	 91.86000	 65.97493	 91.86000
 35.80000	 91.67000	 65.79701	 91.67000
 36.00000	 91.55000	 65.68485	 91.55000
 36.20000	 91.63000	 65.75782	 91.63000
 36.40000	 91.79000	 65.90502	 91.79000
 36.60000	 91.98000	 66.07997	 91.98000
 36.80000	 92.18000	 66.26388	 92.18000
 37.00000	 92.35000	 66.41966	 92.35000
 37.20000	 92.47000	 66.52879	 92.47000
 37.40000	 92.54000	 66.59127	 92.54000
 37.60000	 92.52000	 66.57043	 92.52000
 37.80000	 92.32000	 66.38372	 92.32000
 38.00000	 91.97000	 66.05925	 91.97000
 38.20000	 91.56000	 65.68038	 91.56000
 38.40000	 91.12000	 65.27524	 91.12000
 38.60000	 90.70000	 64.89020	 90.70000
 38.80000	 90.37000	 64.58984	 90.37000
 39.00000	 90.09000	 64.33735	 90.09000
 39.20000	 89.85000	 64.12339	 89.85000
 39.40000	 89.66000	 63.95697	 89.66000
 39.60000	 89.55000	 63.86545	 89.55000
 39.80000	 89.51000	 63.83931	 89.51000
 40.00000	 89.54000	 63.87820	 89.54000
 40.20000	 89.64000	 63.98174	 89.64000
 40.40000	 89.83000	 64.16794	 89.83000
 40.60000	 90.18000	 64.50074	 90.18000
 40.80000	 90.56000	 64.86002	 90.56000
 41.00000	 90.96000	 65.23612	 90.96000
 41.20000	 91.34000	 65.59196	 91.34000
 41.40000	 91.64000	 65.87218	 91.64000
 41.60000	 91.86000	 66.07685	 91.86000
 41.80000	 91.99000	 66.19697	 91.99000
 42.00000	 92.03000	 66.23287	 92.03000
 42.20000	 91.89000	 66.10219	 91.89000
 42.40000	 91.57000	 65.80552	 91.57000
 42.60000	 91.16000	 65.42641	 91.16000
 42.80000	 90.68000	 64.98390	 90.68000
 43.00000	 90.14000	 64.48778	 90.14000
 43.20000	 89.51000	 63.91095	 89.51000
 43.40000	 88.90000	 63.35504	 88.90000
 43.60000	 88.36000	 62.86629	 88.36000
 43.80000	 87.93000	 62.48152	 87.93000
 44.00000	 87.83000	 62.40283	 87.83000
 44.20000	 87.98000	 62.55587	 87.98000
 44.40000	 88.25000	 62.82008	 88.25000
 44.60000	 88.59000	 63.14856	 88.59000
 44.80000	 88.94000	 63.48537	 88.94000
 45.00000	 89.25000	 63.78403	 89.25000
 45.20000	 89.56000	 64.08105	 89.56000
 45.40000	 89.85000	 64.35787	 89.85000
 45.60000	 90.07000	 64.56845	 90.07000
 45.80000	 90.19000	 64.68531	 90.19000
 46.00000	 90.30000	 64.79150	 90.30000
 46.20000	 90.41000	 64.89643	 90.41000
 46.40000	 90.56000	 65.03705	 90.56000
 46.60000	 90.86000	 65.31457	 90.86000
 46.80000	 91.19000	 65.61840	 91.19000
 47.00000	 91.54000	 65.93914	 91.54000
 47.20000	 91.88000	 66.24905	 91.88000
 47.40000	 92.19000	 66.52965	 92.19000
 47.60000	 92.46000	 66.77178	 92.46000
 47.80000	 92.70000	 66.98474	 92.70000
 48.00000	 92.88000	 67.14107	 92.88000
 48.20000	 92.91000	 67.15824	 92.91000
 48.40000	 92.89000	 67.12865	 92.89000
 48.60000	 92.90000	 67.12626	 92.90000
 48.80000	 92.99000	 67.19729	 92.99000
 49.00000	 93.34000	 67.50726	 93.34000
 49.20000	 93.72000	 67.84420	 93.72000
 49.40000	 94.08000	 68.16173	 94.08000
 49.60000	 94.33000	 68.37690	 94.33000
 49.80000	 94.41000	 68.43459	 94.41000
 50.00000	 94.37000	 68.38116	 94.37000
 50.20000	 94.19000	 68.19870	 94.19000
 50.40000	 93.83000	 67.85102	 93.83000
 50.60000	 93.24000	 67.29286	 93.24000
 50.80000	 92.54000	 66.63549	 92.54000
 51.00000	 91.79000	 65.93488	 91.79000
 51.20000	 91.00000	 65.20085	 91.00000
 51.40000	 90.37000	 64.61777	 90.37000
 51.60000	 89.78000	 64.07526	 89.78000
 51.80000	 89.22000	 63.56400	 89.22000
 52.00000	 88.67000	 63.06542	 88.67000
 52.20000	 88.14000	 62.58854	 88.14000
 52.40000	 87.51000	 62.02281	 87.51000
 52.60000	 86.90000	 61.47862	 86.90000
 52.80000	 86.36000	 61.00189	 86.36000
 53.00000	 85.93000	 60.62922	 85.93000
 53.20000	 85.65000	 60.39703	 85.65000
 53.40000	 85.76000	 60.52549	 85.76000
 53.60000	 86.01000	 60.78358	 86.01000
 53.80000	 86.38000	 61.15187	 86.38000
 54.00000	 86.82000	 61.58348	 86.82000
 54.20000	 87.29000	 62.04088	 87.29000
 54.40000	 87.77000	 62.50513	 87.77000
 54.60000	 88.25000	 62.96669	 88.25000
 54.80000	 88.71000	 63.40692	 88.71000
 55.00000	 89.11000	 63.78898	 89.11000
 55.20000	 89.39000	 64.05775	 89.39000
 55.40000	 89.62000	 64.27793	 89.62000
 55.60000	 89.79000	 64.44064	 89.79000
 55.80000	 89.91000	 64.55544	 89.91000
 56.00000	 89.98000	 64.62268	 89.98000
 56.20000	 90.00000	 64.64270	 90.00000
 56.40000	 89.97000	 64.61585	 89.97000
 56.60000	 89.90000	 64.55166	 89.90000
 56.80000	 89.71000	 64.37685	 89.71000
 57.00000	 89.42000	 64.11026	 89.42000
 57.20000	 89.17000	 63.88111	 89.17000
 57.40000	 88.99000	 63.71724	 88.99000
 57.60000	 88.96000	 63.69223	 88.96000
 57.80000	 89.34000	 64.04494	 89.34000
 58.00000	 89.86000	 64.52612	 89.86000
 58.20000	 90.47000	 65.08888	 90.47000
 58.40000	 91.14000	 65.70488	 91.14000
 58.60000	 91.82000	 66.32753	 91.82000
 58.80000	 92.49000	 66.93803	 92.49000
 59.00000	 93.11000	 67.49935	 93.11000
 59.20000	 93.65000	 67.98388	 93.65000
 59.40000	 94.00000	 68.29062	 94.00000
 59.60000	 94.18000	 68.43845	 94.18000
 59.80000	 94.24000	 68.47401	 94.24000
 60.00000	 94.20000	 68.41639	 94.20000
 60.20000	 94.06000	 68.26627	 94.06000
 60.40000	 93.84000	 68.04269	 93.84000
 60.60000	 93.54000	 67.74622	 93.54000
 60.80000	 93.16000	 67.37740	 93.16000
 61.00000	 92.71000	 66.94593	 92.71000
 61.20000	 92.07000	 66.34190	 92.07000
 61.40000	 91.36000	 65.67632	 91.36000
 61.60000	 90.65000	 65.01407	 90.65000
 61.80000	 90.00000	 64.41068	 90.00000
 62.00000	 89.47000	 63.92140	 89.47000
 62.20000	 89.26000	 63.72995	 89.26000
 62.40000	 89.17000	 63.65163	 89.17000
 62.60000	 89.19000	 63.67649	 89.19000
 62.80000	 89.30000	 63.78538	 89.30000
 63.00000	 89.47000	 63.95003	 89.47000
 63.20000	 89.70000	 64.16986	 89.70000
 63.40000	 89.97000	 64.42597	 89.97000
 63.60000	 90.29000	 64.72714	 90.29000
 63.80000	 90.64000	 65.05462	 90.64000
 64.00000	 91.03000	 65.41732	 91.03000
 64.20000	 91.43000	 65.78738	 91.43000
 64.40000	 91.82000	 66.14625	 91.82000
 64.60000	 92.16000	 66.45706	 92.16000
 64.80000	 92.42000	 66.69227	 92.42000
 65.00000	 92.60000	 66.85210	 92.60000
 65.20000	 92.71000	 66.94605	 92.71000
 65.40000	 92.74000	 66.96526	 92.74000
 65.60000	 92.68000	 66.90096	 92.68000
 65.80000	 92.37000	 66.60643	 92.37000
 66.00000	 92.03000	 66.28476	 92.03000
 66.20000	 91.71000	 65.98250	 91.71000
 66.40000	 91.44000	 65.72759	 91.44000
 66.60000	 91.38000	 65.66730	 91.38000
 66.80000	 91.52000	 65.79211	 91.52000
 67.00000	 91.77000	 66.01867	 91.77000
 67.20000	 92.11000	 66.32796	 92.11000
 67.40000	 92.56000	 66.73780	 92.56000
 67.60000	 93.13000	 67.25680	 93.13000
 67.80000	 93.71000	 67.78317	 93.71000
 68.00000	 94.27000	 68.28892	 94.27000
 68.20000	 94.76000	 68.72785	 94.76000
 68.40000	 95.09000	 69.01717	 95.09000
 68.60000	 95.30000	 69.19400	 95.30000
 68.80000	 95.36000	 69.23121	 95.36000
 69.00000	 95.25000	 69.11101	 95.25000
 69.20000	 94.74000	 68.62262	 94.74000
 69.40000	 94.08000	 67.99718	 94.08000
 69.60000	 93.31000	 67.27260	 93.31000
 69.80000	 92.48000	 66.49579	 92.48000
 70.00000	 91.67000	 65.74103	 91.67000
 70.20000	 90.92000	 65.04554	 90.92000
 70.40000	 90.24000	 64.41864	 90.24000
 70.60000	 89.65000	 63.87863	 89.65000
 70.80000	 89.19000	 63.46205	 89.19000
 71.00000	 89.00000	 63.29719	 89.00000
 71.20000	 89.09000	 63.39240	 89.09000
 71.40000	 89.29000	 63.59023	 89.29000
 71.60000	 89.57000	 63.86212	 89.57000
 71.80000	 89.90000	 64.17966	 89.90000
 72.00000	 90.24000	 64.50542	 90.24000
 72.20000	 90.56000	 64.81138	 90.56000
 72.40000	 90.84000	 65.07888	 90.84000
 72.60000	 91.05000	 65.28025	 91.05000
 72.80000	 91.06000	 65.29604	 91.06000
 73.00000	 90.92000	 65.17267	 90.92000
 73.20000	 90.68000	 64.95671	 90.68000
 73.40000	 90.37000	 64.67634	 90.37000
 73.60000	 89.99000	 64.33211	 89.99000
 73.80000	 89.51000	 63.89690	 89.51000
 74.00000	 89.02000	 63.45399	 89.02000
 74.20000	 88.57000	 63.04970	 88.57000
 74.40000	 88.19000	 62.71177	 88.19000
 74.60000	 87.94000	 62.49533	 87.94000
 74.80000	 87.88000	 62.45526	 87.88000
 75.00000	 87.97000	 62.55421	 87.97000
 75.20000	 88.20000	 62.78232	 88.20000
 75.40000	 88.61000	 63.17564	 88.61000
 75.60000	 89.43000	 63.94490	 89.43000
 75.80000	 90.35000	 64.80369	 90.35000
 76.00000	 91.29000	 65.67740	 91.29000
 76.20000	 92.18000	 66.50095	 92.18000
 76.40000	 92.76000	 67.03487	 92.76000
 76.60000	 93.18000	 67.41750	 93.18000
 76.80000	 93.46000	 67.66782	 93.46000
 77.00000	 93.61000	 67.79571	 93.61000
 77.20000	 93.60000	 67.77434	 93.60000
 77.40000	 93.45000	 67.62292	 93.45000
 77.60000	 93.20000	 67.37905	 93.20000
 77.80000	 92.87000	 67.06189	 92.87000
 78.00000	 92.45000	 66.66289	 92.45000
 78.20000	 91.88000	 66.12748	 91.88000
 78.40000	 91.34000	 65.62186	 91.34000
 78.60000	 90.91000	 65.21998	 90.91000
 78.80000	 90.65000	 64.97706	 90.65000
 79.00000	 90.95000	 65.25143	 90.95000
 79.20000	 91.54000	 65.79352	 91.54000
 79.40000	 92.24000	 66.43638	 92.24000
 79.60000	 92.97000	 67.10530	 92.97000
 79.80000	 93.60000	 67.67988	 93.60000
 80.00000	 94.08000	 68.11380	 94.08000
 80.20000	 94.44000	 68.43470	 94.44000
 80.40000	 94.68000	 68.64288	 94.68000
 80.60000	 94.66000	 68.61002	 94.66000
 80.80000	 94.36000	 68.31853	 94.36000
 81.00000	 93.93000	 67.90743	 93.93000
 81.20000	 93.41000	 67.41446	 93.41000
 81.40000	 92.83000	 66.86804	 92.83000
 81.60000	 92.28000	 66.35157	 92.28000
 81.80000	 91.74000	 65.84703	 91.74000
 82.00000	 91.20000	 65.34542	 91.20000
 82.20000	 90.70000	 64.88362	 90.70000
 82.40000	 90.23000	 64.45242	 90.23000
 82.60000	 89.81000	 64.07010	 89.81000
 82.80000	 89.47000	 63.76405	 89.47000
 83.00000	 89.25000	 63.57075	 89.25000
 83.20000	 89.16000	 63.49896	 89.16000
 83.40000	 89.42000	 63.75042	 89.42000
 83.60000	 89.81000	 64.12176	 89.81000
 83.80000	 90.28000	 64.56607	 90.28000
 84.00000	 90.78000	 65.03656	 90.78000
 84.20000	 91.22000	 65.44989	 91.22000
 84.40000	 91.57000	 65.77821	 91.57000
 84.60000	 91.87000	 66.05831	 91.87000
 84.80000	 92.09000	 66.26273	 92.09000
 85.00000	 92.20000	 66.36412	 92.20000
 85.20000	 92.14000	 66.30770	 92.14000
 85.40000	 91.99000	 66.16764	 91.99000
 85.60000	 91.75000	 65.94450	 91.75000
 85.80000	 91.45000	 65.66645	 91.45000
 86.00000	 90.99000	 65.24201	 90.99000
 86.20000	 90.49000	 64.78215	 90.49000
 86.40000	 90.01000	 64.34254	 90.01000
 86.60000	 89.62000	 63.98782	 89.62000
 86.80000	 89.41000	 63.80076	 89.41000
 87.00000	 89.52000	 63.90976	 89.52000
 87.20000	 89.76000	 64.13923	 89.76000
 87.40000	 90.15000	 64.50675	 90.15000
 87.60000	 90.65000	 64.97470	 90.65000
 87.80000	 91.38000	 65.65265	 91.38000
 88.00000	 92.16000	 66.37416	 92.16000
 88.20000	 92.93000	 67.08335	 92.93000
 88.40000	 93.62000	 67.71540	 93.62000
 88.60000	 94.02000	 68.07710	 94.02000
 88.80000	 94.25000	 68.27929	 94.25000
 89.00000	 94.37000	 68.37784	 94.37000
 89.20000	 94.38000	 68.37344	 94.38000
 89.40000	 94.30000	 68.28516	 94.30000
 89.60000	 94.14000	 68.12287	 94.14000
 89.80000	 93.92000	 67.90553	 93.92000
 90.00000	 93.63000	 67.62446	 93.63000
 90.20000	 93.30000	 67.30773	 93.30000
 90.40000	 92.92000	 66.94651	 92.92000
 90.60000	 92.52000	 66.56874	 92.52000
 90.80000	 92.12000	 66.19305	 92.12000
 91.00000	 91.71000	 65.81040	 91.71000
 91.20000	 91.30000	 65.43007	 91.30000
 91.40000	 90.88000	 65.04291	 90.88000
 91.60000	 90.54000	 64.73172	 90.54000
 91.80000	 90.29000	 64.50553	 90.29000
 92.00000	 90.18000	 64.41004	 90.18000
 92.20000	 90.45000	 64.66549	 90.45000
 92.40000	 90.86000	 65.05011	 90.86000
 92.60000	 91.33000	 65.48938	 91.33000
 92.80000	 91.81000	 65.93655	 91.81000
 93.00000	 92.17000	 66.27153	 92.17000
 93.20000	 92.40000	 66.48501	 92.40000
 93.40000	 92.57000	 66.64155	 92.57000
 93.60000	 92.66000	 66.72301	 92.66000
 93.80000	 92.63000	 66.69293	 92.63000
 94.00000	 92.48000	 66.55176	 92.48000
 94.20000	 92.26000	 66.34604	 92.26000
 94.40000	 92.00000	 66.10384	 92.00000
 94.60000	 91.70000	 65.82558	 91.70000
 94.80000	 91.43000	 65.57598	 91.43000
 95.00000	 91.16000	 65.32761	 91.16000
 95.20000	 90.88000	 65.07138	 90.88000
 95.40000	 90.61000	 64.82576	 90.61000
 95.60000	 90.29000	 64.53559	 90.29000
 95.80000	 89.93000	 64.21015	 89.93000
 96.00000	 89.64000	 63.95072	 89.64000
 96.20000	 89.49000	 63.82162	 89.49000
 96.40000	 89.55000	 63.88691	 89.55000
 96.60000	 90.09000	 64.39427	 90.09000
 96.80000	 90.80000	 65.05731	 90.80000
 97.00000	 91.62000	 65.81966	 91.62000
 97.20000	 92.50000	 66.63433	 92.50000
 97.40000	 93.31000	 67.38101	 93.31000
 97.60000	 94.09000	 68.09614	 94.09000
 97.80000	 94.83000	 68.77038	 94.83000
 98.00000	 95.50000	 69.37614	 95.50000
 98.20000	 96.00000	 69.82166	 96.00000
 98.40000	 96.40000	 70.17178	 96.40000
 98.60000	 96.72000	 70.44542	 96.72000
 98.80000	 96.96000	 70.64315	 96.96000
 99.00000	 97.18000	 70.82067	 97.18000
 99.20000	 97.32000	 70.92324	 97.32000
 99.40000	 97.38000	 70.95129	 97.38000
 99.60000	 97.34000	 70.88690	 97.34000
 99.80000	 97.05000	 70.59262	 97.05000
100.00000	 96.65000	 70.19801	 96.65000
100.20000	 96.27000	 69.82335	 96.27000
100.40000	 95.96000	 69.51509	 95.96000
100.60000	 96.10000	 69.62283	 96.10000
100.80000	 96.30000	 69.78719	 96.30000
101.00000	 96.48000	 69.93396	 96.48000
101.20000	 96.51000	 69.94318	 96.51000
101.40000	 96.17000	 69.61253	 96.17000
101.60000	 95.69000	 69.15420	 95.69000
101.80000	 95.10000	 68.59650	 95.10000
102.00000	 94.41000	 67.94928	 94.41000
102.20000	 93.64000	 67.23155	 93.64000
102.40000	 92.84000	 66.48983	 92.84000
102.60000	 92.02000	 65.73369	 92.02000
102.80000	 91.20000	 64.98178	 91.20000
103.00000	 90.45000	 64.29861	 90.45000
103.20000	 89.84000	 63.74847	 89.84000
103.40000	 89.27000	 63.23905	 89.27000
103.60000	 88.76000	 62.78837	 88.76000
103.80000	 88.29000	 62.37766	 88.29000
104.00000	 87.85000	 61.99735	 87.85000
104.20000	 87.44000	 61.64711	 87.44000
104.40000	 87.08000	 61.34503	 87.08000
104.60000	 86.77000	 61.09077	 86.77000
104.80000	 86.52000	 60.89322	 86.52000
105.00000	 86.27000	 60.69683	 86.27000
105.20000	 86.07000	 60.54734	 86.07000
105.40000	 86.01000	 60.52726	 86.01000
105.60000	 86.13000	 60.67291	 86.13000
105.80000	 86.57000	 61.11242	 86.57000
106.00000	 87.45000	 61.95511	 87.45000
106.20000	 88.50000	 62.95120	 88.50000
106.40000	 89.64000	 64.02583	 89.64000
106.60000	 90.80000	 65.11361	 90.80000
106.80000	 91.84000	 66.08512	 91.84000
107.00000	 92.83000	 67.00457	 92.83000
107.20000	 93.73000	 67.83521	 93.73000
107.40000	 94.52000	 68.55889	 94.52000
107.60000	 95.07000	 69.05649	 95.07000
107.80000	 95.51000	 69.44835	 95.51000
108.00000	 95.84000	 69.73525	 95.84000
108.20000	 96.08000	 69.93636	 96.08000
108.40000	 96.21000	 70.03401	 96.21000
108.60000	 96.28000	 70.07490	 96.28000
108.80000	 96.31000	 70.07803	 96.31000
109.00000	 96.34000	 70.08069	 96.34000
109.20000	 96.45000	 70.15680	 96.45000
109.40000	 96.65000	 70.31563	 96.65000
109.60000	 96.85000	 70.47433	 96.85000
109.80000	 97.03000	 70.61442	 97.03000
110.00000	 97.17000	 70.71750	 97.17000
110.20000	 97.09000	 70.61811	 97.09000
110.40000	 96.99000	 70.50062	 96.99000
110.60000	 96.90000	 70.39298	 96.90000
110.80000	 96.85000	 70.32298	 96.85000
111.00000	 97.10000	 70.52978	 97.10000
111.20000	 97.35000	 70.73698	 97.35000
111.40000	 97.56000	 70.90742	 97.56000
111.60000	 97.65000	 70.96737	 97.65000
111.80000	 97.38000	 70.69622	 97.38000
112.00000	 96.98000	 70.30621	 96.98000
112.20000	 96.48000	 69.82568	 96.48000
112.40000	 95.91000	 69.28287	 95.91000
112.60000	 95.34000	 68.74273	 95.34000
112.80000	 94.74000	 68.17801	 94.74000
113.00000	 94.13000	 67.60739	 94.13000
113.20000	 93.53000	 67.04942	 93.53000
113.40000	 92.97000	 66.53175	 92.97000
113.60000	 92.53000	 66.12788	 92.53000
113.80000	 92.10000	 65.73635	 92.10000
114.00000	 91.68000	 65.35691	 91.68000
114.20000	 91.24000	 64.96175	 91.24000
114.40000	 90.71000	 64.48634	 90.71000
114.60000	 89.91000	 63.76521	 89.91000
114.80000	 89.15000	 63.08394	 89.15000
115.00000	 88.51000	 62.51634	 88.51000
115.20000	 88.05000	 62.11749	 88.05000
115.40000	 88.04000	 62.13529	 88.04000
115.60000	 88.47000	 62.55938	 88.47000
115.80000	 89.09000	 63.15824	 89.09000
116.00000	 89.82000	 63.85687	 89.82000
116.20000	 90.60000	 64.59892	 90.60000
116.40000	 91.32000	 65.28236	 91.32000
116.60000	 92.02000	 65.94355	 92.02000
116.80000	 92.67000	 66.55465	 92.67000
117.00000	 93.22000	 67.06968	 93.22000
117.20000	 93.52000	 67.35090	 93.52000
117.40000	 93.73000	 67.54610	 93.73000
117.60000	 93.85000	 67.65590	 93.85000
117.80000	 93.91000	 67.70853	 93.91000
118.00000	 93.91000	 67.70453	 93.91000
118.20000	 93.89000	 67.68120	 93.89000
118.40000	 93.86000	 67.64812	 93.86000
118.60000	 93.84000	 67.62397	 93.84000
118.80000	 93.85000	 67.62732	 93.85000
119.00000	 93.92000	 67.68583	 93.92000
119.20000	 94.05000	 67.79944	 94.05000
119.40000	 94.28000	 68.00478	 94.28000
119.60000	 94.77000	 68.44870	 94.77000
119.80000	 95.31000	 68.93742	 95.31000
120.00000	 95.85000	 69.42441	 95.85000
120.20000	 96.34000	 69.86336	 96.34000
120.40000	 96.73000	 70.20814	 96.73000
120.60000	 96.96000	 70.40372	 96.96000
120.80000	 96.96000	 70.38610	 96.96000
121.00000	 96.43000	 69.88011	 96.43000
121.20000	 95.47000	 68.97918	 95.47000
121.40000	 94.33000	 67.91501	 94.33000
121.60000	 93.11000	 66.78107	 93.11000
121.80000	 92.07000	 65.81763	 92.07000
122.00000	 91.43000	 65.22740	 91.43000
122.20000	 90.88000	 64.72477	 90.88000
122.40000	 90.38000	 64.27240	 90.38000
122.60000	 89.91000	 63.85136	 89.91000
122.80000	 89.45000	 63.44281	 89.45000
123.00000	 88.66000	 62.73373	 88.66000
123.20000	 87.88000	 62.03713	 87.88000
123.40000	 87.16000	 61.39916	 87.16000
123.60000	 86.53000	 60.84739	 86.53000
123.80000	 86.05000	 60.43679	 86.05000
124.00000	 85.90000	 60.33244	 85.90000
124.20000	 85.97000	 60.43223	 85.97000
124.40000	 86.20000	 60.67992	 86.20000
124.60000	 86.57000	 61.05609	 86.57000
124.80000	 87.11000	 61.58737	 87.11000
125.00000	 87.87000	 62.31881	 87.87000
125.20000	 88.70000	 63.11142	 88.70000
125.40000	 89.53000	 63.90003	 89.53000
125.60000	 90.30000	 64.62897	 90.30000
125.80000	 90.83000	 65.13251	 90.83000
126.00000	 91.19000	 65.47539	 91.19000
126.20000	 91.42000	 65.69500	 91.42000
126.40000	 91.53000	 65.80121	 91.53000
126.60000	 91.47000	 65.74877	 91.47000
126.80000	 91.21000	 65.51091	 91.21000
127.00000	 90.85000	 65.18054	 90.85000
127.20000	 90.44000	 64.80447	 90.44000
127.40000	 90.01000	 64.41094	 90.01000
127.60000	 89.59000	 64.02801	 89.59000
127.80000	 89.21000	 63.68357	 89.21000
128.00000	 88.92000	 63.42370	 88.92000
128.20000	 88.75000	 63.27588	 88.75000
128.40000	 88.74000	 63.27658	 88.74000
128.60000	 89.18000	 63.69197	 89.18000
128.80000	 89.88000	 64.34615	 89.88000
129.00000	 90.67000	 65.08147	 90.67000
129.20000	 91.50000	 65.85093	 91.50000
129.40000	 92.25000	 66.54344	 92.25000
129.60000	 92.81000	 67.05751	 92.81000
129.80000	 93.28000	 67.48527	 93.28000
130.00000	 93.68000	 67.84542	 93.68000
130.20000	 93.99000	 68.11994	 93.99000
130.40000	 94.18000	 68.28171	 94.18000
130.60000	 94.28000	 68.35885	 94.28000
130.80000	 94.28000	 68.34273	 94.28000
131.00000	 94.19000	 68.24312	 94.19000
131.20000	 94.01000	 68.06058	 94.01000
131.40000	 93.63000	 67.69451	 93.63000
131.60000	 93.18000	 67.26520	 93.18000
131.80000	 92.72000	 66.82844	 92.72000
132.00000	 92.26000	 66.39386	 92.26000
132.20000	 91.85000	 66.00770	 91.85000
132.40000	 91.58000	 65.75280	 91.58000
132.60000	 91.41000	 65.59213	 91.41000
132.80000	 91.33000	 65.51612	 91.33000
133.00000	 91.37000	 65.55193	 91.37000
133.20000	 91.58000	 65.74502	 91.58000
133.40000	 92.11000	 66.23264	 92.11000
133.60000	 92.71000	 66.78382	 92.71000
133.80000	 93.30000	 67.32416	 93.30000
134.00000	 93.83000	 67.80714	 93.83000
134.20000	 94.07000	 68.02100	 94.07000
134.40000	 94.13000	 68.06732	 94.13000
134.60000	 94.06000	 67.99268	 94.06000
134.80000	 93.89000	 67.82537	 93.89000
135.00000	 93.62000	 67.56602	 93.62000
135.20000	 93.26000	 67.22447	 93.26000
135.40000	 92.83000	 66.81970	 92.83000
135.60000	 92.34000	 66.36141	 92.34000
135.80000	 91.79000	 65.85006	 91.79000
136.00000	 91.15000	 65.25844	 91.15000
136.20000	 90.40000	 64.56856	 90.40000
136.40000	 89.68000	 63.90964	 89.68000
136.60000	 89.04000	 63.32786	 89.04000
136.80000	 88.54000	 62.87838	 88.54000
137.00000	 88.35000	 62.71721	 88.35000
137.20000	 88.55000	 62.91711	 88.55000
137.40000	 88.91000	 63.26526	 88.91000
137.60000	 89.38000	 63.71450	 89.38000
137.80000	 89.94000	 64.24542	 89.94000
138.00000	 90.55000	 64.82039	 90.55000
138.20000	 91.17000	 65.40198	 91.17000
138.40000	 91.76000	 65.95298	 91.76000
138.60000	 92.27000	 66.42720	 92.27000
138.80000	 92.55000	 66.68672	 92.55000
139.00000	 92.60000	 66.73202	 92.60000
139.20000	 92.55000	 66.68345	 92.55000
139.40000	 92.43000	 66.56931	 92.43000
139.60000	 92.28000	 66.42704	 92.28000
139.80000	 92.23000	 66.37668	 92.23000
140.00000	 92.15000	 66.29883	 92.15000
140.20000	 92.04000	 66.19365	 92.04000
140.40000	 91.89000	 66.05209	 91.89000
140.60000	 91.55000	 65.73640	 91.55000
140.80000	 91.06000	 65.28383	 91.06000
141.00000	 90.62000	 64.87888	 90.62000
141.20000	 90.27000	 64.55862	 90.27000
141.40000	 90.09000	 64.39665	 90.09000
141.60000	 90.55000	 64.82486	 90.55000
141.80000	 91.18000	 65.40962	 91.18000
142.00000	 91.89000	 66.06687	 91.89000
142.20000	 92.61000	 66.73124	 92.61000
142.40000	 93.13000	 67.20892	 93.13000
142.60000	 93.46000	 67.50903	 93.46000
142.80000	 93.68000	 67.70548	 93.68000
143.00000	 93.79000	 67.79873	 93.79000
143.20000	 93.77000	 67.77092	 93.77000
143.40000	 93.56000	 67.56747	 93.56000
143.60000	 93.27000	 67.29032	 93.27000
143.80000	 92.92000	 66.95856	 92.92000
144.00000	 92.54000	 66.60032	 92.54000
144.20000	 92.22000	 66.29881	 92.22000
144.40000	 91.95000	 66.04500	 91.95000
144.60000	 91.67000	 65.78371	 91.67000
144.80000	 91.37000	 65.50575	 91.37000
145.00000	 91.06000	 65.22033	 91.06000
145.20000	 90.55000	 64.75274	 90.55000
145.40000	 89.95000	 64.20450	 89.95000
145.60000	 89.43000	 63.73234	 89.43000
145.80000	 89.08000	 63.41913	 89.08000
146.00000	 88.95000	 63.31056	 88.95000
146.20000	 89.58000	 63.90264	 89.58000
146.40000	 90.42000	 64.68773	 90.42000
146.60000	 91.39000	 65.59061	 91.39000
146.80000	 92.39000	 66.51800	 92.39000
147.00000	 93.24000	 67.30343	 93.24000
147.20000	 93.94000	 67.94658	 93.94000
147.40000	 94.53000	 68.48434	 94.53000
147.60000	 94.99000	 68.89864	 94.99000
147.80000	 95.25000	 69.12559	 95.25000
148.00000	 95.29000	 69.14754	 95.29000
148.20000	 95.19000	 69.03898	 95.19000
148.40000	 94.96000	 68.81003	 94.96000
148.60000	 94.61000	 68.47075	 94.61000
148.80000	 94.04000	 67.92999	 94.04000
149.00000	 93.43000	 67.35422	 93.43000
149.20000	 92.83000	 66.79013	 92.83000
149.40000	 92.30000	 66.29333	 92.30000
149.60000	 92.01000	 66.02029	 92.01000
149.80000	 92.03000	 66.03502	 92.03000
150.00000	 92.18000	 66.17112	 92.18000
150.20000	 92.42000	 66.39097	 92.42000
150.40000	 92.75000	 66.69381	 92.75000
150.60000	 93.24000	 67.14336	 93.24000
150.80000	 93.74000	 67.60091	 93.74000
151.00000	 94.18000	 68.00158	 94.18000
151.20000	 94.51000	 68.29915	 94.51000
151.40000	 94.50000	 68.28218	 94.50000
151.60000	 94.22000	 68.01574	 94.22000
151.80000	 93.80000	 67.62036	 93.80000
152.00000	 93.27000	 67.12454	 93.27000
152.20000	 92.68000	 66.57511	 92.68000
152.40000	 92.08000	 66.01870	 92.08000
152.60000	 91.44000	 65.42815	 91.44000
152.80000	 90.78000	 64.82221	 90.78000
153.00000	 90.11000	 64.21032	 90.11000
153.20000	 89.40000	 63.56504	 89.40000
153.40000	 88.64000	 62.87732	 88.64000
153.60000	 87.95000	 62.25766	 87.95000
153.80000	 87.36000	 61.73360	 87.36000
154.00000	 86.93000	 61.36005	 86.93000
154.20000	 86.83000	 61.29285	 86.83000
154.40000	 87.09000	 61.55861	 87.09000
154.60000	 87.50000	 61.96285	 87.50000
154.80000	 88.01000	 62.45839	 88.01000
155.00000	 88.60000	 63.02586	 88.60000
155.20000	 89.17000	 63.57247	 89.17000
155.40000	 89.74000	 64.11614	 89.74000
155.60000	 90.29000	 64.63817	 90.29000
155.80000	 90.77000	 65.09244	 90.77000
156.00000	 91.09000	 65.39626	 91.09000
156.20000	 91.27000	 65.56839	 91.27000
156.40000	 91.38000	 65.67376	 91.38000
156.60000	 91.46000	 65.74966	 91.46000
156.80000	 91.53000	 65.81493	 91.53000
157.00000	 91.63000	 65.90666	 91.63000
157.20000	 91.74000	 66.00665	 91.74000
157.40000	 91.85000	 66.10581	 91.85000
157.60000	 91.98000	 66.22261	 91.98000
157.80000	 92.08000	 66.31111	 92.08000
158.00000	 92.23000	 66.44495	 92.23000
158.20000	 92.43000	 66.62410	 92.43000
158.40000	 92.71000	 66.87605	 92.71000
158.60000	 93.14000	 67.26495	 93.14000
158.80000	 93.64000	 67.71684	 93.64000
159.00000	 94.20000	 68.22212	 94.20000
159.20000	 94.90000	 68.85400	 94.90000
159.40000	 95.71000	 69.58441	 95.71000
159.60000	 96.38000	 70.18293	 96.38000
159.80000	 96.79000	 70.53916	 96.79000
160.00000	 96.38000	 70.13857	 96.38000
160.20000	 95.50000	 69.30488	 95.50000
160.40000	 94.41000	 68.27934	 94.41000
160.60000	 93.23000	 67.17415	 93.23000
160.80000	 92.52000	 66.50567	 92.52000
161.00000	 92.08000	 66.09001	 92.08000
161.20000	 91.72000	 65.75191	 91.72000
161.40000	 91.39000	 65.44484	 91.39000
161.60000	 91.04000	 65.12236	 91.04000
161.80000	 90.50000	 64.62782	 90.50000
162.00000	 89.65000	 63.85099	 89.65000
162.20000	 88.81000	 63.08677	 88.81000
162.40000	 88.04000	 62.39071	 88.04000
162.60000	 87.39000	 61.80888	 87.39000
162.80000	 87.09000	 61.55259	 87.09000
163.00000	 87.18000	 61.65781	 87.18000
163.20000	 87.42000	 61.90253	 87.42000
163.40000	 87.74000	 62.22119	 87.74000
163.60000	 88.11000	 62.58526	 88.11000
163.80000	 88.40000	 62.87444	 88.40000
164.00000	 88.64000	 63.11598	 88.64000
164.20000	 88.85000	 63.32816	 88.85000
164.40000	 89.03000	 63.51098	 89.03000
164.60000	 89.14000	 63.62770	 89.14000
164.80000	 89.16000	 63.66012	 89.16000
165.00000	 89.13000	 63.64536	 89.13000
165.20000	 89.05000	 63.58371	 89.05000
165.40000	 88.92000	 63.47549	 88.92000
165.60000	 88.72000	 63.30263	 88.72000
165.80000	 88.46000	 63.07466	 88.46000
166.00000	 88.19000	 62.83791	 88.19000
166.20000	 87.95000	 62.62942	 87.95000
166.40000	 87.74000	 62.44929	 87.74000
166.60000	 87.58000	 62.31592	 87.58000
166.80000	 87.51000	 62.26600	 87.51000
167.00000	 87.54000	 62.30850	 87.54000
167.20000	 87.72000	 62.48906	 87.72000
167.40000	 88.20000	 62.94509	 88.20000
167.60000	 89.03000	 63.72170	 89.03000
167.80000	 89.91000	 64.54174	 89.91000
168.00000	 90.75000	 65.32153	 90.75000
168.20000	 91.43000	 65.95021	 91.43000
168.40000	 91.60000	 66.10588	 91.60000
168.60000	 91.59000	 66.09300	 91.59000
168.80000	 91.43000	 65.94018	 91.43000
169.00000	 91.16000	 65.68519	 91.16000
169.20000	 90.84000	 65.38410	 90.84000
169.40000	 90.47000	 65.03760	 90.47000
169.60000	 90.03000	 64.62786	 90.03000
169.80000	 89.56000	 64.19216	 89.56000
170.00000	 89.04000	 63.71248	 89.04000
170.20000	 88.47000	 63.18916	 88.47000
170.40000	 87.88000	 62.65008	 87.88000
170.60000	 87.33000	 62.15062	 87.33000
170.80000	 86.82000	 61.69082	 86.82000
171.00000	 86.40000	 61.31659	 86.40000
171.20000	 86.15000	 61.10126	 86.15000
171.40000	 86.04000	 61.01674	 86.04000
171.60000	 86.04000	 61.03481	 86.04000
171.80000	 86.14000	 61.14564	 86.14000
172.00000	 86.34000	 61.34860	 86.34000
172.20000	 86.74000	 61.73505	 86.74000
172.40000	 87.21000	 62.18465	 87.21000
172.60000	 87.72000	 62.66916	 87.72000
172.80000	 88.21000	 63.13292	 88.21000
173.00000	 88.63000	 63.52966	 88.63000
173.20000	 88.94000	 63.82256	 88.94000
173.40000	 89.18000	 64.04862	 89.18000
173.60000	 89.35000	 64.20814	 89.35000
173.80000	 89.43000	 64.28307	 89.43000
174.00000	 89.35000	 64.20945	 89.35000
174.20000	 89.19000	 64.06146	 89.19000
174.40000	 88.95000	 63.83965	 88.95000
174.60000	 88.66000	 63.57214	 88.66000
174.80000	 88.31000	 63.25020	 88.31000
175.00000	 87.78000	 62.76386	 87.78000
175.20000	 87.28000	 62.30685	 87.28000
175.40000	 86.86000	 61.92549	 86.86000
175.60000	 86.58000	 61.67502	 86.58000
175.80000	 86.61000	 61.71154	 86.61000
176.00000	 87.17000	 62.23661	 87.17000
176.20000	 87.86000	 62.88089	 87.86000
176.40000	 88.63000	 63.59714	 88.63000
176.60000	 89.41000	 64.31999	 89.41000
176.80000	 89.98000	 64.84647	 89.98000
177.00000	 90.43000	 65.25931	 90.43000
177.20000	 90.80000	 65.59552	 90.80000
177.40000	 91.08000	 65.84626	 91.08000
177.60000	 91.22000	 65.96595	 91.22000
177.80000	 91.21000	 65.94597	 91.21000
178.00000	 91.11000	 65.84217	 91.11000
178.20000	 90.94000	 65.67358	 90.94000
178.40000	 90.69000	 65.43158	 90.69000
178.60000	 90.37000	 65.12589	 90.37000
178.80000	 90.00000	 64.77539	 90.00000
179.00000	 89.63000	 64.42647	 89.63000
179.20000	 89.28000	 64.09778	 89.28000
179.40000	 88.98000	 63.81704	 88.98000
179.60000	 88.83000	 63.67618	 88.83000
179.80000	 88.76000	 63.61051	 88.76000
180.00000	 88.77000	 63.61966	 88.77000
180.20000	 88.86000	 63.70321	 88.86000
180.40000	 89.07000	 63.89750	 89.07000
180.60000	 89.43000	 64.22961	 89.43000
180.80000	 89.82000	 64.58855	 89.82000
181.00000	 90.21000	 64.94625	 90.21000
181.20000	 90.57000	 65.27481	 90.57000
181.40000	 90.73000	 65.41775	 90.73000
181.60000	 90.78000	 65.45812	 90.78000
181.80000	 90.77000	 65.44233	 90.77000
182.00000	 90.70000	 65.37076	 90.70000
182.20000	 90.58000	 65.25302	 90.58000
182.40000	 90.40000	 65.08026	 90.40000
182.60000	 90.20000	 64.88961	 90.20000
182.80000	 89.98000	 64.68136	 89.98000
183.00000	 89.75000	 64.46490	 89.75000
183.20000	 89.51000	 64.24040	 89.51000
183.40000	 89.23000	 63.98037	 89.23000
183.60000	 89.02000	 63.78611	 89.02000
183.80000	 88.92000	 63.69437	 88.92000
184.00000	 88.95000	 63.72328	 88.95000
184.20000	 89.30000	 64.04715	 89.30000
184.40000	 90.00000	 64.69271	 90.00000
184.60000	 90.79000	 65.41958	 90.79000
184.80000	 91.61000	 66.17161	 91.61000
185.00000	 92.39000	 66.88371	 92.39000
185.20000	 92.89000	 67.33478	 92.89000
185.40000	 93.30000	 67.69986	 93.30000
185.60000	 93.63000	 67.98854	 93.63000
185.80000	 93.86000	 68.18287	 93.86000
186.00000	 93.99000	 68.28336	 93.99000
186.20000	 94.04000	 68.30897	 94.04000
186.40000	 94.00000	 68.25101	 94.00000
186.60000	 93.87000	 68.11004	 93.87000
186.80000	 93.67000	 67.90498	 93.67000
187.00000	 93.36000	 67.59953	 93.36000
187.20000	 92.98000	 67.23100	 92.98000
187.40000	 92.55000	 66.81826	 92.55000
187.60000	 92.08000	 66.37091	 92.08000
187.80000	 91.51000	 65.83408	 91.51000
188.00000	 90.85000	 65.21735	 90.85000
188.20000	 90.22000	 64.63147	 90.22000
188.40000	 89.70000	 64.15019	 89.70000
188.60000	 89.33000	 63.81019	 89.33000
188.80000	 89.41000	 63.88698	 89.41000
189.00000	 89.81000	 64.25987	 89.81000
189.20000	 90.32000	 64.73437	 90.32000
189.40000	 90.89000	 65.26337	 90.89000
189.60000	 91.42000	 65.75402	 91.42000
189.80000	 91.70000	 66.01269	 91.70000
190.00000	 91.94000	 66.23264	 91.94000
190.20000	 92.15000	 66.42325	 92.15000
190.40000	 92.34000	 66.59391	 92.34000
190.60000	 92.57000	 66.80000	 92.57000
190.80000	 92.80000	 67.00480	 92.80000
191.00000	 93.00000	 67.18076	 93.00000
191.20000	 93.15000	 67.30962	 93.15000
191.40000	 93.24000	 67.38234	 93.24000
191.60000	 93.24000	 67.37158	 93.24000
191.80000	 93.17000	 67.29607	 93.17000
192.00000	 93.05000	 67.17456	 93.05000
192.20000	 92.88000	 67.00739	 92.88000
192.40000	 92.53000	 66.67532	 92.53000
192.60000	 92.12000	 66.28925	 92.12000
192.80000	 91.78000	 65.96921	 91.78000
193.00000	 91.54000	 65.74294	 91.54000
193.20000	 91.58000	 65.77592	 91.58000
193.40000	 92.05000	 66.20549	 92.05000
193.60000	 92.63000	 66.73616	 92.63000
193.80000	 93.27000	 67.32092	 93.27000
194.00000	 93.89000	 67.88542	 93.89000
194.20000	 94.31000	 68.26364	 94.31000
194.40000	 94.68000	 68.59357	 94.68000
194.60000	 94.99000	 68.86619	 94.99000
194.80000	 95.23000	 69.07253	 95.23000
195.00000	 95.36000	 69.17613	 95.36000
195.20000	 95.44000	 69.23257	 95.44000
195.40000	 95.46000	 69.23308	 95.46000
195.60000	 95.45000	 69.20562	 95.45000
195.80000	 95.43000	 69.16890	 95.43000
196.00000	 95.43000	 69.15077	 95.43000
196.20000	 95.40000	 69.10534	 95.40000
196.40000	 95.34000	 69.03277	 95.34000
196.60000	 95.23000	 68.91480	 95.23000
196.80000	 95.04000	 68.72402	 95.04000
197.00000	 94.78000	 68.46990	 94.78000
197.20000	 94.50000	 68.19872	 94.50000
197.40000	 94.20000	 67.91070	 94.20000
197.60000	 93.84000	 67.56924	 93.84000
197.80000	 93.47000	 67.22052	 93.47000
198.00000	 93.16000	 66.92906	 93.16000
198.20000	 92.95000	 66.73163	 92.95000
198.40000	 93.11000	 66.87629	 93.11000
198.60000	 93.46000	 67.19665	 93.46000
198.80000	 93.78000	 67.48946	 93.78000
199.00000	 93.96000	 67.65296	 93.96000
199.20000	 93.53000	 67.25479	 93.53000
199.40000	 92.75000	 66.53510	 92.75000
199.60000	 91.81000	 65.66996	 91.81000
199.80000	 90.78000	 64.72494	 90.78000
200.00000	 89.88000	 63.90331	 89.88000
200.20000	 89.17000	 63.26062	 89.17000
200.40000	 88.50000	 62.65878	 88.50000
200.60000	 87.87000	 62.09757	 87.87000
200.80000	 87.26000	 61.55836	 87.26000
201.00000	 86.66000	 61.03169	 86.66000
201.20000	 86.02000	 60.47136	 86.02000
201.40000	 85.43000	 59.96004	 85.43000
201.60000	 84.89000	 59.49753	 84.89000
201.80000	 84.41000	 59.09277	 84.41000
202.00000	 83.99000	 58.74546	 83.99000
202.20000	 83.58000	 58.40928	 83.58000
202.40000	 83.32000	 58.21269	 83.32000
202.60000	 83.25000	 58.19202	 83.25000
202.80000	 83.41000	 58.38336	 83.41000
203.00000	 84.08000	 59.04332	 84.08000
203.20000	 85.17000	 60.08758	 85.17000
203.40000	 86.40000	 61.25686	 86.40000
203.60000	 87.68000	 62.46693	 87.68000
203.80000	 88.88000	 63.59721	 88.88000
204.00000	 89.80000	 64.46330	 89.80000
204.20000	 90.60000	 65.21257	 90.60000
204.40000	 91.26000	 65.82711	 91.26000
204.60000	 91.75000	 66.27994	 91.75000
204.80000	 91.94000	 66.45231	 91.94000
205.00000	 91.94000	 66.44651	 91.94000
205.20000	 91.82000	 66.32807	 91.82000
205.40000	 91.61000	 66.12562	 91.61000
205.60000	 91.37000	 65.89521	 91.37000
205.80000	 91.18000	 65.71107	 91.18000
206.00000	 90.99000	 65.52757	 90.99000
206.20000	 90.80000	 65.34494	 90.80000
206.40000	 90.63000	 65.18172	 90.63000
206.60000	 90.48000	 65.03798	 90.48000
206.80000	 90.37000	 64.93208	 90.37000
207.00000	 90.32000	 64.88234	 90.32000
207.20000	 90.35000	 64.90697	 90.35000
207.40000	 90.46000	 65.00567	 90.46000
207.60000	 90.81000	 65.32527	 90.81000
207.80000	 91.39000	 65.85588	 91.39000
208.00000	 91.98000	 66.39431	 91.98000
208.20000	 92.53000	 66.89396	 92.53000
208.40000	 92.97000	 67.29016	 92.97000
208.60000	 92.94000	 67.25183	 92.94000
208.80000	 92.77000	 67.08336	 92.77000
209.00000	 92.49000	 66.81321	 92.49000
209.20000	 92.14000	 66.47898	 92.14000
209.40000	 91.79000	 66.14572	 91.79000
209.60000	 91.49000	 65.85985	 91.49000
209.80000	 91.17000	 65.55720	 91.17000
210.00000	 90.84000	 65.24713	 90.84000
210.20000	 90.49000	 64.92053	 90.49000
210.40000	 90.12000	 64.57752	 90.12000
210.60000	 89.74000	 64.22735	 89.74000
210.80000	 89.35000	 63.87008	 89.35000
211.00000	 88.95000	 63.50574	 88.95000
211.20000	 88.55000	 63.14355	 88.55000
211.40000	 88.09000	 62.72833	 88.09000
211.60000	 87.48000	 62.17738	 87.48000
211.80000	 86.93000	 61.68414	 86.93000
212.00000	 86.49000	 61.29467	 86.49000
212.20000	 86.22000	 61.06397	 86.22000
212.40000	 86.27000	 61.12954	 86.27000
212.60000	 86.79000	 61.62839	 86.79000
212.80000	 87.49000	 62.29234	 87.49000
213.00000	 88.30000	 63.05565	 88.30000
213.20000	 89.18000	 63.88045	 89.18000
213.40000	 90.01000	 64.65553	 90.01000
213.60000	 90.82000	 65.40802	 90.82000
213.80000	 91.59000	 66.11932	 91.59000
214.00000	 92.30000	 66.77098	 92.30000
214.20000	 92.86000	 67.28038	 92.86000
214.40000	 93.29000	 67.66632	 93.29000
214.60000	 93.63000	 67.96613	 93.63000
214.80000	 93.90000	 68.19879	 93.90000
215.00000	 94.13000	 68.39243	 94.13000
215.20000	 94.35000	 68.57512	 94.35000
215.40000	 94.50000	 68.69203	 94.50000
215.60000	 94.59000	 68.75273	 94.59000
215.80000	 94.59000	 68.73003	 94.59000
216.00000	 94.37000	 68.50480	 94.37000
216.20000	 94.03000	 68.16970	 94.03000
216.40000	 93.66000	 67.80820	 93.66000
216.60000	 93.31000	 67.46678	 93.31000
216.80000	 93.04000	 67.20094	 93.04000
217.00000	 93.02000	 67.16703	 93.02000
217.20000	 93.12000	 67.24506	 93.12000
217.40000	 93.34000	 67.43446	 93.34000
217.60000	 93.69000	 67.74384	 93.69000
217.80000	 94.25000	 68.24612	 94.25000
218.00000	 95.06000	 68.97724	 95.06000
218.20000	 95.92000	 69.75228	 95.92000
218.40000	 96.75000	 70.49689	 96.75000
218.60000	 97.51000	 71.17386	 97.51000
218.80000	 97.91000	 71.51636	 97.91000
219.00000	 98.17000	 71.72732	 98.17000
219.20000	 98.29000	 71.80742	 98.29000
219.40000	 98.29000	 71.77582	 98.29000
219.60000	 98.13000	 71.59649	 98.13000
219.80000	 97.84000	 71.29780	 97.84000
220.00000	 97.46000	 70.91735	 97.46000
220.20000	 96.99000	 70.45581	 96.99000
220.40000	 96.47000	 69.95059	 96.47000
220.60000	 95.74000	 69.25504	 95.74000
220.80000	 95.03000	 68.58137	 95.03000
221.00000	 94.39000	 67.97596	 94.39000
221.20000	 93.89000	 67.50328	 93.89000
221.40000	 93.68000	 67.30106	 93.68000
221.60000	 94.07000	 67.65366	 94.07000
221.80000	 94.62000	 68.15481	 94.62000
222.00000	 95.25000	 68.72952	 95.25000
222.20000	 95.89000	 69.31232	 95.89000
222.40000	 96.34000	 69.71849	 96.34000
222.60000	 96.63000	 69.97550	 96.63000
222.80000	 96.82000	 70.13872	 96.82000
223.00000	 96.90000	 70.19932	 96.90000
223.20000	 96.84000	 70.13014	 96.84000
223.40000	 96.61000	 69.90419	 96.61000
223.60000	 96.27000	 69.57734	 96.27000
223.80000	 95.83000	 69.15947	 95.83000
224.00000	 95.31000	 68.66962	 95.31000
224.20000	 94.68000	 68.08076	 94.68000
224.40000	 94.00000	 67.44863	 94.00000
224.60000	 93.28000	 66.78288	 93.28000
224.80000	 92.56000	 66.12065	 92.56000
225.00000	 91.86000	 65.48052	 91.86000
225.20000	 91.15000	 64.83497	 91.15000
225.40000	 90.53000	 64.27599	 90.53000
225.60000	 90.03000	 63.83098	 90.03000
225.80000	 89.71000	 63.55474	 89.71000
226.00000	 89.72000	 63.58459	 89.72000
226.20000	 90.17000	 64.02062	 90.17000
226.40000	 90.75000	 64.57621	 90.75000
226.60000	 91.41000	 65.20409	 91.41000
226.80000	 92.06000	 65.82047	 92.06000
227.00000	 92.52000	 66.25917	 92.52000
227.20000	 92.91000	 66.63050	 92.91000
227.40000	 93.21000	 66.91616	 93.21000
227.60000	 93.41000	 67.10725	 93.41000
227.80000	 93.39000	 67.09380	 93.39000
228.00000	 93.24000	 66.95927	 93.24000
228.20000	 93.00000	 66.74118	 93.00000
228.40000	 92.70000	 66.46780	 92.70000
228.60000	 92.26000	 66.06610	 92.26000
228.80000	 91.74000	 65.59191	 91.74000
229.00000	 91.33000	 65.22054	 91.33000
229.20000	 91.09000	 65.00732	 91.09000
229.40000	 91.30000	 65.20955	 91.30000
229.60000	 92.10000	 65.95499	 92.10000
229.80000	 93.09000	 66.87402	 93.09000
230.00000	 94.19000	 67.89151	 94.19000
230.20000	 95.26000	 68.87750	 95.26000
230.40000	 96.19000	 69.73010	 96.19000
230.60000	 97.00000	 70.46749	 97.00000
230.80000	 97.64000	 71.04384	 97.64000
231.00000	 97.98000	 71.34003	 97.98000
231.20000	 97.88000	 71.22822	 97.88000
231.40000	 97.56000	 70.91219	 97.56000
231.60000	 97.07000	 70.43933	 97.07000
231.80000	 96.44000	 69.83852	 96.44000
232.00000	 95.67000	 69.11087	 95.67000
232.20000	 94.87000	 68.35854	 94.87000
232.40000	 94.09000	 67.62822	 94.09000
232.60000	 93.39000	 66.97550	 93.39000
232.80000	 92.96000	 66.57519	 92.96000
233.00000	 92.82000	 66.44523	 92.82000
233.20000	 92.81000	 66.43756	 92.81000
233.40000	 92.89000	 66.51452	 92.89000
233.60000	 93.05000	 66.66615	 93.05000
233.80000	 93.25000	 66.85497	 93.25000
234.00000	 93.48000	 67.07123	 93.48000
234.20000	 93.70000	 67.27773	 93.70000
234.40000	 93.88000	 67.44660	 93.88000
234.60000	 93.95000	 67.51339	 93.95000
234.80000	 93.89000	 67.45984	 93.89000
235.00000	 93.77000	 67.35066	 93.77000
235.20000	 93.59000	 67.18622	 93.59000
235.40000	 93.37000	 66.98525	 93.37000
235.60000	 93.09000	 66.72967	 93.09000
235.80000	 92.79000	 66.45657	 92.79000
236.00000	 92.47000	 66.16621	 92.47000
236.20000	 92.16000	 65.88635	 92.16000
236.40000	 91.89000	 65.64469	 91.89000
236.60000	 91.67000	 65.45041	 91.67000
236.80000	 91.46000	 65.26659	 91.46000
237.00000	 91.26000	 65.09312	 91.26000
237.20000	 91.04000	 64.90231	 91.04000
237.40000	 90.70000	 64.60214	 90.70000
237.60000	 90.43000	 64.36753	 90.43000
237.80000	 90.29000	 64.25364	 90.29000
238.00000	 90.40000	 64.37057	 90.40000
238.20000	 90.97000	 64.91078	 90.97000
238.40000	 91.67000	 65.56951	 91.67000
238.60000	 92.40000	 66.25369	 92.40000
238.80000	 93.04000	 66.85217	 93.04000
239.00000	 93.53000	 67.30944	 93.53000
239.20000	 93.86000	 67.61638	 93.86000
239.40000	 93.99000	 67.73657	 93.99000
239.60000	 93.68000	 67.44996	 93.68000
239.80000	 93.02000	 66.84059	 93.02000
240.00000	 92.22000	 66.10311	 92.22000
240.20000	 91.32000	 65.27559	 91.32000
240.40000	 90.54000	 64.56139	 90.54000
240.60000	 89.88000	 63.96096	 89.88000
240.80000	 89.25000	 63.39160	 89.25000
241.00000	 88.65000	 62.85324	 88.65000
241.20000	 88.09000	 62.35497	 88.09000
241.40000	 87.60000	 61.92417	 87.60000
241.60000	 87.14000	 61.52378	 87.14000
241.80000	 86.70000	 61.14431	 86.70000
242.00000	 86.26000	 60.76712	 86.26000
242.20000	 85.71000	 60.29086	 85.71000
242.40000	 85.01000	 59.67878	 85.01000
242.60000	 84.40000	 59.15189	 84.40000
242.80000	 83.95000	 58.77457	 83.95000
243.00000	 83.73000	 58.61089	 83.73000
243.20000	 84.12000	 59.00965	 84.12000
243.40000	 84.81000	 59.68417	 84.81000
243.60000	 85.71000	 60.55007	 85.71000
243.80000	 86.75000	 61.54148	 86.75000
244.00000	 87.83000	 62.56522	 87.83000
244.20000	 88.93000	 63.60203	 88.93000
244.40000	 90.09000	 64.68813	 90.09000
244.60000	 91.30000	 65.81386	 91.30000
244.80000	 92.80000	 67.19964	 92.80000
245.00000	 94.56000	 68.81717	 94.56000
245.20000	 96.05000	 70.17817	 96.05000
245.40000	 97.05000	 71.08030	 97.05000
245.60000	 96.89000	 70.90836	 96.89000
245.80000	 94.61000	 68.78236	 94.61000
246.00000	 91.94000	 66.29920	 91.94000
246.20000	 89.26000	 63.81303	 89.26000
246.40000	 86.96000	 61.68570	 86.96000
246.60000	 87.30000	 61.99697	 87.30000
246.80000	 88.52000	 63.12421	 88.52000
247.00000	 90.13000	 64.61235	 90.13000
247.20000	 91.88000	 66.22774	 91.88000
247.40000	 93.13000	 67.37899	 93.13000
247.60000	 93.40000	 67.62374	 93.40000
247.80000	 93.52000	 67.72652	 93.52000
248.00000	 93.60000	 67.78962	 93.60000
248.20000	 93.73000	 67.89671	 93.73000
248.40000	 94.50000	 68.59090	 94.50000
248.60000	 95.31000	 69.31959	 95.31000
248.80000	 96.08000	 70.00862	 96.08000
249.00000	 96.72000	 70.57491	 96.72000
249.20000	 96.81000	 70.63227	 96.81000
249.40000	 96.63000	 70.43930	 96.63000
249.60000	 96.31000	 70.11680	 96.31000
249.80000	 95.90000	 69.71187	 95.90000
250.00000	 95.57000	 69.38178	 95.57000
250.20000	 95.32000	 69.12700	 95.32000
250.40000	 95.08000	 68.88330	 95.08000
250.60000	 94.82000	 68.62316	 94.82000
250.80000	 94.56000	 68.36504	 94.56000
251.00000	 94.27000	 68.08137	 94.27000
251.20000	 93.96000	 67.78140	 93.96000
251.40000	 93.65000	 67.48357	 93.65000
251.60000	 93.35000	 67.19709	 93.35000
251.80000	 93.07000	 66.93112	 93.07000
252.00000	 92.76000	 66.63961	 92.76000
252.20000	 92.49000	 66.38690	 92.49000
252.40000	 92.28000	 66.19129	 92.28000
252.60000	 92.15000	 66.07097	 92.15000
252.80000	 92.12000	 66.04403	 92.12000
253.00000	 92.19000	 66.11006	 92.19000
253.20000	 92.40000	 66.30538	 92.40000
253.40000	 92.77000	 66.64780	 92.77000
253.60000	 93.46000	 67.28379	 93.46000
253.80000	 94.33000	 68.08353	 94.33000
254.00000	 95.23000	 68.90805	 95.23000
254.20000	 96.07000	 69.67387	 96.07000
254.40000	 96.80000	 70.33464	 96.80000
254.60000	 97.31000	 70.78921	 97.31000
254.80000	 97.54000	 70.98286	 97.54000
255.00000	 97.18000	 70.63133	 97.18000
255.20000	 96.15000	 69.66275	 96.15000
255.40000	 94.88000	 68.47496	 94.88000
255.60000	 93.53000	 67.21716	 93.53000
255.80000	 92.51000	 66.26791	 92.51000
256.00000	 91.91000	 65.71034	 91.91000
256.20000	 91.44000	 65.27718	 91.44000
256.40000	 91.06000	 64.93097	 91.06000
256.60000	 90.74000	 64.64344	 90.74000
256.80000	 90.38000	 64.32204	 90.38000
257.00000	 89.99000	 63.97558	 89.99000
257.20000	 89.61000	 63.64064	 89.61000
257.40000	 89.23000	 63.30784	 89.23000
257.60000	 88.86000	 62.98621	 88.86000
257.80000	 88.34000	 62.52848	 88.34000
258.00000	 87.82000	 62.07276	 87.82000
258.20000	 87.41000	 61.72029	 87.41000
258.40000	 87.14000	 61.49850	 87.14000
258.60000	 87.17000	 61.55416	 87.17000
258.80000	 87.63000	 62.00598	 87.63000
259.00000	 88.26000	 62.61349	 88.26000
259.20000	 88.98000	 63.30189	 88.98000
259.40000	 89.72000	 64.00582	 89.72000
259.60000	 90.38000	 64.63263	 90.38000
259.80000	 91.02000	 65.23723	 91.02000
260.00000	 91.60000	 65.78271	 91.60000
260.20000	 92.09000	 66.24156	 92.09000
260.40000	 92.39000	 66.52207	 92.39000
260.60000	 92.63000	 66.74434	 92.63000
260.80000	 92.83000	 66.92729	 92.83000
261.00000	 93.02000	 67.09897	 93.02000
261.20000	 93.31000	 67.36088	 93.31000
261.40000	 93.59000	 67.61192	 93.59000
261.60000	 93.87000	 67.86139	 93.87000
261.80000	 94.14000	 68.10014	 94.14000
262.00000	 94.34000	 68.27309	 94.34000
262.20000	 94.52000	 68.42642	 94.52000
262.40000	 94.70000	 68.57871	 94.70000
262.60000	 94.88000	 68.73009	 94.88000
262.80000	 95.11000	 68.92664	 95.11000
263.00000	 95.34000	 69.12237	 95.34000
263.20000	 95.58000	 69.32647	 95.58000
263.40000	 95.80000	 69.51134	 95.80000
263.60000	 96.00000	 69.67702	 96.00000
263.80000	 96.20000	 69.84197	 96.20000
264.00000	 96.42000	 70.02464	 96.42000
264.20000	 96.84000	 70.39058	 96.84000
264.40000	 97.24000	 70.73710	 97.24000
264.60000	 97.50000	 70.95365	 97.50000
264.80000	 97.41000	 70.84724	 97.41000
265.00000	 96.66000	 70.13353	 96.66000
265.20000	 95.67000	 69.20050	 95.67000
265.40000	 94.53000	 68.13251	 94.53000
265.60000	 93.42000	 67.09645	 93.42000
265.80000	 92.54000	 66.27704	 92.54000
266.00000	 91.71000	 65.50882	 91.71000
266.20000	 90.93000	 64.79171	 90.93000
266.40000	 90.21000	 64.13469	 90.21000
266.60000	 89.55000	 63.53747	 89.55000
266.80000	 88.96000	 63.00887	 88.96000
267.00000	 88.43000	 62.53930	 88.43000
267.20000	 87.94000	 62.10991	 87.94000
267.40000	 87.51000	 61.73871	 87.51000
267.60000	 86.98000	 61.27814	 86.98000
267.80000	 86.50000	 60.86602	 86.50000
268.00000	 86.16000	 60.58492	 86.16000
268.20000	 86.00000	 60.47120	 86.00000
268.40000	 86.24000	 60.72657	 86.24000
268.60000	 86.98000	 61.44180	 86.98000
268.80000	 87.85000	 62.27491	 87.85000
269.00000	 88.79000	 63.16933	 88.79000
269.20000	 89.65000	 63.98605	 89.65000
269.40000	 90.29000	 64.59581	 90.29000
269.60000	 90.81000	 65.09066	 90.81000
269.80000	 91.21000	 65.47095	 91.21000
270.00000	 91.41000	 65.66358	 91.41000
270.20000	 91.34000	 65.60492	 91.34000
270.40000	 91.14000	 65.42474	 91.14000
270.60000	 90.85000	 65.16079	 90.85000
270.80000	 90.50000	 64.84149	 90.50000
271.00000	 90.18000	 64.55027	 90.18000
271.20000	 89.85000	 64.25076	 89.85000
271.40000	 89.52000	 63.95242	 89.52000
271.60000	 89.20000	 63.66463	 89.20000
271.80000	 88.82000	 63.32311	 88.82000
272.00000	 88.45000	 62.99239	 88.45000
272.20000	 88.19000	 62.76451	 88.19000
272.40000	 88.10000	 62.69447	 88.10000
272.60000	 88.38000	 62.96576	 88.38000
272.80000	 89.20000	 63.73374	 89.20000
273.00000	 90.12000	 64.59208	 90.12000
273.20000	 91.03000	 65.43832	 91.03000
273.40000	 91.74000	 66.09689	 91.74000
273.60000	 91.96000	 66.30092	 91.96000
273.80000	 92.01000	 66.34554	 92.01000
274.00000	 91.91000	 66.25003	 91.91000
274.20000	 91.71000	 66.06131	 91.71000
274.40000	 91.45000	 65.81696	 91.45000
274.60000	 91.12000	 65.50847	 91.12000
274.80000	 90.71000	 65.12723	 90.71000
275.00000	 90.25000	 64.70135	 90.25000
275.20000	 89.71000	 64.20369	 89.71000
275.40000	 89.14000	 63.68067	 89.14000
275.60000	 88.55000	 63.14180	 88.55000
275.80000	 87.95000	 62.59652	 87.95000
276.00000	 87.30000	 62.00818	 87.30000
276.20000	 86.67000	 61.44133	 86.67000
276.40000	 86.11000	 60.94199	 86.11000
276.60000	 85.68000	 60.56521	 85.68000
276.80000	 85.49000	 60.41179	 85.49000
277.00000	 85.69000	 60.61898	 85.69000
277.20000	 86.00000	 60.92805	 86.00000
277.40000	 86.38000	 61.30117	 86.38000
277.60000	 86.76000	 61.67313	 86.76000
277.80000	 86.94000	 61.85945	 86.94000
278.00000	 87.06000	 61.98890	 87.06000
278.20000	 87.13000	 62.07079	 87.13000
278.40000	 87.15000	 62.10533	 87.15000
278.60000	 87.12000	 62.09276	 87.12000
278.80000	 87.04000	 62.03334	 87.04000
279.00000	 86.90000	 61.91817	 86.90000
279.20000	 86.69000	 61.73834	 86.69000
279.40000	 86.41000	 61.49420	 86.41000
279.60000	 85.85000	 60.99299	 85.85000
279.80000	 85.27000	 60.47457	 85.27000
280.00000	 84.75000	 60.01305	 84.75000
280.20000	 84.36000	 59.67304	 84.36000
280.40000	 84.30000	 59.63838	 84.30000
280.60000	 84.70000	 60.02793	 84.70000
280.80000	 85.22000	 60.52769	 85.22000
281.00000	 85.80000	 61.08134	 85.80000
281.20000	 86.38000	 61.63286	 86.38000
281.40000	 86.75000	 61.98855	 86.75000
281.60000	 87.04000	 62.26800	 87.04000
281.80000	 87.24000	 62.46220	 87.24000
282.00000	 87.35000	 62.57147	 87.35000
282.20000	 87.28000	 62.51346	 87.28000
282.40000	 87.09000	 62.34397	 87.09000
282.60000	 86.80000	 62.08204	 86.80000
282.80000	 86.45000	 61.76510	 86.45000
283.00000	 86.04000	 61.39370	 86.04000
283.20000	 85.61000	 61.00508	 85.61000
283.40000	 85.16000	 60.59959	 85.16000
283.60000	 84.69000	 60.17748	 84.69000
283.80000	 84.22000	 59.75736	 84.22000
284.00000	 83.75000	 59.33931	 83.75000
284.20000	 83.29000	 58.93261	 83.29000
284.40000	 82.87000	 58.56483	 82.87000
284.60000	 82.51000	 58.25427	 82.51000
284.80000	 82.23000	 58.01913	 82.23000
285.00000	 82.04000	 57.86830	 82.04000
285.20000	 81.98000	 57.83819	 81.98000
285.40000	 82.05000	 57.92828	 82.05000
285.60000	 82.28000	 58.16558	 82.28000
285.80000	 82.69000	 58.56777	 82.69000
286.00000	 83.54000	 59.37316	 83.54000
286.20000	 84.50000	 60.27693	 84.50000
286.40000	 85.51000	 61.22282	 85.51000
286.60000	 86.51000	 62.15486	 86.51000
286.80000	 87.30000	 62.88864	 87.30000
287.00000	 87.95000	 63.48865	 87.95000
287.20000	 88.49000	 63.98288	 88.49000
287.40000	 88.92000	 64.37182	 88.92000
287.60000	 89.19000	 64.61010	 89.19000
