  0.00000	 82.69000	 57.34633	 82.69000
  0.20000	 82.37000	 57.98411	 82.37000
  0.40000	 82.31000	 58.72019	 82.31000
  0.60000	 82.46000	 59.48033	 82.46000
  0.80000	 82.78000	 60.20659	 82.78000
  1.00000	 83.23000	 60.85175	 83.23000
  1.20000	 83.76000	 61.37181	 83.76000
  1.40000	 84.34000	 61.75226	 84.34000
  1.60000	 84.90000	 61.95399	 84.90000
  1.80000	 85.43000	 61.99991	 85.43000
  2.00000	 85.71000	 61.73725	 85.71000
  2.20000	 85.82000	 61.28894	 85.82000
  2.40000	 85.86000	 60.79575	 85.86000
  2.60000	 85.84000	 60.30832	 85.84000
  2.80000	 85.78000	 59.87231	 85.78000
  3.00000	 85.69000	 59.51111	 85.69000
  3.20000	 85.60000	 59.25361	 85.60000
  3.40000	 85.53000	 59.10934	 85.53000
  3.60000	 85.51000	 59.08812	 85.51000
  3.80000	 85.56000	 59.18450	 85.56000
  4.00000	 85.74000	 59.42340	 85.74000
  4.20000	 86.02000	 59.74726	 86.02000
  4.40000	 86.39000	 60.11759	 86.39000
  4.60000	 86.88000	 60.53528	 86.88000
  4.80000	 87.59000	 61.06480	 87.59000
  5.00000	 88.48000	 61.64660	 88.48000
  5.20000	 89.43000	 62.15537	 89.43000
  5.40000	 90.38000	 62.53123	 90.38000
  5.60000	 91.29000	 62.74661	 91.29000
  5.80000	 92.04000	 62.71815	 92.04000
  6.00000	 92.69000	 62.53407	 92.69000
  6.20000	 93.21000	 62.20845	 93.21000
  6.40000	 93.60000	 61.78210	 93.60000
  6.60000	 93.74000	 61.18935	 93.74000
  6.80000	 93.65000	 60.48879	 93.65000
  7.00000	 93.44000	 59.81351	 93.44000
  7.20000	 93.12000	 59.19616	 93.12000
  7.40000	 92.73000	 58.68214	 92.73000
  7.60000	 92.25000	 58.25194	 92.25000
  7.80000	 91.77000	 57.97333	 91.77000
  8.00000	 91.31000	 57.84247	 91.31000
  8.20000	 90.92000	 57.87385	 90.92000
  8.40000	 90.75000	 58.16152	 90.75000
  8.60000	 90.86000	 58.70898	 90.86000
  8.80000	 91.04000	 59.27808	 91.04000
  9.00000	 91.25000	 59.79271	 91.25000
  9.20000	 91.44000	 60.18616	 91.44000
  9.40000	 91.45000	 60.31583	 91.45000
  9.60000	 91.38000	 60.28900	 91.38000
  9.80000	 91.23000	 60.13508	 91.23000
 10.00000	 91.01000	 59.89493	 91.01000
 10.20000	 90.69000	 59.57311	 90.69000
 10.40000	 90.23000	 59.16381	 90.23000
 10.60000	 89.72000	 58.77233	 89.72000
 10.80000	 89.18000	 58.43338	 89.18000
 11.00000	 88.62000	 58.16267	 88.62000
 11.20000	 88.05000	 57.96723	 88.05000
 11.40000	 87.51000	 57.87324	 87.51000
 11.60000	 87.03000	 57.89126	 87.03000
 11.80000	 86.66000	 58.04324	 86.66000
 12.00000	 86.41000	 58.31069	 86.41000
 12.20000	 86.53000	 58.87920	 86.53000
 12.40000	 86.82000	 59.52840	 86.82000
 12.60000	 87.19000	 60.14004	 87.19000
 12.80000	 87.61000	 60.66374	 87.61000
 13.00000	 88.02000	 61.03927	 88.02000
 13.20000	 88.36000	 61.22307	 88.36000
 13.40000	 88.65000	 61.25597	 88.65000
 13.60000	 88.86000	 61.14270	 88.86000
 13.80000	 88.96000	 60.89232	 88.96000
 14.00000	 88.78000	 60.39550	 88.78000
 14.20000	 88.43000	 59.79533	 88.43000
 14.40000	 87.98000	 59.19509	 87.98000
 14.60000	 87.47000	 58.65882	 87.47000
 14.80000	 86.91000	 58.20951	 86.91000
 15.00000	 86.31000	 57.85739	 86.31000
 15.20000	 85.74000	 57.65456	 85.74000
 15.40000	 85.22000	 57.59850	 85.22000
 15.60000	 84.80000	 57.70476	 84.80000
 15.80000	 84.59000	 58.03378	 84.59000
 16.00000	 84.64000	 58.58412	 84.64000
 16.20000	 84.80000	 59.17544	 84.80000
 16.40000	 85.07000	 59.76853	 85.07000
 16.60000	 85.40000	 60.29324	 85.40000
 16.80000	 85.83000	 60.77176	 85.83000
 17.00000	 86.29000	 61.13995	 86.29000
 17.20000	 86.72000	 61.35397	 86.72000
 17.40000	 87.10000	 61.41655	 87.10000
 17.60000	 87.31000	 61.25250	 87.31000
 17.80000	 87.31000	 60.86800	 87.31000
 18.00000	 87.22000	 60.41494	 87.22000
 18.20000	 87.05000	 59.94195	 87.05000
 18.40000	 86.82000	 59.49568	 86.82000
 18.60000	 86.52000	 59.08530	 86.52000
 18.80000	 86.20000	 58.76262	 86.20000
 19.00000	 85.89000	 58.55120	 85.89000
 19.20000	 85.60000	 58.44757	 85.60000
 19.40000	 85.38000	 58.47621	 85.38000
 19.60000	 85.24000	 58.62049	 85.24000
 19.80000	 85.19000	 58.86072	 85.19000
 20.00000	 85.26000	 59.19419	 85.26000
 20.20000	 85.46000	 59.60113	 85.46000
 20.40000	 85.96000	 60.20139	 85.96000
 20.60000	 86.63000	 60.84706	 86.63000
 20.80000	 87.38000	 61.43170	 87.38000
 21.00000	 88.17000	 61.90671	 88.17000
 21.20000	 88.91000	 62.19531	 88.91000
 21.40000	 89.55000	 62.27248	 89.55000
 21.60000	 90.12000	 62.19635	 90.12000
 21.80000	 90.61000	 61.99509	 90.61000
 22.00000	 90.99000	 61.68007	 90.99000
 22.20000	 91.16000	 61.20157	 91.16000
 22.40000	 91.22000	 60.68593	 91.22000
 22.60000	 91.18000	 60.17296	 91.18000
 22.80000	 91.06000	 59.70108	 91.06000
 23.00000	 90.84000	 59.26375	 90.84000
 23.20000	 90.54000	 58.88211	 90.54000
 23.40000	 90.23000	 58.61371	 90.23000
 23.60000	 89.94000	 58.47179	 89.94000
 23.80000	 89.70000	 58.46149	 89.70000
 24.00000	 89.64000	 58.66799	 89.64000
 24.20000	 89.65000	 58.95793	 89.65000
 24.40000	 89.75000	 59.31395	 89.75000
 24.60000	 89.93000	 59.69740	 89.93000
 24.80000	 90.29000	 60.17104	 90.29000
 25.00000	 90.77000	 60.65889	 90.77000
 25.20000	 91.25000	 61.03970	 91.25000
 25.40000	 91.71000	 61.29392	 91.71000
 25.60000	 92.06000	 61.35447	 92.06000
 25.80000	 92.20000	 61.16061	 92.20000
 26.00000	 92.24000	 60.84826	 92.24000
 26.20000	 92.17000	 60.44842	 92.17000
 26.40000	 92.00000	 60.00526	 92.00000
 26.60000	 91.65000	 59.47847	 91.65000
 26.80000	 91.19000	 58.95566	 91.19000
 27.00000	 90.66000	 58.48965	 90.66000
 27.20000	 90.08000	 58.10490	 90.08000
 27.40000	 89.44000	 57.79005	 89.44000
 27.60000	 88.71000	 57.51065	 88.71000
 27.80000	 88.02000	 57.36909	 88.02000
 28.00000	 87.45000	 57.41465	 87.45000
 28.20000	 87.04000	 57.65069	 87.04000
 28.40000	 87.07000	 58.27884	 87.07000
 28.60000	 87.42000	 59.13228	 87.42000
 28.80000	 87.92000	 59.99990	 87.92000
 29.00000	 88.54000	 60.80991	 88.54000
 29.20000	 89.22000	 61.48450	 89.22000
 29.40000	 89.90000	 61.96685	 89.90000
 29.60000	 90.55000	 62.24574	 90.55000
 29.80000	 91.14000	 62.32467	 91.14000
 30.00000	 91.62000	 62.19976	 91.62000
 30.20000	 91.79000	 61.74514	 91.79000
 30.40000	 91.76000	 61.11816	 91.76000
 30.60000	 91.62000	 60.45564	 91.62000
 30.80000	 91.38000	 59.81051	 91.38000
 31.00000	 91.05000	 59.22022	 91.05000
 31.20000	 90.64000	 58.70803	 90.64000
 31.40000	 90.23000	 58.34539	 90.23000
 31.60000	 89.86000	 58.15435	 89.86000
 31.80000	 89.56000	 58.13600	 89.56000
 32.00000	 89.51000	 58.41186	 89.51000
 32.20000	 89.61000	 58.84533	 89.61000
 32.40000	 89.82000	 59.35235	 89.82000
 32.60000	 90.10000	 59.85732	 90.10000
 32.80000	 90.49000	 60.36648	 90.49000
 33.00000	 91.01000	 60.87729	 91.01000
 33.20000	 91.51000	 61.24709	 91.51000
 33.40000	 91.96000	 61.45397	 91.96000
 33.60000	 92.31000	 61.47294	 92.31000
 33.80000	 92.30000	 61.11044	 92.30000
 34.00000	 92.10000	 60.56911	 92.10000
 34.20000	 91.78000	 59.96481	 91.78000
 34.40000	 91.35000	 59.35046	 91.35000
 34.60000	 90.82000	 58.76609	 90.82000
 34.80000	 90.17000	 58.21326	 90.17000
 35.00000	 89.50000	 57.78781	 89.50000
 35.20000	 88.84000	 57.51026	 88.84000
 35.40000	 88.25000	 57.41456	 88.25000
 35.60000	 87.87000	 57.59184	 87.87000
 35.80000	 87.70000	 57.99630	 87.70000
 36.00000	 87.64000	 58.48903	 87.64000
 36.20000	 87.64000	 58.98221	 87.64000
 36.40000	 87.70000	 59.44491	 87.70000
 36.60000	 87.84000	 59.87588	 87.84000
 36.80000	 87.99000	 60.20526	 87.99000
 37.00000	 88.12000	 60.41022	 88.12000
 37.20000	 88.18000	 60.46153	 88.18000
 37.40000	 88.12000	 60.34015	 88.12000
 37.60000	 87.72000	 59.88957	 87.72000
 37.80000	 87.21000	 59.36097	 87.21000
 38.00000	 86.65000	 58.85007	 86.65000
 38.20000	 86.05000	 58.39424	 86.05000
 38.40000	 85.45000	 58.04255	 85.45000
 38.60000	 84.86000	 57.80387	 84.86000
 38.80000	 84.35000	 57.72794	 84.35000
 39.00000	 83.95000	 57.81803	 83.95000
 39.20000	 83.71000	 58.08601	 83.71000
 39.40000	 83.73000	 58.57978	 83.73000
 39.60000	 84.21000	 59.42405	 84.21000
 39.80000	 84.86000	 60.30409	 84.86000
 40.00000	 85.64000	 61.13723	 85.64000
 40.20000	 86.53000	 61.87750	 86.53000
 40.40000	 87.46000	 62.45373	 87.46000
 40.60000	 88.41000	 62.85675	 88.41000
 40.80000	 89.34000	 63.07411	 89.34000
 41.00000	 90.20000	 63.09557	 90.20000
 41.20000	 90.97000	 62.94504	 90.97000
 41.40000	 91.45000	 62.49505	 91.45000
 41.60000	 91.77000	 61.91619	 91.77000
 41.80000	 91.97000	 61.29551	 91.97000
 42.00000	 92.05000	 60.67319	 92.05000
 42.20000	 91.98000	 60.05121	 91.98000
 42.40000	 91.77000	 59.45713	 91.77000
 42.60000	 91.52000	 58.98724	 91.52000
 42.80000	 91.26000	 58.66263	 91.26000
 43.00000	 91.04000	 58.50928	 91.04000
 43.20000	 91.08000	 58.68851	 91.08000
 43.40000	 91.18000	 58.97786	 91.18000
 43.60000	 91.33000	 59.32349	 91.33000
 43.80000	 91.51000	 59.67163	 91.51000
 44.00000	 91.70000	 59.97957	 91.70000
 44.20000	 91.89000	 60.22489	 91.89000
 44.40000	 92.06000	 60.38673	 92.06000
 44.60000	 92.19000	 60.45323	 92.19000
 44.80000	 92.27000	 60.42844	 92.27000
 45.00000	 92.24000	 60.27809	 92.24000
 45.20000	 92.12000	 60.04306	 92.12000
 45.40000	 91.90000	 59.73905	 91.90000
 45.60000	 91.57000	 59.38063	 91.57000
 45.80000	 91.10000	 58.96300	 91.10000
 46.00000	 90.41000	 58.43727	 90.41000
 46.20000	 89.62000	 57.93035	 89.62000
 46.40000	 88.77000	 57.49110	 88.77000
 46.60000	 87.88000	 57.14022	 87.88000
 46.80000	 86.95000	 56.87170	 86.95000
 47.00000	 86.00000	 56.69073	 86.00000
 47.20000	 85.11000	 56.64949	 85.11000
 47.40000	 84.32000	 56.75773	 84.32000
 47.60000	 83.67000	 57.01882	 83.67000
 47.80000	 83.36000	 57.56907	 83.36000
 48.00000	 83.38000	 58.34833	 83.38000
 48.20000	 83.55000	 59.14487	 83.55000
 48.40000	 83.81000	 59.86634	 83.81000
 48.60000	 84.15000	 60.48316	 84.15000
 48.80000	 84.48000	 60.91345	 84.48000
 49.00000	 84.79000	 61.16315	 84.79000
 49.20000	 85.08000	 61.25939	 85.08000
 49.40000	 85.32000	 61.20965	 85.32000
 49.60000	 85.48000	 61.02489	 85.48000
 49.80000	 85.39000	 60.59698	 85.39000
 50.00000	 85.22000	 60.12118	 85.22000
 50.20000	 84.99000	 59.65302	 84.99000
 50.40000	 84.71000	 59.22681	 84.71000
 50.60000	 84.41000	 58.88213	 84.41000
 50.80000	 84.11000	 58.63793	 84.11000
 51.00000	 83.82000	 58.49454	 83.82000
 51.20000	 83.56000	 58.45390	 83.56000
 51.40000	 83.35000	 58.51296	 83.35000
 51.60000	 83.20000	 58.65695	 83.20000
 51.80000	 83.15000	 58.89617	 83.15000
 52.00000	 83.19000	 59.19644	 83.19000
 52.20000	 83.34000	 59.55166	 83.34000
 52.40000	 83.61000	 59.94925	 83.61000
 52.60000	 84.16000	 60.50841	 84.16000
 52.80000	 84.88000	 61.10685	 84.88000
 53.00000	 85.66000	 61.62737	 85.66000
 53.20000	 86.44000	 62.01020	 86.44000
 53.40000	 87.18000	 62.22832	 87.18000
 53.60000	 87.75000	 62.19053	 87.75000
 53.80000	 88.22000	 61.99529	 88.22000
 54.00000	 88.58000	 61.67523	 88.58000
 54.20000	 88.82000	 61.26192	 88.82000
 54.40000	 88.85000	 60.71437	 88.85000
 54.60000	 88.68000	 60.07879	 88.68000
 54.80000	 88.39000	 59.45803	 88.39000
 55.00000	 88.02000	 58.90850	 88.02000
 55.20000	 87.59000	 58.45571	 87.59000
 55.40000	 87.09000	 58.08760	 87.09000
 55.60000	 86.58000	 57.84522	 86.58000
 55.80000	 86.10000	 57.74378	 86.10000
 56.00000	 85.69000	 57.79108	 85.69000
 56.20000	 85.40000	 57.99777	 85.40000
 56.40000	 85.46000	 58.52440	 85.46000
 56.60000	 85.61000	 59.09174	 85.61000
 56.80000	 85.82000	 59.63181	 85.82000
 57.00000	 86.07000	 60.10088	 86.07000
 57.20000	 86.27000	 60.40996	 86.27000
 57.40000	 86.38000	 60.53168	 86.38000
 57.60000	 86.47000	 60.54876	 86.47000
 57.80000	 86.53000	 60.47801	 86.53000
 58.00000	 86.54000	 60.32812	 86.54000
 58.20000	 86.42000	 60.05557	 86.42000
 58.40000	 86.25000	 59.75813	 86.25000
 58.60000	 86.08000	 59.50112	 86.08000
 58.80000	 85.93000	 59.31336	 85.93000
 59.00000	 85.83000	 59.22219	 85.83000
 59.20000	 86.00000	 59.40886	 86.00000
 59.40000	 86.21000	 59.64409	 86.21000
 59.60000	 86.44000	 59.88438	 86.44000
 59.80000	 86.64000	 60.06809	 86.64000
 60.00000	 86.77000	 60.15319	 86.77000
 60.20000	 86.74000	 60.06623	 86.74000
 60.40000	 86.64000	 59.90340	 86.64000
 60.60000	 86.48000	 59.69337	 86.48000
 60.80000	 86.25000	 59.44581	 86.25000
 61.00000	 85.91000	 59.14238	 85.91000
 61.20000	 85.48000	 58.81653	 85.48000
 61.40000	 85.03000	 58.54170	 85.03000
 61.60000	 84.60000	 58.35661	 84.60000
 61.80000	 84.22000	 58.28158	 84.22000
 62.00000	 83.99000	 58.38848	 83.99000
 62.20000	 83.90000	 58.64196	 83.90000
 62.40000	 83.88000	 58.94961	 83.88000
 62.60000	 83.96000	 59.30993	 83.96000
 62.80000	 84.12000	 59.68201	 84.12000
 63.00000	 84.45000	 60.12587	 84.45000
 63.20000	 84.85000	 60.53691	 84.85000
 63.40000	 85.27000	 60.86248	 85.27000
 63.60000	 85.69000	 61.08682	 85.69000
 63.80000	 86.07000	 61.18611	 86.07000
 64.00000	 86.35000	 61.12784	 86.35000
 64.20000	 86.56000	 60.96580	 86.56000
 64.40000	 86.67000	 60.70325	 86.67000
 64.60000	 86.68000	 60.36970	 86.68000
 64.80000	 86.45000	 59.87165	 86.45000
 65.00000	 86.01000	 59.26878	 86.01000
 65.20000	 85.49000	 58.70595	 85.49000
 65.40000	 84.92000	 58.22792	 84.92000
 65.60000	 84.34000	 57.87409	 84.34000
 65.80000	 83.78000	 57.66198	 83.78000
 66.00000	 83.29000	 57.61545	 83.29000
 66.20000	 82.91000	 57.74011	 82.91000
 66.40000	 82.66000	 58.01720	 82.66000
 66.60000	 82.63000	 58.48501	 82.63000
 66.80000	 83.11000	 59.34827	 83.11000
 67.00000	 83.73000	 60.22103	 83.73000
 67.20000	 84.42000	 60.99559	 84.42000
 67.40000	 85.13000	 61.60547	 85.13000
 67.60000	 85.70000	 61.91239	 85.70000
 67.80000	 86.13000	 61.94438	 86.13000
 68.00000	 86.45000	 61.77246	 86.45000
 68.20000	 86.66000	 61.44704	 86.66000
 68.40000	 86.74000	 61.00019	 86.74000
 68.60000	 86.54000	 60.34822	 86.54000
 68.80000	 86.23000	 59.68780	 86.23000
 69.00000	 85.81000	 59.05442	 85.81000
 69.20000	 85.33000	 58.51294	 85.33000
 69.40000	 84.78000	 58.06108	 84.78000
 69.60000	 84.16000	 57.69462	 84.16000
 69.80000	 83.58000	 57.49707	 83.58000
 70.00000	 83.10000	 57.49643	 83.10000
 70.20000	 82.76000	 57.69228	 82.76000
 70.40000	 82.88000	 58.31743	 82.88000
 70.60000	 83.26000	 59.13052	 83.26000
 70.80000	 83.76000	 59.94572	 83.76000
 71.00000	 84.32000	 60.66617	 84.32000
 71.20000	 84.86000	 61.20079	 84.86000
 71.40000	 85.25000	 61.43988	 85.25000
 71.60000	 85.58000	 61.49008	 85.58000
 71.80000	 85.83000	 61.37222	 85.83000
 72.00000	 85.97000	 61.10259	 85.97000
 72.20000	 85.89000	 60.62987	 85.89000
 72.40000	 85.65000	 60.05457	 85.65000
 72.60000	 85.33000	 59.48879	 85.33000
 72.80000	 84.94000	 58.97008	 84.94000
 73.00000	 84.53000	 58.55690	 84.53000
 73.20000	 84.05000	 58.20694	 84.05000
 73.40000	 83.61000	 58.00919	 83.61000
 73.60000	 83.27000	 57.99704	 83.27000
 73.80000	 83.06000	 58.16625	 83.06000
 74.00000	 83.18000	 58.65116	 83.18000
 74.20000	 83.58000	 59.35324	 83.58000
 74.40000	 84.13000	 60.10214	 84.13000
 74.60000	 84.78000	 60.81014	 84.78000
 74.80000	 85.51000	 61.43311	 85.51000
 75.00000	 86.27000	 61.91759	 86.27000
 75.20000	 87.04000	 62.25229	 87.04000
 75.40000	 87.75000	 62.39530	 87.75000
 75.60000	 88.39000	 62.36871	 88.39000
 75.80000	 88.77000	 62.04629	 88.77000
 76.00000	 89.02000	 61.59321	 89.02000
 76.20000	 89.15000	 61.06717	 89.15000
 76.40000	 89.19000	 60.53467	 89.19000
 76.60000	 89.10000	 59.98995	 89.10000
 76.80000	 88.90000	 59.47098	 88.90000
 77.00000	 88.66000	 59.04975	 88.66000
 77.20000	 88.42000	 58.75950	 88.42000
 77.40000	 88.20000	 58.60423	 88.20000
 77.60000	 88.10000	 58.64807	 88.10000
 77.80000	 88.06000	 58.80559	 88.06000
 78.00000	 88.10000	 59.05993	 88.10000
 78.20000	 88.22000	 59.37846	 88.22000
 78.40000	 88.55000	 59.84449	 88.55000
 78.60000	 89.00000	 60.34721	 89.00000
 78.80000	 89.48000	 60.78281	 89.48000
 79.00000	 89.95000	 61.10501	 89.95000
 79.20000	 90.32000	 61.23888	 90.32000
 79.40000	 90.48000	 61.10919	 90.48000
 79.60000	 90.55000	 60.85722	 90.55000
 79.80000	 90.54000	 60.52935	 90.54000
 80.00000	 90.44000	 60.15017	 90.44000
 80.20000	 90.25000	 59.74738	 90.25000
 80.40000	 89.98000	 59.35085	 89.98000
 80.60000	 89.65000	 58.99178	 89.65000
 80.80000	 89.29000	 58.70203	 89.29000
 81.00000	 88.89000	 58.47057	 88.89000
 81.20000	 88.40000	 58.24712	 88.40000
 81.40000	 87.93000	 58.12039	 87.93000
 81.60000	 87.53000	 58.12016	 87.53000
 81.80000	 87.24000	 58.25982	 87.24000
 82.00000	 87.24000	 58.66662	 87.24000
 82.20000	 87.53000	 59.29663	 87.53000
 82.40000	 87.91000	 59.92668	 87.91000
 82.60000	 88.34000	 60.48714	 88.34000
 82.80000	 88.76000	 60.90868	 88.76000
 83.00000	 89.05000	 61.08893	 89.05000
 83.20000	 89.26000	 61.09414	 89.26000
 83.40000	 89.39000	 60.95685	 89.39000
 83.60000	 89.43000	 60.70432	 89.43000
 83.80000	 89.33000	 60.32915	 89.33000
 84.00000	 89.03000	 59.81574	 89.03000
 84.20000	 88.65000	 59.30505	 88.65000
 84.40000	 88.20000	 58.83139	 88.20000
 84.60000	 87.71000	 58.43476	 87.71000
 84.80000	 87.16000	 58.10042	 87.16000
 85.00000	 86.60000	 57.86709	 86.60000
 85.20000	 86.08000	 57.76524	 86.08000
 85.40000	 85.66000	 57.82542	 85.66000
 85.60000	 85.37000	 58.04367	 85.37000
 85.80000	 85.50000	 58.63415	 85.50000
 86.00000	 85.80000	 59.32272	 85.80000
 86.20000	 86.20000	 59.99928	 86.20000
 86.40000	 86.67000	 60.60479	 86.67000
 86.60000	 87.14000	 61.06285	 87.14000
 86.80000	 87.58000	 61.35041	 87.58000
 87.00000	 87.97000	 61.46829	 87.97000
 87.20000	 88.29000	 61.42773	 88.29000
 87.40000	 88.52000	 61.24609	 88.52000
 87.60000	 88.52000	 60.84009	 88.52000
 87.80000	 88.32000	 60.28212	 88.32000
 88.00000	 88.03000	 59.71313	 88.03000
 88.20000	 87.68000	 59.19190	 87.68000
 88.40000	 87.29000	 58.75383	 87.29000
 88.60000	 86.91000	 58.44660	 86.91000
 88.80000	 86.54000	 58.26107	 86.54000
 89.00000	 86.20000	 58.19661	 86.20000
 89.20000	 85.93000	 58.26387	 85.93000
 89.40000	 85.75000	 58.45125	 85.75000
 89.60000	 85.81000	 58.85664	 85.81000
 89.80000	 85.96000	 59.30916	 85.96000
 90.00000	 86.19000	 59.76692	 86.19000
 90.20000	 86.50000	 60.20654	 86.50000
 90.40000	 86.88000	 60.60504	 86.88000
 90.60000	 87.34000	 60.96512	 87.34000
 90.80000	 87.82000	 61.23480	 87.82000
 91.00000	 88.29000	 61.39663	 88.29000
 91.20000	 88.73000	 61.44940	 88.73000
 91.40000	 89.04000	 61.32839	 89.04000
 91.60000	 89.25000	 61.09045	 89.25000
 91.80000	 89.40000	 60.80235	 89.40000
 92.00000	 89.51000	 60.50838	 89.51000
 92.20000	 89.56000	 60.21055	 89.56000
 92.40000	 89.56000	 59.93106	 89.56000
 92.60000	 89.52000	 59.68608	 89.52000
 92.80000	 89.46000	 59.49475	 89.46000
 93.00000	 89.40000	 59.37049	 89.40000
 93.20000	 89.34000	 59.30432	 89.34000
 93.40000	 89.29000	 59.29314	 89.29000
 93.60000	 89.27000	 59.34087	 89.27000
 93.80000	 89.29000	 59.44137	 89.29000
 94.00000	 89.37000	 59.59672	 89.37000
 94.20000	 89.54000	 59.81716	 89.54000
 94.40000	 89.90000	 60.17192	 89.90000
 94.60000	 90.30000	 60.50793	 90.30000
 94.80000	 90.71000	 60.78457	 90.71000
 95.00000	 91.11000	 60.98003	 91.11000
 95.20000	 91.43000	 61.03855	 91.43000
 95.40000	 91.67000	 60.97609	 91.67000
 95.60000	 91.83000	 60.81498	 91.83000
 95.80000	 91.91000	 60.57992	 91.91000
 96.00000	 91.90000	 60.28626	 91.90000
 96.20000	 91.70000	 59.86996	 91.70000
 96.40000	 91.37000	 59.40917	 91.37000
 96.60000	 90.95000	 58.96066	 90.95000
 96.80000	 90.46000	 58.55582	 90.46000
 97.00000	 89.92000	 58.21741	 89.92000
 97.20000	 89.28000	 57.89990	 89.28000
 97.40000	 88.61000	 57.65963	 88.61000
 97.60000	 87.96000	 57.52956	 87.96000
 97.80000	 87.38000	 57.53535	 87.38000
 98.00000	 86.88000	 57.66085	 86.88000
 98.20000	 86.64000	 58.03256	 86.64000
 98.40000	 86.55000	 58.51334	 86.55000
 98.60000	 86.58000	 59.03785	 86.58000
 98.80000	 86.71000	 59.55760	 86.71000
 99.00000	 86.94000	 60.05152	 86.94000
 99.20000	 87.31000	 60.54207	 87.31000
 99.40000	 87.74000	 60.95267	 87.74000
 99.60000	 88.22000	 61.27703	 88.22000
 99.80000	 88.72000	 61.49919	 88.72000
100.00000	 89.22000	 61.61845	 89.22000
100.20000	 89.67000	 61.61299	 89.67000
100.40000	 90.09000	 61.52641	 90.09000
100.60000	 90.45000	 61.35879	 90.45000
100.80000	 90.73000	 61.11843	 90.73000
101.00000	 90.86000	 60.76952	 90.86000
101.20000	 90.84000	 60.33901	 90.84000
101.40000	 90.73000	 59.90463	 90.73000
101.60000	 90.56000	 59.51050	 90.56000
101.80000	 90.32000	 59.15680	 90.32000
102.00000	 90.02000	 58.85425	 90.02000
102.20000	 89.67000	 58.60799	 89.67000
102.40000	 89.34000	 58.47042	 89.34000
102.60000	 89.05000	 58.44311	 89.05000
102.80000	 88.82000	 58.52202	 88.82000
103.00000	 88.81000	 58.82017	 88.81000
103.20000	 88.90000	 59.19686	 88.90000
103.40000	 89.08000	 59.61027	 89.08000
103.60000	 89.34000	 60.02548	 89.34000
103.80000	 89.68000	 60.42423	 89.68000
104.00000	 90.14000	 60.82997	 90.14000
104.20000	 90.62000	 61.14863	 90.62000
104.40000	 91.11000	 61.37430	 91.11000
104.60000	 91.57000	 61.48326	 91.57000
104.80000	 91.94000	 61.44229	 91.94000
105.00000	 92.23000	 61.28678	 92.23000
105.20000	 92.45000	 61.05460	 92.45000
105.40000	 92.58000	 60.75594	 92.58000
105.60000	 92.60000	 60.39871	 92.60000
105.80000	 92.41000	 59.91962	 92.41000
106.00000	 92.13000	 59.44888	 92.13000
106.20000	 91.78000	 59.02141	 91.78000
106.40000	 91.39000	 58.67107	 91.39000
106.60000	 90.96000	 58.39607	 90.96000
106.80000	 90.52000	 58.21379	 90.52000
107.00000	 90.09000	 58.12681	 90.09000
107.20000	 89.69000	 58.13318	 89.69000
107.40000	 89.36000	 58.24528	 89.36000
107.60000	 89.16000	 58.48959	 89.16000
107.80000	 89.12000	 58.86219	 89.12000
108.00000	 89.16000	 59.26180	 89.16000
108.20000	 89.27000	 59.65491	 89.27000
108.40000	 89.45000	 60.02501	 89.45000
108.60000	 89.71000	 60.37158	 89.71000
108.80000	 90.02000	 60.66483	 90.02000
109.00000	 90.35000	 60.88133	 90.35000
109.20000	 90.68000	 61.01284	 90.68000
109.40000	 90.99000	 61.05637	 90.99000
109.60000	 91.22000	 60.97847	 91.22000
109.80000	 91.41000	 60.83749	 91.41000
110.00000	 91.53000	 60.63009	 91.53000
110.20000	 91.57000	 60.36941	 91.57000
110.40000	 91.49000	 60.04100	 91.49000
110.60000	 91.22000	 59.60465	 91.22000
110.80000	 90.87000	 59.17881	 90.87000
111.00000	 90.46000	 58.79600	 90.46000
111.20000	 90.02000	 58.48850	 90.02000
111.40000	 89.55000	 58.25358	 89.55000
111.60000	 89.07000	 58.09965	 89.07000
111.80000	 88.61000	 58.03875	 88.61000
112.00000	 88.21000	 58.08697	 88.21000
112.20000	 87.87000	 58.22142	 87.87000
112.40000	 87.71000	 58.52139	 87.71000
112.60000	 87.73000	 58.95495	 87.73000
112.80000	 87.84000	 59.41020	 87.84000
113.00000	 88.00000	 59.82696	 88.00000
113.20000	 88.20000	 60.18250	 88.20000
113.40000	 88.39000	 60.42990	 88.39000
113.60000	 88.58000	 60.58528	 88.58000
113.80000	 88.75000	 60.64534	 88.75000
114.00000	 88.90000	 60.62870	 88.90000
114.20000	 89.02000	 60.54690	 89.02000
114.40000	 89.05000	 60.36835	 89.05000
114.60000	 89.03000	 60.15036	 89.03000
114.80000	 88.96000	 59.91245	 88.96000
115.00000	 88.85000	 59.67851	 88.85000
115.20000	 88.70000	 59.45871	 88.70000
115.40000	 88.51000	 59.25867	 88.51000
115.60000	 88.29000	 59.08895	 88.29000
115.80000	 88.04000	 58.94800	 88.04000
116.00000	 87.77000	 58.84056	 87.77000
116.20000	 87.46000	 58.74354	 87.46000
116.40000	 87.04000	 58.59162	 87.04000
116.60000	 86.65000	 58.50671	 86.65000
116.80000	 86.32000	 58.50934	 86.32000
117.00000	 86.10000	 58.63071	 86.10000
117.20000	 86.13000	 58.97198	 86.13000
117.40000	 86.51000	 59.58547	 86.51000
117.60000	 87.00000	 60.21611	 87.00000
117.80000	 87.55000	 60.78582	 87.55000
118.00000	 88.12000	 61.24177	 88.12000
118.20000	 88.57000	 61.46158	 88.57000
118.40000	 88.93000	 61.49188	 88.93000
118.60000	 89.24000	 61.39927	 89.24000
118.80000	 89.49000	 61.20901	 89.49000
119.00000	 89.68000	 60.95368	 89.68000
119.20000	 89.77000	 60.62750	 89.77000
119.40000	 89.81000	 60.29982	 89.81000
119.60000	 89.80000	 59.98897	 89.80000
119.80000	 89.74000	 59.70595	 89.74000
120.00000	 89.64000	 59.46425	 89.64000
120.20000	 89.50000	 59.26329	 89.50000
120.40000	 89.34000	 59.11596	 89.34000
120.60000	 89.16000	 59.01414	 89.16000
120.80000	 88.99000	 58.97369	 88.99000
121.00000	 88.80000	 58.95613	 88.80000
121.20000	 88.60000	 58.95906	 88.60000
121.40000	 88.45000	 59.02456	 88.45000
121.60000	 88.36000	 59.14877	 88.36000
121.80000	 88.34000	 59.32620	 88.34000
122.00000	 88.57000	 59.69704	 88.57000
122.20000	 88.93000	 60.12999	 88.93000
122.40000	 89.34000	 60.53112	 89.34000
122.60000	 89.77000	 60.86033	 89.77000
122.80000	 90.18000	 61.08017	 90.18000
123.00000	 90.49000	 61.13003	 90.49000
123.20000	 90.75000	 61.07452	 90.75000
123.40000	 90.94000	 60.92132	 90.94000
123.60000	 91.04000	 60.67955	 91.04000
123.80000	 91.01000	 60.34128	 91.01000
124.00000	 90.82000	 59.90795	 90.82000
124.20000	 90.56000	 59.48461	 90.56000
124.40000	 90.25000	 59.10651	 90.25000
124.60000	 89.90000	 58.79039	 89.90000
124.80000	 89.56000	 58.57897	 89.56000
125.00000	 89.22000	 58.45354	 89.22000
125.20000	 88.87000	 58.39036	 88.87000
125.40000	 88.53000	 58.39024	 88.53000
125.60000	 88.20000	 58.43589	 88.20000
125.80000	 87.81000	 58.45079	 87.81000
126.00000	 87.47000	 58.52110	 87.47000
126.20000	 87.19000	 58.64441	 87.19000
126.40000	 87.03000	 58.85979	 87.03000
126.60000	 87.06000	 59.21024	 87.06000
126.80000	 87.38000	 59.75741	 87.38000
127.00000	 87.81000	 60.31140	 87.81000
127.20000	 88.31000	 60.81306	 88.31000
127.40000	 88.84000	 61.21593	 88.84000
127.60000	 89.33000	 61.46085	 89.33000
127.80000	 89.78000	 61.56344	 89.78000
128.00000	 90.18000	 61.53932	 90.18000
128.20000	 90.51000	 61.39997	 90.51000
128.40000	 90.72000	 61.13302	 90.72000
128.60000	 90.68000	 60.65975	 90.68000
128.80000	 90.56000	 60.16845	 90.56000
129.00000	 90.38000	 59.70702	 90.38000
129.20000	 90.16000	 59.31099	 90.16000
129.40000	 89.95000	 59.02979	 89.95000
129.60000	 89.78000	 58.88283	 89.78000
129.80000	 89.63000	 58.83583	 89.63000
130.00000	 89.52000	 58.88474	 89.52000
130.20000	 89.47000	 59.02303	 89.47000
130.40000	 89.58000	 59.31194	 89.58000
130.60000	 89.78000	 59.66009	 89.78000
130.80000	 90.04000	 60.01463	 90.04000
131.00000	 90.34000	 60.33913	 90.34000
131.20000	 90.66000	 60.60598	 90.66000
131.40000	 91.04000	 60.84789	 91.04000
131.60000	 91.39000	 60.98869	 91.39000
131.80000	 91.69000	 61.02159	 91.69000
132.00000	 91.92000	 60.94672	 91.92000
132.20000	 91.96000	 60.68292	 91.96000
132.40000	 91.83000	 60.28029	 91.83000
132.60000	 91.61000	 59.84326	 91.61000
132.80000	 91.31000	 59.40823	 91.31000
133.00000	 90.96000	 59.01990	 90.96000
133.20000	 90.53000	 58.66105	 90.53000
133.40000	 90.09000	 58.39493	 90.09000
133.60000	 89.67000	 58.24066	 89.67000
133.80000	 89.30000	 58.20884	 89.30000
134.00000	 89.05000	 58.33766	 89.05000
134.20000	 89.04000	 58.70011	 89.04000
134.40000	 89.10000	 59.10724	 89.10000
134.60000	 89.22000	 59.51679	 89.22000
134.80000	 89.36000	 59.87090	 89.36000
135.00000	 89.49000	 60.13281	 89.49000
135.20000	 89.59000	 60.28646	 89.59000
135.40000	 89.67000	 60.35143	 89.67000
135.60000	 89.72000	 60.33510	 89.72000
135.80000	 89.73000	 60.24755	 89.73000
136.00000	 89.65000	 60.06541	 89.65000
136.20000	 89.52000	 59.84547	 89.52000
136.40000	 89.35000	 59.61536	 89.35000
136.60000	 89.15000	 59.39771	 89.15000
136.80000	 88.91000	 59.19243	 88.91000
137.00000	 88.66000	 59.02999	 88.66000
137.20000	 88.39000	 58.90091	 88.39000
137.40000	 88.10000	 58.80143	 88.10000
137.60000	 87.79000	 58.72608	 87.79000
137.80000	 87.40000	 58.61715	 87.40000
138.00000	 86.98000	 58.51650	 86.98000
138.20000	 86.60000	 58.48270	 86.60000
138.40000	 86.31000	 58.55137	 86.31000
138.60000	 86.13000	 58.72504	 86.13000
138.80000	 86.31000	 59.19888	 86.31000
139.00000	 86.62000	 59.73338	 86.62000
139.20000	 87.02000	 60.25978	 87.02000
139.40000	 87.48000	 60.72939	 87.48000
139.60000	 87.98000	 61.11466	 87.98000
139.80000	 88.47000	 61.37345	 88.47000
140.00000	 88.94000	 61.50972	 88.94000
140.20000	 89.36000	 61.51793	 89.36000
140.40000	 89.69000	 61.38974	 89.69000
140.60000	 89.75000	 61.00110	 89.75000
140.80000	 89.72000	 60.55243	 89.72000
141.00000	 89.66000	 60.13243	 89.66000
141.20000	 89.57000	 59.76400	 89.57000
141.40000	 89.54000	 59.53550	 89.54000
141.60000	 89.58000	 59.44993	 89.58000
141.80000	 89.66000	 59.46422	 89.66000
142.00000	 89.79000	 59.56560	 89.79000
142.20000	 89.97000	 59.73113	 89.97000
142.40000	 90.32000	 60.04217	 90.32000
142.60000	 90.70000	 60.34962	 90.70000
142.80000	 91.07000	 60.59963	 91.07000
143.00000	 91.42000	 60.77555	 91.42000
143.20000	 91.67000	 60.80997	 91.67000
143.40000	 91.83000	 60.72572	 91.83000
143.60000	 91.90000	 60.54371	 91.90000
143.80000	 91.88000	 60.28754	 91.88000
144.00000	 91.69000	 59.91161	 91.69000
144.20000	 91.29000	 59.40862	 91.29000
144.40000	 90.81000	 58.92089	 90.81000
144.60000	 90.30000	 58.51096	 90.30000
144.80000	 89.78000	 58.20214	 89.78000
145.00000	 89.35000	 58.07509	 89.35000
145.20000	 88.99000	 58.09183	 88.99000
145.40000	 88.71000	 58.23309	 88.71000
145.60000	 88.55000	 58.50230	 88.55000
145.80000	 88.56000	 58.90914	 88.56000
146.00000	 88.86000	 59.52101	 88.86000
146.20000	 89.26000	 60.13067	 89.26000
146.40000	 89.73000	 60.68241	 89.73000
146.60000	 90.23000	 61.12670	 90.23000
146.80000	 90.68000	 61.39445	 90.68000
147.00000	 91.11000	 61.52795	 91.11000
147.20000	 91.51000	 61.54267	 91.51000
147.40000	 91.86000	 61.44927	 91.86000
147.60000	 92.14000	 61.25998	 92.14000
147.80000	 92.32000	 60.97834	 92.32000
148.00000	 92.44000	 60.66767	 92.44000
148.20000	 92.50000	 60.35063	 92.50000
148.40000	 92.48000	 60.02619	 92.48000
148.60000	 92.35000	 59.68033	 92.35000
148.80000	 92.15000	 59.35747	 92.15000
149.00000	 91.91000	 59.08805	 91.91000
149.20000	 91.64000	 58.87875	 91.64000
149.40000	 91.36000	 58.73973	 91.36000
149.60000	 91.05000	 58.64220	 91.05000
149.80000	 90.78000	 58.63442	 90.78000
150.00000	 90.57000	 58.71686	 90.57000
150.20000	 90.44000	 58.88670	 90.44000
150.40000	 90.58000	 59.28541	 90.58000
150.60000	 90.88000	 59.78188	 90.88000
150.80000	 91.24000	 60.25584	 91.24000
151.00000	 91.61000	 60.64279	 91.61000
151.20000	 91.93000	 60.88450	 91.93000
151.40000	 92.10000	 60.90403	 92.10000
151.60000	 92.19000	 60.78868	 92.19000
151.80000	 92.17000	 60.54403	 92.17000
152.00000	 92.05000	 60.21248	 92.05000
152.20000	 91.70000	 59.71365	 91.70000
152.40000	 91.13000	 59.09337	 91.13000
152.60000	 90.50000	 58.52624	 90.50000
152.80000	 89.84000	 58.05848	 89.84000
153.00000	 89.20000	 57.73782	 89.20000
153.20000	 88.70000	 57.65684	 88.70000
153.40000	 88.31000	 57.75989	 88.31000
153.60000	 88.01000	 57.99188	 88.01000
153.80000	 87.81000	 58.32311	 87.81000
154.00000	 87.73000	 58.73503	 87.73000
154.20000	 87.91000	 59.31591	 87.91000
154.40000	 88.20000	 59.89884	 88.20000
154.60000	 88.55000	 60.41456	 88.55000
154.80000	 88.93000	 60.82558	 88.93000
155.00000	 89.29000	 61.09074	 89.29000
155.20000	 89.58000	 61.18209	 89.58000
155.40000	 89.83000	 61.15221	 89.83000
155.60000	 90.02000	 61.01385	 90.02000
155.80000	 90.11000	 60.76350	 90.11000
156.00000	 89.96000	 60.31254	 89.96000
156.20000	 89.69000	 59.80485	 89.69000
156.40000	 89.37000	 59.33397	 89.37000
156.60000	 89.05000	 58.96243	 89.05000
156.80000	 88.79000	 58.74592	 88.79000
157.00000	 88.69000	 58.75874	 88.69000
157.20000	 88.66000	 58.89388	 88.66000
157.40000	 88.70000	 59.11938	 88.70000
157.60000	 88.81000	 59.40469	 88.81000
157.80000	 88.99000	 59.72310	 88.99000
158.00000	 89.25000	 60.06172	 89.25000
158.20000	 89.57000	 60.38665	 89.57000
158.40000	 89.96000	 60.69636	 89.96000
158.60000	 90.39000	 60.95956	 90.39000
158.80000	 90.92000	 61.22856	 90.92000
159.00000	 91.49000	 61.45182	 91.49000
159.20000	 92.07000	 61.60798	 92.07000
159.40000	 92.62000	 61.67209	 92.62000
159.60000	 93.14000	 61.65934	 93.14000
159.80000	 93.59000	 61.55309	 93.59000
160.00000	 93.96000	 61.36577	 93.96000
160.20000	 94.23000	 61.10227	 94.23000
160.40000	 94.37000	 60.75913	 94.37000
160.60000	 94.20000	 60.20430	 94.20000
160.80000	 93.87000	 59.60215	 93.87000
161.00000	 93.45000	 59.04158	 93.45000
161.20000	 92.98000	 58.57277	 92.98000
161.40000	 92.51000	 58.24090	 92.51000
161.60000	 92.11000	 58.09469	 92.11000
161.80000	 91.76000	 58.09155	 91.76000
162.00000	 91.46000	 58.20041	 91.46000
162.20000	 91.24000	 58.41507	 91.24000
162.40000	 91.20000	 58.78950	 91.20000
162.60000	 91.34000	 59.28668	 91.34000
162.80000	 91.53000	 59.75780	 91.53000
163.00000	 91.77000	 60.17982	 91.77000
163.20000	 92.01000	 60.49851	 92.01000
163.40000	 92.24000	 60.70727	 92.24000
163.60000	 92.42000	 60.78348	 92.42000
163.80000	 92.54000	 60.73916	 92.54000
164.00000	 92.56000	 60.56550	 92.56000
164.20000	 92.36000	 60.18904	 92.36000
164.40000	 91.94000	 59.64926	 91.94000
164.60000	 91.45000	 59.11765	 91.45000
164.80000	 90.90000	 58.63130	 90.90000
165.00000	 90.33000	 58.23996	 90.33000
165.20000	 89.85000	 58.03986	 89.85000
165.40000	 89.41000	 57.97114	 89.41000
165.60000	 89.00000	 58.00113	 89.00000
165.80000	 88.64000	 58.12112	 88.64000
166.00000	 88.34000	 58.31330	 88.34000
166.20000	 88.11000	 58.56126	 88.11000
166.40000	 87.95000	 58.84252	 87.95000
166.60000	 87.88000	 59.15569	 87.88000
166.80000	 87.90000	 59.48500	 87.90000
167.00000	 88.12000	 59.91281	 88.12000
167.20000	 88.47000	 60.36139	 88.47000
167.40000	 88.85000	 60.73083	 88.85000
167.60000	 89.23000	 60.99325	 89.23000
167.80000	 89.56000	 61.11434	 89.56000
168.00000	 89.72000	 61.01018	 89.72000
168.20000	 89.82000	 60.80983	 89.82000
168.40000	 89.85000	 60.53753	 89.85000
168.60000	 89.84000	 60.24854	 89.84000
168.80000	 89.74000	 59.92172	 89.74000
169.00000	 89.58000	 59.60148	 89.58000
169.20000	 89.40000	 59.33438	 89.40000
169.40000	 89.20000	 59.12377	 89.20000
169.60000	 89.02000	 59.00101	 89.02000
169.80000	 88.85000	 58.94708	 88.85000
170.00000	 88.72000	 58.97409	 88.72000
170.20000	 88.65000	 59.08216	 88.65000
170.40000	 88.66000	 59.26910	 88.66000
170.60000	 88.83000	 59.58296	 88.83000
170.80000	 89.18000	 60.01482	 89.18000
171.00000	 89.60000	 60.44106	 89.60000
171.20000	 90.04000	 60.79926	 90.04000
171.40000	 90.47000	 61.05664	 90.47000
171.60000	 90.80000	 61.14048	 90.80000
171.80000	 91.08000	 61.11331	 91.08000
172.00000	 91.27000	 60.96468	 91.27000
172.20000	 91.38000	 60.73111	 91.38000
172.40000	 91.32000	 60.36242	 91.32000
172.60000	 91.06000	 59.86418	 91.06000
172.80000	 90.74000	 59.39051	 90.74000
173.00000	 90.38000	 58.97949	 90.38000
173.20000	 90.01000	 58.66539	 90.01000
173.40000	 89.75000	 58.54812	 89.75000
173.60000	 89.54000	 58.55530	 89.54000
173.80000	 89.37000	 58.65224	 89.37000
174.00000	 89.25000	 58.82107	 89.25000
174.20000	 89.18000	 59.03672	 89.18000
174.40000	 89.18000	 59.29469	 89.18000
174.60000	 89.24000	 59.56747	 89.24000
174.80000	 89.36000	 59.84066	 89.36000
175.00000	 89.53000	 60.09575	 89.53000
175.20000	 89.83000	 60.39649	 89.83000
175.40000	 90.21000	 60.69225	 90.21000
175.60000	 90.60000	 60.91813	 90.60000
175.80000	 90.96000	 61.04313	 90.96000
176.00000	 91.26000	 61.05327	 91.26000
176.20000	 91.44000	 60.91593	 91.44000
176.40000	 91.51000	 60.66661	 91.51000
176.60000	 91.47000	 60.33437	 91.47000
176.80000	 91.30000	 59.92979	 91.30000
177.00000	 90.84000	 59.34107	 90.84000
177.20000	 90.19000	 58.68914	 90.19000
177.40000	 89.47000	 58.10704	 89.47000
177.60000	 88.72000	 57.64311	 88.72000
177.80000	 88.01000	 57.35598	 88.01000
178.00000	 87.45000	 57.32250	 87.45000
178.20000	 86.99000	 57.46357	 86.99000
178.40000	 86.64000	 57.74646	 86.64000
178.60000	 86.42000	 58.14650	 86.42000
178.80000	 86.42000	 58.70126	 86.42000
179.00000	 86.68000	 59.40327	 86.68000
179.20000	 87.06000	 60.08956	 87.06000
179.40000	 87.52000	 60.69796	 87.52000
179.60000	 88.04000	 61.19957	 88.04000
179.80000	 88.58000	 61.56206	 88.58000
180.00000	 89.12000	 61.78289	 89.12000
180.20000	 89.60000	 61.83400	 89.60000
180.40000	 90.00000	 61.73046	 90.00000
180.60000	 90.16000	 61.37148	 90.16000
180.80000	 90.09000	 60.81497	 90.09000
181.00000	 89.93000	 60.23384	 89.93000
181.20000	 89.70000	 59.68382	 89.70000
181.40000	 89.43000	 59.21430	 89.43000
181.60000	 89.18000	 58.88556	 89.18000
181.80000	 88.95000	 58.69030	 88.95000
182.00000	 88.77000	 58.63665	 88.77000
182.20000	 88.67000	 58.72489	 88.67000
182.40000	 88.76000	 59.01865	 88.76000
182.60000	 89.06000	 59.49454	 89.06000
182.80000	 89.43000	 59.98709	 89.43000
183.00000	 89.85000	 60.44647	 89.85000
183.20000	 90.27000	 60.81030	 90.27000
183.40000	 90.63000	 61.02259	 90.63000
183.60000	 90.94000	 61.10318	 90.94000
183.80000	 91.19000	 61.06364	 91.19000
184.00000	 91.35000	 60.90337	 91.35000
184.20000	 91.34000	 60.58231	 91.34000
184.40000	 91.17000	 60.14391	 91.17000
184.60000	 90.93000	 59.70058	 90.93000
184.80000	 90.62000	 59.27689	 90.62000
185.00000	 90.28000	 58.92228	 90.28000
185.20000	 89.94000	 58.66639	 89.94000
185.40000	 89.58000	 58.48531	 89.58000
185.60000	 89.22000	 58.38448	 89.22000
185.80000	 88.85000	 58.33958	 88.85000
186.00000	 88.45000	 58.31719	 88.45000
186.20000	 88.05000	 58.32971	 88.05000
186.40000	 87.71000	 58.41619	 87.71000
186.60000	 87.47000	 58.59544	 87.47000
186.80000	 87.40000	 58.90823	 87.40000
187.00000	 87.68000	 59.48363	 87.68000
187.20000	 88.03000	 60.03856	 88.03000
187.40000	 88.41000	 60.51148	 88.41000
187.60000	 88.77000	 60.84838	 88.77000
187.80000	 88.94000	 60.90825	 88.94000
188.00000	 88.98000	 60.77227	 88.98000
188.20000	 88.92000	 60.50503	 88.92000
188.40000	 88.75000	 60.13704	 88.75000
188.60000	 88.46000	 59.69615	 88.46000
188.80000	 87.98000	 59.15407	 87.98000
189.00000	 87.43000	 58.64540	 87.43000
189.20000	 86.83000	 58.20582	 86.83000
189.40000	 86.20000	 57.85867	 86.20000
189.60000	 85.54000	 57.59941	 85.54000
189.80000	 84.90000	 57.45955	 84.90000
190.00000	 84.33000	 57.46285	 84.33000
190.20000	 83.86000	 57.60837	 83.86000
190.40000	 83.54000	 57.90730	 83.54000
190.60000	 83.65000	 58.56421	 83.65000
190.80000	 83.91000	 59.27989	 83.91000
191.00000	 84.28000	 59.97420	 84.28000
191.20000	 84.73000	 60.59191	 84.73000
191.40000	 85.19000	 61.05978	 85.19000
191.60000	 85.65000	 61.37442	 85.65000
191.80000	 86.06000	 61.51092	 86.06000
192.00000	 86.42000	 61.49860	 86.42000
192.20000	 86.67000	 61.32014	 86.67000
192.40000	 86.61000	 60.84278	 86.61000
192.60000	 86.43000	 60.28499	 86.43000
192.80000	 86.18000	 59.73528	 86.18000
193.00000	 85.86000	 59.22426	 85.86000
193.20000	 85.53000	 58.82099	 85.53000
193.40000	 85.20000	 58.53591	 85.20000
193.60000	 84.89000	 58.37631	 84.89000
193.80000	 84.62000	 58.34069	 84.62000
194.00000	 84.42000	 58.43023	 84.42000
194.20000	 84.41000	 58.71940	 84.41000
194.40000	 84.52000	 59.10944	 84.52000
194.60000	 84.71000	 59.52993	 84.71000
194.80000	 84.95000	 59.92737	 84.95000
195.00000	 85.24000	 60.28484	 85.24000
195.20000	 85.59000	 60.60312	 85.59000
195.40000	 85.94000	 60.82896	 85.94000
195.60000	 86.25000	 60.93557	 86.25000
195.80000	 86.51000	 60.93088	 86.51000
196.00000	 86.60000	 60.73350	 86.60000
196.20000	 86.55000	 60.40237	 86.55000
196.40000	 86.41000	 60.01587	 86.41000
196.60000	 86.20000	 59.62078	 86.20000
196.80000	 85.93000	 59.24688	 85.93000
197.00000	 85.55000	 58.86370	 85.55000
197.20000	 85.14000	 58.54948	 85.14000
197.40000	 84.71000	 58.31272	 84.71000
197.60000	 84.30000	 58.18044	 84.30000
197.80000	 83.94000	 58.16345	 83.94000
198.00000	 83.66000	 58.26634	 83.66000
198.20000	 83.47000	 58.47181	 83.47000
198.40000	 83.36000	 58.74375	 83.36000
198.60000	 83.38000	 59.09999	 83.38000
198.80000	 83.60000	 59.57553	 83.60000
199.00000	 84.03000	 60.15055	 84.03000
199.20000	 84.55000	 60.69305	 84.55000
199.40000	 85.13000	 61.16054	 85.13000
199.60000	 85.75000	 61.53146	 85.75000
199.80000	 86.35000	 61.76038	 86.35000
200.00000	 86.92000	 61.85640	 86.92000
200.20000	 87.46000	 61.84432	 87.46000
200.40000	 87.93000	 61.71705	 87.93000
200.60000	 88.23000	 61.41830	 88.23000
200.80000	 88.35000	 60.97599	 88.35000
201.00000	 88.41000	 60.53195	 88.41000
201.20000	 88.44000	 60.13879	 88.44000
201.40000	 88.46000	 59.82738	 88.46000
201.60000	 88.55000	 59.66827	 88.55000
201.80000	 88.68000	 59.62252	 88.68000
202.00000	 88.87000	 59.68760	 88.87000
202.20000	 89.13000	 59.84803	 89.13000
202.40000	 89.53000	 60.13848	 89.53000
202.60000	 90.09000	 60.54635	 90.09000
202.80000	 90.72000	 60.96274	 90.72000
203.00000	 91.39000	 61.33935	 91.39000
203.20000	 92.09000	 61.65585	 92.09000
203.40000	 92.81000	 61.90124	 92.81000
203.60000	 93.50000	 62.03762	 93.50000
203.80000	 94.16000	 62.07880	 94.16000
204.00000	 94.74000	 62.00029	 94.74000
204.20000	 95.21000	 61.80031	 95.21000
204.40000	 95.57000	 61.50681	 95.57000
204.60000	 95.80000	 61.13062	 95.80000
204.80000	 95.88000	 60.68154	 95.88000
205.00000	 95.74000	 60.12472	 95.74000
205.20000	 95.35000	 59.46175	 95.35000
205.40000	 94.84000	 58.83308	 94.84000
205.60000	 94.26000	 58.29810	 94.26000
205.80000	 93.65000	 57.89357	 93.65000
206.00000	 93.10000	 57.68614	 93.10000
206.20000	 92.59000	 57.63259	 92.59000
206.40000	 92.14000	 57.71761	 92.14000
206.60000	 91.78000	 57.93147	 91.78000
206.80000	 91.62000	 58.33216	 91.62000
207.00000	 91.65000	 58.86833	 91.65000
207.20000	 91.76000	 59.40326	 91.76000
207.40000	 91.92000	 59.88221	 91.92000
207.60000	 92.11000	 60.27337	 92.11000
207.80000	 92.27000	 60.52334	 92.27000
208.00000	 92.40000	 60.64421	 92.40000
208.20000	 92.48000	 60.63934	 92.48000
208.40000	 92.49000	 60.51755	 92.49000
208.60000	 92.32000	 60.21320	 92.32000
208.80000	 92.00000	 59.78916	 92.00000
209.00000	 91.61000	 59.35100	 91.61000
209.20000	 91.18000	 58.95119	 91.18000
209.40000	 90.73000	 58.62171	 90.73000
209.60000	 90.29000	 58.39188	 90.29000
209.80000	 89.86000	 58.25474	 89.86000
210.00000	 89.45000	 58.20530	 89.45000
210.20000	 89.08000	 58.24309	 89.08000
210.40000	 88.76000	 58.35628	 88.76000
210.60000	 88.49000	 58.52367	 88.49000
210.80000	 88.32000	 58.76856	 88.32000
211.00000	 88.24000	 59.06149	 88.24000
211.20000	 88.32000	 59.44388	 88.32000
211.40000	 88.68000	 59.99773	 88.68000
211.60000	 89.13000	 60.52909	 89.13000
211.80000	 89.61000	 60.96750	 89.61000
212.00000	 90.08000	 61.27438	 90.08000
212.20000	 90.42000	 61.35601	 90.42000
212.40000	 90.68000	 61.28313	 90.68000
212.60000	 90.86000	 61.08942	 90.86000
212.80000	 90.95000	 60.80092	 90.95000
213.00000	 90.86000	 60.37300	 90.86000
213.20000	 90.60000	 59.84987	 90.60000
213.40000	 90.28000	 59.35957	 90.28000
213.60000	 89.95000	 58.96503	 89.95000
213.80000	 89.63000	 58.68816	 89.63000
214.00000	 89.41000	 58.59852	 89.41000
214.20000	 89.27000	 58.65590	 89.27000
214.40000	 89.20000	 58.82198	 89.20000
214.60000	 89.24000	 59.10041	 89.24000
214.80000	 89.48000	 59.53689	 89.48000
215.00000	 89.90000	 60.07759	 89.90000
215.20000	 90.38000	 60.58434	 90.38000
215.40000	 90.91000	 61.02767	 90.91000
215.60000	 91.43000	 61.34761	 91.43000
215.80000	 91.89000	 61.50701	 91.89000
216.00000	 92.31000	 61.54225	 92.31000
216.20000	 92.66000	 61.45249	 92.66000
216.40000	 92.92000	 61.24951	 92.92000
216.60000	 92.93000	 60.82631	 92.93000
216.80000	 92.82000	 60.33639	 92.82000
217.00000	 92.65000	 59.86635	 92.65000
217.20000	 92.42000	 59.43841	 92.42000
217.40000	 92.18000	 59.10689	 92.18000
217.60000	 91.93000	 58.87046	 91.93000
217.80000	 91.70000	 58.74502	 91.70000
218.00000	 91.50000	 58.72180	 91.50000
218.20000	 91.36000	 58.80499	 91.36000
218.40000	 91.33000	 59.01264	 91.33000
218.60000	 91.37000	 59.28144	 91.37000
218.80000	 91.51000	 59.61155	 91.51000
219.00000	 91.74000	 59.97094	 91.74000
219.20000	 92.14000	 60.40961	 92.14000
219.40000	 92.69000	 60.89007	 92.69000
219.60000	 93.30000	 61.31717	 93.30000
219.80000	 93.94000	 61.65794	 93.94000
220.00000	 94.57000	 61.88125	 94.57000
220.20000	 95.16000	 61.97468	 95.16000
220.40000	 95.70000	 61.95111	 95.70000
220.60000	 96.14000	 61.79340	 96.14000
220.80000	 96.48000	 61.53200	 96.48000
221.00000	 96.54000	 61.04277	 96.54000
221.20000	 96.45000	 60.47996	 96.45000
221.40000	 96.26000	 59.92265	 96.26000
221.60000	 96.00000	 59.42095	 96.00000
221.80000	 95.67000	 58.98628	 95.67000
222.00000	 95.31000	 58.65452	 95.31000
222.20000	 94.94000	 58.43410	 94.94000
222.40000	 94.59000	 58.33417	 94.59000
222.60000	 94.28000	 58.34907	 94.28000
222.80000	 94.18000	 58.59839	 94.18000
223.00000	 94.16000	 58.92999	 94.16000
223.20000	 94.17000	 59.26527	 94.17000
223.40000	 94.19000	 59.56212	 94.19000
223.60000	 94.17000	 59.76392	 94.17000
223.80000	 94.02000	 59.79275	 94.02000
224.00000	 93.86000	 59.76770	 93.86000
224.20000	 93.67000	 59.68759	 93.67000
224.40000	 93.47000	 59.58591	 93.47000
224.60000	 93.32000	 59.52757	 93.32000
224.80000	 93.17000	 59.47473	 93.17000
225.00000	 93.01000	 59.42186	 93.01000
225.20000	 92.82000	 59.35385	 92.82000
225.40000	 92.58000	 59.25634	 92.58000
225.60000	 92.17000	 59.03078	 92.17000
225.80000	 91.74000	 58.82129	 91.74000
226.00000	 91.31000	 58.65398	 91.31000
226.20000	 90.90000	 58.54822	 90.90000
226.40000	 90.58000	 58.55994	 90.58000
226.60000	 90.36000	 58.68378	 90.36000
226.80000	 90.23000	 58.89103	 90.23000
227.00000	 90.17000	 59.14281	 90.17000
227.20000	 90.21000	 59.44583	 90.21000
227.40000	 90.41000	 59.83379	 90.41000
227.60000	 90.73000	 60.25209	 90.73000
227.80000	 91.10000	 60.62387	 91.10000
228.00000	 91.49000	 60.91626	 91.49000
228.20000	 91.89000	 61.12333	 91.89000
228.40000	 92.26000	 61.22062	 92.26000
228.60000	 92.59000	 61.21676	 92.59000
228.80000	 92.84000	 61.09876	 92.84000
229.00000	 93.01000	 60.89215	 93.01000
229.20000	 92.94000	 60.48519	 92.94000
229.40000	 92.67000	 59.94883	 92.67000
229.60000	 92.34000	 59.44072	 92.34000
229.80000	 92.00000	 59.02688	 92.00000
230.00000	 91.67000	 58.73148	 91.67000
230.20000	 91.52000	 58.69442	 91.52000
230.40000	 91.46000	 58.80969	 91.46000
230.60000	 91.46000	 59.01743	 91.46000
230.80000	 91.54000	 59.30260	 91.54000
231.00000	 91.71000	 59.64430	 91.71000
231.20000	 92.02000	 60.05990	 92.02000
231.40000	 92.38000	 60.44745	 92.38000
231.60000	 92.75000	 60.75830	 92.75000
231.80000	 93.12000	 60.98126	 93.12000
232.00000	 93.45000	 61.08846	 93.45000
232.20000	 93.72000	 61.07811	 93.72000
232.40000	 93.92000	 60.96331	 93.92000
232.60000	 94.03000	 60.75165	 94.03000
232.80000	 94.00000	 60.42632	 94.00000
233.00000	 93.67000	 59.87832	 93.67000
233.20000	 93.25000	 59.32877	 93.25000
233.40000	 92.77000	 58.83147	 92.77000
233.60000	 92.26000	 58.42657	 92.26000
233.80000	 91.81000	 58.19264	 91.81000
234.00000	 91.44000	 58.13158	 91.44000
234.20000	 91.12000	 58.19073	 91.12000
234.40000	 90.87000	 58.35744	 90.87000
234.60000	 90.71000	 58.61815	 90.71000
234.80000	 90.77000	 59.05468	 90.77000
235.00000	 90.96000	 59.55249	 90.96000
235.20000	 91.18000	 59.99430	 91.18000
235.40000	 91.39000	 60.32939	 91.39000
235.60000	 91.54000	 60.51355	 91.54000
235.80000	 91.50000	 60.44830	 91.50000
236.00000	 91.39000	 60.26943	 91.39000
236.20000	 91.21000	 60.01014	 91.21000
236.40000	 90.98000	 59.71810	 90.98000
236.60000	 90.64000	 59.36580	 90.64000
236.80000	 90.23000	 59.00988	 90.23000
237.00000	 89.81000	 58.71757	 89.81000
237.20000	 89.41000	 58.51945	 89.41000
237.40000	 89.05000	 58.42715	 89.05000
237.60000	 88.84000	 58.52149	 88.84000
237.80000	 88.74000	 58.74106	 88.74000
238.00000	 88.72000	 59.02969	 88.72000
238.20000	 88.80000	 59.37715	 88.80000
238.40000	 89.02000	 59.79347	 89.02000
238.60000	 89.46000	 60.32429	 89.46000
238.80000	 89.95000	 60.79682	 89.95000
239.00000	 90.44000	 61.15527	 90.44000
239.20000	 90.89000	 61.36720	 90.89000
239.40000	 91.11000	 61.28430	 91.11000
239.60000	 91.21000	 61.03925	 91.21000
239.80000	 91.23000	 60.70795	 91.23000
240.00000	 91.19000	 60.34436	 91.19000
240.20000	 91.07000	 59.95969	 91.07000
240.40000	 90.87000	 59.57547	 90.87000
240.60000	 90.65000	 59.25805	 90.65000
240.80000	 90.43000	 59.02849	 90.43000
241.00000	 90.24000	 58.90693	 90.24000
241.20000	 90.15000	 58.93952	 90.15000
241.40000	 90.16000	 59.10206	 90.16000
241.60000	 90.24000	 59.33985	 90.24000
241.80000	 90.38000	 59.61730	 90.38000
242.00000	 90.58000	 59.91203	 90.58000
242.20000	 91.00000	 60.34470	 91.00000
242.40000	 91.45000	 60.72735	 91.45000
242.60000	 91.87000	 60.99621	 91.87000
242.80000	 92.20000	 61.10195	 92.20000
243.00000	 92.28000	 60.92380	 92.28000
243.20000	 92.06000	 60.45692	 92.06000
243.40000	 91.71000	 59.90083	 91.71000
243.60000	 91.27000	 59.33506	 91.27000
243.80000	 90.77000	 58.81742	 90.77000
244.00000	 90.22000	 58.37401	 90.22000
244.20000	 89.66000	 58.04425	 89.66000
244.40000	 89.16000	 57.88107	 89.16000
244.60000	 88.75000	 57.88952	 88.75000
244.80000	 88.47000	 58.07359	 88.47000
245.00000	 88.62000	 58.65386	 88.62000
245.20000	 88.93000	 59.33527	 88.93000
245.40000	 89.34000	 60.01344	 89.34000
245.60000	 89.83000	 60.63508	 89.83000
245.80000	 90.37000	 61.15490	 90.37000
246.00000	 90.92000	 61.53472	 90.92000
246.20000	 91.44000	 61.75078	 91.44000
246.40000	 91.88000	 61.78291	 91.88000
246.60000	 92.20000	 61.62978	 92.20000
246.80000	 92.10000	 61.07354	 92.10000
247.00000	 91.86000	 60.42043	 91.86000
247.20000	 91.55000	 59.78488	 91.55000
247.40000	 91.21000	 59.23702	 91.21000
247.60000	 90.94000	 58.87928	 90.94000
247.80000	 90.78000	 58.73953	 90.78000
248.00000	 90.71000	 58.77559	 90.71000
248.20000	 90.73000	 58.95366	 90.73000
248.40000	 90.88000	 59.27146	 90.88000
248.60000	 91.34000	 59.84542	 91.34000
248.80000	 91.92000	 60.46174	 91.92000
249.00000	 92.58000	 61.04733	 92.58000
249.20000	 93.25000	 61.51823	 93.25000
249.40000	 93.93000	 61.86889	 93.93000
249.60000	 94.55000	 62.04664	 94.55000
249.80000	 95.07000	 62.03856	 95.07000
250.00000	 95.45000	 61.84256	 95.45000
250.20000	 95.59000	 61.41253	 95.59000
250.40000	 95.24000	 60.58281	 95.24000
250.60000	 94.74000	 59.71716	 94.74000
250.80000	 94.16000	 58.92830	 94.16000
251.00000	 93.55000	 58.28818	 93.55000
251.20000	 93.08000	 57.94896	 93.08000
251.40000	 92.71000	 57.85205	 92.71000
251.60000	 92.43000	 57.94934	 92.43000
251.80000	 92.27000	 58.22105	 92.27000
252.00000	 92.32000	 58.69671	 92.32000
252.20000	 92.63000	 59.36724	 92.63000
252.40000	 93.02000	 60.02366	 93.02000
252.60000	 93.44000	 60.58696	 93.44000
252.80000	 93.83000	 60.98947	 93.83000
253.00000	 94.10000	 61.15782	 94.10000
253.20000	 94.27000	 61.13400	 94.27000
253.40000	 94.33000	 60.94459	 94.33000
253.60000	 94.24000	 60.59504	 94.24000
253.80000	 93.77000	 59.92998	 93.77000
254.00000	 93.15000	 59.20597	 93.15000
254.20000	 92.47000	 58.54642	 92.47000
254.40000	 91.79000	 58.02855	 91.79000
254.60000	 91.23000	 57.75995	 91.23000
254.80000	 90.81000	 57.73740	 90.81000
255.00000	 90.48000	 57.88069	 90.48000
255.20000	 90.26000	 58.16572	 90.26000
255.40000	 90.18000	 58.57647	 90.18000
255.60000	 90.30000	 59.12392	 90.30000
255.80000	 90.52000	 59.68128	 90.52000
256.00000	 90.82000	 60.20236	 90.82000
256.20000	 91.18000	 60.65345	 91.18000
256.40000	 91.56000	 60.99543	 91.56000
256.60000	 91.96000	 61.23541	 91.96000
256.80000	 92.36000	 61.37080	 92.36000
257.00000	 92.74000	 61.40440	 92.74000
257.20000	 93.07000	 61.33387	 93.07000
257.40000	 93.34000	 61.17662	 93.34000
257.60000	 93.55000	 60.95878	 93.55000
257.80000	 93.68000	 60.68687	 93.68000
258.00000	 93.69000	 60.34788	 93.69000
258.20000	 93.60000	 59.98001	 93.60000
258.40000	 93.43000	 59.61756	 93.43000
258.60000	 93.20000	 59.28892	 93.20000
258.80000	 92.91000	 58.99856	 92.91000
259.00000	 92.54000	 58.72861	 92.54000
259.20000	 92.17000	 58.54541	 92.17000
259.40000	 91.83000	 58.46481	 91.83000
259.60000	 91.54000	 58.48747	 91.54000
259.80000	 91.39000	 58.66967	 91.39000
260.00000	 91.35000	 58.95608	 91.35000
260.20000	 91.41000	 59.30796	 91.41000
260.40000	 91.59000	 59.71564	 91.59000
260.60000	 92.03000	 60.27586	 92.03000
260.80000	 92.67000	 60.90657	 92.67000
261.00000	 93.35000	 61.44270	 93.35000
261.20000	 94.01000	 61.82266	 94.01000
261.40000	 94.53000	 61.95108	 94.53000
261.60000	 94.78000	 61.74514	 94.78000
261.80000	 94.88000	 61.35938	 94.88000
262.00000	 94.81000	 60.82890	 94.81000
262.20000	 94.58000	 60.21194	 94.58000
262.40000	 93.99000	 59.37873	 93.99000
262.60000	 93.24000	 58.55048	 93.24000
262.80000	 92.40000	 57.82074	 92.40000
263.00000	 91.55000	 57.27191	 91.55000
263.20000	 90.75000	 56.94789	 90.75000
263.40000	 90.08000	 56.89094	 90.08000
263.60000	 89.53000	 57.04899	 89.53000
263.80000	 89.15000	 57.41481	 89.15000
264.00000	 88.97000	 57.96004	 88.97000
264.20000	 89.25000	 58.85421	 89.25000
264.40000	 89.78000	 59.84683	 89.78000
264.60000	 90.46000	 60.79466	 90.46000
264.80000	 91.25000	 61.62814	 91.25000
265.00000	 92.11000	 62.29954	 92.11000
265.20000	 92.98000	 62.76348	 92.98000
265.40000	 93.82000	 63.00951	 93.82000
265.60000	 94.56000	 63.01460	 94.56000
265.80000	 95.14000	 62.77551	 95.14000
266.00000	 95.35000	 62.16792	 95.35000
266.20000	 95.42000	 61.46302	 95.42000
266.40000	 95.37000	 60.73774	 95.37000
266.60000	 95.22000	 60.05238	 95.22000
266.80000	 94.96000	 59.42422	 94.96000
267.00000	 94.66000	 58.92582	 94.66000
267.20000	 94.36000	 58.58776	 94.36000
267.40000	 94.10000	 58.42665	 94.10000
267.60000	 93.98000	 58.49949	 93.98000
267.80000	 94.04000	 58.79869	 94.04000
268.00000	 94.18000	 59.18798	 94.18000
268.20000	 94.39000	 59.61558	 94.39000
268.40000	 94.67000	 60.04810	 94.67000
268.60000	 95.06000	 60.49648	 95.06000
268.80000	 95.47000	 60.86571	 95.47000
269.00000	 95.88000	 61.13394	 95.88000
269.20000	 96.27000	 61.29032	 96.27000
269.40000	 96.53000	 61.25516	 96.53000
269.60000	 96.72000	 61.10835	 96.72000
269.80000	 96.84000	 60.87992	 96.84000
270.00000	 96.88000	 60.58968	 96.88000
270.20000	 96.88000	 60.29743	 96.88000
270.40000	 96.82000	 60.00365	 96.82000
270.60000	 96.64000	 59.66902	 96.64000
270.80000	 96.35000	 59.31435	 96.35000
271.00000	 95.85000	 58.86374	 95.85000
271.20000	 95.00000	 58.21253	 95.00000
271.40000	 94.06000	 57.61373	 94.06000
271.60000	 93.08000	 57.12558	 93.08000
271.80000	 92.12000	 56.79969	 92.12000
272.00000	 91.36000	 56.77557	 91.36000
272.20000	 90.75000	 56.97135	 90.75000
272.40000	 90.26000	 57.31373	 90.26000
272.60000	 89.88000	 57.74755	 89.88000
272.80000	 89.65000	 58.26653	 89.65000
273.00000	 89.65000	 58.90349	 89.65000
273.20000	 89.75000	 59.51086	 89.75000
273.40000	 89.91000	 60.03247	 89.91000
273.60000	 90.08000	 60.41845	 90.08000
273.80000	 90.22000	 60.64249	 90.22000
274.00000	 90.30000	 60.69970	 90.30000
274.20000	 90.32000	 60.62023	 90.32000
274.40000	 90.25000	 60.41200	 90.25000
274.60000	 89.99000	 60.02437	 89.99000
274.80000	 89.43000	 59.40387	 89.43000
275.00000	 88.79000	 58.78986	 88.79000
275.20000	 88.11000	 58.25065	 88.11000
275.40000	 87.43000	 57.83701	 87.43000
275.60000	 86.83000	 57.61718	 86.83000
275.80000	 86.33000	 57.58974	 86.33000
276.00000	 85.93000	 57.72375	 85.93000
276.20000	 85.64000	 57.99127	 85.64000
276.40000	 85.50000	 58.38896	 85.50000
276.60000	 85.65000	 58.99905	 85.65000
276.80000	 85.93000	 59.63777	 85.93000
277.00000	 86.34000	 60.27072	 86.34000
277.20000	 86.84000	 60.84042	 86.84000
277.40000	 87.48000	 61.38005	 87.48000
277.60000	 88.19000	 61.82565	 88.19000
277.80000	 88.90000	 62.12343	 88.90000
278.00000	 89.55000	 62.24022	 89.55000
278.20000	 90.05000	 62.12839	 90.05000
278.40000	 90.24000	 61.69232	 90.24000
278.60000	 90.33000	 61.17199	 90.33000
278.80000	 90.33000	 60.62486	 90.33000
279.00000	 90.27000	 60.11295	 90.27000
279.20000	 90.15000	 59.65792	 90.15000
279.40000	 90.02000	 59.31229	 90.02000
279.60000	 89.91000	 59.09806	 89.91000
279.80000	 89.85000	 59.02602	 89.85000
280.00000	 89.94000	 59.15840	 89.94000
280.20000	 90.27000	 59.53707	 90.27000
280.40000	 90.67000	 59.96820	 90.67000
280.60000	 91.10000	 60.37960	 91.10000
280.80000	 91.53000	 60.72123	 91.53000
281.00000	 91.87000	 60.90547	 91.87000
281.20000	 92.16000	 60.97446	 92.16000
281.40000	 92.41000	 60.95297	 92.41000
281.60000	 92.61000	 60.85208	 92.61000
281.80000	 92.70000	 60.64124	 92.70000
282.00000	 92.70000	 60.36249	 92.70000
282.20000	 92.67000	 60.09090	 92.67000
282.40000	 92.62000	 59.85059	 92.62000
282.60000	 92.57000	 59.66653	 92.57000
282.80000	 92.58000	 59.59037	 92.58000
283.00000	 92.61000	 59.57761	 92.61000
283.20000	 92.65000	 59.60668	 92.65000
283.40000	 92.70000	 59.66468	 92.70000
283.60000	 92.85000	 59.81738	 92.85000
283.80000	 93.01000	 59.97046	 93.01000
284.00000	 93.11000	 60.05200	 93.11000
284.20000	 93.11000	 60.02615	 93.11000
284.40000	 92.90000	 59.80730	 92.90000
284.60000	 92.43000	 59.37659	 92.43000
284.80000	 91.84000	 58.89085	 91.84000
285.00000	 91.13000	 58.38027	 91.13000
285.20000	 90.32000	 57.88511	 90.32000
285.40000	 89.36000	 57.37670	 89.36000
285.60000	 88.41000	 57.00363	 88.41000
285.80000	 87.53000	 56.81230	 87.53000
286.00000	 86.79000	 56.84223	 86.79000
286.20000	 86.47000	 57.29926	 86.47000
286.40000	 86.33000	 57.91288	 86.33000
286.60000	 86.35000	 58.60704	 86.35000
286.80000	 86.50000	 59.30780	 86.50000
287.00000	 86.81000	 60.00727	 86.81000
287.20000	 87.22000	 60.63086	 87.22000
287.40000	 87.68000	 61.12699	 87.68000
287.60000	 88.13000	 61.45029	 88.13000
