  0.00000	102.99000	 62.60957	102.99000
  0.20000	103.13000	 62.93081	103.13000
  0.40000	103.29000	 63.22139	103.29000
  0.60000	103.48000	 63.47551	103.48000
  0.80000	103.67000	 63.66511	103.67000
  1.00000	103.86000	 63.79237	103.86000
  1.20000	104.03000	 63.84979	104.03000
  1.40000	104.18000	 63.84909	104.18000
  1.60000	104.29000	 63.78895	104.29000
  1.80000	104.36000	 63.68435	104.36000
  2.00000	104.36000	 63.52746	104.36000
  2.20000	104.14000	 63.22148	104.14000
  2.40000	103.76000	 62.83523	103.76000
  2.60000	103.38000	 62.51191	103.38000
  2.80000	103.08000	 62.32181	103.08000
  3.00000	102.88000	 62.27474	102.88000
  3.20000	103.03000	 62.53994	103.03000
  3.40000	103.59000	 63.12130	103.59000
  3.60000	104.27000	 63.74529	104.27000
  3.80000	105.05000	 64.35327	105.05000
  4.00000	105.87000	 64.87194	105.87000
  4.20000	106.63000	 65.21553	106.63000
  4.40000	107.33000	 65.39271	107.33000
  4.60000	107.99000	 65.44003	107.99000
  4.80000	108.60000	 65.37730	108.60000
  5.00000	109.15000	 65.22627	109.15000
  5.20000	109.58000	 64.97076	109.58000
  5.40000	109.93000	 64.67000	109.93000
  5.60000	110.19000	 64.34111	110.19000
  5.80000	110.37000	 64.01107	110.37000
  6.00000	110.46000	 63.68597	110.46000
  6.20000	110.44000	 63.35966	110.44000
  6.40000	110.34000	 63.06053	110.34000
  6.60000	110.16000	 62.79006	110.16000
  6.80000	109.91000	 62.55390	109.91000
  7.00000	109.58000	 62.34002	109.58000
  7.20000	109.17000	 62.14301	109.17000
  7.40000	108.70000	 61.97232	108.70000
  7.60000	108.17000	 61.82160	108.17000
  7.80000	107.61000	 61.70682	107.61000
  8.00000	107.01000	 61.61268	107.01000
  8.20000	106.42000	 61.56896	106.42000
  8.40000	105.80000	 61.53596	105.80000
  8.60000	105.16000	 61.51321	105.16000
  8.80000	104.50000	 61.49422	104.50000
  9.00000	103.80000	 61.45922	103.80000
  9.20000	102.94000	 61.31695	102.94000
  9.40000	102.04000	 61.16536	102.04000
  9.60000	101.20000	 61.08571	101.20000
  9.80000	100.45000	 61.09830	100.45000
 10.00000	 99.82000	 61.21547	 99.82000
 10.20000	 99.61000	 61.64395	 99.61000
 10.40000	 99.60000	 62.17949	 99.60000
 10.60000	 99.71000	 62.72469	 99.71000
 10.80000	 99.90000	 63.22283	 99.90000
 11.00000	100.14000	 63.63748	100.14000
 11.20000	100.31000	 63.87751	100.31000
 11.40000	100.50000	 64.02515	100.50000
 11.60000	100.68000	 64.07735	100.68000
 11.80000	100.86000	 64.06395	100.86000
 12.00000	101.03000	 63.99921	101.03000
 12.20000	101.16000	 63.88067	101.16000
 12.40000	101.28000	 63.74945	101.28000
 12.60000	101.37000	 63.60487	101.37000
 12.80000	101.45000	 63.47288	101.45000
 13.00000	101.52000	 63.35991	101.52000
 13.20000	101.57000	 63.26118	101.57000
 13.40000	101.58000	 63.16224	101.58000
 13.60000	101.53000	 63.04847	101.53000
 13.80000	101.41000	 62.91396	101.41000
 14.00000	101.05000	 62.63501	101.05000
 14.20000	100.56000	 62.30890	100.56000
 14.40000	100.07000	 62.04733	100.07000
 14.60000	 99.62000	 61.88431	 99.62000
 14.80000	 99.26000	 61.85071	 99.26000
 15.00000	 99.25000	 62.12361	 99.25000
 15.20000	 99.46000	 62.56625	 99.46000
 15.40000	 99.78000	 63.05329	 99.78000
 15.60000	100.20000	 63.54315	100.20000
 15.80000	100.67000	 63.97487	100.67000
 16.00000	101.13000	 64.29290	101.13000
 16.20000	101.60000	 64.51536	101.60000
 16.40000	102.11000	 64.67590	102.11000
 16.60000	102.64000	 64.77335	102.64000
 16.80000	103.19000	 64.82324	103.19000
 17.00000	103.84000	 64.90040	103.84000
 17.20000	104.48000	 64.93106	104.48000
 17.40000	105.09000	 64.91033	105.09000
 17.60000	105.65000	 64.83509	105.65000
 17.80000	106.13000	 64.69623	106.13000
 18.00000	106.42000	 64.42690	106.42000
 18.20000	106.62000	 64.12408	106.62000
 18.40000	106.71000	 63.79152	106.71000
 18.60000	106.71000	 63.45967	106.71000
 18.80000	106.58000	 63.10932	106.58000
 19.00000	106.22000	 62.67490	106.22000
 19.20000	105.81000	 62.30424	105.81000
 19.40000	105.37000	 62.01566	105.37000
 19.60000	104.94000	 61.83353	104.94000
 19.80000	104.61000	 61.81104	104.61000
 20.00000	104.51000	 62.02045	104.51000
 20.20000	104.48000	 62.30399	104.48000
 20.40000	104.50000	 62.61312	104.50000
 20.60000	104.56000	 62.91473	104.56000
 20.80000	104.64000	 63.17694	104.64000
 21.00000	104.69000	 63.35450	104.69000
 21.20000	104.76000	 63.48709	104.76000
 21.40000	104.85000	 63.58067	104.85000
 21.60000	104.97000	 63.65053	104.97000
 21.80000	105.15000	 63.72675	105.15000
 22.00000	105.40000	 63.82160	105.40000
 22.20000	105.65000	 63.88463	105.65000
 22.40000	105.87000	 63.89768	105.87000
 22.60000	106.06000	 63.86833	106.06000
 22.80000	106.11000	 63.72389	106.11000
 23.00000	106.02000	 63.48143	106.02000
 23.20000	105.86000	 63.21399	105.86000
 23.40000	105.65000	 62.95321	105.65000
 23.60000	105.39000	 62.70997	105.39000
 23.80000	105.13000	 62.52732	105.13000
 24.00000	104.89000	 62.41843	104.89000
 24.20000	104.61000	 62.33048	104.61000
 24.40000	104.28000	 62.24835	104.28000
 24.60000	103.91000	 62.17354	103.91000
 24.80000	103.41000	 62.03419	103.41000
 25.00000	102.74000	 61.80306	102.74000
 25.20000	102.05000	 61.60208	102.05000
 25.40000	101.38000	 61.46523	101.38000
 25.60000	100.75000	 61.40427	100.75000
 25.80000	100.28000	 61.49925	100.28000
 26.00000	100.05000	 61.78877	100.05000
 26.20000	 99.92000	 62.13597	 99.92000
 26.40000	 99.86000	 62.49063	 99.86000
 26.60000	 99.85000	 62.81793	 99.85000
 26.80000	 99.87000	 63.09186	 99.87000
 27.00000	 99.88000	 63.28001	 99.88000
 27.20000	 99.92000	 63.41848	 99.92000
 27.40000	 99.99000	 63.51637	 99.99000
 27.60000	100.09000	 63.58388	100.09000
 27.80000	100.24000	 63.64586	100.24000
 28.00000	100.41000	 63.68749	100.41000
 28.20000	100.60000	 63.71589	100.60000
 28.40000	100.79000	 63.72242	100.79000
 28.60000	100.99000	 63.72090	100.99000
 28.80000	101.19000	 63.70907	101.19000
 29.00000	101.37000	 63.67662	101.37000
 29.20000	101.53000	 63.62863	101.53000
 29.40000	101.64000	 63.54773	101.64000
 29.60000	101.71000	 63.44786	101.71000
 29.80000	101.63000	 63.25332	101.63000
 30.00000	101.49000	 63.04421	101.49000
 30.20000	101.33000	 62.86063	101.33000
 30.40000	101.14000	 62.69987	101.14000
 30.60000	100.96000	 62.59277	100.96000
 30.80000	100.89000	 62.60945	100.89000
 31.00000	100.83000	 62.66090	100.83000
 31.20000	100.76000	 62.71885	100.76000
 31.40000	100.65000	 62.75110	100.65000
 31.60000	100.50000	 62.75317	100.50000
 31.80000	100.08000	 62.55350	100.08000
 32.00000	 99.66000	 62.37168	 99.66000
 32.20000	 99.27000	 62.24118	 99.27000
 32.40000	 98.95000	 62.19467	 98.95000
 32.60000	 98.79000	 62.29331	 98.79000
 32.80000	 98.95000	 62.63869	 98.95000
 33.00000	 99.25000	 63.06169	 99.25000
 33.20000	 99.68000	 63.52344	 99.68000
 33.40000	100.23000	 63.99125	100.23000
 33.60000	100.92000	 64.46212	100.92000
 33.80000	101.79000	 64.95337	101.79000
 34.00000	102.69000	 65.34299	102.69000
 34.20000	103.58000	 65.60373	103.58000
 34.40000	104.42000	 65.71972	104.42000
 34.60000	105.03000	 65.58022	105.03000
 34.80000	105.44000	 65.24754	105.44000
 35.00000	105.76000	 64.84929	105.76000
 35.20000	105.99000	 64.42318	105.99000
 35.40000	106.13000	 63.99782	106.13000
 35.60000	106.21000	 63.61518	106.21000
 35.80000	106.22000	 63.27724	106.22000
 36.00000	106.18000	 63.00112	106.18000
 36.20000	106.08000	 62.77499	106.08000
 36.40000	105.95000	 62.61331	105.95000
 36.60000	105.79000	 62.50451	105.79000
 36.80000	105.61000	 62.44296	105.61000
 37.00000	105.39000	 62.40023	105.39000
 37.20000	105.14000	 62.37254	105.14000
 37.40000	104.87000	 62.35810	104.87000
 37.60000	104.48000	 62.27478	104.48000
 37.80000	104.09000	 62.21297	104.09000
 38.00000	103.72000	 62.18625	103.72000
 38.20000	103.40000	 62.21275	103.40000
 38.40000	103.15000	 62.29948	103.15000
 38.60000	103.11000	 62.53965	103.11000
 38.80000	103.16000	 62.82200	103.16000
 39.00000	103.28000	 63.11261	103.28000
 39.20000	103.47000	 63.39765	103.47000
 39.40000	103.73000	 63.66815	103.73000
 39.60000	104.07000	 63.92682	104.07000
 39.80000	104.44000	 64.13439	104.44000
 40.00000	104.82000	 64.27944	104.82000
 40.20000	105.20000	 64.36284	105.20000
 40.40000	105.54000	 64.36643	105.54000
 40.60000	105.79000	 64.26850	105.79000
 40.80000	106.01000	 64.13397	106.01000
 41.00000	106.21000	 63.98772	106.21000
 41.20000	106.38000	 63.83546	106.38000
 41.40000	106.58000	 63.73149	106.58000
 41.60000	106.80000	 63.67051	106.80000
 41.80000	106.99000	 63.61273	106.99000
 42.00000	107.15000	 63.55603	107.15000
 42.20000	107.24000	 63.46900	107.24000
 42.40000	107.24000	 63.33841	107.24000
 42.60000	107.11000	 63.13963	107.11000
 42.80000	106.92000	 62.93461	106.92000
 43.00000	106.66000	 62.72321	106.66000
 43.20000	106.35000	 62.52591	106.35000
 43.40000	105.94000	 62.30792	105.94000
 43.60000	105.43000	 62.07275	105.43000
 43.80000	104.95000	 61.92112	104.95000
 44.00000	104.52000	 61.86278	104.52000
 44.20000	104.19000	 61.92263	104.19000
 44.40000	104.17000	 62.23746	104.17000
 44.60000	104.37000	 62.70299	104.37000
 44.80000	104.67000	 63.19011	104.67000
 45.00000	105.03000	 63.63961	105.03000
 45.20000	105.42000	 64.01242	105.42000
 45.40000	105.70000	 64.20001	105.70000
 45.60000	105.97000	 64.29128	105.97000
 45.80000	106.24000	 64.31275	106.24000
 46.00000	106.51000	 64.28425	106.51000
 46.20000	106.82000	 64.25402	106.82000
 46.40000	107.19000	 64.24995	107.19000
 46.60000	107.53000	 64.21162	107.53000
 46.80000	107.84000	 64.14682	107.84000
 47.00000	108.09000	 64.04104	108.09000
 47.20000	108.19000	 63.83649	108.19000
 47.40000	108.17000	 63.57105	108.17000
 47.60000	108.07000	 63.29084	108.07000
 47.80000	107.91000	 63.02335	107.91000
 48.00000	107.69000	 62.77603	107.69000
 48.20000	107.48000	 62.60415	107.48000
 48.40000	107.23000	 62.46554	107.23000
 48.60000	106.94000	 62.35356	106.94000
 48.80000	106.59000	 62.24615	106.59000
 49.00000	106.19000	 62.14528	106.19000
 49.20000	105.57000	 61.91988	105.57000
 49.40000	104.86000	 61.67513	104.86000
 49.60000	104.17000	 61.50044	104.17000
 49.80000	103.55000	 61.43164	103.55000
 50.00000	103.05000	 61.49505	103.05000
 50.20000	102.88000	 61.82717	102.88000
 50.40000	102.98000	 62.34455	102.98000
 50.60000	103.22000	 62.90642	103.22000
 50.80000	103.59000	 63.47086	103.59000
 51.00000	104.06000	 63.99161	104.06000
 51.20000	104.66000	 64.47872	104.66000
 51.40000	105.33000	 64.88238	105.33000
 51.60000	106.03000	 65.17726	106.03000
 51.80000	106.72000	 65.34697	106.72000
 52.00000	107.36000	 65.38286	107.36000
 52.20000	107.85000	 65.23768	107.85000
 52.40000	108.28000	 65.01425	108.28000
 52.60000	108.65000	 64.74464	108.65000
 52.80000	108.95000	 64.44791	108.95000
 53.00000	109.18000	 64.14490	109.18000
 53.20000	109.34000	 63.85050	109.34000
 53.40000	109.43000	 63.57412	109.43000
 53.60000	109.47000	 63.33537	109.47000
 53.80000	109.46000	 63.13388	109.46000
 54.00000	109.41000	 62.97322	109.41000
 54.20000	109.33000	 62.85426	109.33000
 54.40000	109.19000	 62.74611	109.19000
 54.60000	108.98000	 62.63428	108.98000
 54.80000	108.71000	 62.52161	108.71000
 55.00000	108.21000	 62.27830	108.21000
 55.20000	107.58000	 61.98864	107.58000
 55.40000	106.97000	 61.77535	106.97000
 55.60000	106.41000	 61.66119	106.41000
 55.80000	105.96000	 61.68179	105.96000
 56.00000	105.88000	 62.01194	105.88000
 56.20000	106.02000	 62.49809	106.02000
 56.40000	106.30000	 63.03725	106.30000
 56.60000	106.67000	 63.55730	106.67000
 56.80000	107.12000	 64.02858	107.12000
 57.00000	107.64000	 64.43300	107.64000
 57.20000	108.18000	 64.73239	108.18000
 57.40000	108.72000	 64.92116	108.72000
 57.60000	109.22000	 64.98645	109.22000
 57.80000	109.60000	 64.89205	109.60000
 58.00000	109.82000	 64.63928	109.82000
 58.20000	109.96000	 64.32403	109.96000
 58.40000	110.05000	 63.99957	110.05000
 58.60000	110.08000	 63.68068	110.08000
 58.80000	110.10000	 63.41936	110.10000
 59.00000	110.10000	 63.21294	110.10000
 59.20000	110.06000	 63.04458	110.06000
 59.40000	109.97000	 62.90184	109.97000
 59.60000	109.84000	 62.78623	109.84000
 59.80000	109.63000	 62.66120	109.63000
 60.00000	109.37000	 62.54520	109.37000
 60.20000	109.04000	 62.41972	109.04000
 60.40000	108.66000	 62.29795	108.66000
 60.60000	108.22000	 62.17083	108.22000
 60.80000	107.65000	 61.98556	107.65000
 61.00000	106.96000	 61.75441	106.96000
 61.20000	106.26000	 61.56684	106.26000
 61.40000	105.58000	 61.44626	105.58000
 61.60000	104.97000	 61.42432	104.97000
 61.80000	104.53000	 61.56240	104.53000
 62.00000	104.31000	 61.87376	104.31000
 62.20000	104.19000	 62.23633	104.19000
 62.40000	104.17000	 62.62277	104.17000
 62.60000	104.24000	 63.00460	104.24000
 62.80000	104.33000	 63.31567	104.33000
 63.00000	104.45000	 63.56047	104.45000
 63.20000	104.70000	 63.81771	104.70000
 63.40000	105.09000	 64.09680	105.09000
 63.60000	105.64000	 64.41212	105.64000
 63.80000	106.67000	 64.99839	106.67000
 64.00000	107.83000	 65.56754	107.83000
 64.20000	109.05000	 66.05024	109.05000
 64.40000	110.27000	 66.39819	110.27000
 64.60000	111.35000	 66.51738	111.35000
 64.80000	112.21000	 66.37678	112.21000
 65.00000	112.95000	 66.09490	112.95000
 65.20000	113.57000	 65.71546	113.57000
 65.40000	114.06000	 65.27033	114.06000
 65.60000	114.36000	 64.74809	114.36000
 65.80000	114.51000	 64.20858	114.51000
 66.00000	114.52000	 63.68148	114.52000
 66.20000	114.40000	 63.18827	114.40000
 66.40000	114.15000	 62.73525	114.15000
 66.60000	113.66000	 62.24089	113.66000
 66.80000	113.08000	 61.82074	113.08000
 67.00000	112.46000	 61.50754	112.46000
 67.20000	111.83000	 61.31032	111.83000
 67.40000	111.27000	 61.26847	111.27000
 67.60000	110.97000	 61.49488	110.97000
 67.80000	110.71000	 61.78089	110.71000
 68.00000	110.48000	 62.08244	110.48000
 68.20000	110.26000	 62.35786	110.26000
 68.40000	110.00000	 62.55386	110.00000
 68.60000	109.62000	 62.60721	109.62000
 68.80000	109.24000	 62.61809	109.24000
 69.00000	108.85000	 62.59055	108.85000
 69.20000	108.48000	 62.55852	108.48000
 69.40000	108.17000	 62.56026	108.17000
 69.60000	107.92000	 62.59852	107.92000
 69.80000	107.70000	 62.64950	107.70000
 70.00000	107.50000	 62.70358	107.50000
 70.20000	107.32000	 62.75898	107.32000
 70.40000	107.18000	 62.82928	107.18000
 70.60000	107.07000	 62.90475	107.07000
 70.80000	106.95000	 62.95359	106.95000
 71.00000	106.80000	 62.96202	106.80000
 71.20000	106.60000	 62.91970	106.60000
 71.40000	106.24000	 62.75259	106.24000
 71.60000	105.76000	 62.50754	105.76000
 71.80000	105.25000	 62.27056	105.25000
 72.00000	104.74000	 62.07637	104.74000
 72.20000	104.25000	 61.94436	104.25000
 72.40000	103.88000	 61.94624	103.88000
 72.60000	103.63000	 62.06762	103.63000
 72.80000	103.43000	 62.23525	103.43000
 73.00000	103.28000	 62.43020	103.28000
 73.20000	103.16000	 62.62197	103.16000
 73.40000	103.03000	 62.77029	103.03000
 73.60000	102.83000	 62.82734	102.83000
 73.80000	102.70000	 62.90373	102.70000
 74.00000	102.68000	 63.03192	102.68000
 74.20000	102.78000	 63.21646	102.78000
 74.40000	103.15000	 63.56187	103.15000
 74.60000	103.80000	 64.05578	103.80000
 74.80000	104.57000	 64.55167	104.57000
 75.00000	105.46000	 65.03056	105.46000
 75.20000	106.42000	 65.44386	106.42000
 75.40000	107.43000	 65.77512	107.43000
 75.60000	108.46000	 66.00877	108.46000
 75.80000	109.49000	 66.14385	109.49000
 76.00000	110.48000	 66.16958	110.48000
 76.20000	111.37000	 66.06472	111.37000
 76.40000	112.17000	 65.86516	112.17000
 76.60000	112.86000	 65.58455	112.86000
 76.80000	113.45000	 65.25761	113.45000
 77.00000	113.90000	 64.87768	113.90000
 77.20000	114.17000	 64.43581	114.17000
 77.40000	114.30000	 63.98182	114.30000
 77.60000	114.32000	 63.55285	114.32000
 77.80000	114.22000	 63.14921	114.22000
 78.00000	114.01000	 62.78112	114.01000
 78.20000	113.71000	 62.46188	113.71000
 78.40000	113.30000	 62.17076	113.30000
 78.60000	112.80000	 61.91577	112.80000
 78.80000	112.22000	 61.69606	112.22000
 79.00000	111.51000	 61.46519	111.51000
 79.20000	110.68000	 61.22511	110.68000
 79.40000	109.81000	 61.03230	109.81000
 79.60000	108.95000	 60.91730	108.95000
 79.80000	108.10000	 60.86814	108.10000
 80.00000	107.36000	 60.94477	107.36000
 80.20000	106.76000	 61.14773	106.76000
 80.40000	106.23000	 61.39805	106.23000
 80.60000	105.79000	 61.68763	105.79000
 80.80000	105.43000	 61.98954	105.43000
 81.00000	105.15000	 62.28922	105.15000
 81.20000	104.97000	 62.59181	104.97000
 81.40000	104.87000	 62.87554	104.87000
 81.60000	104.86000	 63.14498	104.86000
 81.80000	104.93000	 63.39218	104.93000
 82.00000	105.11000	 63.64135	105.11000
 82.20000	105.39000	 63.88630	105.39000
 82.40000	105.73000	 64.09866	105.73000
 82.60000	106.12000	 64.27514	106.12000
 82.80000	106.53000	 64.39973	106.53000
 83.00000	106.89000	 64.42964	106.89000
 83.20000	107.26000	 64.42490	107.26000
 83.40000	107.64000	 64.39943	107.64000
 83.60000	108.05000	 64.37975	108.05000
 83.80000	108.48000	 64.36593	108.48000
 84.00000	109.04000	 64.44460	109.04000
 84.20000	109.61000	 64.52105	109.61000
 84.40000	110.17000	 64.57693	110.17000
 84.60000	110.70000	 64.59689	110.70000
 84.80000	111.19000	 64.57652	111.19000
 85.00000	111.60000	 64.49190	111.60000
 85.20000	111.92000	 64.34560	111.92000
 85.40000	112.14000	 64.14284	112.14000
 85.60000	112.23000	 63.87525	112.23000
 85.80000	112.07000	 63.46909	112.07000
 86.00000	111.70000	 62.97772	111.70000
 86.20000	111.25000	 62.52207	111.25000
 86.40000	110.76000	 62.14508	110.76000
 86.60000	110.30000	 61.90053	110.30000
 86.80000	109.92000	 61.81427	109.92000
 87.00000	109.59000	 61.84122	109.59000
 87.20000	109.34000	 61.97733	109.34000
 87.40000	109.22000	 62.23133	109.22000
 87.60000	109.30000	 62.62464	109.30000
 87.80000	109.45000	 63.02629	109.45000
 88.00000	109.65000	 63.39706	109.65000
 88.20000	109.86000	 63.69328	109.86000
 88.40000	110.04000	 63.88266	110.04000
 88.60000	110.19000	 63.97352	110.19000
 88.80000	110.26000	 63.94368	110.26000
 89.00000	110.23000	 63.79997	110.23000
 89.20000	109.93000	 63.44149	109.93000
 89.40000	109.48000	 62.99534	109.48000
 89.60000	108.95000	 62.54785	108.95000
 89.80000	108.37000	 62.14507	108.37000
 90.00000	107.80000	 61.84377	107.80000
 90.20000	107.32000	 61.70232	107.32000
 90.40000	106.83000	 61.63040	106.83000
 90.60000	106.31000	 61.59555	106.31000
 90.80000	105.76000	 61.58206	105.76000
 91.00000	105.08000	 61.50251	105.08000
 91.20000	104.27000	 61.35403	104.27000
 91.40000	103.44000	 61.22286	103.44000
 91.60000	102.64000	 61.14757	102.64000
 91.80000	101.88000	 61.13129	101.88000
 92.00000	101.22000	 61.21018	101.22000
 92.20000	100.70000	 61.39925	100.70000
 92.40000	100.29000	 61.65570	100.29000
 92.60000	100.02000	 61.98150	100.02000
 92.80000	 99.89000	 62.35615	 99.89000
 93.00000	100.03000	 62.85785	100.03000
 93.20000	100.39000	 63.42484	100.39000
 93.40000	100.88000	 63.96725	100.88000
 93.60000	101.46000	 64.44198	101.46000
 93.80000	102.12000	 64.83890	102.12000
 94.00000	102.82000	 65.13385	102.82000
 94.20000	103.54000	 65.32553	103.54000
 94.40000	104.24000	 65.40340	104.24000
 94.60000	104.92000	 65.39149	104.92000
 94.80000	105.50000	 65.25537	105.50000
 95.00000	105.93000	 64.98681	105.93000
 95.20000	106.30000	 64.68525	106.30000
 95.40000	106.60000	 64.36872	106.60000
 95.60000	106.84000	 64.06361	106.84000
 95.80000	107.04000	 63.79680	107.04000
 96.00000	107.19000	 63.56542	107.19000
 96.20000	107.29000	 63.36923	107.29000
 96.40000	107.35000	 63.21212	107.35000
 96.60000	107.35000	 63.07295	107.35000
 96.80000	107.26000	 62.92330	107.26000
 97.00000	107.14000	 62.80449	107.14000
 97.20000	107.00000	 62.71868	107.00000
 97.40000	106.87000	 62.68141	106.87000
 97.60000	106.79000	 62.71315	106.79000
 97.80000	106.85000	 62.86804	106.85000
 98.00000	106.94000	 63.04377	106.94000
 98.20000	107.03000	 63.20194	107.03000
 98.40000	107.10000	 63.31823	107.10000
 98.60000	107.07000	 63.33045	107.07000
 98.80000	106.94000	 63.24651	106.94000
 99.00000	106.79000	 63.14042	106.79000
 99.20000	106.64000	 63.03914	106.64000
 99.40000	106.51000	 62.96546	106.51000
 99.60000	106.56000	 63.04142	106.56000
 99.80000	106.67000	 63.16572	106.67000
100.00000	106.77000	 63.27350	106.77000
100.20000	106.83000	 63.33516	106.83000
100.40000	106.84000	 63.34251	106.84000
100.60000	106.60000	 63.15121	106.60000
100.80000	106.25000	 62.88711	106.25000
101.00000	105.83000	 62.60171	105.83000
101.20000	105.36000	 62.32684	105.36000
101.40000	104.86000	 62.08807	104.86000
101.60000	104.39000	 61.93399	104.39000
101.80000	103.94000	 61.85189	103.94000
102.00000	103.49000	 61.81646	103.49000
102.20000	103.05000	 61.82350	103.05000
102.40000	102.63000	 61.86839	102.63000
102.60000	102.20000	 61.91689	102.20000
102.80000	101.76000	 61.96040	101.76000
103.00000	101.38000	 62.04555	101.38000
103.20000	101.09000	 62.18701	101.09000
103.40000	100.92000	 62.39663	100.92000
103.60000	100.99000	 62.75019	100.99000
103.80000	101.28000	 63.21013	101.28000
104.00000	101.68000	 63.66907	101.68000
104.20000	102.18000	 64.10220	102.18000
104.40000	102.76000	 64.48518	102.76000
104.60000	103.38000	 64.78653	103.38000
104.80000	104.04000	 65.01289	104.04000
105.00000	104.72000	 65.16110	104.72000
105.20000	105.40000	 65.23182	105.40000
105.40000	106.05000	 65.22082	106.05000
105.60000	106.66000	 65.14089	106.66000
105.80000	107.21000	 64.99759	107.21000
106.00000	107.68000	 64.79614	107.68000
106.20000	108.06000	 64.54837	108.06000
106.40000	108.28000	 64.21980	108.28000
106.60000	108.32000	 63.81514	108.32000
106.80000	108.25000	 63.40706	108.25000
107.00000	108.10000	 63.03228	108.10000
107.20000	107.86000	 62.69006	107.86000
107.40000	107.57000	 62.41159	107.57000
107.60000	107.23000	 62.19176	107.23000
107.80000	106.85000	 62.02886	106.85000
108.00000	106.43000	 61.91108	106.43000
108.20000	105.97000	 61.82594	105.97000
108.40000	105.46000	 61.75420	105.46000
108.60000	104.82000	 61.62677	104.82000
108.80000	104.22000	 61.56876	104.22000
109.00000	103.69000	 61.59496	103.69000
109.20000	103.27000	 61.72205	103.27000
109.40000	103.03000	 61.98370	103.03000
109.60000	103.23000	 62.54825	103.23000
109.80000	103.58000	 63.15420	103.58000
110.00000	104.06000	 63.75140	104.06000
110.20000	104.64000	 64.29414	104.64000
110.40000	105.28000	 64.74173	105.28000
110.60000	105.94000	 65.06594	105.94000
110.80000	106.64000	 65.29444	106.64000
111.00000	107.38000	 65.44520	107.38000
111.20000	108.13000	 65.51574	108.13000
111.40000	108.94000	 65.56464	108.94000
111.60000	109.75000	 65.56414	109.75000
111.80000	110.52000	 65.50085	110.52000
112.00000	111.23000	 65.37710	111.23000
112.20000	111.85000	 65.18813	111.85000
112.40000	112.27000	 64.87023	112.27000
112.60000	112.57000	 64.50752	112.57000
112.80000	112.75000	 64.12105	112.75000
113.00000	112.83000	 63.74236	112.83000
113.20000	112.80000	 63.37468	112.80000
113.40000	112.60000	 62.97950	112.60000
113.60000	112.31000	 62.62303	112.31000
113.80000	111.96000	 62.32842	111.96000
114.00000	111.55000	 62.09029	111.55000
114.20000	111.10000	 61.91437	111.10000
114.40000	110.61000	 61.78838	110.61000
114.60000	110.12000	 61.72881	110.12000
114.80000	109.67000	 61.74996	109.67000
115.00000	109.28000	 61.84841	109.28000
115.20000	109.00000	 62.04149	109.00000
115.40000	108.99000	 62.42576	108.99000
115.60000	109.07000	 62.83382	109.07000
115.80000	109.21000	 63.21811	109.21000
116.00000	109.39000	 63.54861	109.39000
116.20000	109.58000	 63.79767	109.58000
116.40000	109.76000	 63.95443	109.76000
116.60000	109.92000	 64.02296	109.92000
116.80000	110.04000	 64.00467	110.04000
117.00000	110.10000	 63.90413	110.10000
117.20000	110.01000	 63.67547	110.01000
117.40000	109.80000	 63.36760	109.80000
117.60000	109.51000	 63.03605	109.51000
117.80000	109.17000	 62.72309	109.17000
118.00000	108.77000	 62.43324	108.77000
118.20000	108.38000	 62.22466	108.38000
118.40000	107.98000	 62.07893	107.98000
118.60000	107.54000	 61.96531	107.54000
118.80000	107.06000	 61.87490	107.06000
119.00000	106.51000	 61.77693	106.51000
119.20000	105.87000	 61.65129	105.87000
119.40000	104.98000	 61.37773	104.98000
119.60000	104.07000	 61.14040	104.07000
119.80000	103.19000	 60.98198	103.19000
120.00000	102.39000	 60.93605	102.39000
120.20000	101.71000	 61.01935	101.71000
120.40000	101.42000	 61.41181	101.42000
120.60000	101.32000	 61.92117	101.32000
120.80000	101.36000	 62.46941	101.36000
121.00000	101.53000	 63.01733	101.53000
121.20000	101.81000	 63.52830	101.81000
121.40000	102.15000	 63.95367	102.15000
121.60000	102.58000	 64.31608	102.58000
121.80000	103.08000	 64.60693	103.08000
122.00000	103.68000	 64.85978	103.68000
122.20000	104.34000	 65.05635	104.34000
122.40000	105.19000	 65.30684	105.19000
122.60000	106.07000	 65.49653	106.07000
122.80000	106.97000	 65.62683	106.97000
123.00000	107.84000	 65.67231	107.84000
123.20000	108.64000	 65.61931	108.64000
123.40000	109.28000	 65.42124	109.28000
123.60000	109.83000	 65.15784	109.83000
123.80000	110.30000	 64.86176	110.30000
124.00000	110.68000	 64.54597	110.68000
124.20000	110.94000	 64.20401	110.94000
124.40000	111.07000	 63.84172	111.07000
124.60000	111.12000	 63.50730	111.12000
124.80000	111.10000	 63.21302	111.10000
125.00000	111.03000	 62.97321	111.03000
125.20000	110.88000	 62.75992	110.88000
125.40000	110.68000	 62.58898	110.68000
125.60000	110.47000	 62.48160	110.47000
125.80000	110.27000	 62.44069	110.27000
126.00000	110.11000	 62.47401	110.11000
126.20000	110.09000	 62.63899	110.09000
126.40000	110.21000	 62.91153	110.21000
126.60000	110.37000	 63.19053	110.37000
126.80000	110.54000	 63.43463	110.54000
127.00000	110.71000	 63.62654	110.71000
127.20000	110.80000	 63.70482	110.80000
127.40000	110.84000	 63.70116	110.84000
127.60000	110.86000	 63.65206	110.86000
127.80000	110.86000	 63.57159	110.86000
128.00000	110.85000	 63.47989	110.85000
128.20000	110.84000	 63.39423	110.84000
128.40000	110.81000	 63.30597	110.81000
128.60000	110.75000	 63.21218	110.75000
128.80000	110.66000	 63.11649	110.66000
129.00000	110.53000	 63.01409	110.53000
129.20000	110.34000	 62.89251	110.34000
129.40000	110.10000	 62.76258	110.10000
129.60000	109.83000	 62.64227	109.83000
129.80000	109.51000	 62.51787	109.51000
130.00000	109.15000	 62.39796	109.15000
130.20000	108.69000	 62.23814	108.69000
130.40000	108.22000	 62.10930	108.22000
130.60000	107.73000	 62.00369	107.73000
130.80000	107.25000	 61.94123	107.25000
131.00000	106.79000	 61.92362	106.79000
131.20000	106.40000	 61.97990	106.40000
131.40000	106.05000	 62.07514	106.05000
131.60000	105.75000	 62.20447	105.75000
131.80000	105.49000	 62.34873	105.49000
132.00000	105.29000	 62.51337	105.29000
132.20000	105.15000	 62.68999	105.15000
132.40000	105.06000	 62.86429	105.06000
132.60000	105.04000	 63.04670	105.04000
132.80000	105.08000	 63.22603	105.08000
133.00000	105.20000	 63.41494	105.20000
133.20000	105.45000	 63.64832	105.45000
133.40000	105.72000	 63.83863	105.72000
133.60000	106.01000	 63.98607	106.01000
133.80000	106.27000	 64.05762	106.27000
134.00000	106.43000	 64.01123	106.43000
134.20000	106.51000	 63.87979	106.51000
134.40000	106.52000	 63.69114	106.52000
134.60000	106.49000	 63.48705	106.49000
134.80000	106.40000	 63.26751	106.40000
135.00000	106.27000	 63.05906	106.27000
135.20000	106.09000	 62.86124	106.09000
135.40000	105.86000	 62.67779	105.86000
135.60000	105.57000	 62.50244	105.57000
135.80000	105.22000	 62.33513	105.22000
136.00000	104.71000	 62.10052	104.71000
136.20000	104.16000	 61.89352	104.16000
136.40000	103.62000	 61.75251	103.62000
136.60000	103.10000	 61.67953	103.10000
136.80000	102.65000	 61.70162	102.65000
137.00000	102.41000	 61.90711	102.41000
137.20000	102.24000	 62.16363	102.24000
137.40000	102.11000	 62.42465	102.11000
137.60000	102.03000	 62.68051	102.03000
137.80000	101.96000	 62.89012	101.96000
138.00000	101.92000	 63.06497	101.92000
138.20000	101.87000	 63.17621	101.87000
138.40000	101.80000	 63.22309	101.80000
138.60000	101.71000	 63.21629	101.71000
138.80000	101.52000	 63.10868	101.52000
139.00000	101.27000	 62.94808	101.27000
139.20000	101.00000	 62.78169	101.00000
139.40000	100.71000	 62.62207	100.71000
139.60000	100.41000	 62.48471	100.41000
139.80000	100.14000	 62.40284	100.14000
140.00000	 99.87000	 62.35128	 99.87000
140.20000	 99.61000	 62.33266	 99.61000
140.40000	 99.35000	 62.33309	 99.35000
140.60000	 99.13000	 62.37608	 99.13000
140.80000	 98.94000	 62.44587	 98.94000
141.00000	 98.75000	 62.51188	 98.75000
141.20000	 98.54000	 62.55386	 98.54000
141.40000	 98.28000	 62.54801	 98.28000
141.60000	 97.91000	 62.45309	 97.91000
141.80000	 97.36000	 62.22766	 97.36000
142.00000	 96.79000	 62.01033	 96.79000
142.20000	 96.24000	 61.84360	 96.24000
142.40000	 95.74000	 61.75381	 95.74000
142.60000	 95.37000	 61.79613	 95.37000
142.80000	 95.16000	 61.97750	 95.16000
143.00000	 95.06000	 62.23710	 95.06000
143.20000	 95.08000	 62.55878	 95.08000
143.40000	 95.20000	 62.90563	 95.20000
143.60000	 95.50000	 63.31971	 95.50000
143.80000	 95.93000	 63.74557	 95.93000
144.00000	 96.44000	 64.13242	 96.44000
144.20000	 97.04000	 64.48214	 97.04000
144.40000	 97.69000	 64.76473	 97.69000
144.60000	 98.39000	 64.98645	 98.39000
144.80000	 99.11000	 65.13515	 99.11000
145.00000	 99.82000	 65.20248	 99.82000
145.20000	100.51000	 65.19837	100.51000
145.40000	101.11000	 65.08944	101.11000
145.60000	101.62000	 64.89849	101.62000
145.80000	102.04000	 64.64893	102.04000
146.00000	102.38000	 64.36984	102.38000
146.20000	102.63000	 64.07143	102.63000
146.40000	102.68000	 63.68572	102.68000
146.60000	102.61000	 63.28990	102.61000
146.80000	102.46000	 62.92675	102.46000
147.00000	102.25000	 62.61695	102.25000
147.20000	101.99000	 62.36682	101.99000
147.40000	101.72000	 62.19964	101.72000
147.60000	101.45000	 62.11050	101.45000
147.80000	101.17000	 62.07598	101.17000
148.00000	100.89000	 62.08732	100.89000
148.20000	100.62000	 62.13638	100.62000
148.40000	100.35000	 62.20138	100.35000
148.60000	100.09000	 62.27832	100.09000
148.80000	 99.89000	 62.39540	 99.89000
149.00000	 99.75000	 62.54265	 99.75000
149.20000	 99.71000	 62.74019	 99.71000
149.40000	 99.86000	 63.04371	 99.86000
149.60000	100.18000	 63.42072	100.18000
149.80000	100.58000	 63.78530	100.58000
150.00000	101.03000	 64.10331	101.03000
150.20000	101.52000	 64.36362	101.52000
150.40000	101.97000	 64.50962	101.97000
150.60000	102.42000	 64.58391	102.42000
150.80000	102.86000	 64.59472	102.86000
151.00000	103.28000	 64.55143	103.28000
151.20000	103.68000	 64.47081	103.68000
151.40000	104.07000	 64.37539	104.07000
151.60000	104.41000	 64.24724	104.41000
151.80000	104.70000	 64.09758	104.70000
152.00000	104.93000	 63.92871	104.93000
152.20000	105.05000	 63.71187	105.05000
152.40000	105.05000	 63.44987	105.05000
152.60000	104.97000	 63.18369	104.97000
152.80000	104.82000	 62.92884	104.82000
153.00000	104.60000	 62.68969	104.60000
153.20000	104.29000	 62.45283	104.29000
153.40000	103.86000	 62.19656	103.86000
153.60000	103.40000	 61.99005	103.40000
153.80000	102.97000	 61.87469	102.97000
154.00000	102.58000	 61.84707	102.58000
154.20000	102.32000	 61.95844	102.32000
154.40000	102.34000	 62.29662	102.34000
154.60000	102.43000	 62.66759	102.43000
154.80000	102.59000	 63.04232	102.59000
155.00000	102.79000	 63.37810	102.79000
155.20000	102.98000	 63.62734	102.98000
155.40000	103.12000	 63.76125	103.12000
155.60000	103.28000	 63.84351	103.28000
155.80000	103.48000	 63.90194	103.48000
156.00000	103.71000	 63.94032	103.71000
156.20000	104.05000	 64.02797	104.05000
156.40000	104.44000	 64.12243	104.44000
156.60000	104.85000	 64.20233	104.85000
156.80000	105.27000	 64.26230	105.27000
157.00000	105.68000	 64.29078	105.68000
157.20000	106.07000	 64.28561	106.07000
157.40000	106.42000	 64.23870	106.42000
157.60000	106.73000	 64.15867	106.73000
157.80000	106.99000	 64.04711	106.99000
158.00000	107.15000	 63.87596	107.15000
158.20000	107.19000	 63.64218	107.19000
158.40000	107.16000	 63.39697	107.16000
158.60000	107.08000	 63.16587	107.08000
158.80000	106.94000	 62.94741	106.94000
159.00000	106.69000	 62.70719	106.69000
159.20000	106.37000	 62.47890	106.37000
159.40000	106.07000	 62.33099	106.07000
159.60000	105.81000	 62.27180	105.81000
159.80000	105.64000	 62.32565	105.64000
160.00000	105.70000	 62.57731	105.70000
160.20000	105.92000	 62.94274	105.92000
160.40000	106.26000	 63.35952	106.26000
160.60000	106.74000	 63.81527	106.74000
160.80000	107.36000	 64.28759	107.36000
161.00000	108.18000	 64.80430	108.18000
161.20000	109.09000	 65.26790	109.09000
161.40000	110.08000	 65.66528	110.08000
161.60000	111.11000	 65.96916	111.11000
161.80000	112.16000	 66.17524	112.16000
162.00000	113.21000	 66.28528	113.21000
162.20000	114.21000	 66.28266	114.21000
162.40000	115.14000	 66.17736	115.14000
162.60000	115.94000	 65.95153	115.94000
162.80000	116.58000	 65.61263	116.58000
163.00000	117.07000	 65.19924	117.07000
163.20000	117.41000	 64.73973	117.41000
163.40000	117.57000	 64.23557	117.57000
163.60000	117.44000	 63.62530	117.44000
163.80000	117.10000	 62.99229	117.10000
164.00000	116.62000	 62.40699	116.62000
164.20000	116.03000	 61.89973	116.03000
164.40000	115.39000	 61.51316	115.39000
164.60000	114.81000	 61.31629	114.81000
164.80000	114.24000	 61.24510	114.24000
165.00000	113.64000	 61.23935	113.64000
165.20000	113.03000	 61.28663	113.03000
165.40000	112.39000	 61.34809	112.39000
165.60000	111.69000	 61.38344	111.69000
165.80000	110.94000	 61.39009	110.94000
166.00000	110.21000	 61.41583	110.21000
166.20000	109.52000	 61.47082	109.52000
166.40000	108.89000	 61.56392	108.89000
166.60000	108.42000	 61.76192	108.42000
166.80000	108.07000	 62.02002	108.07000
167.00000	107.80000	 62.29249	107.80000
167.20000	107.60000	 62.55963	107.60000
167.40000	107.44000	 62.79119	107.44000
167.60000	107.36000	 63.01494	107.36000
167.80000	107.32000	 63.20051	107.32000
168.00000	107.27000	 63.31397	107.27000
168.20000	107.22000	 63.37185	107.22000
168.40000	107.12000	 63.34846	107.12000
168.60000	106.83000	 63.15517	106.83000
168.80000	106.51000	 62.93777	106.51000
169.00000	106.16000	 62.71693	106.16000
169.20000	105.80000	 62.52214	105.80000
169.40000	105.46000	 62.38337	105.46000
169.60000	105.20000	 62.34531	105.20000
169.80000	104.96000	 62.35384	104.96000
170.00000	104.74000	 62.39808	104.74000
170.20000	104.52000	 62.45223	104.52000
170.40000	104.32000	 62.52269	104.32000
170.60000	103.99000	 62.49038	103.99000
170.80000	103.68000	 62.47142	103.68000
171.00000	103.42000	 62.48999	103.42000
171.20000	103.25000	 62.57366	103.25000
171.40000	103.20000	 62.73719	103.20000
171.60000	103.51000	 63.14668	103.51000
171.80000	103.94000	 63.59187	103.94000
172.00000	104.44000	 64.01051	104.44000
172.20000	104.96000	 64.35065	104.96000
172.40000	105.44000	 64.56486	105.44000
172.60000	105.80000	 64.60356	105.80000
172.80000	106.12000	 64.54966	106.12000
173.00000	106.40000	 64.42806	106.40000
173.20000	106.64000	 64.26232	106.64000
173.40000	106.83000	 64.06545	106.83000
173.60000	106.97000	 63.85447	106.97000
173.80000	107.05000	 63.63499	107.05000
174.00000	107.09000	 63.43167	107.09000
174.20000	107.07000	 63.23478	107.07000
174.40000	106.99000	 63.04721	106.99000
174.60000	106.84000	 62.86254	106.84000
174.80000	106.65000	 62.70345	106.65000
175.00000	106.40000	 62.55281	106.40000
175.20000	106.10000	 62.41562	106.10000
175.40000	105.66000	 62.22184	105.66000
175.60000	105.16000	 62.03410	105.16000
175.80000	104.67000	 61.90599	104.67000
176.00000	104.20000	 61.84033	104.20000
176.20000	103.78000	 61.85039	103.78000
176.40000	103.57000	 62.04193	103.57000
176.60000	103.48000	 62.32177	103.48000
176.80000	103.46000	 62.62638	103.46000
177.00000	103.48000	 62.91298	103.48000
177.20000	103.52000	 63.15427	103.52000
177.40000	103.52000	 63.30132	103.52000
177.60000	103.50000	 63.37491	103.50000
177.80000	103.50000	 63.41587	103.50000
178.00000	103.52000	 63.43494	103.52000
178.20000	103.55000	 63.43422	103.55000
178.40000	103.66000	 63.47431	103.66000
178.60000	103.77000	 63.49779	103.77000
178.80000	103.88000	 63.50769	103.88000
179.00000	103.97000	 63.49252	103.97000
179.20000	104.02000	 63.44207	104.02000
179.40000	103.99000	 63.33311	103.99000
179.60000	103.92000	 63.20535	103.92000
179.80000	103.82000	 63.07487	103.82000
180.00000	103.69000	 62.94784	103.69000
180.20000	103.53000	 62.82817	103.53000
180.40000	103.34000	 62.71782	103.34000
180.60000	103.13000	 62.62468	103.13000
180.80000	102.90000	 62.54740	102.90000
181.00000	102.67000	 62.49839	102.67000
181.20000	102.41000	 62.45093	102.41000
181.40000	102.07000	 62.36457	102.07000
181.60000	101.77000	 62.33000	101.77000
181.80000	101.53000	 62.35819	101.53000
182.00000	101.38000	 62.46292	101.38000
182.20000	101.41000	 62.69814	101.41000
182.40000	101.78000	 63.16186	101.78000
182.60000	102.23000	 63.62470	102.23000
182.80000	102.71000	 64.02483	102.71000
183.00000	103.19000	 64.32887	103.19000
183.20000	103.50000	 64.41169	103.50000
183.40000	103.66000	 64.30991	103.66000
183.60000	103.76000	 64.12282	103.76000
183.80000	103.80000	 63.88079	103.80000
184.00000	103.81000	 63.63228	103.81000
184.20000	103.82000	 63.41830	103.82000
184.40000	103.81000	 63.23359	103.81000
184.60000	103.75000	 63.05971	103.75000
184.80000	103.64000	 62.89824	103.64000
185.00000	103.47000	 62.74159	103.47000
185.20000	103.19000	 62.55190	103.19000
185.40000	102.85000	 62.36891	102.85000
185.60000	102.46000	 62.20112	102.46000
185.80000	102.04000	 62.06262	102.04000
186.00000	101.58000	 61.94259	101.58000
186.20000	101.03000	 61.79967	101.03000
186.40000	100.46000	 61.68517	100.46000
186.60000	 99.93000	 61.64046	 99.93000
186.80000	 99.45000	 61.66419	 99.45000
187.00000	 99.06000	 61.77360	 99.06000
187.20000	 98.92000	 62.07119	 98.92000
187.40000	 98.94000	 62.46095	 98.94000
187.60000	 99.04000	 62.85474	 99.04000
187.80000	 99.22000	 63.23250	 99.22000
188.00000	 99.44000	 63.55220	 99.44000
188.20000	 99.63000	 63.75879	 99.63000
188.40000	 99.84000	 63.89814	 99.84000
188.60000	100.10000	 64.00496	100.10000
188.80000	100.40000	 64.08352	100.40000
189.00000	100.78000	 64.17446	100.78000
189.20000	101.31000	 64.33635	101.31000
189.40000	101.87000	 64.47779	101.87000
189.60000	102.44000	 64.58445	102.44000
189.80000	102.98000	 64.63025	102.98000
190.00000	103.42000	 64.57133	103.42000
190.20000	103.72000	 64.39341	103.72000
190.40000	103.97000	 64.18533	103.97000
190.60000	104.19000	 63.97985	104.19000
190.80000	104.37000	 63.78161	104.37000
191.00000	104.54000	 63.62058	104.54000
191.20000	104.70000	 63.49851	104.70000
191.40000	104.86000	 63.42035	104.86000
191.60000	105.00000	 63.36532	105.00000
191.80000	105.15000	 63.34946	105.15000
192.00000	105.26000	 63.32750	105.26000
192.20000	105.39000	 63.33906	105.39000
192.40000	105.56000	 63.39240	105.56000
192.60000	105.79000	 63.49390	105.79000
192.80000	106.14000	 63.67788	106.14000
193.00000	106.70000	 63.99657	106.70000
193.20000	107.32000	 64.31554	107.32000
193.40000	107.96000	 64.58935	107.96000
193.60000	108.58000	 64.78166	108.58000
193.80000	109.07000	 64.81373	109.07000
194.00000	109.48000	 64.73997	109.48000
194.20000	109.84000	 64.60450	109.84000
194.40000	110.16000	 64.43564	110.16000
194.60000	110.46000	 64.26583	110.46000
194.80000	110.75000	 64.11472	110.75000
195.00000	110.99000	 63.95920	110.99000
195.20000	111.19000	 63.81168	111.19000
195.40000	111.35000	 63.67477	111.35000
195.60000	111.37000	 63.47478	111.37000
195.80000	111.31000	 63.26267	111.31000
196.00000	111.24000	 63.09597	111.24000
196.20000	111.18000	 62.98899	111.18000
196.40000	111.14000	 62.94313	111.14000
196.60000	111.29000	 63.07505	111.29000
196.80000	111.50000	 63.26450	111.50000
197.00000	111.73000	 63.46010	111.73000
197.20000	111.96000	 63.63145	111.96000
197.40000	112.18000	 63.76266	112.18000
197.60000	112.48000	 63.91871	112.48000
197.80000	112.69000	 63.96934	112.69000
198.00000	112.76000	 63.88463	112.76000
198.20000	112.63000	 63.63759	112.63000
198.40000	111.95000	 62.99492	111.95000
198.60000	110.88000	 62.13135	110.88000
198.80000	109.75000	 61.35150	109.75000
199.00000	108.66000	 60.76255	108.66000
199.20000	107.94000	 60.61488	107.94000
199.40000	107.64000	 60.90771	107.64000
199.60000	107.52000	 61.39484	107.52000
199.80000	107.52000	 61.96679	107.52000
200.00000	107.63000	 62.56334	107.63000
200.20000	107.80000	 63.10857	107.80000
200.40000	107.99000	 63.55086	107.99000
200.60000	108.14000	 63.84018	108.14000
200.80000	108.15000	 63.91279	108.15000
201.00000	107.92000	 63.72196	107.92000
201.20000	107.60000	 63.42320	107.60000
201.40000	107.22000	 63.07927	107.22000
201.60000	106.78000	 62.72236	106.78000
201.80000	106.37000	 62.44289	106.37000
202.00000	105.92000	 62.19766	105.92000
202.20000	105.45000	 62.00446	105.45000
202.40000	104.95000	 61.85287	104.95000
202.60000	104.44000	 61.75175	104.44000
202.80000	103.91000	 61.68469	103.91000
203.00000	103.35000	 61.63479	103.35000
203.20000	102.74000	 61.57893	102.74000
203.40000	102.07000	 61.50447	102.07000
203.60000	101.14000	 61.26056	101.14000
203.80000	100.17000	 61.02537	100.17000
204.00000	 99.25000	 60.87498	 99.25000
204.20000	 98.44000	 60.85236	 98.44000
204.40000	 97.84000	 61.01887	 97.84000
204.60000	 97.75000	 61.57122	 97.75000
204.80000	 97.83000	 62.20194	 97.83000
205.00000	 98.03000	 62.82904	 98.03000
205.20000	 98.33000	 63.40713	 98.33000
205.40000	 98.61000	 63.83056	 98.61000
205.60000	 98.87000	 64.10262	 98.87000
205.80000	 99.17000	 64.28461	 99.17000
206.00000	 99.51000	 64.39659	 99.51000
206.20000	 99.91000	 64.47404	 99.91000
206.40000	100.41000	 64.56435	100.41000
206.60000	100.93000	 64.61906	100.93000
206.80000	101.46000	 64.64182	101.46000
207.00000	101.96000	 64.61354	101.96000
207.20000	102.35000	 64.48688	102.35000
207.40000	102.68000	 64.31667	102.68000
207.60000	102.95000	 64.11914	102.95000
207.80000	103.17000	 63.91549	103.17000
208.00000	103.34000	 63.71572	103.34000
208.20000	103.47000	 63.53379	103.47000
208.40000	103.55000	 63.36501	103.55000
208.60000	103.58000	 63.20996	103.58000
208.80000	103.55000	 63.06024	103.55000
209.00000	103.44000	 62.89970	103.44000
209.20000	103.19000	 62.68371	103.19000
209.40000	102.93000	 62.51414	102.93000
209.60000	102.71000	 62.42735	102.71000
209.80000	102.55000	 62.42983	102.55000
210.00000	102.63000	 62.64144	102.63000
210.20000	102.90000	 62.99566	102.90000
210.40000	103.23000	 63.36220	103.23000
210.60000	103.58000	 63.68697	103.58000
210.80000	103.91000	 63.92739	103.91000
211.00000	104.10000	 63.99315	104.10000
211.20000	104.25000	 63.97445	104.25000
211.40000	104.36000	 63.89007	104.36000
211.60000	104.43000	 63.75921	104.43000
211.80000	104.47000	 63.60694	104.47000
212.00000	104.47000	 63.44000	104.47000
212.20000	104.43000	 63.26954	104.43000
212.40000	104.35000	 63.10357	104.35000
212.60000	104.22000	 62.93968	104.22000
212.80000	104.00000	 62.75134	104.00000
213.00000	103.73000	 62.57274	103.73000
213.20000	103.43000	 62.42086	103.43000
213.40000	103.11000	 62.30201	103.11000
213.60000	102.78000	 62.21968	102.78000
213.80000	102.50000	 62.21236	102.50000
214.00000	102.24000	 62.24638	102.24000
214.20000	101.98000	 62.29513	101.98000
214.40000	101.72000	 62.34908	101.72000
214.60000	101.46000	 62.40117	101.46000
214.80000	101.10000	 62.37220	101.10000
215.00000	100.67000	 62.28878	100.67000
215.20000	100.31000	 62.26317	100.31000
215.40000	100.07000	 62.33276	100.07000
215.60000	 99.98000	 62.51118	 99.98000
215.80000	100.25000	 62.93866	100.25000
216.00000	100.80000	 63.52139	100.80000
216.20000	101.52000	 64.13945	101.52000
216.40000	102.37000	 64.73364	102.37000
216.60000	103.35000	 65.28603	103.35000
216.80000	104.45000	 65.78091	104.45000
217.00000	105.60000	 66.16604	105.60000
217.20000	106.75000	 66.41457	106.75000
217.40000	107.85000	 66.50939	107.85000
217.60000	108.78000	 66.38956	108.78000
217.80000	109.57000	 66.11716	109.57000
218.00000	110.26000	 65.76376	110.26000
218.20000	110.83000	 65.35090	110.83000
218.40000	111.26000	 64.89438	111.26000
218.60000	111.56000	 64.42683	111.56000
218.80000	111.72000	 63.95910	111.72000
219.00000	111.75000	 63.51112	111.75000
219.20000	111.66000	 63.09693	111.66000
219.40000	111.39000	 62.67304	111.39000
219.60000	110.91000	 62.21861	110.91000
219.80000	110.36000	 61.84152	110.36000
220.00000	109.77000	 61.55919	109.77000
220.20000	109.18000	 61.38899	109.18000
220.40000	108.72000	 61.40850	108.72000
220.60000	108.43000	 61.61643	108.43000
220.80000	108.17000	 61.86941	108.17000
221.00000	107.93000	 62.12868	107.93000
221.20000	107.68000	 62.34967	107.68000
221.40000	107.31000	 62.43868	107.31000
221.60000	106.87000	 62.43710	106.87000
221.80000	106.43000	 62.40843	106.43000
222.00000	106.03000	 62.39289	106.03000
222.20000	105.67000	 62.39650	105.67000
222.40000	105.54000	 62.56317	105.54000
222.60000	105.47000	 62.75288	105.47000
222.80000	105.43000	 62.93188	105.43000
223.00000	105.38000	 63.06356	105.38000
223.20000	105.29000	 63.12530	105.29000
223.40000	105.01000	 63.01179	105.01000
223.60000	104.67000	 62.84058	104.67000
223.80000	104.30000	 62.65374	104.30000
224.00000	103.91000	 62.47382	103.91000
224.20000	103.50000	 62.31060	103.50000
224.40000	103.08000	 62.17667	103.08000
224.60000	102.67000	 62.08771	102.67000
224.80000	102.27000	 62.04002	102.27000
225.00000	101.90000	 62.04204	101.90000
225.20000	101.57000	 62.09208	101.57000
225.40000	101.25000	 62.15698	101.25000
225.60000	101.00000	 62.27255	101.00000
225.80000	100.82000	 62.42795	100.82000
226.00000	100.73000	 62.62687	100.73000
226.20000	100.78000	 62.89484	100.78000
226.40000	101.06000	 63.28439	101.06000
226.60000	101.43000	 63.67008	101.43000
226.80000	101.88000	 64.03028	101.88000
227.00000	102.37000	 64.32791	102.37000
227.20000	102.87000	 64.54156	102.87000
227.40000	103.35000	 64.65749	103.35000
227.60000	103.83000	 64.70580	103.83000
227.80000	104.30000	 64.69593	104.30000
228.00000	104.76000	 64.64510	104.76000
228.20000	105.22000	 64.57653	105.22000
228.40000	105.63000	 64.46558	105.63000
228.60000	105.98000	 64.31747	105.98000
228.80000	106.26000	 64.13696	106.26000
229.00000	106.44000	 63.91313	106.44000
229.20000	106.50000	 63.64293	106.50000
229.40000	106.45000	 63.34627	106.45000
229.60000	106.29000	 63.03408	106.29000
229.80000	105.99000	 62.69294	105.99000
230.00000	105.40000	 62.21985	105.40000
230.20000	104.61000	 61.69994	104.61000
230.40000	103.77000	 61.26160	103.77000
230.60000	102.97000	 60.97561	102.97000
230.80000	102.25000	 60.86000	102.25000
231.00000	101.97000	 61.15867	101.97000
231.20000	101.88000	 61.63013	101.88000
231.40000	101.89000	 62.15297	101.89000
231.60000	101.94000	 62.64013	101.94000
231.80000	101.98000	 63.02847	101.98000
232.00000	101.88000	 63.21258	101.88000
232.20000	101.76000	 63.29502	101.76000
232.40000	101.62000	 63.29451	101.62000
232.60000	101.46000	 63.23185	101.46000
232.80000	101.29000	 63.13473	101.29000
233.00000	101.11000	 63.02041	101.11000
233.20000	100.91000	 62.89502	100.91000
233.40000	100.70000	 62.77642	100.70000
233.60000	100.48000	 62.67116	100.48000
233.80000	100.27000	 62.59740	100.27000
234.00000	100.06000	 62.54696	100.06000
234.20000	 99.82000	 62.49483	 99.82000
234.40000	 99.57000	 62.45412	 99.57000
234.60000	 99.29000	 62.40766	 99.29000
234.80000	 98.89000	 62.28731	 98.89000
235.00000	 98.45000	 62.15872	 98.45000
235.20000	 98.02000	 62.06405	 98.02000
235.40000	 97.62000	 62.01840	 97.62000
235.60000	 97.27000	 62.03221	 97.27000
235.80000	 97.06000	 62.16386	 97.06000
236.00000	 96.94000	 62.35918	 96.94000
236.20000	 96.91000	 62.60054	 96.91000
236.40000	 96.97000	 62.87150	 96.97000
236.60000	 97.11000	 63.15055	 97.11000
236.80000	 97.40000	 63.47945	 97.40000
237.00000	 97.77000	 63.79437	 97.77000
237.20000	 98.21000	 64.08120	 98.21000
237.40000	 98.71000	 64.33063	 98.71000
237.60000	 99.27000	 64.54503	 99.27000
237.80000	 99.86000	 64.70705	 99.86000
238.00000	100.48000	 64.82519	100.48000
238.20000	101.10000	 64.88718	101.10000
238.40000	101.71000	 64.89784	101.71000
238.60000	102.30000	 64.86309	102.30000
238.80000	102.84000	 64.77409	102.84000
239.00000	103.33000	 64.64527	103.33000
239.20000	103.76000	 64.48287	103.76000
239.40000	104.08000	 64.26222	104.08000
239.60000	104.22000	 63.94525	104.22000
239.80000	104.28000	 63.62503	104.28000
240.00000	104.25000	 63.30719	104.25000
240.20000	104.16000	 63.02275	104.16000
240.40000	104.02000	 62.78195	104.02000
240.60000	103.83000	 62.58250	103.83000
240.80000	103.61000	 62.43373	103.61000
241.00000	103.35000	 62.31950	103.35000
241.20000	103.06000	 62.23791	103.06000
241.40000	102.76000	 62.19426	102.76000
241.60000	102.40000	 62.14105	102.40000
241.80000	102.05000	 62.12414	102.05000
242.00000	101.73000	 62.15064	101.73000
242.20000	101.47000	 62.23346	101.47000
242.40000	101.30000	 62.38314	101.30000
242.60000	101.32000	 62.65980	101.32000
242.80000	101.42000	 62.95981	101.42000
243.00000	101.57000	 63.24371	101.57000
243.20000	101.77000	 63.50127	101.77000
243.40000	101.99000	 63.70558	101.99000
243.60000	102.22000	 63.85115	102.22000
243.80000	102.46000	 63.94488	102.46000
244.00000	102.72000	 64.00392	102.72000
244.20000	102.98000	 64.02341	102.98000
244.40000	103.25000	 64.02150	103.25000
244.60000	103.52000	 64.00016	103.52000
244.80000	103.77000	 63.95289	103.77000
245.00000	104.00000	 63.88791	104.00000
245.20000	104.20000	 63.80512	104.20000
245.40000	104.31000	 63.66657	104.31000
245.60000	104.36000	 63.50439	104.36000
245.80000	104.39000	 63.35733	104.39000
246.00000	104.40000	 63.23012	104.40000
246.20000	104.39000	 63.12412	104.39000
246.40000	104.45000	 63.10527	104.45000
246.60000	104.55000	 63.14232	104.55000
246.80000	104.61000	 63.16429	104.61000
247.00000	104.61000	 63.14977	104.61000
247.20000	104.53000	 63.08273	104.53000
247.40000	104.18000	 62.82574	104.18000
247.60000	103.60000	 62.42900	103.60000
247.80000	103.03000	 62.09829	103.03000
248.00000	102.53000	 61.89075	102.53000
248.20000	102.21000	 61.88539	102.21000
248.40000	102.38000	 62.29214	102.38000
248.60000	102.71000	 62.81246	102.71000
248.80000	103.17000	 63.37694	103.17000
249.00000	103.71000	 63.91173	103.71000
249.20000	104.34000	 64.40190	104.34000
249.40000	104.96000	 64.76179	104.96000
249.60000	105.53000	 64.96623	105.53000
249.80000	105.98000	 64.98091	105.98000
250.00000	106.08000	 64.66470	106.08000
250.20000	105.97000	 64.17354	105.97000
250.40000	105.73000	 63.61907	105.73000
250.60000	105.38000	 63.05803	105.38000
250.80000	104.97000	 62.55709	104.97000
251.00000	104.52000	 62.14576	104.52000
251.20000	104.01000	 61.81071	104.01000
251.40000	103.46000	 61.56062	103.46000
251.60000	102.88000	 61.39053	102.88000
251.80000	102.33000	 61.32891	102.33000
252.00000	101.78000	 61.33199	101.78000
252.20000	101.20000	 61.35645	101.20000
252.40000	100.60000	 61.39314	100.60000
252.60000	 99.97000	 61.42197	 99.97000
252.80000	 99.21000	 61.36038	 99.21000
253.00000	 98.30000	 61.19628	 98.30000
253.20000	 97.42000	 61.07514	 97.42000
253.40000	 96.63000	 61.04551	 96.63000
253.60000	 95.96000	 61.12390	 95.96000
253.80000	 95.51000	 61.37066	 95.51000
254.00000	 95.51000	 61.93166	 95.51000
254.20000	 95.68000	 62.55171	 95.68000
254.40000	 95.99000	 63.17079	 95.99000
254.60000	 96.43000	 63.75565	 96.43000
254.80000	 96.95000	 64.25462	 96.95000
255.00000	 97.50000	 64.62872	 97.50000
255.20000	 98.12000	 64.91840	 98.12000
255.40000	 98.82000	 65.14655	 98.82000
255.60000	 99.57000	 65.30750	 99.57000
255.80000	100.44000	 65.47131	100.44000
256.00000	101.38000	 65.61309	101.38000
256.20000	102.31000	 65.68399	102.31000
256.40000	103.21000	 65.68323	103.21000
256.60000	104.05000	 65.60498	104.05000
256.80000	104.70000	 65.37114	104.70000
257.00000	105.23000	 65.06121	105.23000
257.20000	105.64000	 64.70121	105.64000
257.40000	105.93000	 64.31372	105.93000
257.60000	106.06000	 63.88699	106.06000
257.80000	105.93000	 63.36257	105.93000
258.00000	105.67000	 62.85720	105.67000
258.20000	105.31000	 62.40507	105.31000
258.40000	104.87000	 62.02407	104.87000
258.60000	104.37000	 61.72432	104.37000
258.80000	103.80000	 61.48731	103.80000
259.00000	103.22000	 61.34400	103.22000
259.20000	102.68000	 61.31326	102.68000
259.40000	102.22000	 61.40155	102.22000
259.60000	101.86000	 61.59646	101.86000
259.80000	101.84000	 62.04786	101.84000
260.00000	102.05000	 62.63005	102.05000
260.20000	102.35000	 63.19641	102.35000
260.40000	102.70000	 63.68945	102.70000
260.60000	103.07000	 64.07467	103.07000
260.80000	103.33000	 64.25706	103.33000
261.00000	103.52000	 64.28672	103.52000
261.20000	103.69000	 64.22929	103.69000
261.40000	103.85000	 64.12012	103.85000
261.60000	104.01000	 63.99084	104.01000
261.80000	104.19000	 63.87499	104.19000
262.00000	104.38000	 63.77680	104.38000
262.20000	104.55000	 63.68036	104.55000
262.40000	104.69000	 63.58246	104.69000
262.60000	104.80000	 63.48615	104.80000
262.80000	104.81000	 63.34121	104.81000
263.00000	104.77000	 63.19066	104.77000
263.20000	104.71000	 63.06130	104.71000
263.40000	104.62000	 62.94676	104.62000
263.60000	104.51000	 62.85376	104.51000
263.80000	104.44000	 62.82441	104.44000
264.00000	104.37000	 62.82120	104.37000
264.20000	104.27000	 62.81395	104.27000
264.40000	104.14000	 62.79756	104.14000
264.60000	103.98000	 62.76935	103.98000
264.80000	103.66000	 62.63173	103.66000
265.00000	103.25000	 62.44639	103.25000
265.20000	102.84000	 62.29139	102.84000
265.40000	102.47000	 62.20128	102.47000
265.60000	102.16000	 62.18815	102.16000
265.80000	102.01000	 62.31734	102.01000
266.00000	102.06000	 62.59907	102.06000
266.20000	102.20000	 62.92371	102.20000
266.40000	102.42000	 63.26069	102.42000
266.60000	102.72000	 63.59295	102.72000
266.80000	103.09000	 63.90180	103.09000
267.00000	103.51000	 64.16686	103.51000
267.20000	103.98000	 64.38856	103.98000
267.40000	104.47000	 64.54904	104.47000
267.60000	104.97000	 64.64976	104.97000
267.80000	105.46000	 64.68768	105.46000
268.00000	105.93000	 64.66949	105.93000
268.20000	106.39000	 64.61770	106.39000
268.40000	106.83000	 64.53846	106.83000
268.60000	107.24000	 64.43631	107.24000
268.80000	107.59000	 64.29933	107.59000
269.00000	107.91000	 64.16031	107.91000
269.20000	108.21000	 64.03404	108.21000
269.40000	108.49000	 63.92441	108.49000
269.60000	108.77000	 63.84737	108.77000
269.80000	109.14000	 63.86761	109.14000
270.00000	109.49000	 63.89251	109.49000
270.20000	109.79000	 63.89185	109.79000
270.40000	110.04000	 63.86252	110.04000
270.60000	110.22000	 63.79013	110.22000
270.80000	110.24000	 63.61197	110.24000
271.00000	110.17000	 63.39295	110.17000
271.20000	110.00000	 63.13821	110.00000
271.40000	109.75000	 62.87460	109.75000
271.60000	109.39000	 62.58878	109.39000
271.80000	108.82000	 62.21448	108.82000
272.00000	108.21000	 61.89201	108.21000
272.20000	107.61000	 61.66318	107.61000
272.40000	107.07000	 61.55952	107.07000
272.60000	106.86000	 61.76636	106.86000
272.80000	106.80000	 62.10986	106.80000
273.00000	106.74000	 62.43804	106.74000
273.20000	106.62000	 62.67978	106.62000
273.40000	106.26000	 62.69084	106.26000
273.60000	105.58000	 62.42607	105.58000
273.80000	104.81000	 62.09240	104.81000
274.00000	103.97000	 61.73581	103.97000
274.20000	103.11000	 61.41713	103.11000
274.40000	102.41000	 61.28310	102.41000
274.60000	101.74000	 61.22846	101.74000
274.80000	101.08000	 61.22500	101.08000
275.00000	100.42000	 61.25121	100.42000
275.20000	 99.77000	 61.30199	 99.77000
275.40000	 99.06000	 61.31423	 99.06000
275.60000	 98.36000	 61.33600	 98.36000
275.80000	 97.66000	 61.35616	 97.66000
276.00000	 96.98000	 61.38722	 96.98000
276.20000	 96.31000	 61.41905	 96.31000
276.40000	 95.61000	 61.41996	 95.61000
276.60000	 94.92000	 61.42131	 94.92000
276.80000	 94.30000	 61.46882	 94.30000
277.00000	 93.77000	 61.57387	 93.77000
277.20000	 93.33000	 61.72866	 93.33000
277.40000	 93.07000	 61.99027	 93.07000
277.60000	 93.02000	 62.36426	 93.02000
277.80000	 93.10000	 62.76914	 93.10000
278.00000	 93.30000	 63.17951	 93.30000
278.20000	 93.61000	 63.57516	 93.61000
278.40000	 94.05000	 63.96371	 94.05000
278.60000	 94.62000	 64.34095	 94.62000
278.80000	 95.26000	 64.66056	 95.26000
279.00000	 95.95000	 64.91206	 95.95000
279.20000	 96.68000	 65.09759	 96.68000
279.40000	 97.46000	 65.23751	 97.46000
279.60000	 98.23000	 65.30049	 98.23000
279.80000	 98.96000	 65.28069	 98.96000
280.00000	 99.59000	 65.15265	 99.59000
280.20000	100.11000	 64.93232	100.11000
280.40000	100.24000	 64.43598	100.24000
280.60000	100.25000	 63.90744	100.25000
280.80000	100.17000	 63.40149	100.17000
281.00000	100.02000	 62.95325	100.02000
281.20000	 99.87000	 62.62327	 99.87000
281.40000	 99.80000	 62.46577	 99.80000
281.60000	 99.71000	 62.38635	 99.71000
281.80000	 99.60000	 62.36380	 99.60000
282.00000	 99.46000	 62.37057	 99.46000
282.20000	 99.27000	 62.37503	 99.27000
282.40000	 98.93000	 62.29128	 98.93000
282.60000	 98.59000	 62.23125	 98.59000
282.80000	 98.29000	 62.22262	 98.29000
283.00000	 98.06000	 62.28148	 98.06000
283.20000	 97.96000	 62.44188	 97.96000
283.40000	 98.10000	 62.76895	 98.10000
283.60000	 98.34000	 63.13138	 98.34000
283.80000	 98.68000	 63.50723	 98.68000
284.00000	 99.10000	 63.86528	 99.10000
284.20000	 99.63000	 64.21838	 99.63000
284.40000	100.23000	 64.53077	100.23000
284.60000	100.87000	 64.77997	100.87000
284.80000	101.53000	 64.95698	101.53000
285.00000	102.17000	 65.04300	102.17000
285.20000	102.79000	 65.05420	102.79000
285.40000	103.35000	 64.97904	103.35000
285.60000	103.84000	 64.83080	103.84000
285.80000	104.24000	 64.61577	104.24000
286.00000	104.54000	 64.34735	104.54000
286.20000	104.57000	 63.91830	104.57000
286.40000	104.46000	 63.45365	104.46000
286.60000	104.25000	 63.00589	104.25000
286.80000	103.95000	 62.59646	103.95000
287.00000	103.58000	 62.24618	103.58000
287.20000	103.13000	 61.94600	103.13000
287.40000	102.62000	 61.70485	102.62000
287.60000	102.11000	 61.55762	102.11000
