  0.00000	 83.41000	 50.00109	 83.41000
  0.20000	 83.55000	 50.13805	 83.55000
  0.40000	 83.66000	 50.25208	 83.66000
  0.60000	 83.75000	 50.35037	 83.75000
  0.80000	 83.82000	 50.43252	 83.82000
  1.00000	 83.87000	 50.49827	 83.87000
  1.20000	 83.89000	 50.53961	 83.89000
  1.40000	 83.88000	 50.55650	 83.88000
  1.60000	 83.86000	 50.56473	 83.86000
  1.80000	 83.81000	 50.54860	 83.81000
  2.00000	 83.75000	 50.52392	 83.75000
  2.20000	 83.66000	 50.47505	 83.66000
  2.40000	 83.53000	 50.39421	 83.53000
  2.60000	 83.36000	 50.28154	 83.36000
  2.80000	 83.02000	 50.03486	 83.02000
  3.00000	 82.59000	 49.71752	 82.59000
  3.20000	 82.17000	 49.40866	 82.17000
  3.40000	 81.82000	 49.15577	 81.82000
  3.60000	 81.57000	 48.98253	 81.57000
  3.80000	 81.66000	 49.07775	 81.66000
  4.00000	 81.88000	 49.27548	 81.88000
  4.20000	 82.23000	 49.57507	 82.23000
  4.40000	 82.67000	 49.94438	 82.67000
  4.60000	 83.23000	 50.40650	 83.23000
  4.80000	 83.88000	 50.93723	 83.88000
  5.00000	 84.55000	 51.48097	 84.55000
  5.20000	 85.23000	 52.02950	 85.23000
  5.40000	 85.82000	 52.50388	 85.82000
  5.60000	 86.35000	 52.92775	 86.35000
  5.80000	 86.84000	 53.31700	 86.84000
  6.00000	 87.29000	 53.67183	 87.29000
  6.20000	 87.63000	 53.93734	 87.63000
  6.40000	 87.97000	 54.20050	 87.97000
  6.60000	 88.34000	 54.48519	 88.34000
  6.80000	 88.90000	 54.91754	 88.90000
  7.00000	 89.65000	 55.49737	 89.65000
  7.20000	 90.36000	 56.04320	 90.36000
  7.40000	 90.94000	 56.48397	 90.94000
  7.60000	 91.05000	 56.55210	 91.05000
  7.80000	 90.91000	 56.42165	 90.91000
  8.00000	 90.60000	 56.15659	 90.60000
  8.20000	 90.12000	 55.75785	 90.12000
  8.40000	 89.56000	 55.29720	 89.56000
  8.60000	 88.89000	 54.75177	 88.89000
  8.80000	 88.15000	 54.15369	 88.15000
  9.00000	 87.34000	 53.50349	 87.34000
  9.20000	 86.46000	 52.80162	 86.46000
  9.40000	 85.47000	 52.01696	 85.47000
  9.60000	 84.50000	 51.25224	 84.50000
  9.80000	 83.61000	 50.55492	 83.61000
 10.00000	 82.86000	 49.97217	 82.86000
 10.20000	 82.33000	 49.56671	 82.33000
 10.40000	 82.37000	 49.61353	 82.37000
 10.60000	 82.58000	 49.79634	 82.58000
 10.80000	 82.90000	 50.06672	 82.90000
 11.00000	 83.28000	 50.38430	 83.28000
 11.20000	 83.64000	 50.68533	 83.64000
 11.40000	 83.86000	 50.87484	 83.86000
 11.60000	 84.06000	 51.04721	 84.06000
 11.80000	 84.22000	 51.18668	 84.22000
 12.00000	 84.33000	 51.28544	 84.33000
 12.20000	 84.34000	 51.30426	 84.34000
 12.40000	 84.27000	 51.25914	 84.27000
 12.60000	 84.16000	 51.18189	 84.16000
 12.80000	 84.03000	 51.08854	 84.03000
 13.00000	 83.87000	 50.97145	 83.87000
 13.20000	 83.53000	 50.71271	 83.53000
 13.40000	 83.24000	 50.49384	 83.24000
 13.60000	 83.09000	 50.38591	 83.09000
 13.80000	 83.14000	 50.43605	 83.14000
 14.00000	 83.67000	 50.86435	 83.67000
 14.20000	 84.71000	 51.69342	 84.71000
 14.40000	 85.92000	 52.65405	 85.92000
 14.60000	 87.22000	 53.68202	 87.22000
 14.80000	 88.48000	 54.67400	 88.48000
 15.00000	 89.60000	 55.55071	 89.60000
 15.20000	 90.63000	 56.35142	 90.63000
 15.40000	 91.53000	 57.04476	 91.53000
 15.60000	 92.21000	 57.56021	 92.21000
 15.80000	 92.62000	 57.85902	 92.62000
 16.00000	 92.86000	 58.02083	 92.86000
 16.20000	 92.95000	 58.06227	 92.95000
 16.40000	 92.91000	 57.99999	 92.91000
 16.60000	 92.75000	 57.84265	 92.75000
 16.80000	 92.49000	 57.60675	 92.49000
 17.00000	 92.13000	 57.29297	 92.13000
 17.20000	 91.70000	 56.92551	 91.70000
 17.40000	 91.14000	 56.45764	 91.14000
 17.60000	 90.52000	 55.94501	 90.52000
 17.80000	 89.93000	 55.45891	 89.93000
 18.00000	 89.41000	 55.03103	 89.41000
 18.20000	 89.07000	 54.74801	 89.07000
 18.40000	 89.08000	 54.74338	 89.08000
 18.60000	 89.19000	 54.81950	 89.19000
 18.80000	 89.38000	 54.95991	 89.38000
 19.00000	 89.61000	 55.13251	 89.61000
 19.20000	 89.82000	 55.28954	 89.82000
 19.40000	 90.01000	 55.43070	 90.01000
 19.60000	 90.13000	 55.51645	 90.13000
 19.80000	 90.16000	 55.53104	 90.16000
 20.00000	 90.03000	 55.41948	 90.03000
 20.20000	 89.57000	 55.04829	 89.57000
 20.40000	 89.00000	 54.59143	 89.00000
 20.60000	 88.37000	 54.08894	 88.37000
 20.80000	 87.71000	 53.56499	 87.71000
 21.00000	 87.08000	 53.06721	 87.08000
 21.20000	 86.52000	 52.62729	 86.52000
 21.40000	 86.03000	 52.24522	 86.03000
 21.60000	 85.64000	 51.94448	 85.64000
 21.80000	 85.37000	 51.74054	 85.37000
 22.00000	 85.41000	 51.78259	 85.41000
 22.20000	 85.67000	 51.99899	 85.67000
 22.40000	 86.03000	 52.29437	 86.03000
 22.60000	 86.44000	 52.62859	 86.44000
 22.80000	 86.86000	 52.96958	 86.86000
 23.00000	 87.19000	 53.23818	 87.19000
 23.20000	 87.45000	 53.45003	 87.45000
 23.40000	 87.63000	 53.59729	 87.63000
 23.60000	 87.68000	 53.64077	 87.68000
 23.80000	 87.43000	 53.44696	 87.43000
 24.00000	 86.90000	 53.03231	 86.90000
 24.20000	 86.30000	 52.56310	 86.30000
 24.40000	 85.68000	 52.07942	 85.68000
 24.60000	 85.10000	 51.62905	 85.10000
 24.80000	 84.69000	 51.31461	 84.69000
 25.00000	 84.41000	 51.10450	 84.41000
 25.20000	 84.28000	 51.01418	 84.28000
 25.40000	 84.35000	 51.08255	 84.35000
 25.60000	 84.96000	 51.57668	 84.96000
 25.80000	 85.82000	 52.26696	 85.82000
 26.00000	 86.70000	 52.97102	 86.70000
 26.20000	 87.51000	 53.61714	 87.51000
 26.40000	 87.89000	 53.92141	 87.89000
 26.60000	 87.88000	 53.91574	 87.88000
 26.80000	 87.67000	 53.75063	 87.67000
 27.00000	 87.29000	 53.45065	 87.29000
 27.20000	 86.70000	 52.98526	 86.70000
 27.40000	 85.92000	 52.37115	 85.92000
 27.60000	 85.08000	 51.71163	 85.08000
 27.80000	 84.26000	 51.07041	 84.26000
 28.00000	 83.51000	 50.48728	 83.51000
 28.20000	 83.13000	 50.19860	 83.13000
 28.40000	 82.94000	 50.06214	 82.94000
 28.60000	 82.88000	 50.02999	 82.88000
 28.80000	 82.94000	 50.09360	 82.94000
 29.00000	 83.12000	 50.25229	 83.12000
 29.20000	 83.44000	 50.52117	 83.44000
 29.40000	 83.82000	 50.83659	 83.82000
 29.60000	 84.25000	 51.19015	 84.25000
 29.80000	 84.70000	 51.55778	 84.70000
 30.00000	 85.06000	 51.85257	 85.06000
 30.20000	 85.34000	 52.08235	 85.34000
 30.40000	 85.62000	 52.31022	 85.62000
 30.60000	 85.92000	 52.55202	 85.92000
 30.80000	 86.26000	 52.82355	 86.26000
 31.00000	 86.82000	 53.26653	 86.82000
 31.20000	 87.41000	 53.73103	 87.41000
 31.40000	 87.96000	 54.16166	 87.96000
 31.60000	 88.43000	 54.52686	 88.43000
 31.80000	 88.69000	 54.72436	 88.69000
 32.00000	 88.79000	 54.79395	 88.79000
 32.20000	 88.78000	 54.77554	 88.78000
 32.40000	 88.66000	 54.66970	 88.66000
 32.60000	 88.27000	 54.35102	 88.27000
 32.80000	 87.89000	 54.04077	 87.89000
 33.00000	 87.64000	 53.83397	 87.64000
 33.20000	 87.81000	 53.95908	 87.81000
 33.40000	 88.51000	 54.50215	 88.51000
 33.60000	 89.38000	 55.17850	 89.38000
 33.80000	 90.31000	 55.90041	 90.31000
 34.00000	 91.13000	 56.53322	 91.13000
 34.20000	 91.81000	 57.05293	 91.81000
 34.40000	 92.33000	 57.44381	 92.33000
 34.60000	 92.62000	 57.65101	 92.62000
 34.80000	 92.35000	 57.41530	 92.35000
 35.00000	 91.83000	 56.98205	 91.83000
 35.20000	 91.14000	 56.41553	 91.14000
 35.40000	 90.37000	 55.78773	 90.37000
 35.60000	 89.77000	 55.29638	 89.77000
 35.80000	 89.15000	 54.79218	 89.15000
 36.00000	 88.52000	 54.28321	 88.52000
 36.20000	 87.88000	 53.76960	 87.88000
 36.40000	 87.19000	 53.21992	 87.19000
 36.60000	 86.46000	 52.64215	 86.46000
 36.80000	 85.74000	 52.07574	 85.74000
 37.00000	 85.07000	 51.55221	 85.07000
 37.20000	 84.46000	 51.07931	 84.46000
 37.40000	 83.85000	 50.60960	 83.85000
 37.60000	 83.34000	 50.22166	 83.34000
 37.80000	 83.04000	 50.00179	 83.04000
 38.00000	 82.99000	 49.98093	 82.99000
 38.20000	 83.48000	 50.38659	 83.48000
 38.40000	 84.59000	 51.28037	 84.59000
 38.60000	 85.84000	 52.28241	 85.84000
 38.80000	 87.09000	 53.28096	 87.09000
 39.00000	 88.08000	 54.07031	 88.08000
 39.20000	 88.64000	 54.51639	 88.64000
 39.40000	 89.01000	 54.80874	 89.01000
 39.60000	 89.18000	 54.94021	 89.18000
 39.80000	 89.07000	 54.84867	 89.07000
 40.00000	 88.74000	 54.58239	 88.74000
 40.20000	 88.36000	 54.27630	 88.36000
 40.40000	 88.02000	 54.00206	 88.02000
 40.60000	 88.07000	 54.03574	 88.07000
 40.80000	 88.44000	 54.32193	 88.44000
 41.00000	 88.89000	 54.67095	 88.89000
 41.20000	 89.36000	 55.03495	 89.36000
 41.40000	 89.71000	 55.30328	 89.71000
 41.60000	 89.85000	 55.40497	 89.85000
 41.80000	 89.90000	 55.43478	 89.90000
 42.00000	 89.87000	 55.40094	 89.87000
 42.20000	 89.73000	 55.28017	 89.73000
 42.40000	 89.43000	 55.03355	 89.43000
 42.60000	 89.06000	 54.73247	 89.06000
 42.80000	 88.65000	 54.40102	 88.65000
 43.00000	 88.23000	 54.06320	 88.23000
 43.20000	 87.87000	 53.77436	 87.87000
 43.40000	 87.56000	 53.52671	 87.56000
 43.60000	 87.28000	 53.30443	 87.28000
 43.80000	 87.02000	 53.09955	 87.02000
 44.00000	 86.78000	 52.91196	 86.78000
 44.20000	 86.55000	 52.73364	 86.55000
 44.40000	 86.35000	 52.58024	 86.35000
 44.60000	 86.19000	 52.45949	 86.19000
 44.80000	 86.09000	 52.38696	 86.09000
 45.00000	 86.04000	 52.35456	 86.04000
 45.20000	 86.05000	 52.36993	 86.05000
 45.40000	 86.16000	 52.46431	 86.16000
 45.60000	 86.39000	 52.65310	 86.39000
 45.80000	 86.78000	 52.96738	 86.78000
 46.00000	 87.34000	 53.41450	 87.34000
 46.20000	 88.07000	 53.99383	 88.07000
 46.40000	 89.02000	 54.74407	 89.02000
 46.60000	 90.47000	 55.88490	 90.47000
 46.80000	 91.94000	 57.03710	 91.94000
 47.00000	 93.27000	 58.07383	 93.27000
 47.20000	 94.01000	 58.64048	 94.01000
 47.40000	 94.28000	 58.83229	 94.28000
 47.60000	 94.30000	 58.82380	 94.30000
 47.80000	 94.15000	 58.67930	 94.15000
 48.00000	 94.06000	 58.58109	 94.06000
 48.20000	 93.85000	 58.38816	 93.85000
 48.40000	 93.54000	 58.11694	 93.54000
 48.60000	 93.11000	 57.75230	 93.11000
 48.80000	 92.34000	 57.12161	 92.34000
 49.00000	 91.45000	 56.39904	 91.45000
 49.20000	 90.56000	 55.67984	 90.56000
 49.40000	 89.77000	 55.04325	 89.77000
 49.60000	 89.21000	 54.59179	 89.21000
 49.80000	 89.24000	 54.60860	 89.24000
 50.00000	 89.43000	 54.75394	 89.43000
 50.20000	 89.71000	 54.97162	 89.71000
 50.40000	 90.04000	 55.22926	 90.04000
 50.60000	 90.27000	 55.40807	 90.27000
 50.80000	 90.39000	 55.49988	 90.39000
 51.00000	 90.46000	 55.55187	 90.46000
 51.20000	 90.47000	 55.55625	 90.47000
 51.40000	 90.41000	 55.50528	 90.41000
 51.60000	 90.28000	 55.39917	 90.28000
 51.80000	 90.06000	 55.22242	 90.06000
 52.00000	 89.74000	 54.96746	 89.74000
 52.20000	 89.32000	 54.63467	 89.32000
 52.40000	 88.66000	 54.11420	 88.66000
 52.60000	 87.82000	 53.45394	 87.82000
 52.80000	 86.95000	 52.77268	 86.95000
 53.00000	 86.09000	 52.10240	 86.09000
 53.20000	 85.31000	 51.49852	 85.31000
 53.40000	 84.65000	 50.99256	 84.65000
 53.60000	 84.17000	 50.63157	 84.17000
 53.80000	 83.91000	 50.44658	 83.91000
 54.00000	 83.94000	 50.49204	 83.94000
 54.20000	 84.58000	 51.01895	 84.58000
 54.40000	 85.63000	 51.86823	 85.63000
 54.60000	 86.86000	 52.85706	 86.86000
 54.80000	 88.18000	 53.91312	 88.18000
 55.00000	 89.42000	 54.90149	 89.42000
 55.20000	 90.56000	 55.80584	 90.56000
 55.40000	 91.58000	 56.61027	 91.58000
 55.60000	 92.45000	 57.29126	 92.45000
 55.80000	 92.98000	 57.69960	 92.98000
 56.00000	 93.24000	 57.89125	 93.24000
 56.20000	 93.31000	 57.93022	 93.31000
 56.40000	 93.21000	 57.83331	 93.21000
 56.60000	 92.89000	 57.56212	 92.89000
 56.80000	 92.41000	 57.16495	 92.41000
 57.00000	 91.86000	 56.71360	 91.86000
 57.20000	 91.30000	 56.25606	 91.30000
 57.40000	 90.77000	 55.82434	 90.77000
 57.60000	 90.49000	 55.59192	 90.49000
 57.80000	 90.32000	 55.44836	 90.32000
 58.00000	 90.27000	 55.40116	 90.27000
 58.20000	 90.34000	 55.44989	 90.34000
 58.40000	 90.63000	 55.67278	 90.63000
 58.60000	 91.20000	 56.11635	 91.20000
 58.80000	 91.81000	 56.59073	 91.81000
 59.00000	 92.39000	 57.04012	 92.39000
 59.20000	 92.86000	 57.40113	 92.86000
 59.40000	 92.92000	 57.43747	 92.92000
 59.60000	 92.81000	 57.33872	 92.81000
 59.80000	 92.53000	 57.10556	 92.53000
 60.00000	 92.09000	 56.74662	 92.09000
 60.20000	 91.41000	 56.19966	 91.41000
 60.40000	 90.57000	 55.52856	 90.57000
 60.60000	 89.65000	 54.79713	 89.65000
 60.80000	 88.72000	 54.06117	 88.72000
 61.00000	 87.82000	 53.35259	 87.82000
 61.20000	 87.03000	 52.73460	 87.03000
 61.40000	 86.37000	 52.22287	 86.37000
 61.60000	 85.89000	 51.85649	 85.89000
 61.80000	 85.62000	 51.65855	 85.62000
 62.00000	 85.74000	 51.77006	 85.74000
 62.20000	 86.43000	 52.33163	 86.43000
 62.40000	 87.25000	 52.99515	 87.25000
 62.60000	 88.12000	 53.69628	 88.12000
 62.80000	 88.93000	 54.34745	 88.93000
 63.00000	 89.35000	 54.68830	 89.35000
 63.20000	 89.63000	 54.91594	 89.63000
 63.40000	 89.77000	 55.03080	 89.77000
 63.60000	 89.75000	 55.01770	 89.75000
 63.80000	 89.45000	 54.78279	 89.45000
 64.00000	 89.05000	 54.46869	 89.05000
 64.20000	 88.59000	 54.10765	 88.59000
 64.40000	 88.14000	 53.75541	 88.14000
 64.60000	 87.73000	 53.43599	 87.73000
 64.80000	 87.43000	 53.20467	 87.43000
 65.00000	 87.28000	 53.09291	 87.28000
 65.20000	 87.34000	 53.14765	 87.34000
 65.40000	 87.94000	 53.62817	 87.94000
 65.60000	 88.89000	 54.38367	 88.89000
 65.80000	 89.91000	 55.19229	 89.91000
 66.00000	 90.88000	 55.95854	 90.88000
 66.20000	 91.53000	 56.46924	 91.53000
 66.40000	 91.87000	 56.73239	 91.87000
 66.60000	 92.02000	 56.84311	 92.02000
 66.80000	 91.96000	 56.78638	 91.96000
 67.00000	 91.58000	 56.47647	 91.58000
 67.20000	 90.98000	 55.99321	 90.98000
 67.40000	 90.26000	 55.41642	 90.26000
 67.60000	 89.48000	 54.79428	 89.48000
 67.80000	 88.70000	 54.17474	 88.70000
 68.00000	 87.98000	 53.60547	 87.98000
 68.20000	 87.36000	 53.11818	 87.36000
 68.40000	 86.90000	 52.76001	 86.90000
 68.60000	 86.73000	 52.63302	 86.73000
 68.80000	 87.13000	 52.95695	 87.13000
 69.00000	 87.67000	 53.39182	 87.67000
 69.20000	 88.26000	 53.86562	 88.26000
 69.40000	 88.79000	 54.29084	 88.79000
 69.60000	 88.95000	 54.42293	 88.95000
 69.80000	 88.97000	 54.44323	 88.97000
 70.00000	 88.86000	 54.36005	 88.86000
 70.20000	 88.62000	 54.17388	 88.62000
 70.40000	 88.16000	 53.81442	 88.16000
 70.60000	 87.61000	 53.38474	 87.61000
 70.80000	 86.99000	 52.90122	 86.99000
 71.00000	 86.33000	 52.38799	 86.33000
 71.20000	 85.59000	 51.81397	 85.59000
 71.40000	 84.86000	 51.25040	 84.86000
 71.60000	 84.25000	 50.78409	 84.25000
 71.80000	 83.82000	 50.46223	 83.82000
 72.00000	 83.73000	 50.41042	 83.73000
 72.20000	 84.19000	 50.79321	 84.19000
 72.40000	 84.87000	 51.34934	 84.87000
 72.60000	 85.71000	 52.03025	 85.71000
 72.80000	 86.65000	 52.78757	 86.65000
 73.00000	 87.59000	 53.54166	 87.59000
 73.20000	 88.55000	 54.30767	 88.55000
 73.40000	 89.50000	 55.06160	 89.50000
 73.60000	 90.41000	 55.77961	 90.41000
 73.80000	 91.22000	 56.41444	 91.22000
 74.00000	 91.95000	 56.98200	 91.95000
 74.20000	 92.58000	 57.46685	 92.58000
 74.40000	 93.09000	 57.85362	 93.09000
 74.60000	 93.40000	 58.07983	 93.40000
 74.80000	 93.62000	 58.23275	 93.62000
 75.00000	 93.77000	 58.32878	 93.77000
 75.20000	 93.92000	 58.42358	 93.92000
 75.40000	 94.23000	 58.64352	 94.23000
 75.60000	 94.42000	 58.76816	 94.42000
 75.80000	 94.45000	 58.76621	 94.45000
 76.00000	 94.11000	 58.47274	 94.11000
 76.20000	 93.26000	 57.77838	 93.26000
 76.40000	 92.27000	 56.97582	 92.27000
 76.60000	 91.27000	 56.16856	 91.27000
 76.80000	 90.53000	 55.56995	 90.53000
 77.00000	 90.02000	 55.15643	 90.02000
 77.20000	 89.63000	 54.84102	 89.63000
 77.40000	 89.34000	 54.60753	 89.34000
 77.60000	 89.24000	 54.52631	 89.24000
 77.80000	 89.21000	 54.50219	 89.21000
 78.00000	 89.19000	 54.48735	 89.19000
 78.20000	 89.13000	 54.44200	 89.13000
 78.40000	 88.88000	 54.24780	 88.88000
 78.60000	 88.52000	 53.96786	 88.52000
 78.80000	 88.03000	 53.58669	 88.03000
 79.00000	 87.41000	 53.10466	 87.41000
 79.20000	 86.47000	 52.37260	 86.47000
 79.40000	 85.29000	 51.45428	 85.29000
 79.60000	 84.10000	 50.53169	 84.10000
 79.80000	 82.98000	 49.66838	 82.98000
 80.00000	 82.09000	 48.99059	 82.09000
 80.20000	 81.67000	 48.68702	 81.67000
 80.40000	 81.49000	 48.57565	 81.49000
 80.60000	 81.55000	 48.65542	 81.55000
 80.80000	 81.84000	 48.91734	 81.84000
 81.00000	 82.58000	 49.53350	 82.58000
 81.20000	 83.46000	 50.25833	 83.46000
 81.40000	 84.39000	 51.01978	 84.39000
 81.60000	 85.28000	 51.74610	 85.28000
 81.80000	 85.80000	 52.17697	 85.80000
 82.00000	 86.21000	 52.51739	 86.21000
 82.20000	 86.51000	 52.76777	 86.51000
 82.40000	 86.70000	 52.92860	 86.70000
 82.60000	 86.66000	 52.90591	 86.66000
 82.80000	 86.59000	 52.85794	 86.59000
 83.00000	 86.56000	 52.84036	 86.56000
 83.20000	 86.64000	 52.90864	 86.64000
 83.40000	 87.08000	 53.25967	 87.08000
 83.60000	 87.70000	 53.75121	 87.70000
 83.80000	 88.47000	 54.35902	 88.47000
 84.00000	 89.41000	 55.09821	 89.41000
 84.20000	 90.70000	 56.10981	 90.70000
 84.40000	 92.03000	 57.14877	 92.03000
 84.60000	 93.29000	 58.12780	 93.29000
 84.80000	 94.36000	 58.95209	 94.36000
 85.00000	 95.02000	 59.44858	 95.02000
 85.20000	 95.44000	 59.75189	 95.44000
 85.40000	 95.59000	 59.83938	 95.59000
 85.60000	 95.40000	 59.65702	 95.40000
 85.80000	 94.82000	 59.16678	 94.82000
 86.00000	 94.07000	 58.54337	 94.07000
 86.20000	 93.22000	 57.84320	 93.22000
 86.40000	 92.37000	 57.14602	 92.37000
 86.60000	 91.60000	 56.51549	 91.60000
 86.80000	 90.94000	 55.97550	 90.94000
 87.00000	 90.44000	 55.56541	 90.44000
 87.20000	 90.27000	 55.41877	 90.27000
 87.40000	 90.73000	 55.77101	 90.73000
 87.60000	 91.36000	 56.25842	 91.36000
 87.80000	 92.04000	 56.78518	 92.04000
 88.00000	 92.67000	 57.27159	 92.67000
 88.20000	 92.84000	 57.39425	 92.84000
 88.40000	 92.86000	 57.39757	 92.86000
 88.60000	 92.78000	 57.32143	 92.78000
 88.80000	 92.62000	 57.18205	 92.62000
 89.00000	 92.49000	 57.06651	 92.49000
 89.20000	 92.29000	 56.89634	 92.29000
 89.40000	 92.03000	 56.67971	 92.03000
 89.60000	 91.68000	 56.39326	 91.68000
 89.80000	 91.08000	 55.91135	 91.08000
 90.00000	 90.38000	 55.35269	 90.38000
 90.20000	 89.71000	 54.82016	 89.71000
 90.40000	 89.15000	 54.37707	 89.15000
 90.60000	 88.93000	 54.20449	 88.93000
 90.80000	 89.00000	 54.26251	 89.00000
 91.00000	 89.26000	 54.47151	 89.26000
 91.20000	 89.68000	 54.80700	 89.68000
 91.40000	 90.46000	 55.42555	 90.46000
 91.60000	 91.35000	 56.12919	 91.35000
 91.80000	 92.10000	 56.72014	 92.10000
 92.00000	 92.47000	 57.00902	 92.47000
 92.20000	 91.78000	 56.46081	 91.78000
 92.40000	 90.87000	 55.73881	 90.87000
 92.60000	 89.92000	 54.98642	 89.92000
 92.80000	 89.39000	 54.56701	 89.39000
 93.00000	 89.30000	 54.49645	 89.30000
 93.20000	 89.42000	 54.59301	 89.42000
 93.40000	 89.75000	 54.85591	 89.75000
 93.60000	 90.40000	 55.37090	 90.40000
 93.80000	 91.16000	 55.97152	 91.16000
 94.00000	 91.88000	 56.53878	 91.88000
 94.20000	 92.43000	 56.96977	 92.43000
 94.40000	 92.48000	 57.00460	 92.48000
 94.60000	 92.31000	 56.86449	 92.31000
 94.80000	 91.95000	 56.57393	 91.95000
 95.00000	 91.41000	 56.14172	 91.41000
 95.20000	 90.71000	 55.58450	 90.71000
 95.40000	 89.90000	 54.94249	 89.90000
 95.60000	 88.98000	 54.21643	 88.98000
 95.80000	 87.98000	 53.43058	 87.98000
 96.00000	 86.77000	 52.48312	 86.77000
 96.20000	 85.61000	 51.57943	 85.61000
 96.40000	 84.58000	 50.78281	 84.58000
 96.60000	 83.79000	 50.17984	 83.79000
 96.80000	 83.55000	 50.01416	 83.55000
 97.00000	 83.88000	 50.30030	 83.88000
 97.20000	 84.48000	 50.80030	 84.48000
 97.40000	 85.30000	 51.47316	 85.30000
 97.60000	 86.28000	 52.27020	 86.28000
 97.80000	 87.35000	 53.13507	 87.35000
 98.00000	 88.47000	 54.03535	 88.47000
 98.20000	 89.59000	 54.93098	 89.59000
 98.40000	 90.65000	 55.77432	 90.65000
 98.60000	 91.48000	 56.43136	 91.48000
 98.80000	 92.22000	 57.01267	 92.22000
 99.00000	 92.85000	 57.50289	 92.85000
 99.20000	 93.40000	 57.92616	 93.40000
 99.40000	 93.89000	 58.29872	 93.89000
 99.60000	 94.24000	 58.55805	 94.24000
 99.80000	 94.42000	 58.68110	 94.42000
100.00000	 94.30000	 58.56620	 94.30000
100.20000	 93.77000	 58.12769	 93.77000
100.40000	 93.14000	 57.61095	 93.14000
100.60000	 92.51000	 57.09576	 92.51000
100.80000	 92.09000	 56.74814	 92.09000
101.00000	 91.90000	 56.58396	 91.90000
101.20000	 91.86000	 56.53993	 91.86000
101.40000	 91.98000	 56.62345	 91.98000
101.60000	 92.41000	 56.95204	 92.41000
101.80000	 92.97000	 57.38308	 92.97000
102.00000	 93.57000	 57.84491	 93.57000
102.20000	 94.16000	 58.29753	 94.16000
102.40000	 94.71000	 58.71695	 94.71000
102.60000	 95.08000	 58.99275	 95.08000
102.80000	 95.19000	 59.06213	 95.19000
103.00000	 94.74000	 58.68942	 94.74000
103.20000	 93.61000	 57.78141	 93.61000
103.40000	 92.23000	 56.67859	 92.23000
103.60000	 90.76000	 55.50862	 90.76000
103.80000	 89.62000	 54.60345	 89.62000
104.00000	 88.79000	 53.94761	 88.79000
104.20000	 88.01000	 53.33603	 88.01000
104.40000	 87.26000	 52.75261	 87.26000
104.60000	 86.47000	 52.14189	 86.47000
104.80000	 85.27000	 51.21233	 85.27000
105.00000	 84.08000	 50.29510	 84.08000
105.20000	 82.94000	 49.42193	 82.94000
105.40000	 81.93000	 48.65587	 81.93000
105.60000	 81.16000	 48.08329	 81.16000
105.80000	 80.77000	 47.81387	 80.77000
106.00000	 80.62000	 47.73633	 80.62000
106.20000	 80.70000	 47.84171	 80.70000
106.40000	 81.04000	 48.15248	 81.04000
106.60000	 81.88000	 48.85643	 81.88000
106.80000	 82.96000	 49.74726	 82.96000
107.00000	 84.09000	 50.67394	 84.09000
107.20000	 85.15000	 51.54095	 85.15000
107.40000	 85.80000	 52.08006	 85.80000
107.60000	 86.20000	 52.41758	 86.20000
107.80000	 86.44000	 52.62504	 86.44000
108.00000	 86.55000	 52.72680	 86.55000
108.20000	 86.33000	 52.56613	 86.33000
108.40000	 86.10000	 52.39604	 86.10000
108.60000	 85.99000	 52.31964	 85.99000
108.80000	 86.19000	 52.48684	 86.19000
109.00000	 87.15000	 53.25170	 87.15000
109.20000	 88.35000	 54.20342	 88.35000
109.40000	 89.66000	 55.23836	 89.66000
109.60000	 90.99000	 56.28465	 90.99000
109.80000	 92.22000	 57.24713	 92.22000
110.00000	 93.27000	 58.06255	 93.27000
110.20000	 94.05000	 58.66022	 94.05000
110.40000	 94.14000	 58.71005	 94.14000
110.60000	 93.80000	 58.41827	 93.80000
110.80000	 93.19000	 57.91261	 93.19000
111.00000	 92.42000	 57.28131	 92.42000
111.20000	 91.59000	 56.60446	 91.59000
111.40000	 90.75000	 55.92242	 90.75000
111.60000	 89.98000	 55.29886	 89.98000
111.80000	 89.37000	 54.80495	 89.37000
112.00000	 89.20000	 54.66106	 89.20000
112.20000	 89.57000	 54.94515	 89.57000
112.40000	 90.11000	 55.36449	 90.11000
112.60000	 90.76000	 55.87061	 90.76000
112.80000	 91.44000	 56.39948	 91.44000
113.00000	 91.92000	 56.76930	 91.92000
113.20000	 92.33000	 57.08225	 92.33000
113.40000	 92.68000	 57.34621	 92.68000
113.60000	 92.95000	 57.54557	 92.95000
113.80000	 93.07000	 57.62543	 93.07000
114.00000	 93.08000	 57.61769	 93.08000
114.20000	 93.05000	 57.57793	 93.05000
114.40000	 92.98000	 57.50652	 92.98000
114.60000	 92.98000	 57.49039	 92.98000
114.80000	 92.98000	 57.47454	 92.98000
115.00000	 92.94000	 57.42753	 92.94000
115.20000	 92.82000	 57.31800	 92.82000
115.40000	 92.57000	 57.10676	 92.57000
115.60000	 92.20000	 56.80201	 92.20000
115.80000	 91.71000	 56.40416	 91.71000
116.00000	 91.05000	 55.87429	 91.05000
116.20000	 90.11000	 55.12636	 90.11000
116.40000	 89.13000	 54.35011	 89.13000
116.60000	 88.17000	 53.59336	 88.17000
116.80000	 87.34000	 52.94304	 87.34000
117.00000	 86.72000	 52.46211	 86.72000
117.20000	 86.33000	 52.16592	 86.33000
117.40000	 86.23000	 52.10106	 86.23000
117.60000	 86.88000	 52.62876	 86.88000
117.80000	 87.83000	 53.39288	 87.83000
118.00000	 88.84000	 54.20273	 88.84000
118.20000	 89.70000	 54.89171	 89.70000
118.40000	 89.84000	 55.01044	 89.84000
118.60000	 89.76000	 54.95337	 89.76000
118.80000	 89.48000	 54.73714	 89.48000
119.00000	 89.09000	 54.43355	 89.09000
119.20000	 88.64000	 54.08279	 88.64000
119.40000	 88.09000	 53.65401	 88.09000
119.60000	 87.45000	 53.15568	 87.45000
119.80000	 86.65000	 52.53322	 86.65000
120.00000	 85.68000	 51.77935	 85.68000
120.20000	 84.72000	 51.03644	 84.72000
120.40000	 83.87000	 50.38362	 83.87000
120.60000	 83.23000	 49.89969	 83.23000
120.80000	 83.10000	 49.82053	 83.10000
121.00000	 83.21000	 49.93249	 83.21000
121.20000	 83.51000	 50.19508	 83.51000
121.40000	 83.99000	 50.59938	 83.99000
121.60000	 84.71000	 51.19160	 84.71000
121.80000	 85.54000	 51.86833	 85.54000
122.00000	 86.39000	 52.55785	 86.39000
122.20000	 87.22000	 53.22807	 87.22000
122.40000	 87.88000	 53.76055	 87.88000
122.60000	 88.41000	 54.18685	 88.41000
122.80000	 88.81000	 54.50728	 88.81000
123.00000	 89.04000	 54.69079	 89.04000
123.20000	 88.85000	 54.54112	 88.85000
123.40000	 88.58000	 54.32709	 88.58000
123.60000	 88.31000	 54.11255	 88.31000
123.80000	 88.15000	 53.98472	 88.15000
124.00000	 88.31000	 54.10919	 88.31000
124.20000	 88.65000	 54.37537	 88.65000
124.40000	 89.19000	 54.79850	 89.19000
124.60000	 90.05000	 55.47240	 90.05000
124.80000	 91.36000	 56.49847	 91.36000
125.00000	 92.71000	 57.55259	 92.71000
125.20000	 93.97000	 58.53145	 93.97000
125.40000	 94.78000	 59.15117	 94.78000
125.60000	 95.09000	 59.37283	 95.09000
125.80000	 95.18000	 59.41803	 95.18000
126.00000	 95.07000	 59.30366	 95.07000
126.20000	 94.83000	 59.08597	 94.83000
126.40000	 94.49000	 58.78955	 94.49000
126.60000	 94.06000	 58.42309	 94.06000
126.80000	 93.57000	 58.01091	 93.57000
127.00000	 93.09000	 57.60867	 93.09000
127.20000	 92.65000	 57.24032	 92.65000
127.40000	 92.18000	 56.85091	 92.18000
127.60000	 91.71000	 56.46416	 91.71000
127.80000	 91.21000	 56.05651	 91.21000
128.00000	 90.55000	 55.52565	 90.55000
128.20000	 89.92000	 55.02146	 89.92000
128.40000	 89.38000	 54.59127	 89.38000
128.60000	 88.99000	 54.28222	 88.99000
128.80000	 88.97000	 54.26719	 88.97000
129.00000	 89.16000	 54.41937	 89.16000
129.20000	 89.49000	 54.68271	 89.49000
129.40000	 89.95000	 55.04849	 89.95000
129.60000	 90.58000	 55.54741	 90.58000
129.80000	 91.19000	 56.02910	 91.19000
130.00000	 91.71000	 56.43792	 91.71000
130.20000	 91.92000	 56.60050	 91.92000
130.40000	 91.80000	 56.50147	 91.80000
130.60000	 91.50000	 56.25975	 91.50000
130.80000	 91.04000	 55.89191	 91.04000
131.00000	 90.41000	 55.39091	 90.41000
131.20000	 89.66000	 54.79694	 89.66000
131.40000	 88.84000	 54.15010	 88.84000
131.60000	 87.97000	 53.46672	 87.97000
131.80000	 87.02000	 52.72363	 87.02000
132.00000	 86.05000	 51.96847	 86.05000
132.20000	 85.19000	 51.30386	 85.19000
132.40000	 84.50000	 50.77700	 84.50000
132.60000	 84.05000	 50.44269	 84.05000
132.80000	 84.33000	 50.68609	 84.33000
133.00000	 84.88000	 51.14341	 84.88000
133.20000	 85.58000	 51.71863	 85.58000
133.40000	 86.39000	 52.37897	 86.39000
133.60000	 87.18000	 53.02106	 87.18000
133.80000	 87.89000	 53.59701	 87.89000
134.00000	 88.55000	 54.13016	 88.55000
134.20000	 89.13000	 54.59682	 89.13000
134.40000	 89.54000	 54.92623	 89.54000
134.60000	 89.75000	 55.09515	 89.75000
134.80000	 89.83000	 55.15929	 89.83000
135.00000	 89.76000	 55.10354	 89.76000
135.20000	 89.48000	 54.88135	 89.48000
135.40000	 88.94000	 54.45416	 88.94000
135.60000	 88.35000	 53.98828	 88.35000
135.80000	 87.78000	 53.53955	 87.78000
136.00000	 87.30000	 53.16353	 87.30000
136.20000	 87.22000	 53.10445	 87.22000
136.40000	 87.33000	 53.19641	 87.33000
136.60000	 87.60000	 53.41510	 87.60000
136.80000	 88.03000	 53.75979	 88.03000
137.00000	 88.72000	 54.30847	 88.72000
137.20000	 89.59000	 54.99725	 89.59000
137.40000	 90.46000	 55.68351	 90.46000
137.60000	 91.25000	 56.30368	 91.25000
137.80000	 91.67000	 56.62921	 91.67000
138.00000	 91.69000	 56.63693	 91.69000
138.20000	 91.58000	 56.54038	 91.58000
138.40000	 91.40000	 56.38769	 91.40000
138.60000	 91.31000	 56.30557	 91.31000
138.80000	 91.41000	 56.37308	 91.41000
139.00000	 91.51000	 56.44059	 91.51000
139.20000	 91.55000	 56.46080	 91.55000
139.40000	 91.52000	 56.42591	 91.52000
139.60000	 91.22000	 56.17861	 91.22000
139.80000	 90.77000	 55.81390	 90.77000
140.00000	 90.25000	 55.39536	 90.25000
140.20000	 89.68000	 54.93924	 89.68000
140.40000	 89.02000	 54.41445	 89.02000
140.60000	 88.23000	 53.78987	 88.23000
140.80000	 87.58000	 53.27855	 87.58000
141.00000	 87.17000	 52.95927	 87.17000
141.20000	 87.27000	 53.04423	 87.27000
141.40000	 88.18000	 53.76857	 88.18000
141.60000	 89.32000	 54.67358	 89.32000
141.80000	 90.56000	 55.65518	 90.56000
142.00000	 91.67000	 56.53096	 91.67000
142.20000	 92.58000	 57.24514	 92.58000
142.40000	 93.29000	 57.79764	 93.29000
142.60000	 93.72000	 58.12577	 93.72000
142.80000	 93.58000	 58.00186	 93.58000
143.00000	 93.14000	 57.63990	 93.14000
143.20000	 92.48000	 57.10432	 92.48000
143.40000	 91.63000	 56.42007	 91.63000
143.60000	 90.64000	 55.62770	 90.64000
143.80000	 89.58000	 54.78335	 89.58000
144.00000	 88.53000	 53.95076	 88.53000
144.20000	 87.53000	 53.16190	 87.53000
144.40000	 86.74000	 52.54293	 86.74000
144.60000	 86.14000	 52.07788	 86.14000
144.80000	 85.70000	 51.74260	 85.70000
145.00000	 85.47000	 51.57583	 85.47000
145.20000	 85.49000	 51.60828	 85.49000
145.40000	 85.99000	 52.02006	 85.99000
145.60000	 86.64000	 52.54995	 86.64000
145.80000	 87.36000	 53.13374	 87.36000
146.00000	 88.10000	 53.73115	 88.10000
146.20000	 88.65000	 54.17621	 88.65000
146.40000	 89.07000	 54.51604	 89.07000
146.60000	 89.40000	 54.78232	 89.40000
146.80000	 89.63000	 54.96745	 89.63000
147.00000	 89.67000	 55.00093	 89.67000
147.20000	 89.56000	 54.91483	 89.56000
147.40000	 89.35000	 54.74916	 89.35000
147.60000	 89.06000	 54.52027	 89.06000
147.80000	 88.65000	 54.19720	 88.65000
148.00000	 88.07000	 53.74114	 88.07000
148.20000	 87.51000	 53.30231	 87.51000
148.40000	 87.07000	 52.95983	 87.07000
148.60000	 86.82000	 52.76888	 86.82000
148.80000	 87.23000	 53.09923	 87.23000
149.00000	 88.02000	 53.72917	 88.02000
149.20000	 88.90000	 54.42891	 88.90000
149.40000	 89.77000	 55.11862	 89.77000
149.60000	 90.40000	 55.61646	 90.40000
149.80000	 90.66000	 55.82001	 90.66000
150.00000	 90.79000	 55.91878	 90.79000
150.20000	 90.79000	 55.91338	 90.79000
150.40000	 90.69000	 55.82806	 90.69000
150.60000	 90.53000	 55.69492	 90.53000
150.80000	 90.26000	 55.47510	 90.26000
151.00000	 89.88000	 55.16912	 89.88000
151.20000	 89.37000	 54.76176	 89.37000
151.40000	 88.50000	 54.07248	 88.50000
151.60000	 87.59000	 53.35414	 87.59000
151.80000	 86.72000	 52.67042	 86.72000
152.00000	 85.99000	 52.10040	 85.99000
152.20000	 85.62000	 51.81730	 85.62000
152.40000	 85.65000	 51.85199	 85.65000
152.60000	 85.89000	 52.05382	 85.89000
152.80000	 86.32000	 52.40594	 86.32000
153.00000	 86.96000	 52.92308	 86.96000
153.20000	 87.86000	 53.64357	 87.86000
153.40000	 88.83000	 54.41670	 88.83000
153.60000	 89.78000	 55.17079	 89.78000
153.80000	 90.59000	 55.81085	 90.59000
154.00000	 91.07000	 56.18721	 91.07000
154.20000	 91.40000	 56.44208	 91.40000
154.40000	 91.58000	 56.57607	 91.58000
154.60000	 91.55000	 56.54264	 91.55000
154.80000	 91.16000	 56.22449	 91.16000
155.00000	 90.73000	 55.87469	 90.73000
155.20000	 90.36000	 55.57284	 90.36000
155.40000	 90.14000	 55.39024	 90.14000
155.60000	 90.63000	 55.76789	 90.63000
155.80000	 91.35000	 56.32678	 91.35000
156.00000	 92.19000	 56.97920	 92.19000
156.20000	 93.05000	 57.64548	 93.05000
156.40000	 93.83000	 58.24625	 93.83000
156.60000	 94.49000	 58.74972	 94.49000
156.80000	 95.00000	 59.13230	 95.00000
157.00000	 95.30000	 59.34703	 95.30000
157.20000	 95.16000	 59.21335	 95.16000
157.40000	 94.67000	 58.80322	 94.67000
157.60000	 93.97000	 58.22817	 93.97000
157.80000	 93.09000	 57.51301	 93.09000
158.00000	 92.04000	 56.66672	 92.04000
158.20000	 90.81000	 55.68239	 90.81000
158.40000	 89.57000	 54.69481	 89.57000
158.60000	 88.40000	 53.76753	 88.40000
158.80000	 87.37000	 52.95592	 87.37000
159.00000	 86.73000	 52.45671	 86.73000
159.20000	 86.62000	 52.37937	 86.62000
159.40000	 86.72000	 52.47058	 86.72000
159.60000	 86.98000	 52.68965	 86.98000
159.80000	 87.35000	 52.99607	 87.35000
160.00000	 87.83000	 53.38886	 87.83000
160.20000	 88.35000	 53.81208	 88.35000
160.40000	 88.84000	 54.21000	 88.84000
160.60000	 89.22000	 54.51927	 89.22000
160.80000	 89.36000	 54.63750	 89.36000
161.00000	 89.01000	 54.36820	 89.01000
161.20000	 88.54000	 54.00375	 88.54000
161.40000	 88.03000	 53.60802	 88.03000
161.60000	 87.55000	 53.23681	 87.55000
161.80000	 87.24000	 53.00075	 87.24000
162.00000	 87.09000	 52.89195	 87.09000
162.20000	 87.13000	 52.93377	 87.13000
162.40000	 87.40000	 53.15721	 87.40000
162.60000	 88.22000	 53.81352	 88.22000
162.80000	 89.39000	 54.74389	 89.39000
163.00000	 90.62000	 55.71853	 90.62000
163.20000	 91.79000	 56.64192	 91.79000
163.40000	 92.46000	 57.16703	 92.46000
163.60000	 92.87000	 57.48328	 92.87000
163.80000	 93.16000	 57.70164	 93.16000
164.00000	 93.35000	 57.83859	 93.35000
164.20000	 93.63000	 58.04441	 93.63000
164.40000	 93.86000	 58.20922	 93.86000
164.60000	 94.02000	 58.31759	 94.02000
164.80000	 94.14000	 58.39350	 94.14000
165.00000	 94.27000	 58.47661	 94.27000
165.20000	 94.25000	 58.44116	 94.25000
165.40000	 94.03000	 58.24815	 94.03000
165.60000	 93.41000	 57.74068	 93.41000
165.80000	 92.33000	 56.87253	 92.33000
166.00000	 91.08000	 55.87343	 91.08000
166.20000	 89.77000	 54.83117	 89.77000
166.40000	 88.56000	 53.87260	 88.56000
166.60000	 87.48000	 53.02172	 87.48000
166.80000	 86.55000	 52.29427	 86.55000
167.00000	 85.81000	 51.72146	 85.81000
167.20000	 85.60000	 51.57045	 85.60000
167.40000	 85.72000	 51.68250	 85.72000
167.60000	 85.96000	 51.89088	 85.96000
167.80000	 86.22000	 52.11568	 86.22000
168.00000	 86.25000	 52.15925	 86.25000
168.20000	 86.07000	 52.03712	 86.07000
168.40000	 85.82000	 51.85973	 85.82000
168.60000	 85.54000	 51.65882	 85.54000
168.80000	 85.27000	 51.46609	 85.27000
169.00000	 85.02000	 51.28955	 85.02000
169.20000	 84.76000	 51.10563	 84.76000
169.40000	 84.49000	 50.91437	 84.49000
169.60000	 84.19000	 50.70006	 84.19000
169.80000	 83.69000	 50.32892	 83.69000
170.00000	 83.23000	 49.99028	 83.23000
170.20000	 82.89000	 49.74729	 82.89000
170.40000	 82.73000	 49.64711	 82.73000
170.60000	 83.04000	 49.91771	 83.04000
170.80000	 83.81000	 50.55024	 83.81000
171.00000	 84.71000	 51.28348	 84.71000
171.20000	 85.67000	 52.06117	 85.67000
171.40000	 86.56000	 52.78012	 86.56000
171.60000	 87.18000	 53.28244	 87.18000
171.80000	 87.70000	 53.70215	 87.70000
172.00000	 88.13000	 54.04745	 88.13000
172.20000	 88.44000	 54.29511	 88.44000
172.40000	 88.62000	 54.43773	 88.62000
172.60000	 88.71000	 54.50739	 88.71000
172.80000	 88.72000	 54.51249	 88.72000
173.00000	 88.66000	 54.46142	 88.66000
173.20000	 88.42000	 54.26805	 88.42000
173.40000	 88.16000	 54.05896	 88.16000
173.60000	 87.95000	 53.88970	 87.95000
173.80000	 87.86000	 53.81562	 87.86000
174.00000	 88.11000	 54.00988	 88.11000
174.20000	 88.79000	 54.54277	 88.79000
174.40000	 89.58000	 55.16127	 89.58000
174.60000	 90.40000	 55.80151	 90.40000
174.80000	 91.18000	 56.40772	 91.18000
175.00000	 91.56000	 56.69614	 91.56000
175.20000	 91.85000	 56.91125	 91.85000
175.40000	 92.10000	 57.09289	 92.10000
175.60000	 92.34000	 57.26507	 92.34000
175.80000	 92.78000	 57.59342	 92.78000
176.00000	 93.32000	 57.99912	 93.32000
176.20000	 93.82000	 58.37173	 93.82000
176.40000	 94.22000	 58.66394	 94.22000
176.60000	 94.42000	 58.79714	 94.42000
176.80000	 94.19000	 58.59066	 94.19000
177.00000	 93.83000	 58.28168	 93.83000
177.20000	 93.37000	 57.89470	 93.37000
177.40000	 92.86000	 57.46981	 92.86000
177.60000	 92.30000	 57.00759	 92.30000
177.80000	 91.80000	 56.59508	 91.80000
178.00000	 91.44000	 56.29547	 91.44000
178.20000	 91.32000	 56.18735	 91.32000
178.40000	 91.80000	 56.55370	 91.80000
178.60000	 92.38000	 56.99954	 92.38000
178.80000	 92.93000	 57.42147	 92.93000
179.00000	 93.14000	 57.57474	 93.14000
179.20000	 93.01000	 57.45946	 93.01000
179.40000	 92.71000	 57.21007	 92.71000
179.60000	 92.26000	 56.84302	 92.26000
179.80000	 91.59000	 56.30388	 91.59000
180.00000	 90.83000	 55.69582	 90.83000
180.20000	 90.07000	 55.09037	 90.07000
180.40000	 89.36000	 54.52734	 89.36000
180.60000	 88.98000	 54.22736	 88.98000
180.80000	 88.88000	 54.15064	 88.88000
181.00000	 88.86000	 54.13895	 88.86000
181.20000	 88.87000	 54.15226	 88.87000
181.40000	 88.81000	 54.11132	 88.81000
181.60000	 88.60000	 53.95290	 88.60000
181.80000	 88.30000	 53.72431	 88.30000
182.00000	 87.91000	 53.42571	 87.91000
182.20000	 87.40000	 53.03375	 87.40000
182.40000	 86.55000	 52.37556	 86.55000
182.60000	 85.60000	 51.64085	 85.60000
182.80000	 84.62000	 50.88540	 84.62000
183.00000	 83.66000	 50.14903	 83.66000
183.20000	 82.79000	 49.48711	 82.79000
183.40000	 82.05000	 48.93113	 82.05000
183.60000	 81.48000	 48.51232	 81.48000
183.80000	 81.10000	 48.24598	 81.10000
184.00000	 80.98000	 48.18656	 80.98000
184.20000	 81.39000	 48.54579	 81.39000
184.40000	 82.18000	 49.20411	 82.18000
184.60000	 83.11000	 49.97100	 83.11000
184.80000	 84.10000	 50.78218	 84.10000
185.00000	 84.99000	 51.51074	 84.99000
185.20000	 85.69000	 52.08539	 85.69000
185.40000	 86.34000	 52.61639	 86.34000
185.60000	 86.91000	 53.08029	 86.91000
185.80000	 87.42000	 53.49309	 87.42000
186.00000	 87.86000	 53.84724	 87.86000
186.20000	 88.22000	 54.13523	 88.22000
186.40000	 88.50000	 54.35747	 88.50000
186.60000	 88.57000	 54.41201	 88.57000
186.80000	 88.53000	 54.37825	 88.53000
187.00000	 88.54000	 54.38279	 88.54000
187.20000	 88.68000	 54.48898	 88.68000
187.40000	 89.35000	 55.01180	 89.35000
187.60000	 90.30000	 55.75362	 90.30000
187.80000	 91.31000	 56.54025	 91.31000
188.00000	 92.28000	 57.29224	 92.28000
188.20000	 92.90000	 57.76510	 92.90000
188.40000	 93.29000	 58.05363	 93.29000
188.60000	 93.52000	 58.21355	 93.52000
188.80000	 93.59000	 58.24555	 93.59000
189.00000	 93.47000	 58.12676	 93.47000
189.20000	 93.21000	 57.89735	 93.21000
189.40000	 92.83000	 57.57386	 92.83000
189.60000	 92.37000	 57.18849	 92.37000
189.80000	 91.80000	 56.71822	 91.80000
190.00000	 91.10000	 56.14788	 91.10000
190.20000	 90.44000	 55.61187	 90.44000
190.40000	 89.85000	 55.13410	 89.85000
190.60000	 89.40000	 54.76977	 89.40000
190.80000	 89.36000	 54.73122	 89.36000
191.00000	 89.66000	 54.96254	 89.66000
191.20000	 90.11000	 55.31301	 90.11000
191.40000	 90.66000	 55.74225	 90.66000
191.60000	 91.26000	 56.21006	 91.26000
191.80000	 91.81000	 56.63705	 91.81000
192.00000	 92.38000	 57.07801	 92.38000
192.20000	 92.93000	 57.50119	 92.93000
192.40000	 93.47000	 57.91434	 93.47000
192.60000	 94.12000	 58.41191	 94.12000
192.80000	 94.68000	 58.83624	 94.68000
193.00000	 95.07000	 59.12440	 95.07000
193.20000	 95.20000	 59.20583	 95.20000
193.40000	 94.48000	 58.61666	 94.48000
193.60000	 93.53000	 57.84682	 93.53000
193.80000	 92.60000	 57.09474	 92.60000
194.00000	 91.92000	 56.54252	 91.92000
194.20000	 92.09000	 56.66285	 92.09000
194.40000	 92.49000	 56.96639	 92.49000
194.60000	 93.02000	 57.37319	 93.02000
194.80000	 93.55000	 57.77989	 93.55000
195.00000	 93.97000	 58.09919	 93.97000
195.20000	 94.31000	 58.35440	 94.31000
195.40000	 94.53000	 58.51398	 94.53000
195.60000	 94.50000	 58.47573	 94.50000
195.80000	 94.25000	 58.26378	 94.25000
196.00000	 93.86000	 57.94181	 93.86000
196.20000	 93.36000	 57.53415	 93.36000
196.40000	 92.70000	 57.00206	 92.70000
196.60000	 91.97000	 56.41706	 91.97000
196.80000	 91.27000	 55.85845	 91.27000
197.00000	 90.66000	 55.37375	 90.66000
197.20000	 90.38000	 55.15196	 90.38000
197.40000	 90.28000	 55.07444	 90.28000
197.60000	 90.27000	 55.06966	 90.27000
197.80000	 90.31000	 55.10551	 90.31000
198.00000	 90.37000	 55.15786	 90.37000
198.20000	 90.40000	 55.18695	 90.40000
198.40000	 90.34000	 55.14533	 90.34000
198.60000	 90.07000	 54.93850	 90.07000
198.80000	 89.59000	 54.56679	 89.59000
199.00000	 88.97000	 54.08586	 88.97000
199.20000	 88.24000	 53.51991	 88.24000
199.40000	 87.30000	 52.79076	 87.30000
199.60000	 86.21000	 51.94633	 86.21000
199.80000	 85.14000	 51.12115	 85.14000
200.00000	 84.18000	 50.38647	 84.18000
200.20000	 83.41000	 49.80533	 83.41000
200.40000	 83.27000	 49.72388	 83.27000
200.60000	 83.40000	 49.85741	 83.40000
200.80000	 83.74000	 50.15742	 83.74000
201.00000	 84.25000	 50.59118	 84.25000
201.20000	 84.94000	 51.16548	 84.94000
201.40000	 85.75000	 51.83205	 85.75000
201.60000	 86.58000	 52.51130	 86.58000
201.80000	 87.37000	 53.15542	 87.37000
202.00000	 87.96000	 53.63811	 87.96000
202.20000	 88.29000	 53.91230	 88.29000
202.40000	 88.51000	 54.09664	 88.51000
202.60000	 88.64000	 54.20746	 88.64000
202.80000	 88.67000	 54.23744	 88.67000
203.00000	 88.64000	 54.21864	 88.64000
203.20000	 88.62000	 54.20667	 88.62000
203.40000	 88.65000	 54.23334	 88.65000
203.60000	 88.89000	 54.42480	 88.89000
203.80000	 89.41000	 54.83592	 89.41000
204.00000	 90.00000	 55.30079	 90.00000
204.20000	 90.61000	 55.77954	 90.61000
204.40000	 91.19000	 56.23245	 91.19000
204.60000	 91.66000	 56.59638	 91.66000
204.80000	 92.04000	 56.88714	 92.04000
205.00000	 92.30000	 57.08135	 92.30000
205.20000	 92.37000	 57.12424	 92.37000
205.40000	 92.10000	 56.89828	 92.10000
205.60000	 91.68000	 56.55399	 91.68000
205.80000	 91.17000	 56.13948	 91.17000
206.00000	 90.61000	 55.68697	 90.61000
206.20000	 90.00000	 55.19703	 90.00000
206.40000	 89.41000	 54.72520	 89.41000
206.60000	 88.89000	 54.31110	 88.89000
206.80000	 88.50000	 54.00199	 88.50000
207.00000	 88.31000	 53.85279	 88.31000
207.20000	 88.64000	 54.11496	 88.64000
207.40000	 89.12000	 54.49602	 89.12000
207.60000	 89.71000	 54.96343	 89.71000
207.80000	 90.36000	 55.47694	 90.36000
208.00000	 90.91000	 55.90992	 90.91000
208.20000	 91.40000	 56.29355	 91.40000
208.40000	 91.89000	 56.67501	 91.89000
208.60000	 92.39000	 57.06214	 92.39000
208.80000	 92.94000	 57.48641	 92.94000
209.00000	 93.51000	 57.92414	 93.51000
209.20000	 94.04000	 58.32802	 94.04000
209.40000	 94.49000	 58.66663	 94.49000
209.60000	 94.77000	 58.86928	 94.77000
209.80000	 94.87000	 58.92850	 94.87000
210.00000	 94.89000	 58.92361	 94.89000
210.20000	 94.85000	 58.87091	 94.85000
210.40000	 94.75000	 58.77083	 94.75000
210.60000	 94.61000	 58.63955	 94.61000
210.80000	 94.52000	 58.54827	 94.52000
211.00000	 94.52000	 58.52861	 94.52000
211.20000	 94.89000	 58.80100	 94.89000
211.40000	 95.41000	 59.19159	 95.41000
211.60000	 95.86000	 59.52650	 95.86000
211.80000	 96.06000	 59.66368	 96.06000
212.00000	 95.74000	 59.39070	 95.74000
212.20000	 95.21000	 58.95261	 95.21000
212.40000	 94.51000	 58.38186	 94.51000
212.60000	 93.68000	 57.71086	 93.68000
212.80000	 92.76000	 56.97192	 92.76000
213.00000	 91.82000	 56.22082	 91.82000
213.20000	 90.89000	 55.48160	 90.89000
213.40000	 90.02000	 54.79390	 90.02000
213.60000	 89.41000	 54.31521	 89.41000
213.80000	 88.90000	 53.91913	 88.90000
214.00000	 88.52000	 53.62878	 88.52000
214.20000	 88.25000	 53.42784	 88.25000
214.40000	 88.19000	 53.39447	 88.19000
214.60000	 88.33000	 53.52004	 88.33000
214.80000	 88.50000	 53.66984	 88.50000
215.00000	 88.62000	 53.78028	 88.62000
215.20000	 88.60000	 53.78013	 88.60000
215.40000	 88.12000	 53.41744	 88.12000
215.60000	 87.57000	 52.99999	 87.57000
215.80000	 87.00000	 52.56774	 87.00000
216.00000	 86.48000	 52.17624	 86.48000
216.20000	 86.18000	 51.95954	 86.18000
216.40000	 86.02000	 51.85442	 86.02000
216.60000	 86.01000	 51.86836	 86.01000
216.80000	 86.16000	 52.00873	 86.16000
217.00000	 86.55000	 52.33791	 86.55000
217.20000	 87.17000	 52.84724	 87.17000
217.40000	 87.94000	 53.47285	 87.94000
217.60000	 88.80000	 54.16668	 88.80000
217.80000	 89.77000	 54.94379	 89.77000
218.00000	 90.84000	 55.79572	 90.84000
218.20000	 91.85000	 56.59596	 91.85000
218.40000	 92.72000	 57.28130	 92.72000
218.60000	 93.24000	 57.68653	 93.24000
218.80000	 93.40000	 57.80445	 93.40000
219.00000	 93.40000	 57.79359	 93.40000
219.20000	 93.30000	 57.70220	 93.30000
219.40000	 93.17000	 57.58625	 93.17000
219.60000	 93.04000	 57.47000	 93.04000
219.80000	 92.96000	 57.39326	 92.96000
220.00000	 92.97000	 57.38774	 92.97000
220.20000	 93.34000	 57.66604	 93.34000
220.40000	 93.79000	 58.00711	 93.79000
220.60000	 94.24000	 58.34747	 94.24000
220.80000	 94.62000	 58.63166	 94.62000
221.00000	 94.82000	 58.77296	 94.82000
221.20000	 94.89000	 58.81096	 94.89000
221.40000	 94.78000	 58.70665	 94.78000
221.60000	 94.35000	 58.35034	 94.35000
221.80000	 93.56000	 57.71141	 93.56000
222.00000	 92.65000	 56.97997	 92.65000
222.20000	 91.71000	 56.22783	 91.71000
222.40000	 90.91000	 55.58952	 90.91000
222.60000	 90.47000	 55.23843	 90.47000
222.80000	 90.10000	 54.94577	 90.10000
223.00000	 89.75000	 54.67171	 89.75000
223.20000	 89.38000	 54.38437	 89.38000
223.40000	 88.69000	 53.84730	 88.69000
223.60000	 87.91000	 53.24191	 87.91000
223.80000	 87.21000	 52.70238	 87.21000
224.00000	 86.66000	 52.28388	 86.66000
224.20000	 86.43000	 52.12005	 86.43000
224.40000	 86.55000	 52.23383	 86.55000
224.60000	 86.94000	 52.56120	 86.94000
224.80000	 87.59000	 53.09315	 87.59000
225.00000	 88.66000	 53.95447	 88.66000
225.20000	 90.11000	 55.11221	 90.11000
225.40000	 91.65000	 56.33648	 91.65000
225.60000	 93.16000	 57.53165	 93.16000
225.80000	 94.30000	 58.42934	 94.30000
226.00000	 95.20000	 59.13206	 95.20000
226.20000	 95.96000	 59.71912	 95.96000
226.40000	 96.60000	 60.20692	 96.60000
226.60000	 97.22000	 60.67488	 97.22000
226.80000	 97.73000	 61.05267	 97.73000
227.00000	 98.09000	 61.30937	 98.09000
227.20000	 98.26000	 61.41415	 98.26000
227.40000	 97.94000	 61.13156	 97.94000
227.60000	 97.57000	 60.80935	 97.57000
227.80000	 97.26000	 60.53511	 97.26000
228.00000	 97.35000	 60.57708	 97.35000
228.20000	 98.03000	 61.08461	 98.03000
228.40000	 98.74000	 61.61566	 98.74000
228.60000	 99.30000	 62.02770	 99.30000
228.80000	 99.13000	 61.86377	 99.13000
229.00000	 98.61000	 61.42400	 98.61000
229.20000	 97.90000	 60.83559	 97.90000
229.40000	 97.18000	 60.24137	 97.18000
229.60000	 96.61000	 59.76805	 96.61000
229.80000	 96.00000	 59.26629	 96.00000
230.00000	 95.34000	 58.72841	 95.34000
230.20000	 94.60000	 58.13098	 94.60000
230.40000	 93.46000	 57.22225	 93.46000
230.60000	 92.25000	 56.26280	 92.25000
230.80000	 91.12000	 55.37128	 91.12000
231.00000	 90.13000	 54.59517	 90.13000
231.20000	 89.52000	 54.12328	 89.52000
231.40000	 89.57000	 54.17536	 89.57000
231.60000	 89.81000	 54.37975	 89.81000
231.80000	 90.16000	 54.67206	 90.16000
232.00000	 90.55000	 54.99605	 90.55000
232.20000	 90.77000	 55.18553	 90.77000
232.40000	 90.94000	 55.33468	 90.94000
232.60000	 91.06000	 55.44338	 91.06000
232.80000	 91.10000	 55.48804	 91.10000
233.00000	 91.05000	 55.46092	 91.05000
233.20000	 90.88000	 55.33865	 90.88000
233.40000	 90.59000	 55.12160	 90.59000
233.60000	 90.09000	 54.73934	 90.09000
233.80000	 89.13000	 53.99567	 89.13000
234.00000	 88.13000	 53.22242	 88.13000
234.20000	 87.23000	 52.53063	 87.23000
234.40000	 86.58000	 52.03879	 86.58000
234.60000	 86.64000	 52.10891	 86.64000
234.80000	 86.99000	 52.40904	 86.99000
235.00000	 87.59000	 52.90634	 87.59000
235.20000	 88.44000	 53.59952	 88.44000
235.40000	 89.57000	 54.51093	 89.57000
235.60000	 90.78000	 55.48181	 90.78000
235.80000	 91.99000	 56.44822	 91.99000
236.00000	 93.03000	 57.27569	 93.03000
236.20000	 93.80000	 57.88539	 93.80000
236.40000	 94.41000	 58.36434	 94.41000
236.60000	 94.84000	 58.69738	 94.84000
236.80000	 95.04000	 58.84586	 95.04000
237.00000	 95.05000	 58.84215	 95.05000
237.20000	 94.93000	 58.73443	 94.93000
237.40000	 94.69000	 58.53142	 94.69000
237.60000	 94.27000	 58.18666	 94.27000
237.80000	 93.80000	 57.80331	 93.80000
238.00000	 93.38000	 57.46073	 93.38000
238.20000	 93.10000	 57.23012	 93.10000
238.40000	 93.30000	 57.37916	 93.30000
238.60000	 93.84000	 57.79684	 93.84000
238.80000	 94.49000	 58.30099	 94.49000
239.00000	 95.17000	 58.82772	 95.17000
239.20000	 95.77000	 59.28978	 95.77000
239.40000	 96.22000	 59.63174	 96.22000
239.60000	 96.51000	 59.84578	 96.51000
239.80000	 96.57000	 59.87710	 96.57000
240.00000	 96.01000	 59.41922	 96.01000
240.20000	 95.06000	 58.65461	 95.06000
240.40000	 94.03000	 57.82891	 94.03000
240.60000	 93.04000	 57.03775	 93.04000
240.80000	 92.55000	 56.64403	 92.55000
241.00000	 92.51000	 56.60802	 92.51000
241.20000	 92.61000	 56.68467	 92.61000
241.40000	 92.79000	 56.82581	 92.79000
241.60000	 92.94000	 56.94408	 92.94000
241.80000	 92.97000	 56.96814	 92.97000
242.00000	 92.94000	 56.94509	 92.94000
242.20000	 92.82000	 56.85132	 92.82000
242.40000	 92.55000	 56.63971	 92.55000
242.60000	 91.99000	 56.20037	 91.99000
242.80000	 91.32000	 55.67570	 91.32000
243.00000	 90.59000	 55.10567	 90.59000
243.20000	 89.83000	 54.51442	 89.83000
243.40000	 89.00000	 53.87080	 89.00000
243.60000	 88.21000	 53.26176	 88.21000
243.80000	 87.57000	 52.77402	 87.57000
244.00000	 87.15000	 52.46253	 87.15000
244.20000	 87.23000	 52.54724	 87.23000
244.40000	 87.85000	 53.05850	 87.85000
244.60000	 88.63000	 53.69547	 88.63000
244.80000	 89.48000	 54.38591	 89.48000
245.00000	 90.19000	 54.96345	 90.19000
245.20000	 90.67000	 55.35678	 90.67000
245.40000	 91.07000	 55.68410	 91.07000
245.60000	 91.39000	 55.94561	 91.39000
245.80000	 91.68000	 56.18100	 91.68000
246.00000	 91.92000	 56.37477	 91.92000
246.20000	 92.04000	 56.47212	 92.04000
246.40000	 92.00000	 56.44196	 92.00000
246.60000	 91.51000	 56.05648	 91.51000
246.80000	 90.76000	 55.46639	 90.76000
247.00000	 90.05000	 54.90902	 90.05000
247.20000	 89.52000	 54.49532	 89.52000
247.40000	 89.65000	 54.60340	 89.65000
247.60000	 90.16000	 55.01184	 90.16000
247.80000	 90.89000	 55.59344	 90.89000
248.00000	 91.79000	 56.30762	 91.79000
248.20000	 92.85000	 57.14544	 92.85000
248.40000	 93.93000	 57.99572	 93.93000
248.60000	 94.93000	 58.77908	 94.93000
248.80000	 95.70000	 59.37714	 95.70000
249.00000	 96.13000	 59.70350	 96.13000
249.20000	 96.36000	 59.86912	 96.36000
249.40000	 96.41000	 59.89058	 96.41000
249.60000	 96.12000	 59.64279	 96.12000
249.80000	 95.65000	 59.25288	 95.65000
250.00000	 95.19000	 58.87150	 95.19000
250.20000	 94.83000	 58.57022	 94.83000
250.40000	 95.03000	 58.71153	 95.03000
250.60000	 95.53000	 59.09004	 95.53000
250.80000	 96.16000	 59.57094	 96.16000
251.00000	 96.85000	 60.09826	 96.85000
251.20000	 97.47000	 60.56898	 97.47000
251.40000	 98.02000	 60.98278	 98.02000
251.60000	 98.50000	 61.33956	 98.50000
251.80000	 98.89000	 61.62364	 98.89000
252.00000	 99.07000	 61.74073	 99.07000
252.20000	 99.13000	 61.76220	 99.13000
252.40000	 99.10000	 61.71219	 99.10000
252.60000	 98.99000	 61.59908	 98.99000
252.80000	 98.98000	 61.56507	 98.98000
253.00000	 98.86000	 61.44497	 98.86000
253.20000	 98.57000	 61.19183	 98.57000
253.40000	 97.97000	 60.69586	 97.97000
253.60000	 96.88000	 59.81612	 96.88000
253.80000	 95.63000	 58.81371	 95.63000
254.00000	 94.33000	 57.77634	 94.33000
254.20000	 93.09000	 56.79138	 93.09000
254.40000	 91.98000	 55.91435	 91.98000
254.60000	 91.04000	 55.17672	 91.04000
254.80000	 90.36000	 54.64904	 90.36000
255.00000	 90.28000	 54.59833	 90.28000
255.20000	 90.57000	 54.84204	 90.57000
255.40000	 91.01000	 55.20535	 91.01000
255.60000	 91.51000	 55.61606	 91.51000
255.80000	 91.81000	 55.86844	 91.81000
256.00000	 92.03000	 56.05663	 92.03000
256.20000	 92.15000	 56.16475	 92.15000
256.40000	 92.13000	 56.16143	 92.13000
256.60000	 91.87000	 55.96821	 91.87000
256.80000	 91.50000	 55.68806	 91.50000
257.00000	 91.07000	 55.36090	 91.07000
257.20000	 90.54000	 54.95574	 90.54000
257.40000	 89.95000	 54.50455	 89.95000
257.60000	 89.46000	 54.13371	 89.46000
257.80000	 89.16000	 53.91418	 89.16000
258.00000	 89.41000	 54.12918	 89.41000
258.20000	 90.17000	 54.74616	 90.17000
258.40000	 91.06000	 55.46440	 91.06000
258.60000	 91.96000	 56.18820	 91.96000
258.80000	 92.53000	 56.64902	 92.53000
259.00000	 92.85000	 56.90985	 92.85000
259.20000	 93.03000	 57.05771	 93.03000
259.40000	 93.10000	 57.11676	 93.10000
259.60000	 93.05000	 57.07967	 93.05000
259.80000	 92.91000	 56.97065	 92.91000
260.00000	 92.72000	 56.82175	 92.72000
260.20000	 92.49000	 56.64130	 92.49000
260.40000	 92.12000	 56.35093	 92.12000
260.60000	 91.79000	 56.09284	 91.79000
260.80000	 91.59000	 55.93815	 91.59000
261.00000	 91.57000	 55.92617	 91.57000
261.20000	 92.16000	 56.39515	 92.16000
261.40000	 93.01000	 57.06832	 93.01000
261.60000	 93.98000	 57.83424	 93.98000
261.80000	 94.98000	 58.62106	 94.98000
262.00000	 95.85000	 59.30210	 95.85000
262.20000	 96.62000	 59.90074	 96.62000
262.40000	 97.24000	 60.37766	 97.24000
262.60000	 97.61000	 60.65441	 97.61000
262.80000	 97.53000	 60.57415	 97.53000
263.00000	 97.24000	 60.32702	 97.24000
263.20000	 96.81000	 59.96925	 96.81000
263.40000	 96.27000	 59.52547	 96.27000
263.60000	 95.64000	 59.01227	 95.64000
263.80000	 95.04000	 58.52483	 95.04000
264.00000	 94.51000	 58.09507	 94.51000
264.20000	 94.14000	 57.79397	 94.14000
264.40000	 94.42000	 58.00717	 94.42000
264.60000	 94.83000	 58.32406	 94.83000
264.80000	 95.26000	 58.65703	 95.26000
265.00000	 95.61000	 58.92661	 95.61000
265.20000	 95.51000	 58.84111	 95.51000
265.40000	 95.15000	 58.55061	 95.15000
265.60000	 94.66000	 58.15820	 94.66000
265.80000	 94.07000	 57.68818	 94.07000
266.00000	 93.37000	 57.13331	 93.37000
266.20000	 92.63000	 56.54928	 92.63000
266.40000	 91.95000	 56.01526	 91.95000
266.60000	 91.39000	 55.57865	 91.39000
266.80000	 91.13000	 55.38109	 91.13000
267.00000	 91.45000	 55.64246	 91.45000
267.20000	 91.89000	 55.99926	 91.89000
267.40000	 92.36000	 56.37952	 92.36000
267.60000	 92.77000	 56.71159	 92.77000
267.80000	 92.76000	 56.71159	 92.76000
268.00000	 92.60000	 56.59249	 92.60000
268.20000	 92.33000	 56.38628	 92.33000
268.40000	 91.96000	 56.10135	 91.96000
268.60000	 91.35000	 55.62800	 91.35000
268.80000	 90.70000	 55.12440	 90.70000
269.00000	 90.11000	 54.66984	 90.11000
269.20000	 89.65000	 54.31969	 89.65000
269.40000	 89.65000	 54.33371	 89.65000
269.60000	 90.03000	 54.64815	 90.03000
269.80000	 90.57000	 55.08864	 90.57000
270.00000	 91.20000	 55.59904	 91.20000
270.20000	 91.82000	 56.09979	 91.82000
270.40000	 92.38000	 56.55098	 92.38000
270.60000	 92.93000	 56.99174	 92.93000
270.80000	 93.47000	 57.42194	 93.47000
271.00000	 94.02000	 57.85729	 94.02000
271.20000	 94.57000	 58.28990	 94.57000
271.40000	 95.03000	 58.64893	 95.03000
271.60000	 95.34000	 58.88730	 95.34000
271.80000	 95.26000	 58.81644	 95.26000
272.00000	 94.82000	 58.46087	 94.82000
272.20000	 94.38000	 58.10522	 94.38000
272.40000	 94.07000	 57.85266	 94.07000
272.60000	 94.42000	 58.12083	 94.42000
272.80000	 95.07000	 58.62545	 95.07000
273.00000	 95.80000	 59.19228	 95.80000
273.20000	 96.50000	 59.73388	 96.50000
273.40000	 97.06000	 60.16316	 97.06000
273.60000	 97.41000	 60.42491	 97.41000
273.80000	 97.45000	 60.44068	 97.45000
274.00000	 96.63000	 59.77812	 96.63000
274.20000	 95.48000	 58.85638	 95.48000
274.40000	 94.20000	 57.83470	 94.20000
274.60000	 93.01000	 56.88768	 93.01000
274.80000	 92.42000	 56.41762	 92.42000
275.00000	 91.97000	 56.06187	 91.97000
275.20000	 91.64000	 55.80410	 91.64000
275.40000	 91.39000	 55.61220	 91.39000
275.60000	 91.22000	 55.48559	 91.22000
275.80000	 91.07000	 55.37649	 91.07000
276.00000	 90.86000	 55.22149	 90.86000
276.20000	 90.57000	 55.00464	 90.57000
276.40000	 89.92000	 54.50546	 89.92000
276.60000	 88.98000	 53.77961	 88.98000
276.80000	 87.98000	 53.00898	 87.98000
277.00000	 86.98000	 52.24143	 86.98000
277.20000	 86.05000	 51.53247	 86.05000
277.40000	 85.27000	 50.94521	 85.27000
277.60000	 84.70000	 50.52670	 84.70000
277.80000	 84.38000	 50.30793	 84.38000
278.00000	 84.40000	 50.35901	 84.40000
278.20000	 85.11000	 50.95444	 85.11000
278.40000	 86.38000	 51.99005	 86.38000
278.60000	 87.84000	 53.17238	 87.84000
278.80000	 89.36000	 54.39737	 89.36000
279.00000	 90.71000	 55.48273	 90.71000
279.20000	 91.83000	 56.38071	 91.83000
279.40000	 92.78000	 57.13865	 92.78000
279.60000	 93.53000	 57.73330	 93.53000
279.80000	 93.87000	 57.99996	 93.87000
280.00000	 93.95000	 58.05787	 93.95000
280.20000	 93.93000	 58.03422	 93.93000
280.40000	 93.87000	 57.97726	 93.87000
280.60000	 93.92000	 58.00587	 93.92000
280.80000	 94.08000	 58.12042	 94.08000
281.00000	 94.39000	 58.35247	 94.39000
281.20000	 94.91000	 58.74908	 94.91000
281.40000	 95.95000	 59.55391	 95.95000
281.60000	 97.14000	 60.47451	 97.14000
281.80000	 98.39000	 61.43906	 98.39000
282.00000	 99.61000	 62.37598	 99.61000
282.20000	100.69000	 63.19825	100.69000
282.40000	101.60000	 63.88226	101.60000
282.60000	102.30000	 64.39681	102.30000
282.80000	102.55000	 64.55352	102.55000
283.00000	102.44000	 64.42438	102.44000
283.20000	102.10000	 64.11313	102.10000
283.40000	101.59000	 63.66829	101.59000
283.60000	100.84000	 63.03591	100.84000
283.80000	100.03000	 62.35886	100.03000
284.00000	 99.29000	 61.74033	 99.29000
284.20000	 98.72000	 61.25950	 98.72000
284.40000	 98.81000	 61.30215	 98.81000
284.60000	 99.21000	 61.59163	 99.21000
284.80000	 99.74000	 61.98495	 99.74000
285.00000	100.32000	 62.41806	100.32000
285.20000	100.75000	 62.73268	100.75000
285.40000	101.10000	 62.98361	101.10000
285.60000	101.33000	 63.13927	101.33000
285.80000	101.43000	 63.19193	101.43000
286.00000	101.30000	 63.06317	101.30000
286.20000	101.00000	 62.80080	101.00000
286.40000	100.51000	 62.38973	100.51000
286.60000	 99.84000	 61.83858	 99.84000
286.80000	 98.76000	 60.96702	 98.76000
287.00000	 97.53000	 59.98090	 97.53000
287.20000	 96.31000	 59.00717	 96.31000
287.40000	 95.19000	 58.11732	 95.19000
287.60000	 94.55000	 57.61073	 94.55000
