  0.00000	 86.88000	 63.86524	 86.88000
  0.20000	 86.50000	 64.14734	 86.50000
  0.40000	 86.32000	 64.54139	 86.32000
  0.60000	 86.30000	 64.99513	 86.30000
  0.80000	 86.43000	 65.48327	 86.43000
  1.00000	 86.68000	 65.96411	 86.68000
  1.20000	 87.03000	 66.41036	 87.03000
  1.40000	 87.46000	 66.80093	 87.46000
  1.60000	 87.94000	 67.11178	 87.94000
  1.80000	 88.46000	 67.34378	 88.46000
  2.00000	 88.98000	 67.47468	 88.98000
  2.20000	 89.49000	 67.51490	 89.49000
  2.40000	 89.96000	 67.45900	 89.96000
  2.60000	 90.38000	 67.32216	 90.38000
  2.80000	 90.73000	 67.11042	 90.73000
  3.00000	 90.88000	 66.72812	 90.88000
  3.20000	 90.92000	 66.29037	 90.92000
  3.40000	 90.90000	 65.87061	 90.90000
  3.60000	 90.83000	 65.49522	 90.83000
  3.80000	 90.71000	 65.17182	 90.71000
  4.00000	 90.56000	 64.91906	 90.56000
  4.20000	 90.41000	 64.75798	 90.41000
  4.40000	 90.29000	 64.70295	 90.29000
  4.60000	 90.21000	 64.74403	 90.21000
  4.80000	 90.25000	 64.93250	 90.25000
  5.00000	 90.41000	 65.23920	 90.41000
  5.20000	 90.63000	 65.57776	 90.63000
  5.40000	 90.90000	 65.91450	 90.90000
  5.60000	 91.21000	 66.22352	 91.21000
  5.80000	 91.60000	 66.53273	 91.60000
  6.00000	 91.99000	 66.76255	 91.99000
  6.20000	 92.36000	 66.89793	 92.36000
  6.40000	 92.69000	 66.93171	 92.69000
  6.60000	 92.91000	 66.81682	 92.91000
  6.80000	 93.01000	 66.56996	 93.01000
  7.00000	 93.03000	 66.25810	 93.03000
  7.20000	 92.97000	 65.90816	 92.97000
  7.40000	 92.81000	 65.52386	 92.81000
  7.60000	 92.49000	 65.06840	 92.49000
  7.80000	 92.09000	 64.63453	 92.09000
  8.00000	 91.63000	 64.25175	 91.63000
  8.20000	 91.12000	 63.93199	 91.12000
  8.40000	 90.60000	 63.70789	 90.60000
  8.60000	 90.04000	 63.53990	 90.04000
  8.80000	 89.49000	 63.46035	 89.49000
  9.00000	 88.99000	 63.48822	 88.99000
  9.20000	 88.56000	 63.61949	 88.56000
  9.40000	 88.21000	 63.83816	 88.21000
  9.60000	 88.12000	 64.28422	 88.12000
  9.80000	 88.15000	 64.79013	 88.15000
 10.00000	 88.26000	 65.28679	 88.26000
 10.20000	 88.45000	 65.75287	 88.45000
 10.40000	 88.69000	 66.14902	 88.69000
 10.60000	 88.96000	 66.45544	 88.96000
 10.80000	 89.27000	 66.68887	 89.27000
 11.00000	 89.58000	 66.82474	 89.58000
 11.20000	 89.88000	 66.87156	 89.88000
 11.40000	 90.15000	 66.83159	 90.15000
 11.60000	 90.37000	 66.70891	 90.37000
 11.80000	 90.56000	 66.54521	 90.56000
 12.00000	 90.71000	 66.35125	 90.71000
 12.20000	 90.81000	 66.13446	 90.81000
 12.40000	 90.84000	 65.89001	 90.84000
 12.60000	 90.83000	 65.65740	 90.83000
 12.80000	 90.77000	 65.43447	 90.77000
 13.00000	 90.67000	 65.23429	 90.67000
 13.20000	 90.49000	 65.02054	 90.49000
 13.40000	 90.21000	 64.77627	 90.21000
 13.60000	 89.94000	 64.60640	 89.94000
 13.80000	 89.73000	 64.55244	 89.73000
 14.00000	 89.61000	 64.62805	 89.61000
 14.20000	 89.81000	 65.02297	 89.81000
 14.40000	 90.16000	 65.53613	 90.16000
 14.60000	 90.59000	 66.06124	 90.59000
 14.80000	 91.08000	 66.54991	 91.08000
 15.00000	 91.60000	 66.95731	 91.60000
 15.20000	 92.12000	 67.25170	 92.12000
 15.40000	 92.60000	 67.40410	 92.60000
 15.60000	 93.01000	 67.40568	 93.01000
 15.80000	 93.31000	 67.24684	 93.31000
 16.00000	 93.37000	 66.84180	 93.37000
 16.20000	 93.32000	 66.35642	 93.32000
 16.40000	 93.17000	 65.83935	 93.17000
 16.60000	 92.95000	 65.34833	 92.95000
 16.80000	 92.67000	 64.91083	 92.67000
 17.00000	 92.35000	 64.55273	 92.35000
 17.20000	 91.98000	 64.26244	 91.98000
 17.40000	 91.59000	 64.05937	 91.59000
 17.60000	 91.17000	 63.92037	 91.17000
 17.80000	 90.71000	 63.82047	 90.71000
 18.00000	 90.28000	 63.80935	 90.28000
 18.20000	 89.90000	 63.88689	 89.90000
 18.40000	 89.60000	 64.05954	 89.60000
 18.60000	 89.50000	 64.41416	 89.50000
 18.80000	 89.57000	 64.89001	 89.57000
 19.00000	 89.73000	 65.37941	 89.73000
 19.20000	 89.94000	 65.82080	 89.94000
 19.40000	 90.19000	 66.19249	 90.19000
 19.60000	 90.41000	 66.42812	 90.41000
 19.80000	 90.64000	 66.57591	 90.64000
 20.00000	 90.87000	 66.64294	 90.87000
 20.20000	 91.10000	 66.64812	 91.10000
 20.40000	 91.33000	 66.61038	 91.33000
 20.60000	 91.56000	 66.54690	 91.56000
 20.80000	 91.74000	 66.42604	 91.74000
 21.00000	 91.86000	 66.25385	 91.86000
 21.20000	 91.87000	 65.99969	 91.87000
 21.40000	 91.72000	 65.63574	 91.72000
 21.60000	 91.52000	 65.28586	 91.52000
 21.80000	 91.27000	 64.96437	 91.27000
 22.00000	 91.00000	 64.70595	 91.00000
 22.20000	 90.73000	 64.52795	 90.73000
 22.40000	 90.48000	 64.44038	 90.48000
 22.60000	 90.27000	 64.44733	 90.27000
 22.80000	 90.12000	 64.54841	 90.12000
 23.00000	 90.11000	 64.79537	 90.11000
 23.20000	 90.27000	 65.18713	 90.27000
 23.40000	 90.49000	 65.58927	 90.49000
 23.60000	 90.76000	 65.96869	 90.76000
 23.80000	 91.04000	 66.27429	 91.04000
 24.00000	 91.27000	 66.44799	 91.27000
 24.20000	 91.49000	 66.53697	 91.49000
 24.40000	 91.69000	 66.54723	 91.69000
 24.60000	 91.86000	 66.48751	 91.86000
 24.80000	 91.99000	 66.36761	 91.99000
 25.00000	 92.08000	 66.20630	 92.08000
 25.20000	 92.12000	 66.01124	 92.12000
 25.40000	 92.11000	 65.79720	 92.11000
 25.60000	 92.02000	 65.54854	 92.02000
 25.80000	 91.80000	 65.23066	 91.80000
 26.00000	 91.52000	 64.92217	 91.52000
 26.20000	 91.20000	 64.65031	 91.20000
 26.40000	 90.83000	 64.40848	 90.83000
 26.60000	 90.39000	 64.17715	 90.39000
 26.80000	 89.89000	 63.96360	 89.89000
 27.00000	 89.42000	 63.84751	 89.42000
 27.20000	 89.04000	 63.87273	 89.04000
 27.40000	 88.77000	 64.03659	 88.77000
 27.60000	 88.86000	 64.54149	 88.86000
 27.80000	 89.12000	 65.16198	 89.12000
 28.00000	 89.47000	 65.77873	 89.47000
 28.20000	 89.90000	 66.35140	 89.90000
 28.40000	 90.32000	 66.77993	 90.32000
 28.60000	 90.73000	 67.06602	 90.73000
 28.80000	 91.13000	 67.22429	 91.13000
 29.00000	 91.49000	 67.24936	 91.49000
 29.20000	 91.80000	 67.15995	 91.80000
 29.40000	 91.98000	 66.91258	 91.98000
 29.60000	 92.10000	 66.60716	 92.10000
 29.80000	 92.16000	 66.27372	 92.16000
 30.00000	 92.17000	 65.94475	 92.17000
 30.20000	 92.10000	 65.60831	 92.10000
 30.40000	 91.98000	 65.30338	 91.98000
 30.60000	 91.83000	 65.05317	 91.83000
 30.80000	 91.65000	 64.85578	 91.65000
 31.00000	 91.43000	 64.69564	 91.43000
 31.20000	 91.14000	 64.53717	 91.14000
 31.40000	 90.89000	 64.47570	 90.89000
 31.60000	 90.74000	 64.55327	 90.74000
 31.80000	 90.73000	 64.78458	 90.73000
 32.00000	 91.18000	 65.43430	 91.18000
 32.20000	 91.75000	 66.13046	 91.75000
 32.40000	 92.36000	 66.75422	 92.36000
 32.60000	 92.95000	 67.22603	 92.95000
 32.80000	 93.28000	 67.32260	 93.28000
 33.00000	 93.50000	 67.21522	 93.50000
 33.20000	 93.64000	 66.97364	 93.64000
 33.40000	 93.71000	 66.64883	 93.71000
 33.60000	 93.72000	 66.28667	 93.72000
 33.80000	 93.66000	 65.90677	 93.66000
 34.00000	 93.55000	 65.54904	 93.55000
 34.20000	 93.41000	 65.24458	 93.41000
 34.40000	 93.23000	 64.98790	 93.23000
 34.60000	 93.03000	 64.79535	 93.03000
 34.80000	 92.82000	 64.66863	 92.82000
 35.00000	 92.59000	 64.58707	 92.59000
 35.20000	 92.35000	 64.54765	 92.35000
 35.40000	 92.09000	 64.52869	 92.09000
 35.60000	 91.86000	 64.56555	 91.86000
 35.80000	 91.67000	 64.65486	 91.67000
 36.00000	 91.55000	 64.81060	 91.55000
 36.20000	 91.63000	 65.13673	 91.63000
 36.40000	 91.79000	 65.49634	 91.79000
 36.60000	 91.98000	 65.82200	 91.98000
 36.80000	 92.18000	 66.08376	 92.18000
 37.00000	 92.35000	 66.24289	 92.35000
 37.20000	 92.47000	 66.28931	 92.47000
 37.40000	 92.54000	 66.23938	 92.54000
 37.60000	 92.52000	 66.07665	 92.52000
 37.80000	 92.32000	 65.74296	 92.32000
 38.00000	 91.97000	 65.29882	 91.97000
 38.20000	 91.56000	 64.85997	 91.56000
 38.40000	 91.12000	 64.47624	 91.12000
 38.60000	 90.70000	 64.20371	 90.70000
 38.80000	 90.37000	 64.10329	 90.37000
 39.00000	 90.09000	 64.11962	 90.09000
 39.20000	 89.85000	 64.21970	 89.85000
 39.40000	 89.66000	 64.38838	 89.66000
 39.60000	 89.55000	 64.63000	 89.55000
 39.80000	 89.51000	 64.91248	 89.51000
 40.00000	 89.54000	 65.21625	 89.54000
 40.20000	 89.64000	 65.52585	 89.64000
 40.40000	 89.83000	 65.84857	 89.83000
 40.60000	 90.18000	 66.23997	 90.18000
 40.80000	 90.56000	 66.56820	 90.56000
 41.00000	 90.96000	 66.82159	 90.96000
 41.20000	 91.34000	 66.96873	 91.34000
 41.40000	 91.64000	 66.96821	 91.64000
 41.60000	 91.86000	 66.84340	 91.86000
 41.80000	 91.99000	 66.61291	 91.99000
 42.00000	 92.03000	 66.30583	 92.03000
 42.20000	 91.89000	 65.86665	 91.89000
 42.40000	 91.57000	 65.32639	 91.57000
 42.60000	 91.16000	 64.79860	 91.16000
 42.80000	 90.68000	 64.32162	 90.68000
 43.00000	 90.14000	 63.91352	 90.14000
 43.20000	 89.51000	 63.54623	 89.51000
 43.40000	 88.90000	 63.31658	 88.90000
 43.60000	 88.36000	 63.25453	 88.36000
 43.80000	 87.93000	 63.37004	 87.93000
 44.00000	 87.83000	 63.83024	 87.83000
 44.20000	 87.98000	 64.50514	 87.98000
 44.40000	 88.25000	 65.21623	 88.25000
 44.60000	 88.59000	 65.87349	 88.59000
 44.80000	 88.94000	 66.39649	 88.94000
 45.00000	 89.25000	 66.73448	 89.25000
 45.20000	 89.56000	 66.93838	 89.56000
 45.40000	 89.85000	 67.01231	 89.85000
 45.60000	 90.07000	 66.93811	 90.07000
 45.80000	 90.19000	 66.72138	 90.19000
 46.00000	 90.30000	 66.48117	 90.30000
 46.20000	 90.41000	 66.25401	 90.41000
 46.40000	 90.56000	 66.09436	 90.56000
 46.60000	 90.86000	 66.10930	 90.86000
 46.80000	 91.19000	 66.17632	 91.19000
 47.00000	 91.54000	 66.27291	 91.54000
 47.20000	 91.88000	 66.35951	 91.88000
 47.40000	 92.19000	 66.41035	 92.19000
 47.60000	 92.46000	 66.41450	 92.46000
 47.80000	 92.70000	 66.38426	 92.70000
 48.00000	 92.88000	 66.29742	 92.88000
 48.20000	 92.91000	 66.08018	 92.91000
 48.40000	 92.89000	 65.84281	 92.89000
 48.60000	 92.90000	 65.67336	 92.90000
 48.80000	 92.99000	 65.62146	 92.99000
 49.00000	 93.34000	 65.84420	 93.34000
 49.20000	 93.72000	 66.09863	 93.72000
 49.40000	 94.08000	 66.31410	 94.08000
 49.60000	 94.33000	 66.39438	 94.33000
 49.80000	 94.41000	 66.28760	 94.41000
 50.00000	 94.37000	 66.05945	 94.37000
 50.20000	 94.19000	 65.71645	 94.19000
 50.40000	 93.83000	 65.24970	 93.83000
 50.60000	 93.24000	 64.64392	 93.24000
 50.80000	 92.54000	 64.04348	 92.54000
 51.00000	 91.79000	 63.52643	 91.79000
 51.20000	 91.00000	 63.10980	 91.00000
 51.40000	 90.37000	 62.97337	 90.37000
 51.60000	 89.78000	 62.97767	 89.78000
 51.80000	 89.22000	 63.08007	 89.22000
 52.00000	 88.67000	 63.22983	 88.67000
 52.20000	 88.14000	 63.40925	 88.14000
 52.40000	 87.51000	 63.48661	 87.51000
 52.60000	 86.90000	 63.56694	 86.90000
 52.80000	 86.36000	 63.69231	 86.36000
 53.00000	 85.93000	 63.89265	 85.93000
 53.20000	 85.65000	 64.19308	 85.65000
 53.40000	 85.76000	 64.79703	 85.76000
 53.60000	 86.01000	 65.43458	 86.01000
 53.80000	 86.38000	 66.05668	 86.38000
 54.00000	 86.82000	 66.59781	 86.82000
 54.20000	 87.29000	 67.01544	 87.29000
 54.40000	 87.77000	 67.29895	 87.77000
 54.60000	 88.25000	 67.45722	 88.25000
 54.80000	 88.71000	 67.49626	 88.71000
 55.00000	 89.11000	 67.40741	 89.11000
 55.20000	 89.39000	 67.16697	 89.39000
 55.40000	 89.62000	 66.87526	 89.62000
 55.60000	 89.79000	 66.55272	 89.79000
 55.80000	 89.91000	 66.23189	 89.91000
 56.00000	 89.98000	 65.92868	 89.98000
 56.20000	 90.00000	 65.65235	 90.00000
 56.40000	 89.97000	 65.40668	 89.97000
 56.60000	 89.90000	 65.20048	 89.90000
 56.80000	 89.71000	 64.95612	 89.71000
 57.00000	 89.42000	 64.69258	 89.42000
 57.20000	 89.17000	 64.54067	 89.17000
 57.40000	 88.99000	 64.51888	 88.99000
 57.60000	 88.96000	 64.68232	 88.96000
 57.80000	 89.34000	 65.24002	 89.34000
 58.00000	 89.86000	 65.88624	 89.86000
 58.20000	 90.47000	 66.52710	 90.47000
 58.40000	 91.14000	 67.10252	 91.14000
 58.60000	 91.82000	 67.55032	 91.82000
 58.80000	 92.49000	 67.85299	 92.49000
 59.00000	 93.11000	 67.98808	 93.11000
 59.20000	 93.65000	 67.95371	 93.65000
 59.40000	 94.00000	 67.68241	 94.00000
 59.60000	 94.18000	 67.23802	 94.18000
 59.80000	 94.24000	 66.71404	 94.24000
 60.00000	 94.20000	 66.16913	 94.20000
 60.20000	 94.06000	 65.63293	 94.06000
 60.40000	 93.84000	 65.14340	 93.84000
 60.60000	 93.54000	 64.70949	 93.54000
 60.80000	 93.16000	 64.33201	 93.16000
 61.00000	 92.71000	 64.01523	 92.71000
 61.20000	 92.07000	 63.63952	 92.07000
 61.40000	 91.36000	 63.31406	 91.36000
 61.60000	 90.65000	 63.09753	 90.65000
 61.80000	 90.00000	 63.03086	 90.00000
 62.00000	 89.47000	 63.14527	 89.47000
 62.20000	 89.26000	 63.59118	 89.26000
 62.40000	 89.17000	 64.13063	 89.17000
 62.60000	 89.19000	 64.70836	 89.19000
 62.80000	 89.30000	 65.27067	 89.30000
 63.00000	 89.47000	 65.76714	 89.47000
 63.20000	 89.70000	 66.18830	 89.70000
 63.40000	 89.97000	 66.51643	 89.97000
 63.60000	 90.29000	 66.77007	 90.29000
 63.80000	 90.64000	 66.94445	 90.64000
 64.00000	 91.03000	 67.06574	 91.03000
 64.20000	 91.43000	 67.12320	 91.43000
 64.40000	 91.82000	 67.11616	 91.82000
 64.60000	 92.16000	 67.02620	 92.16000
 64.80000	 92.42000	 66.84620	 92.42000
 65.00000	 92.60000	 66.59873	 92.60000
 65.20000	 92.71000	 66.31484	 92.71000
 65.40000	 92.74000	 66.00381	 92.74000
 65.60000	 92.68000	 65.67166	 92.68000
 65.80000	 92.37000	 65.18360	 92.37000
 66.00000	 92.03000	 64.76487	 92.03000
 66.20000	 91.71000	 64.47067	 91.71000
 66.40000	 91.44000	 64.32323	 91.44000
 66.60000	 91.38000	 64.45218	 91.38000
 66.80000	 91.52000	 64.81038	 91.52000
 67.00000	 91.77000	 65.26746	 91.77000
 67.20000	 92.11000	 65.76289	 92.11000
 67.40000	 92.56000	 66.28241	 92.56000
 67.60000	 93.13000	 66.81053	 93.13000
 67.80000	 93.71000	 67.22840	 93.71000
 68.00000	 94.27000	 67.50662	 94.27000
 68.20000	 94.76000	 67.61116	 94.76000
 68.40000	 95.09000	 67.48384	 95.09000
 68.60000	 95.30000	 67.20014	 95.30000
 68.80000	 95.36000	 66.77385	 95.36000
 69.00000	 95.25000	 66.22847	 95.25000
 69.20000	 94.74000	 65.39247	 94.74000
 69.40000	 94.08000	 64.55025	 94.08000
 69.60000	 93.31000	 63.77665	 93.31000
 69.80000	 92.48000	 63.13731	 92.48000
 70.00000	 91.67000	 62.70661	 91.67000
 70.20000	 90.92000	 62.50215	 90.92000
 70.40000	 90.24000	 62.49855	 90.24000
 70.60000	 89.65000	 62.67136	 89.65000
 70.80000	 89.19000	 63.01117	 89.19000
 71.00000	 89.00000	 63.59916	 89.00000
 71.20000	 89.09000	 64.38856	 89.09000
 71.40000	 89.29000	 65.16572	 89.29000
 71.60000	 89.57000	 65.86470	 89.57000
 71.80000	 89.90000	 66.43893	 89.90000
 72.00000	 90.24000	 66.85036	 90.24000
 72.20000	 90.56000	 67.08596	 90.56000
 72.40000	 90.84000	 67.15404	 90.84000
 72.60000	 91.05000	 67.06127	 91.05000
 72.80000	 91.06000	 66.72693	 91.06000
 73.00000	 90.92000	 66.24641	 90.92000
 73.20000	 90.68000	 65.71347	 90.68000
 73.40000	 90.37000	 65.19358	 90.37000
 73.60000	 89.99000	 64.71159	 89.99000
 73.80000	 89.51000	 64.25341	 89.51000
 74.00000	 89.02000	 63.90874	 89.02000
 74.20000	 88.57000	 63.71757	 88.57000
 74.40000	 88.19000	 63.68890	 88.19000
 74.60000	 87.94000	 63.84976	 87.94000
 74.80000	 87.88000	 64.21815	 87.88000
 75.00000	 87.97000	 64.71220	 87.97000
 75.20000	 88.20000	 65.27988	 88.20000
 75.40000	 88.61000	 65.92159	 88.61000
 75.60000	 89.43000	 66.81697	 89.43000
 75.80000	 90.35000	 67.63555	 90.35000
 76.00000	 91.29000	 68.27979	 91.29000
 76.20000	 92.18000	 68.68525	 92.18000
 76.40000	 92.76000	 68.63532	 92.76000
 76.60000	 93.18000	 68.32608	 93.18000
 76.80000	 93.46000	 67.84045	 93.46000
 77.00000	 93.61000	 67.24873	 93.61000
 77.20000	 93.60000	 66.57549	 93.60000
 77.40000	 93.45000	 65.88264	 93.45000
 77.60000	 93.20000	 65.23873	 93.20000
 77.80000	 92.87000	 64.67931	 92.87000
 78.00000	 92.45000	 64.19895	 92.45000
 78.20000	 91.88000	 63.73741	 91.88000
 78.40000	 91.34000	 63.45471	 91.34000
 78.60000	 90.91000	 63.40369	 90.91000
 78.80000	 90.65000	 63.60347	 90.65000
 79.00000	 90.95000	 64.36427	 90.95000
 79.20000	 91.54000	 65.35213	 91.54000
 79.40000	 92.24000	 66.32120	 92.24000
 79.60000	 92.97000	 67.14429	 92.97000
 79.80000	 93.60000	 67.67861	 93.60000
 80.00000	 94.08000	 67.88923	 94.08000
 80.20000	 94.44000	 67.84179	 94.44000
 80.40000	 94.68000	 67.58686	 94.68000
 80.60000	 94.66000	 67.05013	 94.66000
 80.80000	 94.36000	 66.27712	 94.36000
 81.00000	 93.93000	 65.47191	 93.93000
 81.20000	 93.41000	 64.71989	 93.41000
 81.40000	 92.83000	 64.07711	 92.83000
 81.60000	 92.28000	 63.63559	 92.28000
 81.80000	 91.74000	 63.36435	 91.74000
 82.00000	 91.20000	 63.22936	 91.20000
 82.20000	 90.70000	 63.23733	 90.70000
 82.40000	 90.23000	 63.34476	 90.23000
 82.60000	 89.81000	 63.53695	 89.81000
 82.80000	 89.47000	 63.81063	 89.47000
 83.00000	 89.25000	 64.17364	 89.25000
 83.20000	 89.16000	 64.60690	 89.16000
 83.40000	 89.42000	 65.28673	 89.42000
 83.60000	 89.81000	 65.97006	 89.81000
 83.80000	 90.28000	 66.58261	 90.28000
 84.00000	 90.78000	 67.06564	 90.78000
 84.20000	 91.22000	 67.33986	 91.22000
 84.40000	 91.57000	 67.39976	 91.57000
 84.60000	 91.87000	 67.31753	 91.87000
 84.80000	 92.09000	 67.10349	 92.09000
 85.00000	 92.20000	 66.76860	 92.20000
 85.20000	 92.14000	 66.29564	 92.14000
 85.40000	 91.99000	 65.79724	 91.99000
 85.60000	 91.75000	 65.30268	 91.75000
 85.80000	 91.45000	 64.85931	 91.45000
 86.00000	 90.99000	 64.38388	 90.99000
 86.20000	 90.49000	 63.99556	 90.49000
 86.40000	 90.01000	 63.74729	 90.01000
 86.60000	 89.62000	 63.68868	 89.62000
 86.80000	 89.41000	 63.87449	 89.41000
 87.00000	 89.52000	 64.39124	 89.52000
 87.20000	 89.76000	 65.00418	 89.76000
 87.40000	 90.15000	 65.68128	 90.15000
 87.60000	 90.65000	 66.34504	 90.65000
 87.80000	 91.38000	 67.07908	 91.38000
 88.00000	 92.16000	 67.69309	 92.16000
 88.20000	 92.93000	 68.12620	 92.93000
 88.40000	 93.62000	 68.32721	 93.62000
 88.60000	 94.02000	 68.13393	 94.02000
 88.80000	 94.25000	 67.71498	 94.25000
 89.00000	 94.37000	 67.18694	 94.37000
 89.20000	 94.38000	 66.60244	 94.38000
 89.40000	 94.30000	 66.02148	 94.30000
 89.60000	 94.14000	 65.48156	 94.14000
 89.80000	 93.92000	 65.01665	 93.92000
 90.00000	 93.63000	 64.62112	 93.63000
 90.20000	 93.30000	 64.31835	 93.30000
 90.40000	 92.92000	 64.08738	 92.92000
 90.60000	 92.52000	 63.94075	 92.52000
 90.80000	 92.12000	 63.87844	 92.12000
 91.00000	 91.71000	 63.87051	 91.71000
 91.20000	 91.30000	 63.90662	 91.30000
 91.40000	 90.88000	 63.95990	 90.88000
 91.60000	 90.54000	 64.09923	 90.54000
 91.80000	 90.29000	 64.31619	 90.29000
 92.00000	 90.18000	 64.63735	 90.18000
 92.20000	 90.45000	 65.26040	 90.45000
 92.40000	 90.86000	 65.92074	 90.86000
 92.60000	 91.33000	 66.51113	 91.33000
 92.80000	 91.81000	 66.96903	 91.81000
 93.00000	 92.17000	 67.17594	 92.17000
 93.20000	 92.40000	 67.14700	 92.40000
 93.40000	 92.57000	 66.98549	 92.57000
 93.60000	 92.66000	 66.71242	 92.66000
 93.80000	 92.63000	 66.32871	 92.63000
 94.00000	 92.48000	 65.87071	 92.48000
 94.20000	 92.26000	 65.41642	 92.26000
 94.40000	 92.00000	 65.01509	 92.00000
 94.60000	 91.70000	 64.67666	 91.70000
 94.80000	 91.43000	 64.46635	 91.43000
 95.00000	 91.16000	 64.34507	 91.16000
 95.20000	 90.88000	 64.28725	 90.88000
 95.40000	 90.61000	 64.29392	 90.61000
 95.60000	 90.29000	 64.29177	 90.29000
 95.80000	 89.93000	 64.27822	 89.93000
 96.00000	 89.64000	 64.34727	 89.64000
 96.20000	 89.49000	 64.55065	 89.49000
 96.40000	 89.55000	 64.93150	 89.55000
 96.60000	 90.09000	 65.70699	 90.09000
 96.80000	 90.80000	 66.53395	 90.80000
 97.00000	 91.62000	 67.31241	 91.62000
 97.20000	 92.50000	 67.97017	 92.50000
 97.40000	 93.31000	 68.38105	 93.31000
 97.60000	 94.09000	 68.60050	 94.09000
 97.80000	 94.83000	 68.65031	 94.83000
 98.00000	 95.50000	 68.54036	 95.50000
 98.20000	 96.00000	 68.21959	 96.00000
 98.40000	 96.40000	 67.80039	 96.40000
 98.60000	 96.72000	 67.34353	 96.72000
 98.80000	 96.96000	 66.88176	 96.96000
 99.00000	 97.18000	 66.49327	 97.18000
 99.20000	 97.32000	 66.13184	 97.32000
 99.40000	 97.38000	 65.80097	 97.38000
 99.60000	 97.34000	 65.48165	 97.34000
 99.80000	 97.05000	 65.03425	 97.05000
100.00000	 96.65000	 64.59803	 96.65000
100.20000	 96.27000	 64.29860	 96.27000
100.40000	 95.96000	 64.17318	 95.96000
100.60000	 96.10000	 64.54884	 96.10000
100.80000	 96.30000	 65.00476	 96.30000
101.00000	 96.48000	 65.41684	 96.48000
101.20000	 96.51000	 65.63464	 96.51000
101.40000	 96.17000	 65.45261	 96.17000
101.60000	 95.69000	 65.11724	 95.69000
101.80000	 95.10000	 64.69459	 95.10000
102.00000	 94.41000	 64.22858	 94.41000
102.20000	 93.64000	 63.76557	 93.64000
102.40000	 92.84000	 63.37047	 92.84000
102.60000	 92.02000	 63.05910	 92.02000
102.80000	 91.20000	 62.84649	 91.20000
103.00000	 90.45000	 62.78533	 90.45000
103.20000	 89.84000	 62.91768	 89.84000
103.40000	 89.27000	 63.11806	 89.27000
103.60000	 88.76000	 63.37528	 88.76000
103.80000	 88.29000	 63.64521	 88.29000
104.00000	 87.85000	 63.89968	 87.85000
104.20000	 87.44000	 64.12707	 87.44000
104.40000	 87.08000	 64.34036	 87.08000
104.60000	 86.77000	 64.53722	 86.77000
104.80000	 86.52000	 64.72687	 86.52000
105.00000	 86.27000	 64.85494	 86.27000
105.20000	 86.07000	 64.97379	 86.07000
105.40000	 86.01000	 65.17158	 86.01000
105.60000	 86.13000	 65.48160	 86.13000
105.80000	 86.57000	 66.01985	 86.57000
106.00000	 87.45000	 66.86682	 87.45000
106.20000	 88.50000	 67.72508	 88.50000
106.40000	 89.64000	 68.48625	 89.64000
106.60000	 90.80000	 69.07122	 90.80000
106.80000	 91.84000	 69.35775	 91.84000
107.00000	 92.83000	 69.44278	 92.83000
107.20000	 93.73000	 69.33103	 93.73000
107.40000	 94.52000	 69.05136	 94.52000
107.60000	 95.07000	 68.53259	 95.07000
107.80000	 95.51000	 67.95001	 95.51000
108.00000	 95.84000	 67.34805	 95.84000
108.20000	 96.08000	 66.77750	 96.08000
108.40000	 96.21000	 66.23928	 96.21000
108.60000	 96.28000	 65.78947	 96.28000
108.80000	 96.31000	 65.44499	 96.31000
109.00000	 96.34000	 65.23157	 96.34000
109.20000	 96.45000	 65.20270	 96.45000
109.40000	 96.65000	 65.33637	 96.65000
109.60000	 96.85000	 65.51296	 96.85000
109.80000	 97.03000	 65.68448	 97.03000
110.00000	 97.17000	 65.81254	 97.17000
110.20000	 97.09000	 65.72175	 97.09000
110.40000	 96.99000	 65.60960	 96.99000
110.60000	 96.90000	 65.51503	 96.90000
110.80000	 96.85000	 65.47185	 96.85000
111.00000	 97.10000	 65.71867	 97.10000
111.20000	 97.35000	 65.95232	 97.35000
111.40000	 97.56000	 66.11840	 97.56000
111.60000	 97.65000	 66.13743	 97.65000
111.80000	 97.38000	 65.79835	 97.38000
112.00000	 96.98000	 65.35263	 96.98000
112.20000	 96.48000	 64.86538	 96.48000
112.40000	 95.91000	 64.39394	 95.91000
112.60000	 95.34000	 64.02165	 95.34000
112.80000	 94.74000	 63.72467	 94.74000
113.00000	 94.13000	 63.51679	 94.13000
113.20000	 93.53000	 63.40480	 93.53000
113.40000	 92.97000	 63.39915	 92.97000
113.60000	 92.53000	 63.55158	 92.53000
113.80000	 92.10000	 63.73105	 92.10000
114.00000	 91.68000	 63.91432	 91.68000
114.20000	 91.24000	 64.05739	 91.24000
114.40000	 90.71000	 64.08828	 90.71000
114.60000	 89.91000	 63.84665	 89.91000
114.80000	 89.15000	 63.64653	 89.15000
115.00000	 88.51000	 63.57766	 88.51000
115.20000	 88.05000	 63.69420	 88.05000
115.40000	 88.04000	 64.22650	 88.04000
115.60000	 88.47000	 65.11436	 88.47000
115.80000	 89.09000	 66.05967	 89.09000
116.00000	 89.82000	 66.93652	 89.82000
116.20000	 90.60000	 67.66019	 90.60000
116.40000	 91.32000	 68.12363	 91.32000
116.60000	 92.02000	 68.38411	 92.02000
116.80000	 92.67000	 68.44737	 92.67000
117.00000	 93.22000	 68.30912	 93.22000
117.20000	 93.52000	 67.87917	 93.52000
117.40000	 93.73000	 67.36488	 93.73000
117.60000	 93.85000	 66.81581	 93.85000
117.80000	 93.91000	 66.29697	 93.91000
118.00000	 93.91000	 65.83131	 93.91000
118.20000	 93.89000	 65.46635	 93.89000
118.40000	 93.86000	 65.20917	 93.86000
118.60000	 93.84000	 65.06646	 93.84000
118.80000	 93.85000	 65.03770	 93.85000
119.00000	 93.92000	 65.12665	 93.92000
119.20000	 94.05000	 65.30576	 94.05000
119.40000	 94.28000	 65.58434	 94.28000
119.60000	 94.77000	 66.08123	 94.77000
119.80000	 95.31000	 66.56353	 95.31000
120.00000	 95.85000	 66.95917	 95.85000
120.20000	 96.34000	 67.21231	 96.34000
120.40000	 96.73000	 67.28356	 96.73000
120.60000	 96.96000	 67.13933	 96.96000
120.80000	 96.96000	 66.75034	 96.96000
121.00000	 96.43000	 65.88775	 96.43000
121.20000	 95.47000	 64.72001	 95.47000
121.40000	 94.33000	 63.55813	 94.33000
121.60000	 93.11000	 62.54936	 93.11000
121.80000	 92.07000	 61.95644	 92.07000
122.00000	 91.43000	 61.95899	 91.43000
122.20000	 90.88000	 62.20054	 90.88000
122.40000	 90.38000	 62.57240	 90.38000
122.60000	 89.91000	 62.99415	 89.91000
122.80000	 89.45000	 63.39980	 89.45000
123.00000	 88.66000	 63.44523	 88.66000
123.20000	 87.88000	 63.45491	 87.88000
123.40000	 87.16000	 63.48638	 87.16000
123.60000	 86.53000	 63.57327	 86.53000
123.80000	 86.05000	 63.76985	 86.05000
124.00000	 85.90000	 64.23090	 85.90000
124.20000	 85.97000	 64.82335	 85.97000
124.40000	 86.20000	 65.45789	 86.20000
124.60000	 86.57000	 66.08876	 86.57000
124.80000	 87.11000	 66.72522	 87.11000
125.00000	 87.87000	 67.40033	 87.87000
125.20000	 88.70000	 67.96389	 88.70000
125.40000	 89.53000	 68.35376	 89.53000
125.60000	 90.30000	 68.53274	 90.30000
125.80000	 90.83000	 68.36759	 90.83000
126.00000	 91.19000	 67.97723	 91.19000
126.20000	 91.42000	 67.45721	 91.42000
126.40000	 91.53000	 66.86947	 91.53000
126.60000	 91.47000	 66.21075	 91.47000
126.80000	 91.21000	 65.48945	 91.21000
127.00000	 90.85000	 64.82804	 90.85000
127.20000	 90.44000	 64.28776	 90.44000
127.40000	 90.01000	 63.89522	 90.01000
127.60000	 89.59000	 63.66331	 89.59000
127.80000	 89.21000	 63.59424	 89.21000
128.00000	 88.92000	 63.70110	 88.92000
128.20000	 88.75000	 63.97218	 88.75000
128.40000	 88.74000	 64.40173	 88.74000
128.60000	 89.18000	 65.21229	 89.18000
128.80000	 89.88000	 66.16325	 89.88000
129.00000	 90.67000	 67.03983	 90.67000
129.20000	 91.50000	 67.76279	 91.50000
129.40000	 92.25000	 68.21335	 92.25000
129.60000	 92.81000	 68.31018	 92.81000
129.80000	 93.28000	 68.19213	 93.28000
130.00000	 93.68000	 67.93023	 93.68000
130.20000	 93.99000	 67.55604	 93.99000
130.40000	 94.18000	 67.08702	 94.18000
130.60000	 94.28000	 66.59072	 94.28000
130.80000	 94.28000	 66.08802	 94.28000
131.00000	 94.19000	 65.60939	 94.19000
131.20000	 94.01000	 65.16711	 94.01000
131.40000	 93.63000	 64.66493	 93.63000
131.60000	 93.18000	 64.23112	 93.18000
131.80000	 92.72000	 63.92030	 92.72000
132.00000	 92.26000	 63.72963	 92.26000
132.20000	 91.85000	 63.68536	 91.85000
132.40000	 91.58000	 63.84284	 91.58000
132.60000	 91.41000	 64.12745	 91.41000
132.80000	 91.33000	 64.49193	 91.33000
133.00000	 91.37000	 64.93012	 91.37000
133.20000	 91.58000	 65.45785	 91.58000
133.40000	 92.11000	 66.18404	 92.11000
133.60000	 92.71000	 66.84042	 92.71000
133.80000	 93.30000	 67.33362	 93.30000
134.00000	 93.83000	 67.61936	 93.83000
134.20000	 94.07000	 67.50685	 94.07000
134.40000	 94.13000	 67.14881	 94.13000
134.60000	 94.06000	 66.64982	 94.06000
134.80000	 93.89000	 66.09119	 93.89000
135.00000	 93.62000	 65.51555	 93.62000
135.20000	 93.26000	 64.96307	 93.26000
135.40000	 92.83000	 64.47122	 92.83000
135.60000	 92.34000	 64.05657	 92.34000
135.80000	 91.79000	 63.71677	 91.79000
136.00000	 91.15000	 63.41544	 91.15000
136.20000	 90.40000	 63.12431	 90.40000
136.40000	 89.68000	 62.96410	 89.68000
136.60000	 89.04000	 62.96293	 89.04000
136.80000	 88.54000	 63.14867	 88.54000
137.00000	 88.35000	 63.64132	 88.35000
137.20000	 88.55000	 64.46075	 88.55000
137.40000	 88.91000	 65.32803	 88.91000
137.60000	 89.38000	 66.14625	 89.38000
137.80000	 89.94000	 66.86658	 89.94000
138.00000	 90.55000	 67.44061	 90.55000
138.20000	 91.17000	 67.83744	 91.17000
138.40000	 91.76000	 68.04113	 91.76000
138.60000	 92.27000	 68.03839	 92.27000
138.80000	 92.55000	 67.73330	 92.55000
139.00000	 92.60000	 67.18317	 92.60000
139.20000	 92.55000	 66.57005	 92.55000
139.40000	 92.43000	 65.97057	 92.43000
139.60000	 92.28000	 65.45405	 92.28000
139.80000	 92.23000	 65.15468	 92.23000
140.00000	 92.15000	 64.94264	 92.15000
140.20000	 92.04000	 64.80251	 92.04000
140.40000	 91.89000	 64.70754	 91.89000
140.60000	 91.55000	 64.50331	 91.55000
140.80000	 91.06000	 64.22520	 91.06000
141.00000	 90.62000	 64.06290	 90.62000
141.20000	 90.27000	 64.04632	 90.27000
141.40000	 90.09000	 64.23061	 90.09000
141.60000	 90.55000	 65.01656	 90.55000
141.80000	 91.18000	 65.89428	 91.18000
142.00000	 91.89000	 66.71888	 91.89000
142.20000	 92.61000	 67.38814	 92.61000
142.40000	 93.13000	 67.69744	 93.13000
142.60000	 93.46000	 67.68177	 93.46000
142.80000	 93.68000	 67.46298	 93.68000
143.00000	 93.79000	 67.09354	 93.79000
143.20000	 93.77000	 66.60546	 93.77000
143.40000	 93.56000	 65.98945	 93.56000
143.60000	 93.27000	 65.39022	 93.27000
143.80000	 92.92000	 64.85459	 92.92000
144.00000	 92.54000	 64.42371	 92.54000
144.20000	 92.22000	 64.17976	 92.22000
144.40000	 91.95000	 64.09553	 91.95000
144.60000	 91.67000	 64.08837	 91.67000
144.80000	 91.37000	 64.12271	 91.37000
145.00000	 91.06000	 64.18556	 91.06000
145.20000	 90.55000	 64.08408	 90.55000
145.40000	 89.95000	 63.92214	 89.95000
145.60000	 89.43000	 63.86348	 89.43000
145.80000	 89.08000	 63.98639	 89.08000
146.00000	 88.95000	 64.31684	 88.95000
146.20000	 89.58000	 65.31833	 89.58000
146.40000	 90.42000	 66.39991	 90.42000
146.60000	 91.39000	 67.42185	 91.39000
146.80000	 92.39000	 68.25227	 92.39000
147.00000	 93.24000	 68.71617	 93.24000
147.20000	 93.94000	 68.84143	 93.94000
147.40000	 94.53000	 68.71596	 94.53000
147.60000	 94.99000	 68.38029	 94.99000
147.80000	 95.25000	 67.83051	 95.25000
148.00000	 95.29000	 67.11002	 95.29000
148.20000	 95.19000	 66.35095	 95.19000
148.40000	 94.96000	 65.60644	 94.96000
148.60000	 94.61000	 64.91451	 94.61000
148.80000	 94.04000	 64.19795	 94.04000
149.00000	 93.43000	 63.63448	 93.43000
149.20000	 92.83000	 63.26393	 92.83000
149.40000	 92.30000	 63.11900	 92.30000
149.60000	 92.01000	 63.31920	 92.01000
149.80000	 92.03000	 63.87118	 92.03000
150.00000	 92.18000	 64.53665	 92.18000
150.20000	 92.42000	 65.21796	 92.42000
150.40000	 92.75000	 65.87160	 92.75000
150.60000	 93.24000	 66.53464	 93.24000
150.80000	 93.74000	 67.04958	 93.74000
151.00000	 94.18000	 67.35256	 94.18000
151.20000	 94.51000	 67.41793	 94.51000
151.40000	 94.50000	 67.07054	 94.50000
151.60000	 94.22000	 66.43842	 94.22000
151.80000	 93.80000	 65.71170	 93.80000
152.00000	 93.27000	 64.97553	 93.27000
152.20000	 92.68000	 64.31645	 92.68000
152.40000	 92.08000	 63.80110	 92.08000
152.60000	 91.44000	 63.40260	 91.44000
152.80000	 90.78000	 63.12868	 90.78000
153.00000	 90.11000	 62.96932	 90.11000
153.20000	 89.40000	 62.87278	 89.40000
153.40000	 88.64000	 62.80712	 88.64000
153.60000	 87.95000	 62.86393	 87.95000
153.80000	 87.36000	 63.04636	 87.36000
154.00000	 86.93000	 63.38092	 86.93000
154.20000	 86.83000	 63.99001	 86.83000
154.40000	 87.09000	 64.85227	 87.09000
154.60000	 87.50000	 65.71738	 87.50000
154.80000	 88.01000	 66.49972	 88.01000
155.00000	 88.60000	 67.16150	 88.60000
155.20000	 89.17000	 67.60884	 89.17000
155.40000	 89.74000	 67.87912	 89.74000
155.60000	 90.29000	 67.98381	 90.29000
155.80000	 90.77000	 67.91328	 90.77000
156.00000	 91.09000	 67.62637	 91.09000
156.20000	 91.27000	 67.19050	 91.27000
156.40000	 91.38000	 66.71785	 91.38000
156.60000	 91.46000	 66.28164	 91.46000
156.80000	 91.53000	 65.92202	 91.53000
157.00000	 91.63000	 65.68353	 91.63000
157.20000	 91.74000	 65.54175	 91.74000
157.40000	 91.85000	 65.47418	 91.85000
157.60000	 91.98000	 65.48296	 91.98000
157.80000	 92.08000	 65.50368	 92.08000
158.00000	 92.23000	 65.59595	 92.23000
158.20000	 92.43000	 65.74343	 92.43000
158.40000	 92.71000	 65.95727	 92.71000
158.60000	 93.14000	 66.28429	 93.14000
158.80000	 93.64000	 66.62833	 93.64000
159.00000	 94.20000	 66.96307	 94.20000
159.20000	 94.90000	 67.35120	 94.90000
159.40000	 95.71000	 67.75280	 95.71000
159.60000	 96.38000	 67.92832	 96.38000
159.80000	 96.79000	 67.78190	 96.79000
160.00000	 96.38000	 66.83860	 96.38000
160.20000	 95.50000	 65.52205	 95.50000
160.40000	 94.41000	 64.17631	 94.41000
160.60000	 93.23000	 62.98682	 93.23000
160.80000	 92.52000	 62.50560	 92.52000
161.00000	 92.08000	 62.50810	 92.08000
161.20000	 91.72000	 62.74615	 91.72000
161.40000	 91.39000	 63.10077	 91.39000
161.60000	 91.04000	 63.46444	 91.04000
161.80000	 90.50000	 63.63735	 90.50000
162.00000	 89.65000	 63.49675	 89.65000
162.20000	 88.81000	 63.35751	 88.81000
162.40000	 88.04000	 63.28894	 88.04000
162.60000	 87.39000	 63.34023	 87.39000
162.80000	 87.09000	 63.71400	 87.09000
163.00000	 87.18000	 64.41093	 87.18000
163.20000	 87.42000	 65.15541	 87.42000
163.40000	 87.74000	 65.84081	 87.74000
163.60000	 88.11000	 66.41603	 88.11000
163.80000	 88.40000	 66.75575	 88.40000
164.00000	 88.64000	 66.90572	 88.64000
164.20000	 88.85000	 66.91479	 88.85000
164.40000	 89.03000	 66.81733	 89.03000
164.60000	 89.14000	 66.61039	 89.14000
164.80000	 89.16000	 66.30924	 89.16000
165.00000	 89.13000	 65.98272	 89.13000
165.20000	 89.05000	 65.65536	 89.05000
165.40000	 88.92000	 65.34412	 88.92000
165.60000	 88.72000	 65.04074	 88.72000
165.80000	 88.46000	 64.76056	 88.46000
166.00000	 88.19000	 64.55153	 88.19000
166.20000	 87.95000	 64.44502	 87.95000
166.40000	 87.74000	 64.42765	 87.74000
166.60000	 87.58000	 64.50014	 87.58000
166.80000	 87.51000	 64.67865	 87.51000
167.00000	 87.54000	 64.94819	 87.54000
167.20000	 87.72000	 65.32957	 87.72000
167.40000	 88.20000	 65.93297	 88.20000
167.60000	 89.03000	 66.76467	 89.03000
167.80000	 89.91000	 67.50026	 89.91000
168.00000	 90.75000	 68.03259	 90.75000
168.20000	 91.43000	 68.25359	 91.43000
168.40000	 91.60000	 67.87216	 91.60000
168.60000	 91.59000	 67.26924	 91.59000
168.80000	 91.43000	 66.54670	 91.43000
169.00000	 91.16000	 65.80381	 91.16000
169.20000	 90.84000	 65.14076	 90.84000
169.40000	 90.47000	 64.58104	 90.47000
169.60000	 90.03000	 64.11266	 90.03000
169.80000	 89.56000	 63.76808	 89.56000
170.00000	 89.04000	 63.51413	 89.04000
170.20000	 88.47000	 63.33190	 88.47000
170.40000	 87.88000	 63.22904	 87.88000
170.60000	 87.33000	 63.23935	 87.33000
170.80000	 86.82000	 63.33739	 86.82000
171.00000	 86.40000	 63.54330	 86.40000
171.20000	 86.15000	 63.90271	 86.15000
171.40000	 86.04000	 64.35443	 86.04000
171.60000	 86.04000	 64.83914	 86.04000
171.80000	 86.14000	 65.32272	 86.14000
172.00000	 86.34000	 65.78820	 86.34000
172.20000	 86.74000	 66.31771	 86.74000
172.40000	 87.21000	 66.77913	 87.21000
172.60000	 87.72000	 67.14278	 87.72000
172.80000	 88.21000	 67.36133	 88.21000
173.00000	 88.63000	 67.40796	 88.63000
173.20000	 88.94000	 67.27528	 88.94000
173.40000	 89.18000	 67.03723	 89.18000
173.60000	 89.35000	 66.72937	 89.35000
173.80000	 89.43000	 66.36443	 89.43000
174.00000	 89.35000	 65.90482	 89.35000
174.20000	 89.19000	 65.45134	 89.19000
174.40000	 88.95000	 65.02211	 88.95000
174.60000	 88.66000	 64.65486	 88.66000
174.80000	 88.31000	 64.34142	 88.31000
175.00000	 87.78000	 63.96697	 87.78000
175.20000	 87.28000	 63.72700	 87.28000
175.40000	 86.86000	 63.65645	 86.86000
175.60000	 86.58000	 63.78696	 86.58000
175.80000	 86.61000	 64.23978	 86.61000
176.00000	 87.17000	 65.16296	 87.17000
176.20000	 87.86000	 66.10746	 87.86000
176.40000	 88.63000	 66.96930	 88.63000
176.60000	 89.41000	 67.65193	 89.41000
176.80000	 89.98000	 67.94773	 89.98000
177.00000	 90.43000	 67.97205	 90.43000
177.20000	 90.80000	 67.80974	 90.80000
177.40000	 91.08000	 67.50239	 91.08000
177.60000	 91.22000	 67.05278	 91.22000
177.80000	 91.21000	 66.49867	 91.21000
178.00000	 91.11000	 65.93739	 91.11000
178.20000	 90.94000	 65.41704	 90.94000
178.40000	 90.69000	 64.94499	 90.69000
178.60000	 90.37000	 64.53719	 90.37000
178.80000	 90.00000	 64.21051	 90.00000
179.00000	 89.63000	 64.00211	 89.63000
179.20000	 89.28000	 63.91307	 89.28000
179.40000	 88.98000	 63.94774	 88.98000
179.60000	 88.83000	 64.17035	 88.83000
179.80000	 88.76000	 64.47982	 88.76000
180.00000	 88.77000	 64.84264	 88.77000
180.20000	 88.86000	 65.23069	 88.86000
180.40000	 89.07000	 65.65905	 89.07000
180.60000	 89.43000	 66.13669	 89.43000
180.80000	 89.82000	 66.53592	 89.82000
181.00000	 90.21000	 66.82466	 90.21000
181.20000	 90.57000	 66.98265	 90.57000
181.40000	 90.73000	 66.87097	 90.73000
181.60000	 90.78000	 66.60962	 90.78000
181.80000	 90.77000	 66.28434	 90.77000
182.00000	 90.70000	 65.92860	 90.70000
182.20000	 90.58000	 65.57754	 90.58000
182.40000	 90.40000	 65.23941	 90.40000
182.60000	 90.20000	 64.96174	 90.20000
182.80000	 89.98000	 64.74620	 89.98000
183.00000	 89.75000	 64.59724	 89.75000
183.20000	 89.51000	 64.50525	 89.51000
183.40000	 89.23000	 64.43056	 89.23000
183.60000	 89.02000	 64.46428	 89.02000
183.80000	 88.92000	 64.62610	 88.92000
184.00000	 88.95000	 64.91061	 88.95000
184.20000	 89.30000	 65.46471	 89.30000
184.40000	 90.00000	 66.27173	 90.00000
184.60000	 90.79000	 67.03860	 90.79000
184.80000	 91.61000	 67.67673	 91.61000
185.00000	 92.39000	 68.11086	 92.39000
185.20000	 92.89000	 68.13199	 92.89000
185.40000	 93.30000	 67.96155	 93.30000
185.60000	 93.63000	 67.65908	 93.63000
185.80000	 93.86000	 67.25338	 93.86000
186.00000	 93.99000	 66.78673	 93.99000
186.20000	 94.04000	 66.31238	 94.04000
186.40000	 94.00000	 65.84587	 94.00000
186.60000	 93.87000	 65.40341	 93.87000
186.80000	 93.67000	 65.01219	 93.67000
187.00000	 93.36000	 64.63654	 93.36000
187.20000	 92.98000	 64.31235	 92.98000
187.40000	 92.55000	 64.05241	 92.55000
187.60000	 92.08000	 63.85586	 92.08000
187.80000	 91.51000	 63.65448	 91.51000
188.00000	 90.85000	 63.44873	 90.85000
188.20000	 90.22000	 63.34318	 90.22000
188.40000	 89.70000	 63.39795	 89.70000
188.60000	 89.33000	 63.62554	 89.33000
188.80000	 89.41000	 64.26892	 89.41000
189.00000	 89.81000	 65.14717	 89.81000
189.20000	 90.32000	 66.00298	 90.32000
189.40000	 90.89000	 66.74828	 90.89000
189.60000	 91.42000	 67.27250	 91.42000
189.80000	 91.70000	 67.39053	 91.70000
190.00000	 91.94000	 67.33904	 91.94000
190.20000	 92.15000	 67.17336	 92.15000
190.40000	 92.34000	 66.94538	 92.34000
190.60000	 92.57000	 66.74572	 92.57000
190.80000	 92.80000	 66.55948	 92.80000
191.00000	 93.00000	 66.37299	 93.00000
191.20000	 93.15000	 66.17745	 93.15000
191.40000	 93.24000	 65.97106	 93.24000
191.60000	 93.24000	 65.73230	 93.24000
191.80000	 93.17000	 65.48665	 93.17000
192.00000	 93.05000	 65.25796	 93.05000
192.20000	 92.88000	 65.04830	 92.88000
192.40000	 92.53000	 64.73766	 92.53000
192.60000	 92.12000	 64.44535	 92.12000
192.80000	 91.78000	 64.29525	 91.78000
193.00000	 91.54000	 64.30463	 91.54000
193.20000	 91.58000	 64.61694	 91.58000
193.40000	 92.05000	 65.32666	 92.05000
193.60000	 92.63000	 66.07251	 92.63000
193.80000	 93.27000	 66.75893	 93.27000
194.00000	 93.89000	 67.28373	 93.89000
194.20000	 94.31000	 67.47685	 94.31000
194.40000	 94.68000	 67.50413	 94.68000
194.60000	 94.99000	 67.39133	 94.99000
194.80000	 95.23000	 67.16658	 95.23000
195.00000	 95.36000	 66.82944	 95.36000
195.20000	 95.44000	 66.47069	 95.44000
195.40000	 95.46000	 66.10773	 95.46000
195.60000	 95.45000	 65.78687	 95.45000
195.80000	 95.43000	 65.53541	 95.43000
196.00000	 95.43000	 65.38054	 95.43000
196.20000	 95.40000	 65.26688	 95.40000
196.40000	 95.34000	 65.18396	 95.34000
196.60000	 95.23000	 65.10319	 95.23000
196.80000	 95.04000	 64.98963	 95.04000
197.00000	 94.78000	 64.85034	 94.78000
197.20000	 94.50000	 64.73215	 94.50000
197.40000	 94.20000	 64.63361	 94.20000
197.60000	 93.84000	 64.51504	 93.84000
197.80000	 93.47000	 64.42220	 93.47000
198.00000	 93.16000	 64.41687	 93.16000
198.20000	 92.95000	 64.52584	 92.95000
198.40000	 93.11000	 64.97988	 93.11000
198.60000	 93.46000	 65.56925	 93.46000
198.80000	 93.78000	 66.04858	 93.78000
199.00000	 93.96000	 66.29724	 93.96000
199.20000	 93.53000	 65.89113	 93.53000
199.40000	 92.75000	 65.13592	 92.75000
199.60000	 91.81000	 64.28486	 91.81000
199.80000	 90.78000	 63.46547	 90.78000
200.00000	 89.88000	 62.92065	 89.88000
200.20000	 89.17000	 62.70790	 89.17000
200.40000	 88.50000	 62.65976	 88.50000
200.60000	 87.87000	 62.74029	 87.87000
200.80000	 87.26000	 62.89411	 87.26000
201.00000	 86.66000	 63.07950	 86.66000
201.20000	 86.02000	 63.22500	 86.02000
201.40000	 85.43000	 63.39944	 85.43000
201.60000	 84.89000	 63.59053	 84.89000
201.80000	 84.41000	 63.79746	 84.41000
202.00000	 83.99000	 64.01190	 83.99000
202.20000	 83.58000	 64.18150	 83.58000
202.40000	 83.32000	 64.43488	 83.32000
202.60000	 83.25000	 64.80103	 83.25000
202.80000	 83.41000	 65.30104	 83.41000
203.00000	 84.08000	 66.16923	 84.08000
203.20000	 85.17000	 67.27284	 85.17000
203.40000	 86.40000	 68.29819	 86.40000
203.60000	 87.68000	 69.13127	 87.68000
203.80000	 88.88000	 69.64920	 88.88000
204.00000	 89.80000	 69.69542	 89.80000
204.20000	 90.60000	 69.48023	 90.60000
204.40000	 91.26000	 69.05347	 91.26000
204.60000	 91.75000	 68.45459	 91.75000
204.80000	 91.94000	 67.62644	 91.94000
205.00000	 91.94000	 66.73457	 91.94000
205.20000	 91.82000	 65.89364	 91.82000
205.40000	 91.61000	 65.16101	 91.61000
205.60000	 91.37000	 64.60206	 91.37000
205.80000	 91.18000	 64.28095	 91.18000
206.00000	 90.99000	 64.12271	 90.99000
206.20000	 90.80000	 64.09190	 90.80000
206.40000	 90.63000	 64.17028	 90.63000
206.60000	 90.48000	 64.32219	 90.48000
206.80000	 90.37000	 64.53443	 90.37000
207.00000	 90.32000	 64.79785	 90.32000
207.20000	 90.35000	 65.10705	 90.35000
207.40000	 90.46000	 65.44136	 90.46000
207.60000	 90.81000	 65.93138	 90.81000
207.80000	 91.39000	 66.54213	 91.39000
208.00000	 91.98000	 67.04241	 91.98000
208.20000	 92.53000	 67.37672	 92.53000
208.40000	 92.97000	 67.48975	 92.97000
208.60000	 92.94000	 67.07743	 92.94000
208.80000	 92.77000	 66.51090	 92.77000
209.00000	 92.49000	 65.87891	 92.49000
209.20000	 92.14000	 65.26662	 92.14000
209.40000	 91.79000	 64.76988	 91.79000
209.60000	 91.49000	 64.44554	 91.49000
209.80000	 91.17000	 64.22052	 91.17000
210.00000	 90.84000	 64.08854	 90.84000
210.20000	 90.49000	 64.02086	 90.49000
210.40000	 90.12000	 63.99785	 90.12000
210.60000	 89.74000	 64.01082	 89.74000
210.80000	 89.35000	 64.04398	 89.35000
211.00000	 88.95000	 64.08448	 88.95000
211.20000	 88.55000	 64.13190	 88.55000
211.40000	 88.09000	 64.12373	 88.09000
211.60000	 87.48000	 63.97731	 87.48000
211.80000	 86.93000	 63.89866	 86.93000
212.00000	 86.49000	 63.93638	 86.49000
212.20000	 86.22000	 64.13662	 86.22000
212.40000	 86.27000	 64.61601	 86.27000
212.60000	 86.79000	 65.47185	 86.79000
212.80000	 87.49000	 66.37449	 87.49000
213.00000	 88.30000	 67.21185	 88.30000
213.20000	 89.18000	 67.92049	 89.18000
213.40000	 90.01000	 68.38391	 90.01000
213.60000	 90.82000	 68.64857	 90.82000
213.80000	 91.59000	 68.72793	 91.59000
214.00000	 92.30000	 68.64312	 92.30000
214.20000	 92.86000	 68.35418	 92.86000
214.40000	 93.29000	 67.92819	 93.29000
214.60000	 93.63000	 67.44840	 93.63000
214.80000	 93.90000	 66.97031	 93.90000
215.00000	 94.13000	 66.54690	 94.13000
215.20000	 94.35000	 66.21812	 94.35000
215.40000	 94.50000	 65.92834	 94.50000
215.60000	 94.59000	 65.68265	 94.59000
215.80000	 94.59000	 65.44633	 94.59000
216.00000	 94.37000	 65.09386	 94.37000
216.20000	 94.03000	 64.72366	 94.03000
216.40000	 93.66000	 64.42447	 93.66000
216.60000	 93.31000	 64.23960	 93.31000
216.80000	 93.04000	 64.21162	 93.04000
217.00000	 93.02000	 64.47341	 93.02000
217.20000	 93.12000	 64.86217	 93.12000
217.40000	 93.34000	 65.33617	 93.34000
217.60000	 93.69000	 65.86783	 93.69000
217.80000	 94.25000	 66.50005	 94.25000
218.00000	 95.06000	 67.23921	 95.06000
218.20000	 95.92000	 67.87066	 95.92000
218.40000	 96.75000	 68.30982	 96.75000
218.60000	 97.51000	 68.53046	 97.51000
218.80000	 97.91000	 68.29374	 97.91000
219.00000	 98.17000	 67.86395	 98.17000
219.20000	 98.29000	 67.30202	 98.29000
219.40000	 98.29000	 66.68080	 98.29000
219.60000	 98.13000	 66.00660	 98.13000
219.80000	 97.84000	 65.34159	 97.84000
220.00000	 97.46000	 64.74539	 97.46000
220.20000	 96.99000	 64.22715	 96.99000
220.40000	 96.47000	 63.82245	 96.47000
220.60000	 95.74000	 63.37247	 95.74000
220.80000	 95.03000	 63.08456	 95.03000
221.00000	 94.39000	 62.98652	 94.39000
221.20000	 93.89000	 63.11229	 93.89000
221.40000	 93.68000	 63.55777	 93.68000
221.60000	 94.07000	 64.54922	 94.07000
221.80000	 94.62000	 65.59059	 94.62000
222.00000	 95.25000	 66.54058	 95.25000
222.20000	 95.89000	 67.29674	 95.89000
222.40000	 96.34000	 67.66713	 96.34000
222.60000	 96.63000	 67.71000	 96.63000
222.80000	 96.82000	 67.53246	 96.82000
223.00000	 96.90000	 67.18198	 96.90000
223.20000	 96.84000	 66.68638	 96.84000
223.40000	 96.61000	 66.06992	 96.61000
223.60000	 96.27000	 65.43483	 96.27000
223.80000	 95.83000	 64.82444	 95.83000
224.00000	 95.31000	 64.27827	 95.31000
224.20000	 94.68000	 63.77714	 94.68000
224.40000	 94.00000	 63.37759	 94.00000
224.60000	 93.28000	 63.08005	 93.28000
224.80000	 92.56000	 62.90552	 92.56000
225.00000	 91.86000	 62.84981	 91.86000
225.20000	 91.15000	 62.85849	 91.15000
225.40000	 90.53000	 62.99883	 90.53000
225.60000	 90.03000	 63.26899	 90.03000
225.80000	 89.71000	 63.69173	 89.71000
226.00000	 89.72000	 64.36840	 89.72000
226.20000	 90.17000	 65.35137	 90.17000
226.40000	 90.75000	 66.29352	 90.75000
226.60000	 91.41000	 67.11002	 91.41000
226.80000	 92.06000	 67.70327	 92.06000
227.00000	 92.52000	 67.91854	 92.52000
227.20000	 92.91000	 67.90916	 92.91000
227.40000	 93.21000	 67.70761	 93.21000
227.60000	 93.41000	 67.35796	 93.41000
227.80000	 93.39000	 66.80059	 93.39000
228.00000	 93.24000	 66.17264	 93.24000
228.20000	 93.00000	 65.55504	 93.00000
228.40000	 92.70000	 65.00476	 92.70000
228.60000	 92.26000	 64.46212	 92.26000
228.80000	 91.74000	 63.99095	 91.74000
229.00000	 91.33000	 63.76504	 91.33000
229.20000	 91.09000	 63.81592	 91.09000
229.40000	 91.30000	 64.35878	 91.30000
229.60000	 92.10000	 65.44732	 92.10000
229.80000	 93.09000	 66.61105	 93.09000
230.00000	 94.19000	 67.69858	 94.19000
230.20000	 95.26000	 68.53469	 95.26000
230.40000	 96.19000	 69.00979	 96.19000
230.60000	 97.00000	 69.17037	 97.00000
230.80000	 97.64000	 69.01949	 97.64000
231.00000	 97.98000	 68.50071	 97.98000
231.20000	 97.88000	 67.56330	 97.88000
231.40000	 97.56000	 66.50246	 97.56000
231.60000	 97.07000	 65.43978	 97.07000
231.80000	 96.44000	 64.45506	 96.44000
232.00000	 95.67000	 63.57683	 95.67000
232.20000	 94.87000	 62.91567	 94.87000
232.40000	 94.09000	 62.50349	 94.09000
232.60000	 93.39000	 62.36219	 93.39000
232.80000	 92.96000	 62.61794	 92.96000
233.00000	 92.82000	 63.21841	 92.82000
233.20000	 92.81000	 63.93535	 92.81000
233.40000	 92.89000	 64.66504	 92.89000
233.60000	 93.05000	 65.35088	 93.05000
233.80000	 93.25000	 65.92756	 93.25000
234.00000	 93.48000	 66.37654	 93.48000
234.20000	 93.70000	 66.66671	 93.70000
234.40000	 93.88000	 66.78942	 93.88000
234.60000	 93.95000	 66.70921	 93.95000
234.80000	 93.89000	 66.44671	 93.89000
235.00000	 93.77000	 66.11034	 93.77000
235.20000	 93.59000	 65.73749	 93.59000
235.40000	 93.37000	 65.37579	 93.37000
235.60000	 93.09000	 65.02595	 93.09000
235.80000	 92.79000	 64.73677	 92.79000
236.00000	 92.47000	 64.51078	 92.47000
236.20000	 92.16000	 64.37130	 92.16000
236.40000	 91.89000	 64.33480	 91.89000
236.60000	 91.67000	 64.39310	 91.67000
236.80000	 91.46000	 64.48848	 91.46000
237.00000	 91.26000	 64.60297	 91.26000
237.20000	 91.04000	 64.69474	 91.04000
237.40000	 90.70000	 64.66409	 90.70000
237.60000	 90.43000	 64.69177	 90.43000
237.80000	 90.29000	 64.83174	 90.29000
238.00000	 90.40000	 65.18308	 90.40000
238.20000	 90.97000	 65.91156	 90.97000
238.40000	 91.67000	 66.65984	 91.67000
238.60000	 92.40000	 67.29703	 92.40000
238.80000	 93.04000	 67.69638	 93.04000
239.00000	 93.53000	 67.81374	 93.53000
239.20000	 93.86000	 67.67397	 93.86000
239.40000	 93.99000	 67.28793	 93.99000
239.60000	 93.68000	 66.49087	 93.68000
239.80000	 93.02000	 65.44244	 93.02000
240.00000	 92.22000	 64.41217	 92.22000
240.20000	 91.32000	 63.48780	 91.32000
240.40000	 90.54000	 62.89672	 90.54000
240.60000	 89.88000	 62.62493	 89.88000
240.80000	 89.25000	 62.54997	 89.25000
241.00000	 88.65000	 62.62575	 88.65000
241.20000	 88.09000	 62.81536	 88.09000
241.40000	 87.60000	 63.10376	 87.60000
241.60000	 87.14000	 63.41542	 87.14000
241.80000	 86.70000	 63.71217	 86.70000
242.00000	 86.26000	 63.95699	 86.26000
242.20000	 85.71000	 64.04076	 85.71000
242.40000	 85.01000	 63.93624	 85.01000
242.60000	 84.40000	 63.88830	 84.40000
242.80000	 83.95000	 63.97286	 83.95000
243.00000	 83.73000	 64.25001	 83.73000
243.20000	 84.12000	 65.04841	 84.12000
243.40000	 84.81000	 66.02030	 84.81000
243.60000	 85.71000	 67.02360	 85.71000
243.80000	 86.75000	 67.95028	 86.75000
244.00000	 87.83000	 68.68564	 87.83000
244.20000	 88.93000	 69.21373	 88.93000
244.40000	 90.09000	 69.59270	 90.09000
244.60000	 91.30000	 69.84235	 91.30000
244.80000	 92.80000	 70.21580	 92.80000
245.00000	 94.56000	 70.69670	 94.56000
245.20000	 96.05000	 70.79567	 96.05000
245.40000	 97.05000	 70.34473	 97.05000
245.60000	 96.89000	 68.80270	 96.89000
245.80000	 94.61000	 65.43990	 94.61000
246.00000	 91.94000	 62.12206	 91.94000
246.20000	 89.26000	 59.38394	 89.26000
246.40000	 86.96000	 57.65754	 86.96000
246.60000	 87.30000	 58.97696	 87.30000
246.80000	 88.52000	 61.40915	 88.52000
247.00000	 90.13000	 64.18195	 90.13000
247.20000	 91.88000	 66.81131	 91.88000
247.40000	 93.13000	 68.54651	 93.13000
247.60000	 93.40000	 68.91766	 93.40000
247.80000	 93.52000	 68.79579	 93.52000
248.00000	 93.60000	 68.40307	 93.60000
248.20000	 93.73000	 67.93161	 93.73000
248.40000	 94.50000	 68.00723	 94.50000
248.60000	 95.31000	 68.08510	 95.31000
248.80000	 96.08000	 68.09631	 96.08000
249.00000	 96.72000	 67.96757	 96.72000
249.20000	 96.81000	 67.33219	 96.81000
249.40000	 96.63000	 66.50825	 96.63000
249.60000	 96.31000	 65.67461	 96.31000
249.80000	 95.90000	 64.91899	 95.90000
250.00000	 95.57000	 64.41908	 95.57000
250.20000	 95.32000	 64.16559	 95.32000
250.40000	 95.08000	 64.06453	 95.08000
250.60000	 94.82000	 64.05339	 94.82000
250.80000	 94.56000	 64.11783	 94.56000
251.00000	 94.27000	 64.20045	 94.27000
251.20000	 93.96000	 64.28805	 93.96000
251.40000	 93.65000	 64.38298	 93.65000
251.60000	 93.35000	 64.48267	 93.35000
251.80000	 93.07000	 64.58771	 93.07000
252.00000	 92.76000	 64.64570	 92.76000
252.20000	 92.49000	 64.72098	 92.49000
252.40000	 92.28000	 64.83034	 92.28000
252.60000	 92.15000	 64.98795	 92.15000
252.80000	 92.12000	 65.20484	 92.12000
253.00000	 92.19000	 65.47048	 92.19000
253.20000	 92.40000	 65.80993	 92.40000
253.40000	 92.77000	 66.22672	 92.77000
253.60000	 93.46000	 66.85065	 93.46000
253.80000	 94.33000	 67.52192	 94.33000
254.00000	 95.23000	 68.07691	 95.23000
254.20000	 96.07000	 68.42614	 96.07000
254.40000	 96.80000	 68.53837	 96.80000
254.60000	 97.31000	 68.34487	 97.31000
254.80000	 97.54000	 67.84149	 97.54000
255.00000	 97.18000	 66.80731	 97.18000
255.20000	 96.15000	 65.26242	 96.15000
255.40000	 94.88000	 63.71428	 94.88000
255.60000	 93.53000	 62.38749	 93.53000
255.80000	 92.51000	 61.69162	 92.51000
256.00000	 91.91000	 61.67279	 91.91000
256.20000	 91.44000	 61.97557	 91.44000
256.40000	 91.06000	 62.47151	 91.06000
256.60000	 90.74000	 63.05146	 90.74000
256.80000	 90.38000	 63.55910	 90.38000
257.00000	 89.99000	 63.96588	 89.99000
257.20000	 89.61000	 64.29194	 89.61000
257.40000	 89.23000	 64.52421	 89.23000
257.60000	 88.86000	 64.67810	 88.86000
257.80000	 88.34000	 64.61820	 88.34000
258.00000	 87.82000	 64.51056	 87.82000
258.20000	 87.41000	 64.48031	 87.41000
258.40000	 87.14000	 64.56451	 87.14000
258.60000	 87.17000	 64.90625	 87.17000
258.80000	 87.63000	 65.59845	 87.63000
259.00000	 88.26000	 66.35110	 88.26000
259.20000	 88.98000	 67.04997	 88.98000
259.40000	 89.72000	 67.60780	 89.72000
259.60000	 90.38000	 67.93014	 90.38000
259.80000	 91.02000	 68.09264	 91.02000
260.00000	 91.60000	 68.08775	 91.60000
260.20000	 92.09000	 67.92389	 92.09000
260.40000	 92.39000	 67.54891	 92.39000
260.60000	 92.63000	 67.12958	 92.63000
260.80000	 92.83000	 66.72107	 92.83000
261.00000	 93.02000	 66.37536	 93.02000
261.20000	 93.31000	 66.20451	 93.31000
261.40000	 93.59000	 66.09854	 93.59000
261.60000	 93.87000	 66.05437	 93.87000
261.80000	 94.14000	 66.04845	 94.14000
262.00000	 94.34000	 66.01205	 94.34000
262.20000	 94.52000	 65.98450	 94.52000
262.40000	 94.70000	 65.97874	 94.70000
262.60000	 94.88000	 65.98893	 94.88000
262.80000	 95.11000	 66.05548	 95.11000
263.00000	 95.34000	 66.12332	 95.34000
263.20000	 95.58000	 66.19524	 95.58000
263.40000	 95.80000	 66.23881	 95.80000
263.60000	 96.00000	 66.25337	 96.00000
263.80000	 96.20000	 66.25955	 96.20000
264.00000	 96.42000	 66.27807	 96.42000
264.20000	 96.84000	 66.47497	 96.84000
264.40000	 97.24000	 66.63173	 97.24000
264.60000	 97.50000	 66.63052	 97.50000
264.80000	 97.41000	 66.28779	 97.41000
265.00000	 96.66000	 65.35677	 96.66000
265.20000	 95.67000	 64.30481	 95.67000
265.40000	 94.53000	 63.28185	 94.53000
265.60000	 93.42000	 62.49692	 93.42000
265.80000	 92.54000	 62.14157	 92.54000
266.00000	 91.71000	 62.01529	 91.71000
266.20000	 90.93000	 62.07226	 90.93000
266.40000	 90.21000	 62.27267	 90.21000
266.60000	 89.55000	 62.56915	 89.55000
266.80000	 88.96000	 62.92909	 88.96000
267.00000	 88.43000	 63.30847	 88.43000
267.20000	 87.94000	 63.66306	 87.94000
267.40000	 87.51000	 63.99577	 87.51000
267.60000	 86.98000	 64.15091	 86.98000
267.80000	 86.50000	 64.27718	 86.50000
268.00000	 86.16000	 64.46757	 86.16000
268.20000	 86.00000	 64.76014	 86.00000
268.40000	 86.24000	 65.34873	 86.24000
268.60000	 86.98000	 66.29211	 86.98000
268.80000	 87.85000	 67.19429	 87.85000
269.00000	 88.79000	 67.96567	 88.79000
269.20000	 89.65000	 68.45695	 89.65000
269.40000	 90.29000	 68.55792	 90.29000
269.60000	 90.81000	 68.40994	 90.81000
269.80000	 91.21000	 68.07057	 91.21000
270.00000	 91.41000	 67.52399	 91.41000
270.20000	 91.34000	 66.76509	 91.34000
270.40000	 91.14000	 65.98328	 91.14000
270.60000	 90.85000	 65.25927	 90.85000
270.80000	 90.50000	 64.64544	 90.50000
271.00000	 90.18000	 64.23118	 90.18000
271.20000	 89.85000	 63.96546	 89.85000
271.40000	 89.52000	 63.83351	 89.52000
271.60000	 89.20000	 63.81530	 89.20000
271.80000	 88.82000	 63.81544	 88.82000
272.00000	 88.45000	 63.87502	 88.45000
272.20000	 88.19000	 64.06424	 88.19000
272.40000	 88.10000	 64.41117	 88.10000
272.60000	 88.38000	 65.06631	 88.38000
272.80000	 89.20000	 66.13433	 89.20000
273.00000	 90.12000	 67.13665	 90.12000
273.20000	 91.03000	 67.92734	 91.03000
273.40000	 91.74000	 68.32068	 91.74000
273.60000	 91.96000	 68.07962	 91.96000
273.80000	 92.01000	 67.57822	 92.01000
274.00000	 91.91000	 66.91442	 91.91000
274.20000	 91.71000	 66.20440	 91.71000
274.40000	 91.45000	 65.53773	 91.45000
274.60000	 91.12000	 64.93758	 91.12000
274.80000	 90.71000	 64.41071	 90.71000
275.00000	 90.25000	 63.98870	 90.25000
275.20000	 89.71000	 63.63669	 89.71000
275.40000	 89.14000	 63.38888	 89.14000
275.60000	 88.55000	 63.23638	 88.55000
275.80000	 87.95000	 63.16682	 87.95000
276.00000	 87.30000	 63.12059	 87.30000
276.20000	 86.67000	 63.14400	 86.67000
276.40000	 86.11000	 63.26394	 86.11000
276.60000	 85.68000	 63.51337	 85.68000
276.80000	 85.49000	 63.96603	 85.49000
277.00000	 85.69000	 64.72206	 85.69000
277.20000	 86.00000	 65.46974	 86.00000
277.40000	 86.38000	 66.13574	 86.38000
277.60000	 86.76000	 66.63823	 86.76000
277.80000	 86.94000	 66.79668	 86.94000
278.00000	 87.06000	 66.77442	 87.06000
278.20000	 87.13000	 66.62158	 87.13000
278.40000	 87.15000	 66.37879	 87.15000
278.60000	 87.12000	 66.08260	 87.12000
278.80000	 87.04000	 65.76327	 87.04000
279.00000	 86.90000	 65.43468	 86.90000
279.20000	 86.69000	 65.10437	 86.69000
279.40000	 86.41000	 64.78396	 86.41000
279.60000	 85.85000	 64.28732	 85.85000
279.80000	 85.27000	 63.87460	 85.27000
280.00000	 84.75000	 63.62595	 84.75000
280.20000	 84.36000	 63.59488	 84.36000
280.40000	 84.30000	 63.93742	 84.30000
280.60000	 84.70000	 64.71901	 84.70000
280.80000	 85.22000	 65.54874	 85.22000
281.00000	 85.80000	 66.31294	 85.80000
281.20000	 86.38000	 66.92222	 86.38000
281.40000	 86.75000	 67.17445	 86.75000
281.60000	 87.04000	 67.21638	 87.04000
281.80000	 87.24000	 67.07743	 87.24000
282.00000	 87.35000	 66.80129	 87.35000
282.20000	 87.28000	 66.34827	 87.28000
282.40000	 87.09000	 65.81980	 87.09000
282.60000	 86.80000	 65.27325	 86.80000
282.80000	 86.45000	 64.77389	 86.45000
283.00000	 86.04000	 64.33691	 86.04000
283.20000	 85.61000	 64.00356	 85.61000
283.40000	 85.16000	 63.76713	 85.16000
283.60000	 84.69000	 63.61372	 84.69000
283.80000	 84.22000	 63.54423	 84.22000
284.00000	 83.75000	 63.53860	 83.75000
284.20000	 83.29000	 63.58609	 83.29000
284.40000	 82.87000	 63.69548	 82.87000
284.60000	 82.51000	 63.86635	 82.51000
284.80000	 82.23000	 64.09834	 82.23000
285.00000	 82.04000	 64.38204	 82.04000
285.20000	 81.98000	 64.73659	 81.98000
285.40000	 82.05000	 65.14332	 82.05000
285.60000	 82.28000	 65.61215	 82.28000
285.80000	 82.69000	 66.14366	 82.69000
286.00000	 83.54000	 66.95901	 83.54000
286.20000	 84.50000	 67.71616	 84.50000
286.40000	 85.51000	 68.33896	 85.51000
286.60000	 86.51000	 68.77051	 86.51000
286.80000	 87.30000	 68.84379	 87.30000
287.00000	 87.95000	 68.66842	 87.95000
287.20000	 88.49000	 68.32661	 88.49000
287.40000	 88.92000	 67.87176	 88.92000
287.60000	 89.19000	 67.30535	 89.19000
