  0.00000	105.82000	 63.89849	105.82000
  0.20000	105.48000	 63.74234	105.48000
  0.40000	105.34000	 63.74182	105.34000
  0.60000	105.36000	 63.86485	105.36000
  0.80000	105.49000	 64.06123	105.49000
  1.00000	105.70000	 64.29282	105.70000
  1.20000	105.93000	 64.50095	105.93000
  1.40000	106.16000	 64.66322	106.16000
  1.60000	106.33000	 64.73427	106.33000
  1.80000	106.36000	 64.66278	106.36000
  2.00000	106.01000	 64.28982	106.01000
  2.20000	105.56000	 63.86372	105.56000
  2.40000	105.09000	 63.47698	105.09000
  2.60000	104.64000	 63.17852	104.64000
  2.80000	104.45000	 63.15105	104.45000
  3.00000	104.55000	 63.39496	104.55000
  3.20000	104.73000	 63.71439	104.73000
  3.40000	104.97000	 64.05952	104.97000
  3.60000	105.24000	 64.38157	105.24000
  3.80000	105.51000	 64.64215	105.51000
  4.00000	105.62000	 64.71741	105.62000
  4.20000	105.72000	 64.73202	105.72000
  4.40000	105.80000	 64.69371	105.80000
  4.60000	105.88000	 64.63276	105.88000
  4.80000	105.94000	 64.54721	105.94000
  5.00000	105.93000	 64.41123	105.93000
  5.20000	105.95000	 64.31129	105.95000
  5.40000	106.03000	 64.27484	106.03000
  5.60000	106.20000	 64.32180	106.20000
  5.80000	106.62000	 64.56125	106.62000
  6.00000	107.34000	 65.00586	107.34000
  6.20000	108.07000	 65.40505	108.07000
  6.40000	108.77000	 65.70868	108.77000
  6.60000	109.30000	 65.80791	109.30000
  6.80000	109.47000	 65.57757	109.47000
  7.00000	109.48000	 65.20718	109.48000
  7.20000	109.36000	 64.76067	109.36000
  7.40000	109.11000	 64.27395	109.11000
  7.60000	108.68000	 63.73849	108.68000
  7.80000	108.18000	 63.25981	108.18000
  8.00000	107.64000	 62.87133	107.64000
  8.20000	107.10000	 62.60182	107.10000
  8.40000	106.60000	 62.46904	106.60000
  8.60000	106.39000	 62.63701	106.39000
  8.80000	106.32000	 62.95200	106.32000
  9.00000	106.33000	 63.32633	106.33000
  9.20000	106.41000	 63.71712	106.41000
  9.40000	106.54000	 64.08358	106.54000
  9.60000	106.71000	 64.40265	106.71000
  9.80000	106.92000	 64.66807	106.92000
 10.00000	107.16000	 64.87322	107.16000
 10.20000	107.40000	 65.00217	107.40000
 10.40000	107.63000	 65.05911	107.63000
 10.60000	107.82000	 65.03662	107.82000
 10.80000	107.98000	 64.95983	107.98000
 11.00000	107.95000	 64.72765	107.95000
 11.20000	107.89000	 64.48501	107.89000
 11.40000	107.82000	 64.26599	107.82000
 11.60000	107.75000	 64.08908	107.75000
 11.80000	107.73000	 63.99500	107.73000
 12.00000	107.76000	 63.97853	107.76000
 12.20000	107.83000	 64.02138	107.83000
 12.40000	107.94000	 64.11045	107.94000
 12.60000	108.10000	 64.23975	108.10000
 12.80000	108.45000	 64.49995	108.45000
 13.00000	108.88000	 64.78846	108.88000
 13.20000	109.29000	 65.01404	109.29000
 13.40000	109.64000	 65.14110	109.64000
 13.60000	109.87000	 65.13032	109.87000
 13.80000	109.75000	 64.82783	109.75000
 14.00000	109.42000	 64.37577	109.42000
 14.20000	108.99000	 63.89611	108.99000
 14.40000	108.47000	 63.42677	108.47000
 14.60000	107.91000	 63.02479	107.91000
 14.80000	107.31000	 62.69761	107.31000
 15.00000	106.73000	 62.48766	106.73000
 15.20000	106.19000	 62.39730	106.19000
 15.40000	105.72000	 62.42885	105.72000
 15.60000	105.52000	 62.70518	105.52000
 15.80000	105.59000	 63.18605	105.59000
 16.00000	105.76000	 63.69873	105.76000
 16.20000	105.97000	 64.16350	105.97000
 16.40000	106.21000	 64.55309	106.21000
 16.60000	106.42000	 64.81651	106.42000
 16.80000	106.42000	 64.82781	106.42000
 17.00000	106.32000	 64.69712	106.32000
 17.20000	106.19000	 64.50939	106.19000
 17.40000	106.03000	 64.29294	106.03000
 17.60000	105.88000	 64.09965	105.88000
 17.80000	105.78000	 63.97238	105.78000
 18.00000	105.68000	 63.87710	105.68000
 18.20000	105.57000	 63.80543	105.57000
 18.40000	105.44000	 63.74707	105.44000
 18.60000	105.22000	 63.64687	105.22000
 18.80000	104.97000	 63.55081	104.97000
 19.00000	104.70000	 63.46693	104.70000
 19.20000	104.45000	 63.42410	104.45000
 19.40000	104.23000	 63.42536	104.23000
 19.60000	104.11000	 63.51538	104.11000
 19.80000	104.06000	 63.65872	104.06000
 20.00000	104.05000	 63.81907	104.05000
 20.20000	104.09000	 63.99252	104.09000
 20.40000	104.18000	 64.17007	104.18000
 20.60000	104.31000	 64.33775	104.31000
 20.80000	104.68000	 64.64011	104.68000
 21.00000	105.05000	 64.88457	105.05000
 21.20000	105.36000	 65.02191	105.36000
 21.40000	105.56000	 65.02182	105.56000
 21.60000	105.56000	 64.83518	105.56000
 21.80000	104.90000	 64.15092	104.90000
 22.00000	104.11000	 63.42806	104.11000
 22.20000	103.25000	 62.76061	103.25000
 22.40000	102.40000	 62.23680	102.40000
 22.60000	101.67000	 61.94455	101.67000
 22.80000	101.60000	 62.26641	101.60000
 23.00000	101.67000	 62.74821	101.67000
 23.20000	101.85000	 63.30489	101.85000
 23.40000	102.11000	 63.86382	102.11000
 23.60000	102.42000	 64.36776	102.42000
 23.80000	102.69000	 64.73112	102.69000
 24.00000	102.83000	 64.88737	102.83000
 24.20000	102.96000	 64.94488	102.96000
 24.40000	103.07000	 64.91909	103.07000
 24.60000	103.16000	 64.83366	103.16000
 24.80000	103.16000	 64.65878	103.16000
 25.00000	103.06000	 64.41061	103.06000
 25.20000	102.98000	 64.20114	102.98000
 25.40000	102.97000	 64.07975	102.97000
 25.60000	103.07000	 64.07637	103.07000
 25.80000	103.51000	 64.35052	103.51000
 26.00000	104.05000	 64.69122	104.05000
 26.20000	104.68000	 65.06187	104.68000
 26.40000	105.37000	 65.41734	105.37000
 26.60000	106.11000	 65.73588	106.11000
 26.80000	106.86000	 65.98151	106.86000
 27.00000	107.56000	 66.11231	107.56000
 27.20000	108.18000	 66.11861	108.18000
 27.40000	108.67000	 65.98374	108.67000
 27.60000	108.75000	 65.52767	108.75000
 27.80000	108.62000	 64.94719	108.62000
 28.00000	108.45000	 64.41339	108.45000
 28.20000	108.31000	 64.00492	108.31000
 28.40000	108.43000	 63.89881	108.43000
 28.60000	108.87000	 64.11591	108.87000
 28.80000	109.39000	 64.43203	109.39000
 29.00000	109.94000	 64.76871	109.94000
 29.20000	110.47000	 65.05833	110.47000
 29.40000	110.86000	 65.19530	110.86000
 29.60000	111.14000	 65.20448	111.14000
 29.80000	111.31000	 65.09965	111.31000
 30.00000	111.37000	 64.90099	111.37000
 30.20000	111.28000	 64.60160	111.28000
 30.40000	110.88000	 64.10805	110.88000
 30.60000	110.37000	 63.60370	110.37000
 30.80000	109.78000	 63.13606	109.78000
 31.00000	109.15000	 62.74868	109.15000
 31.20000	108.56000	 62.50276	108.56000
 31.40000	108.01000	 62.38636	108.01000
 31.60000	107.49000	 62.37158	107.49000
 31.80000	107.01000	 62.44205	107.01000
 32.00000	106.58000	 62.58073	106.58000
 32.20000	106.30000	 62.83832	106.30000
 32.40000	106.05000	 63.09877	106.05000
 32.60000	105.81000	 63.32823	105.81000
 32.80000	105.56000	 63.50164	105.56000
 33.00000	105.18000	 63.52835	105.18000
 33.20000	104.75000	 63.48006	104.75000
 33.40000	104.30000	 63.39463	104.30000
 33.60000	103.85000	 63.30120	103.85000
 33.80000	103.46000	 63.25487	103.46000
 34.00000	103.16000	 63.28087	103.16000
 34.20000	102.86000	 63.30792	102.86000
 34.40000	102.55000	 63.32532	102.55000
 34.60000	102.21000	 63.31688	102.21000
 34.80000	101.75000	 63.21738	101.75000
 35.00000	101.17000	 63.03629	101.17000
 35.20000	100.57000	 62.86175	100.57000
 35.40000	 99.99000	 62.73248	 99.99000
 35.60000	 99.44000	 62.65795	 99.44000
 35.80000	 99.10000	 62.76769	 99.10000
 36.00000	 98.84000	 62.94574	 98.84000
 36.20000	 98.61000	 63.13506	 98.61000
 36.40000	 98.36000	 63.28374	 98.36000
 36.60000	 98.03000	 63.34090	 98.03000
 36.80000	 97.42000	 63.16250	 97.42000
 37.00000	 96.83000	 62.99539	 96.83000
 37.20000	 96.32000	 62.90008	 96.32000
 37.40000	 95.95000	 62.92543	 95.95000
 37.60000	 96.07000	 63.32243	 96.07000
 37.80000	 96.35000	 63.80661	 96.35000
 38.00000	 96.73000	 64.29772	 96.73000
 38.20000	 97.15000	 64.72602	 97.15000
 38.40000	 97.40000	 64.92451	 97.40000
 38.60000	 97.60000	 64.99558	 97.60000
 38.80000	 97.80000	 64.99761	 97.80000
 39.00000	 98.03000	 64.97415	 98.03000
 39.20000	 98.36000	 64.99424	 98.36000
 39.40000	 98.81000	 65.08064	 98.81000
 39.60000	 99.25000	 65.13648	 99.25000
 39.80000	 99.65000	 65.14201	 99.65000
 40.00000	 99.99000	 65.08881	 99.99000
 40.20000	 99.99000	 64.77950	 99.99000
 40.40000	 99.95000	 64.46682	 99.95000
 40.60000	 99.92000	 64.20926	 99.92000
 40.80000	 99.94000	 64.04610	 99.94000
 41.00000	100.30000	 64.18988	100.30000
 41.20000	100.78000	 64.44762	100.78000
 41.40000	101.30000	 64.72862	101.30000
 41.60000	101.82000	 64.97936	101.82000
 41.80000	102.20000	 65.08247	102.20000
 42.00000	102.46000	 65.05707	102.46000
 42.20000	102.65000	 64.95515	102.65000
 42.40000	102.77000	 64.79422	102.77000
 42.60000	102.80000	 64.57709	102.80000
 42.80000	102.70000	 64.29153	102.70000
 43.00000	102.56000	 64.02251	102.56000
 43.20000	102.40000	 63.79591	102.40000
 43.40000	102.27000	 63.65237	102.27000
 43.60000	102.31000	 63.69023	102.31000
 43.80000	102.43000	 63.82224	102.43000
 44.00000	102.54000	 63.95870	102.54000
 44.20000	102.61000	 64.06097	102.61000
 44.40000	102.51000	 64.02462	102.51000
 44.60000	102.24000	 63.85689	102.24000
 44.80000	101.94000	 63.67862	101.94000
 45.00000	101.64000	 63.52489	101.64000
 45.20000	101.37000	 63.42450	101.37000
 45.40000	101.35000	 63.53989	101.35000
 45.60000	101.38000	 63.70258	101.38000
 45.80000	101.44000	 63.87924	101.44000
 46.00000	101.50000	 64.03355	101.50000
 46.20000	101.55000	 64.15046	101.55000
 46.40000	101.35000	 64.05051	101.35000
 46.60000	101.16000	 63.94515	101.16000
 46.80000	101.03000	 63.88506	101.03000
 47.00000	100.99000	 63.89769	100.99000
 47.20000	101.26000	 64.14281	101.26000
 47.40000	101.77000	 64.54485	101.77000
 47.60000	102.35000	 64.94699	102.35000
 47.80000	102.97000	 65.30567	102.97000
 48.00000	103.52000	 65.52885	103.52000
 48.20000	103.88000	 65.53305	103.88000
 48.40000	104.20000	 65.45355	104.20000
 48.60000	104.47000	 65.30756	104.47000
 48.80000	104.69000	 65.11834	104.69000
 49.00000	104.88000	 64.92083	104.88000
 49.20000	105.04000	 64.72972	105.04000
 49.40000	105.16000	 64.54712	105.16000
 49.60000	105.26000	 64.39356	105.26000
 49.80000	105.32000	 64.25541	105.32000
 50.00000	105.33000	 64.12459	105.33000
 50.20000	105.34000	 64.03686	105.34000
 50.40000	105.40000	 64.02431	105.40000
 50.60000	105.51000	 64.07647	105.51000
 50.80000	105.91000	 64.35773	105.91000
 51.00000	106.35000	 64.65250	106.35000
 51.20000	106.75000	 64.87921	106.75000
 51.40000	107.08000	 65.00657	107.08000
 51.60000	107.00000	 64.78588	107.00000
 51.80000	106.77000	 64.44411	106.77000
 52.00000	106.46000	 64.06820	106.46000
 52.20000	106.14000	 63.73742	106.14000
 52.40000	105.91000	 63.54051	105.91000
 52.60000	106.00000	 63.64539	106.00000
 52.80000	106.12000	 63.80759	106.12000
 53.00000	106.25000	 63.98631	106.25000
 53.20000	106.34000	 64.12499	106.34000
 53.40000	106.36000	 64.19162	106.36000
 53.60000	106.02000	 63.97142	106.02000
 53.80000	105.62000	 63.71312	105.62000
 54.00000	105.20000	 63.46830	105.20000
 54.20000	104.81000	 63.28785	104.81000
 54.40000	104.55000	 63.24939	104.55000
 54.60000	104.47000	 63.37913	104.47000
 54.80000	104.43000	 63.55028	104.43000
 55.00000	104.38000	 63.70592	104.38000
 55.20000	104.28000	 63.80414	104.28000
 55.40000	104.00000	 63.74551	104.00000
 55.60000	103.69000	 63.65352	103.69000
 55.80000	103.36000	 63.54726	103.36000
 56.00000	103.04000	 63.45838	103.04000
 56.20000	102.76000	 63.41400	102.76000
 56.40000	102.55000	 63.43555	102.55000
 56.60000	102.39000	 63.50155	102.39000
 56.80000	102.28000	 63.60324	102.28000
 57.00000	102.25000	 63.75346	102.25000
 57.20000	102.30000	 63.94125	102.30000
 57.40000	102.61000	 64.28882	102.61000
 57.60000	102.96000	 64.61089	102.96000
 57.80000	103.32000	 64.87221	103.32000
 58.00000	103.65000	 65.03989	103.65000
 58.20000	103.92000	 65.09829	103.92000
 58.40000	103.76000	 64.78826	103.76000
 58.60000	103.51000	 64.40607	103.51000
 58.80000	103.31000	 64.09290	103.31000
 59.00000	103.22000	 63.91271	103.22000
 59.20000	103.44000	 64.01466	103.44000
 59.40000	104.09000	 64.46205	104.09000
 59.60000	104.87000	 64.98299	104.87000
 59.80000	105.73000	 65.49923	105.73000
 60.00000	106.62000	 65.94574	106.62000
 60.20000	107.46000	 66.25056	107.46000
 60.40000	108.23000	 66.40340	108.23000
 60.60000	108.87000	 66.37727	108.87000
 60.80000	109.27000	 66.11954	109.27000
 61.00000	109.19000	 65.49406	109.19000
 61.20000	108.95000	 64.80067	108.95000
 61.40000	108.61000	 64.13355	108.61000
 61.60000	108.24000	 63.57634	108.24000
 61.80000	108.10000	 63.33314	108.10000
 62.00000	108.15000	 63.35292	108.15000
 62.20000	108.25000	 63.49261	108.25000
 62.40000	108.39000	 63.70621	108.39000
 62.60000	108.56000	 63.95265	108.56000
 62.80000	108.73000	 64.18337	108.73000
 63.00000	108.81000	 64.31496	108.81000
 63.20000	108.90000	 64.41911	108.90000
 63.40000	108.99000	 64.48940	108.99000
 63.60000	109.08000	 64.52973	109.08000
 63.80000	109.19000	 64.56043	109.19000
 64.00000	109.36000	 64.61588	109.36000
 64.20000	109.53000	 64.65270	109.53000
 64.40000	109.70000	 64.67338	109.70000
 64.60000	109.85000	 64.66635	109.85000
 64.80000	110.02000	 64.66607	110.02000
 65.00000	110.19000	 64.66049	110.19000
 65.20000	110.28000	 64.59276	110.28000
 65.40000	110.23000	 64.42590	110.23000
 65.60000	109.97000	 64.12242	109.97000
 65.80000	109.15000	 63.44573	109.15000
 66.00000	108.18000	 62.74958	108.18000
 66.20000	107.11000	 62.10734	107.11000
 66.40000	106.02000	 61.59819	106.02000
 66.60000	105.09000	 61.35656	105.09000
 66.80000	104.61000	 61.57289	104.61000
 67.00000	104.24000	 61.93588	104.24000
 67.20000	103.97000	 62.38318	103.97000
 67.40000	103.77000	 62.84670	103.77000
 67.60000	103.63000	 63.28582	103.63000
 67.80000	103.52000	 63.65773	103.52000
 68.00000	103.31000	 63.85834	103.31000
 68.20000	103.14000	 64.00194	103.14000
 68.40000	103.00000	 64.09394	103.00000
 68.60000	102.91000	 64.16297	102.91000
 68.80000	102.87000	 64.22081	102.87000
 69.00000	102.85000	 64.25455	102.85000
 69.20000	102.89000	 64.30257	102.89000
 69.40000	103.01000	 64.38445	103.01000
 69.60000	103.24000	 64.52263	103.24000
 69.80000	103.58000	 64.71209	103.58000
 70.00000	104.22000	 65.08532	104.22000
 70.20000	105.02000	 65.51603	105.02000
 70.40000	105.85000	 65.88708	105.85000
 70.60000	106.67000	 66.16008	106.67000
 70.80000	107.30000	 66.20494	107.30000
 71.00000	107.76000	 66.06003	107.76000
 71.20000	108.12000	 65.81120	108.12000
 71.40000	108.42000	 65.52131	108.42000
 71.60000	108.67000	 65.22462	108.67000
 71.80000	108.85000	 64.92544	108.85000
 72.00000	109.02000	 64.68160	109.02000
 72.20000	109.17000	 64.48971	109.17000
 72.40000	109.32000	 64.36242	109.32000
 72.60000	109.58000	 64.37356	109.58000
 72.80000	109.99000	 64.53451	109.99000
 73.00000	110.38000	 64.69283	110.38000
 73.20000	110.71000	 64.80071	110.71000
 73.40000	110.95000	 64.82803	110.95000
 73.60000	110.86000	 64.59914	110.86000
 73.80000	110.48000	 64.16884	110.48000
 74.00000	110.05000	 63.75095	110.05000
 74.20000	109.66000	 63.43585	109.66000
 74.40000	109.37000	 63.27474	109.37000
 74.60000	109.65000	 63.60586	109.65000
 74.80000	110.07000	 64.05827	110.07000
 75.00000	110.55000	 64.52507	110.55000
 75.20000	111.01000	 64.91276	111.01000
 75.40000	111.30000	 65.09399	111.30000
 75.60000	111.29000	 64.98057	111.29000
 75.80000	111.18000	 64.75360	111.18000
 76.00000	110.99000	 64.46140	110.99000
 76.20000	110.72000	 64.13320	110.72000
 76.40000	110.43000	 63.83697	110.43000
 76.60000	110.10000	 63.57116	110.10000
 76.80000	109.75000	 63.35679	109.75000
 77.00000	109.37000	 63.18589	109.37000
 77.20000	108.99000	 63.07610	108.99000
 77.40000	108.62000	 63.02589	108.62000
 77.60000	108.26000	 63.02344	108.26000
 77.80000	107.91000	 63.05606	107.91000
 78.00000	107.58000	 63.11906	107.58000
 78.20000	107.23000	 63.17160	107.23000
 78.40000	106.88000	 63.22170	106.88000
 78.60000	106.62000	 63.33150	106.62000
 78.80000	106.50000	 63.52940	106.50000
 79.00000	106.68000	 63.91975	106.68000
 79.20000	107.26000	 64.54901	107.26000
 79.40000	107.94000	 65.15391	107.94000
 79.60000	108.66000	 65.66400	108.66000
 79.80000	109.33000	 66.00364	109.33000
 80.00000	109.75000	 66.03458	109.75000
 80.20000	110.00000	 65.85175	110.00000
 80.40000	110.10000	 65.51467	110.10000
 80.60000	110.03000	 65.05386	110.03000
 80.80000	109.67000	 64.42336	109.67000
 81.00000	109.09000	 63.72031	109.09000
 81.20000	108.41000	 63.07153	108.41000
 81.40000	107.68000	 62.53502	107.68000
 81.60000	106.99000	 62.18125	106.99000
 81.80000	106.38000	 62.02525	106.38000
 82.00000	105.83000	 62.02350	105.83000
 82.20000	105.38000	 62.17121	105.38000
 82.40000	105.14000	 62.51202	105.14000
 82.60000	105.24000	 63.09799	105.24000
 82.80000	105.41000	 63.67590	105.41000
 83.00000	105.59000	 64.16529	105.59000
 83.20000	105.72000	 64.50516	105.72000
 83.40000	105.51000	 64.48341	105.51000
 83.60000	105.11000	 64.24669	105.11000
 83.80000	104.71000	 63.98037	104.71000
 84.00000	104.36000	 63.75524	104.36000
 84.20000	104.26000	 63.73892	104.26000
 84.40000	104.35000	 63.88110	104.35000
 84.60000	104.55000	 64.10372	104.55000
 84.80000	104.82000	 64.35668	104.82000
 85.00000	105.18000	 64.63784	105.18000
 85.20000	105.58000	 64.89587	105.58000
 85.40000	105.97000	 65.08613	105.97000
 85.60000	106.29000	 65.16530	106.29000
 85.80000	106.48000	 65.10014	106.48000
 86.00000	106.33000	 64.75640	106.33000
 86.20000	106.08000	 64.35236	106.08000
 86.40000	105.77000	 63.95131	105.77000
 86.60000	105.45000	 63.61323	105.45000
 86.80000	105.30000	 63.48128	105.30000
 87.00000	105.25000	 63.49123	105.25000
 87.20000	105.19000	 63.53974	105.19000
 87.40000	105.09000	 63.58578	105.09000
 87.60000	104.92000	 63.59429	104.92000
 87.80000	104.42000	 63.36731	104.42000
 88.00000	103.86000	 63.12282	103.86000
 88.20000	103.30000	 62.91933	103.30000
 88.40000	102.78000	 62.79232	102.78000
 88.60000	102.53000	 62.90896	102.53000
 88.80000	102.42000	 63.14814	102.42000
 89.00000	102.39000	 63.43683	102.39000
 89.20000	102.39000	 63.71363	102.39000
 89.40000	102.39000	 63.94061	102.39000
 89.60000	102.30000	 64.04497	102.30000
 89.80000	102.21000	 64.10058	102.21000
 90.00000	102.10000	 64.10223	102.10000
 90.20000	101.97000	 64.06166	101.97000
 90.40000	101.81000	 63.98356	101.81000
 90.60000	101.61000	 63.87240	101.61000
 90.80000	101.41000	 63.76911	101.41000
 91.00000	101.23000	 63.69557	101.23000
 91.20000	101.09000	 63.66871	101.09000
 91.40000	101.06000	 63.73744	101.06000
 91.60000	101.09000	 63.85384	101.09000
 91.80000	101.13000	 63.96893	101.13000
 92.00000	101.17000	 64.06713	101.17000
 92.20000	101.17000	 64.11478	101.17000
 92.40000	101.06000	 64.06199	101.06000
 92.60000	100.97000	 64.01570	100.97000
 92.80000	100.90000	 63.98272	100.90000
 93.00000	100.88000	 63.98874	100.88000
 93.20000	100.99000	 64.09180	100.99000
 93.40000	101.18000	 64.24503	101.18000
 93.60000	101.43000	 64.42216	101.43000
 93.80000	101.76000	 64.62790	101.76000
 94.00000	102.20000	 64.87487	102.20000
 94.20000	102.70000	 65.11566	102.70000
 94.40000	103.22000	 65.31413	103.22000
 94.60000	103.72000	 65.44017	103.72000
 94.80000	104.10000	 65.42625	104.10000
 95.00000	104.43000	 65.34177	104.43000
 95.20000	104.71000	 65.20551	104.71000
 95.40000	104.98000	 65.06492	104.98000
 95.60000	105.28000	 64.96237	105.28000
 95.80000	105.60000	 64.89570	105.60000
 96.00000	105.88000	 64.82077	105.88000
 96.20000	106.11000	 64.73109	106.11000
 96.40000	106.26000	 64.60641	106.26000
 96.60000	106.15000	 64.31801	106.15000
 96.80000	106.00000	 64.04708	106.00000
 97.00000	105.85000	 63.83418	105.85000
 97.20000	105.73000	 63.70362	105.73000
 97.40000	105.79000	 63.76015	105.79000
 97.60000	106.11000	 64.04117	106.11000
 97.80000	106.47000	 64.34780	106.47000
 98.00000	106.82000	 64.61572	106.82000
 98.20000	107.12000	 64.80008	107.12000
 98.40000	107.09000	 64.69085	107.09000
 98.60000	106.89000	 64.43195	106.89000
 98.80000	106.72000	 64.20301	106.72000
 99.00000	106.63000	 64.06011	106.63000
 99.20000	106.85000	 64.17869	106.85000
 99.40000	107.45000	 64.58983	107.45000
 99.60000	108.15000	 65.04469	108.15000
 99.80000	108.88000	 65.45869	108.88000
100.00000	109.53000	 65.73161	109.53000
100.20000	109.96000	 65.76006	109.96000
100.40000	110.30000	 65.66330	110.30000
100.60000	110.55000	 65.46899	110.55000
100.80000	110.71000	 65.20539	110.71000
101.00000	110.74000	 64.86888	110.74000
101.20000	110.67000	 64.50639	110.67000
101.40000	110.52000	 64.15216	110.52000
101.60000	110.28000	 63.81135	110.28000
101.80000	109.98000	 63.51346	109.98000
102.00000	109.50000	 63.17056	109.50000
102.20000	109.02000	 62.92055	109.02000
102.40000	108.57000	 62.78005	108.57000
102.60000	108.21000	 62.77931	108.21000
102.80000	108.23000	 63.11010	108.23000
103.00000	108.46000	 63.59983	108.46000
103.20000	108.74000	 64.08293	108.74000
103.40000	109.01000	 64.48305	109.01000
103.60000	109.17000	 64.71192	109.17000
103.80000	108.97000	 64.59061	108.97000
104.00000	108.66000	 64.34117	108.66000
104.20000	108.27000	 64.02336	108.27000
104.40000	107.80000	 63.66952	107.80000
104.60000	107.28000	 63.32758	107.28000
104.80000	106.73000	 63.02893	106.73000
105.00000	106.16000	 62.78832	106.16000
105.20000	105.59000	 62.62013	105.59000
105.40000	105.04000	 62.53201	105.04000
105.60000	104.53000	 62.52626	104.53000
105.80000	104.06000	 62.58647	104.06000
106.00000	103.68000	 62.73212	103.68000
106.20000	103.38000	 62.93571	103.38000
106.40000	103.19000	 63.20014	103.19000
106.60000	103.21000	 63.58049	103.21000
106.80000	103.35000	 63.98633	103.35000
107.00000	103.58000	 64.37670	103.58000
107.20000	103.90000	 64.74023	103.90000
107.40000	104.37000	 65.11615	104.37000
107.60000	104.89000	 65.42584	104.89000
107.80000	105.43000	 65.65026	105.43000
108.00000	105.93000	 65.75530	105.93000
108.20000	106.33000	 65.71491	106.33000
108.40000	106.50000	 65.45919	106.50000
108.60000	106.62000	 65.15971	106.62000
108.80000	106.69000	 64.84707	106.69000
109.00000	106.73000	 64.55844	106.73000
109.20000	106.84000	 64.38101	106.84000
109.40000	106.98000	 64.28385	106.98000
109.60000	107.08000	 64.20667	107.08000
109.80000	107.16000	 64.15645	107.16000
110.00000	107.18000	 64.09561	107.18000
110.20000	107.01000	 63.92327	107.01000
110.40000	106.82000	 63.77240	106.82000
110.60000	106.62000	 63.65326	106.62000
110.80000	106.45000	 63.59442	106.45000
111.00000	106.41000	 63.66355	106.41000
111.20000	106.44000	 63.79984	106.44000
111.40000	106.50000	 63.95612	106.50000
111.60000	106.55000	 64.08873	106.55000
111.80000	106.53000	 64.14577	106.53000
112.00000	106.47000	 64.15133	106.47000
112.20000	106.38000	 64.11893	106.38000
112.40000	106.28000	 64.07117	106.28000
112.60000	106.16000	 64.00747	106.16000
112.80000	106.05000	 63.95625	106.05000
113.00000	105.92000	 63.89844	105.92000
113.20000	105.79000	 63.85160	105.79000
113.40000	105.67000	 63.82402	105.67000
113.60000	105.55000	 63.80708	105.55000
113.80000	105.44000	 63.80636	105.44000
114.00000	105.34000	 63.81905	105.34000
114.20000	105.24000	 63.83456	105.24000
114.40000	105.16000	 63.86523	105.16000
114.60000	104.96000	 63.80426	104.96000
114.80000	104.82000	 63.79129	104.82000
115.00000	104.80000	 63.87067	104.80000
115.20000	104.96000	 64.07821	104.96000
115.40000	105.65000	 64.65519	105.65000
115.60000	106.54000	 65.31069	106.54000
115.80000	107.45000	 65.87203	107.45000
116.00000	108.26000	 66.23203	108.26000
116.20000	108.70000	 66.19699	108.70000
116.40000	108.94000	 65.93398	108.94000
116.60000	108.98000	 65.49281	108.98000
116.80000	108.72000	 64.85053	108.72000
117.00000	108.08000	 64.00187	108.08000
117.20000	107.36000	 63.22535	107.36000
117.40000	106.65000	 62.61968	106.65000
117.60000	106.30000	 62.45006	106.30000
117.80000	106.46000	 62.79096	106.46000
118.00000	106.76000	 63.29548	106.76000
118.20000	107.14000	 63.85342	107.14000
118.40000	107.52000	 64.35502	107.52000
118.60000	107.71000	 64.63000	107.71000
118.80000	107.70000	 64.67163	107.70000
119.00000	107.61000	 64.59104	107.61000
119.20000	107.45000	 64.42251	107.45000
119.40000	107.22000	 64.19289	107.22000
119.60000	106.85000	 63.87462	106.85000
119.80000	106.45000	 63.57414	106.45000
120.00000	106.06000	 63.33664	106.06000
120.20000	105.73000	 63.20398	105.73000
120.40000	105.54000	 63.22890	105.54000
120.60000	105.49000	 63.39218	105.49000
120.80000	105.53000	 63.63060	105.53000
121.00000	105.67000	 63.92643	105.67000
121.20000	105.94000	 64.27918	105.94000
121.40000	106.32000	 64.65314	106.32000
121.60000	106.73000	 64.97272	106.73000
121.80000	107.15000	 65.21702	107.15000
122.00000	107.46000	 65.30007	107.46000
122.20000	107.70000	 65.26863	107.70000
122.40000	107.90000	 65.16750	107.90000
122.60000	108.05000	 65.01147	108.05000
122.80000	108.14000	 64.81360	108.14000
123.00000	108.17000	 64.59197	108.17000
123.20000	108.18000	 64.39086	108.18000
123.40000	108.17000	 64.21845	108.17000
123.60000	108.17000	 64.09988	108.17000
123.80000	108.32000	 64.13574	108.32000
124.00000	108.46000	 64.19103	108.46000
124.20000	108.56000	 64.23026	108.56000
124.40000	108.61000	 64.23826	108.61000
124.60000	108.47000	 64.10892	108.47000
124.80000	108.16000	 63.86807	108.16000
125.00000	107.80000	 63.62250	107.80000
125.20000	107.45000	 63.42944	107.45000
125.40000	107.19000	 63.35204	107.19000
125.60000	107.09000	 63.43400	107.09000
125.80000	107.01000	 63.55118	107.01000
126.00000	106.96000	 63.69350	106.96000
126.20000	106.87000	 63.79469	106.87000
126.40000	106.72000	 63.83377	106.72000
126.60000	106.55000	 63.84190	106.55000
126.80000	106.38000	 63.83783	106.38000
127.00000	106.20000	 63.81807	106.20000
127.20000	106.05000	 63.81640	106.05000
127.40000	105.91000	 63.81923	105.91000
127.60000	105.77000	 63.81958	105.77000
127.80000	105.63000	 63.81799	105.63000
128.00000	105.48000	 63.80761	105.48000
128.20000	105.33000	 63.79703	105.33000
128.40000	105.18000	 63.78711	105.18000
128.60000	105.04000	 63.78578	105.04000
128.80000	104.91000	 63.79261	104.91000
129.00000	104.79000	 63.80653	104.79000
129.20000	104.69000	 63.83356	104.69000
129.40000	104.62000	 63.87892	104.62000
129.60000	104.59000	 63.94683	104.59000
129.80000	104.61000	 64.04038	104.61000
130.00000	104.72000	 64.18387	104.72000
130.20000	104.87000	 64.33198	104.87000
130.40000	105.07000	 64.48600	105.07000
130.60000	105.30000	 64.62639	105.30000
130.80000	105.50000	 64.70679	105.50000
131.00000	105.72000	 64.76850	105.72000
131.20000	106.01000	 64.85332	106.01000
131.40000	106.40000	 64.98468	106.40000
131.60000	107.03000	 65.26280	107.03000
131.80000	107.86000	 65.64214	107.86000
132.00000	108.71000	 65.96910	108.71000
132.20000	109.51000	 66.18275	109.51000
132.40000	109.98000	 66.08016	109.98000
132.60000	110.22000	 65.76785	110.22000
132.80000	110.37000	 65.39153	110.37000
133.00000	110.47000	 65.01583	110.47000
133.20000	110.70000	 64.79816	110.70000
133.40000	111.04000	 64.72564	111.04000
133.60000	111.37000	 64.69715	111.37000
133.80000	111.69000	 64.70002	111.69000
134.00000	111.96000	 64.69290	111.96000
134.20000	112.06000	 64.57967	112.06000
134.40000	112.07000	 64.42434	112.07000
134.60000	112.03000	 64.26370	112.03000
134.80000	111.96000	 64.11795	111.96000
135.00000	111.87000	 63.99678	111.87000
135.20000	111.84000	 63.95865	111.84000
135.40000	111.82000	 63.95822	111.82000
135.60000	111.78000	 63.96398	111.78000
135.80000	111.72000	 63.96886	111.72000
136.00000	111.63000	 63.96062	111.63000
136.20000	111.43000	 63.87789	111.43000
136.40000	111.19000	 63.77792	111.19000
136.60000	110.95000	 63.69563	110.95000
136.80000	110.71000	 63.63304	110.71000
137.00000	110.51000	 63.61929	110.51000
137.20000	110.37000	 63.66430	110.37000
137.40000	110.25000	 63.72959	110.25000
137.60000	110.15000	 63.80712	110.15000
137.80000	110.08000	 63.89760	110.08000
138.00000	110.05000	 64.00263	110.05000
138.20000	110.02000	 64.08723	110.02000
138.40000	109.98000	 64.14224	109.98000
138.60000	109.93000	 64.16923	109.93000
138.80000	109.77000	 64.09786	109.77000
139.00000	109.54000	 63.96950	109.54000
139.20000	109.29000	 63.83457	109.29000
139.40000	109.06000	 63.73259	109.06000
139.60000	108.85000	 63.66731	108.85000
139.80000	108.76000	 63.71191	108.76000
140.00000	108.78000	 63.84818	108.78000
140.20000	108.82000	 63.99345	108.82000
140.40000	108.88000	 64.13582	108.88000
140.60000	108.93000	 64.24513	108.93000
140.80000	108.87000	 64.24495	108.87000
141.00000	108.74000	 64.17346	108.74000
141.20000	108.66000	 64.13210	108.66000
141.40000	108.66000	 64.14899	108.66000
141.60000	108.81000	 64.27467	108.81000
141.80000	109.20000	 64.56478	109.20000
142.00000	109.69000	 64.89283	109.69000
142.20000	110.27000	 65.23216	110.27000
142.40000	110.92000	 65.55367	110.92000
142.60000	111.64000	 65.84927	111.64000
142.80000	112.38000	 66.07888	112.38000
143.00000	113.10000	 66.21705	113.10000
143.20000	113.79000	 66.26787	113.79000
143.40000	114.30000	 66.13649	114.30000
143.60000	114.73000	 65.92516	114.73000
143.80000	115.10000	 65.67566	115.10000
144.00000	115.43000	 65.42502	115.43000
144.20000	115.74000	 65.20348	115.74000
144.40000	116.11000	 65.07818	116.11000
144.60000	116.44000	 64.97150	116.44000
144.80000	116.71000	 64.86436	116.71000
145.00000	116.89000	 64.73154	116.89000
145.20000	116.95000	 64.55106	116.95000
145.40000	116.86000	 64.30520	116.86000
145.60000	116.64000	 64.01787	116.64000
145.80000	116.31000	 63.71390	116.31000
146.00000	115.86000	 63.39428	115.86000
146.20000	115.16000	 62.96985	115.16000
146.40000	114.36000	 62.56618	114.36000
146.60000	113.53000	 62.24302	113.53000
146.80000	112.72000	 62.03520	112.72000
147.00000	112.15000	 62.09324	112.15000
147.20000	111.83000	 62.39111	111.83000
147.40000	111.60000	 62.76485	111.60000
147.60000	111.41000	 63.13891	111.41000
147.80000	111.22000	 63.45699	111.22000
148.00000	110.98000	 63.66893	110.98000
148.20000	110.55000	 63.67192	110.55000
148.40000	110.09000	 63.60457	110.09000
148.60000	109.60000	 63.48740	109.60000
148.80000	109.08000	 63.33932	109.08000
149.00000	108.56000	 63.19850	108.56000
149.20000	108.00000	 63.04571	108.00000
149.40000	107.45000	 62.92620	107.45000
149.60000	106.93000	 62.85738	106.93000
149.80000	106.45000	 62.84366	106.45000
150.00000	106.04000	 62.90005	106.04000
150.20000	105.83000	 63.11126	105.83000
150.40000	105.70000	 63.36607	105.70000
150.60000	105.61000	 63.61538	105.61000
150.80000	105.57000	 63.85366	105.57000
151.00000	105.55000	 64.05087	105.55000
151.20000	105.33000	 64.04262	105.33000
151.40000	105.13000	 64.00992	105.13000
151.60000	105.04000	 64.03431	105.04000
151.80000	105.13000	 64.17267	105.13000
152.00000	105.61000	 64.57345	105.61000
152.20000	106.59000	 65.28893	106.59000
152.40000	107.68000	 65.98106	107.68000
152.60000	108.76000	 66.52925	108.76000
152.80000	109.64000	 66.78444	109.64000
153.00000	110.09000	 66.59800	110.09000
153.20000	110.42000	 66.25567	110.42000
153.40000	110.68000	 65.84796	110.68000
153.60000	110.96000	 65.48465	110.96000
153.80000	111.40000	 65.29508	111.40000
154.00000	111.82000	 65.14753	111.82000
154.20000	112.22000	 65.03907	112.22000
154.40000	112.56000	 64.93433	112.56000
154.60000	112.78000	 64.78447	112.78000
154.80000	112.80000	 64.53130	112.80000
155.00000	112.75000	 64.28128	112.75000
155.20000	112.67000	 64.07073	112.67000
155.40000	112.57000	 63.90788	112.57000
155.60000	112.54000	 63.85542	112.54000
155.80000	112.62000	 63.92987	112.62000
156.00000	112.68000	 64.01405	112.68000
156.20000	112.72000	 64.09252	112.72000
156.40000	112.71000	 64.13291	112.71000
156.60000	112.56000	 64.06505	112.56000
156.80000	112.25000	 63.88178	112.25000
157.00000	111.92000	 63.70272	111.92000
157.20000	111.59000	 63.55333	111.59000
157.40000	111.29000	 63.46036	111.29000
157.60000	111.17000	 63.53273	111.17000
157.80000	111.15000	 63.69432	111.15000
158.00000	111.14000	 63.85850	111.14000
158.20000	111.13000	 64.00379	111.13000
158.40000	111.02000	 64.04819	111.02000
158.60000	110.77000	 63.96599	110.77000
158.80000	110.54000	 63.89014	110.54000
159.00000	110.37000	 63.85972	110.37000
159.20000	110.41000	 63.98813	110.41000
159.40000	110.80000	 64.36589	110.80000
159.60000	111.27000	 64.76088	111.27000
159.80000	111.76000	 65.10488	111.76000
160.00000	112.21000	 65.34181	112.21000
160.20000	112.40000	 65.31083	112.40000
160.40000	112.33000	 65.03833	112.33000
160.60000	112.17000	 64.69096	112.17000
160.80000	111.94000	 64.31873	111.94000
161.00000	111.66000	 63.96307	111.66000
161.20000	111.39000	 63.68519	111.39000
161.40000	111.12000	 63.48196	111.12000
161.60000	110.84000	 63.34188	110.84000
161.80000	110.58000	 63.27831	110.58000
162.00000	110.33000	 63.27052	110.33000
162.20000	110.18000	 63.37064	110.18000
162.40000	110.10000	 63.53636	110.10000
162.60000	110.02000	 63.69581	110.02000
162.80000	109.91000	 63.81349	109.91000
163.00000	109.77000	 63.88414	109.77000
163.20000	109.51000	 63.84185	109.51000
163.40000	109.17000	 63.72731	109.17000
163.60000	108.78000	 63.57710	108.78000
163.80000	108.33000	 63.39706	108.33000
164.00000	107.77000	 63.16212	107.77000
164.20000	107.09000	 62.87814	107.09000
164.40000	106.43000	 62.66248	106.43000
164.60000	105.85000	 62.56258	105.85000
164.80000	105.46000	 62.65114	105.46000
165.00000	105.54000	 63.11183	105.54000
165.20000	105.76000	 63.64940	105.76000
165.40000	106.06000	 64.17708	106.06000
165.60000	106.41000	 64.64437	106.41000
165.80000	106.72000	 64.97088	106.72000
166.00000	106.70000	 64.94560	106.70000
166.20000	106.66000	 64.83349	106.66000
166.40000	106.62000	 64.68208	106.62000
166.60000	106.63000	 64.55476	106.63000
166.80000	106.80000	 64.54902	106.80000
167.00000	107.23000	 64.73873	107.23000
167.20000	107.68000	 64.92792	107.68000
167.40000	108.10000	 65.06700	108.10000
167.60000	108.44000	 65.11497	108.44000
167.80000	108.44000	 64.88506	108.44000
168.00000	108.14000	 64.43670	108.14000
168.20000	107.82000	 64.01810	107.82000
168.40000	107.54000	 63.69916	107.54000
168.60000	107.47000	 63.61399	107.47000
168.80000	107.89000	 63.95378	107.89000
169.00000	108.37000	 64.34945	108.37000
169.20000	108.82000	 64.69406	108.82000
169.40000	109.07000	 64.83862	109.07000
169.60000	108.76000	 64.51923	108.76000
169.80000	108.33000	 64.10666	108.33000
170.00000	107.86000	 63.69992	107.86000
170.20000	107.41000	 63.37039	107.41000
170.40000	107.40000	 63.44040	107.40000
170.60000	107.56000	 63.68070	107.56000
170.80000	107.82000	 64.00327	107.82000
171.00000	108.14000	 64.34578	108.14000
171.20000	108.51000	 64.67640	108.51000
171.40000	108.90000	 64.95717	108.90000
171.60000	109.28000	 65.15974	109.28000
171.80000	109.62000	 65.26503	109.62000
172.00000	109.89000	 65.26217	109.89000
172.20000	110.06000	 65.14691	110.06000
172.40000	109.90000	 64.77193	109.90000
172.60000	109.53000	 64.26607	109.53000
172.80000	109.15000	 63.81723	109.15000
173.00000	108.82000	 63.49196	108.82000
173.20000	108.69000	 63.40503	108.69000
173.40000	108.94000	 63.66998	108.94000
173.60000	109.28000	 64.02567	109.28000
173.80000	109.63000	 64.37225	109.63000
174.00000	109.91000	 64.62324	109.91000
174.20000	109.95000	 64.64287	109.95000
174.40000	109.97000	 64.60874	109.97000
174.60000	109.98000	 64.54350	109.98000
174.80000	110.07000	 64.52727	110.07000
175.00000	110.44000	 64.71294	110.44000
175.20000	110.82000	 64.88520	110.82000
175.40000	111.17000	 65.00507	111.17000
175.60000	111.43000	 65.02655	111.43000
175.80000	111.38000	 64.79485	111.38000
176.00000	111.00000	 64.32431	111.00000
176.20000	110.52000	 63.82755	110.52000
176.40000	110.02000	 63.39544	110.02000
176.60000	109.53000	 63.06596	109.53000
176.80000	109.36000	 63.06983	109.36000
177.00000	109.28000	 63.20650	109.28000
177.20000	109.23000	 63.39812	109.23000
177.40000	109.21000	 63.61642	109.21000
177.60000	109.18000	 63.80970	109.18000
177.80000	109.07000	 63.91322	109.07000
178.00000	108.94000	 63.97084	108.94000
178.20000	108.81000	 64.00130	108.81000
178.40000	108.65000	 63.98767	108.65000
178.60000	108.43000	 63.91555	108.43000
178.80000	108.22000	 63.84760	108.22000
179.00000	108.03000	 63.79837	108.03000
179.20000	107.87000	 63.77845	107.87000
179.40000	107.88000	 63.89098	107.88000
179.60000	107.96000	 64.04924	107.96000
179.80000	108.08000	 64.21804	108.08000
180.00000	108.21000	 64.36521	108.21000
180.20000	108.33000	 64.47114	108.33000
180.40000	108.36000	 64.47714	108.36000
180.60000	108.37000	 64.44475	108.37000
180.80000	108.38000	 64.39912	108.38000
181.00000	108.38000	 64.34126	108.38000
181.20000	108.39000	 64.29294	108.39000
181.40000	108.42000	 64.26548	108.42000
181.60000	108.45000	 64.24487	108.45000
181.80000	108.46000	 64.21618	108.46000
182.00000	108.46000	 64.18747	108.46000
182.20000	108.39000	 64.11477	108.39000
182.40000	108.28000	 64.02466	108.28000
182.60000	108.15000	 63.93657	108.15000
182.80000	108.02000	 63.86829	108.02000
183.00000	107.90000	 63.82741	107.90000
183.20000	107.81000	 63.82629	107.81000
183.40000	107.72000	 63.83729	107.72000
183.60000	107.65000	 63.87033	107.65000
183.80000	107.58000	 63.90514	107.58000
184.00000	107.54000	 63.96001	107.54000
184.20000	107.51000	 64.01553	107.51000
184.40000	107.47000	 64.05367	107.47000
184.60000	107.42000	 64.07385	107.42000
184.80000	107.35000	 64.06991	107.35000
185.00000	107.17000	 63.97837	107.17000
185.20000	106.97000	 63.87617	106.97000
185.40000	106.77000	 63.78624	106.77000
185.60000	106.58000	 63.72043	106.58000
185.80000	106.39000	 63.67218	106.39000
186.00000	106.20000	 63.64036	106.20000
186.20000	106.09000	 63.68192	106.09000
186.40000	106.10000	 63.81801	106.10000
186.60000	106.32000	 64.10067	106.32000
186.80000	106.87000	 64.59502	106.87000
187.00000	107.53000	 65.10220	107.53000
187.20000	108.23000	 65.54439	108.23000
187.40000	108.93000	 65.88021	108.93000
187.60000	109.62000	 66.10417	109.62000
187.80000	110.16000	 66.12451	110.16000
188.00000	110.44000	 65.88711	110.44000
188.20000	110.33000	 65.33865	110.33000
188.40000	109.20000	 64.07131	109.20000
188.60000	107.86000	 62.79203	107.86000
188.80000	106.48000	 61.70177	106.48000
189.00000	105.45000	 61.12328	105.45000
189.20000	105.49000	 61.56525	105.49000
189.40000	105.81000	 62.33075	105.81000
189.60000	106.29000	 63.22315	106.29000
189.80000	106.82000	 64.07459	106.82000
190.00000	107.16000	 64.65150	107.16000
190.20000	106.99000	 64.70400	106.99000
190.40000	106.80000	 64.63485	106.80000
190.60000	106.64000	 64.52022	106.64000
190.80000	106.63000	 64.48042	106.63000
191.00000	106.97000	 64.67842	106.97000
191.20000	107.36000	 64.88042	107.36000
191.40000	107.75000	 65.04096	107.75000
191.60000	108.01000	 65.06190	108.01000
191.80000	108.07000	 64.90314	108.07000
192.00000	108.07000	 64.69316	108.07000
192.20000	108.02000	 64.46136	108.02000
192.40000	107.94000	 64.23973	107.94000
192.60000	107.84000	 64.04658	107.84000
192.80000	107.75000	 63.90896	107.75000
193.00000	107.70000	 63.84716	107.70000
193.20000	107.72000	 63.87498	107.72000
193.40000	108.04000	 64.14846	108.04000
193.60000	108.48000	 64.50165	108.48000
193.80000	108.91000	 64.80828	108.91000
194.00000	109.30000	 65.02977	109.30000
194.20000	109.59000	 65.11835	109.59000
194.40000	109.36000	 64.77318	109.36000
194.60000	109.06000	 64.37481	109.06000
194.80000	108.77000	 64.02017	108.77000
195.00000	108.56000	 63.78310	108.56000
195.20000	108.70000	 63.86769	108.70000
195.40000	109.06000	 64.15065	109.06000
195.60000	109.52000	 64.50593	109.52000
195.80000	110.06000	 64.88626	110.06000
196.00000	110.58000	 65.19286	110.58000
196.20000	111.12000	 65.44518	111.12000
196.40000	111.67000	 65.63395	111.67000
196.60000	112.24000	 65.77130	112.24000
196.80000	112.88000	 65.90242	112.88000
197.00000	113.54000	 65.99665	113.54000
197.20000	114.15000	 66.01006	114.15000
197.40000	114.67000	 65.92610	114.67000
197.60000	115.06000	 65.73329	115.06000
197.80000	115.02000	 65.23218	115.02000
198.00000	114.85000	 64.68919	114.85000
198.20000	114.61000	 64.18317	114.61000
198.40000	114.36000	 63.77880	114.36000
198.60000	114.27000	 63.60633	114.27000
198.80000	114.36000	 63.66186	114.36000
199.00000	114.43000	 63.76303	114.43000
199.20000	114.44000	 63.85215	114.44000
199.40000	114.28000	 63.82939	114.28000
199.60000	113.83000	 63.60352	113.83000
199.80000	113.29000	 63.33982	113.29000
200.00000	112.70000	 63.08323	112.70000
200.20000	112.10000	 62.87327	112.10000
200.40000	111.65000	 62.83081	111.65000
200.60000	111.22000	 62.84561	111.22000
200.80000	110.84000	 62.92483	110.84000
201.00000	110.49000	 63.03720	110.49000
201.20000	110.19000	 63.18302	110.19000
201.40000	110.03000	 63.41581	110.03000
201.60000	109.89000	 63.62959	109.89000
201.80000	109.75000	 63.79951	109.75000
202.00000	109.59000	 63.90799	109.59000
202.20000	109.37000	 63.92926	109.37000
202.40000	108.88000	 63.71868	108.88000
202.60000	108.36000	 63.48302	108.36000
202.80000	107.86000	 63.28177	107.86000
203.00000	107.43000	 63.16427	107.43000
203.20000	107.16000	 63.19786	107.16000
203.40000	107.05000	 63.36893	107.05000
203.60000	107.05000	 63.61827	107.05000
203.80000	107.17000	 63.93065	107.17000
204.00000	107.48000	 64.33644	107.48000
204.20000	107.96000	 64.79738	107.96000
204.40000	108.50000	 65.21083	108.50000
204.60000	109.06000	 65.53706	109.06000
204.80000	109.63000	 65.76997	109.63000
205.00000	110.21000	 65.91929	110.21000
205.20000	110.64000	 65.88123	110.64000
205.40000	110.83000	 65.61685	110.83000
205.60000	110.56000	 65.00351	110.56000
205.80000	109.45000	 63.82013	109.45000
206.00000	108.18000	 62.66469	108.18000
206.20000	106.89000	 61.70342	106.89000
206.40000	106.03000	 61.29438	106.03000
206.60000	106.04000	 61.72893	106.04000
206.80000	106.29000	 62.43812	106.29000
207.00000	106.66000	 63.23647	106.66000
207.20000	107.06000	 63.98220	107.06000
207.40000	107.23000	 64.43577	107.23000
207.60000	107.08000	 64.52536	107.08000
207.80000	106.89000	 64.48866	106.89000
208.00000	106.68000	 64.37345	106.68000
208.20000	106.53000	 64.26917	106.53000
208.40000	106.47000	 64.21800	106.47000
208.60000	106.40000	 64.15482	106.40000
208.80000	106.30000	 64.07213	106.30000
209.00000	106.05000	 63.88793	106.05000
209.20000	105.67000	 63.63118	105.67000
209.40000	105.28000	 63.40721	105.28000
209.60000	104.93000	 63.26134	104.93000
209.80000	104.71000	 63.25860	104.71000
210.00000	104.85000	 63.55481	104.85000
210.20000	105.06000	 63.89744	105.06000
210.40000	105.28000	 64.21159	105.28000
210.60000	105.46000	 64.44183	105.46000
210.80000	105.35000	 64.39824	105.35000
211.00000	105.01000	 64.14739	105.01000
211.20000	104.65000	 63.87942	104.65000
211.40000	104.34000	 63.67173	104.34000
211.60000	104.25000	 63.66226	104.25000
211.80000	104.47000	 63.90756	104.47000
212.00000	104.75000	 64.19182	104.75000
212.20000	105.00000	 64.42359	105.00000
212.40000	105.06000	 64.47211	105.06000
212.60000	104.86000	 64.29416	104.86000
212.80000	104.59000	 64.05742	104.59000
213.00000	104.30000	 63.82309	104.30000
213.20000	104.08000	 63.67429	104.08000
213.40000	103.98000	 63.65145	103.98000
213.60000	103.93000	 63.69335	103.93000
213.80000	103.93000	 63.78741	103.93000
214.00000	103.98000	 63.92008	103.98000
214.20000	104.11000	 64.10058	104.11000
214.40000	104.31000	 64.30812	104.31000
214.60000	104.52000	 64.48653	104.52000
214.80000	104.72000	 64.61564	104.72000
215.00000	104.89000	 64.68160	104.89000
215.20000	104.85000	 64.55772	104.85000
215.40000	104.77000	 64.39212	104.77000
215.60000	104.73000	 64.26331	104.73000
215.80000	104.77000	 64.21085	104.77000
216.00000	105.20000	 64.46401	105.20000
216.20000	105.78000	 64.81655	105.78000
216.40000	106.33000	 65.10622	106.33000
216.60000	106.75000	 65.24485	106.75000
216.80000	106.54000	 64.86654	106.54000
217.00000	106.04000	 64.27409	106.04000
217.20000	105.47000	 63.68561	105.47000
217.40000	104.93000	 63.21288	104.93000
217.60000	104.96000	 63.27093	104.96000
217.80000	105.36000	 63.67277	105.36000
218.00000	105.85000	 64.15212	105.85000
218.20000	106.36000	 64.60910	106.36000
218.40000	106.82000	 64.96078	106.82000
218.60000	106.81000	 64.88454	106.81000
218.80000	106.62000	 64.62690	106.62000
219.00000	106.42000	 64.35267	106.42000
219.20000	106.28000	 64.14217	106.28000
219.40000	106.48000	 64.21652	106.48000
219.60000	106.90000	 64.46992	106.90000
219.80000	107.36000	 64.74073	107.36000
220.00000	107.77000	 64.94106	107.77000
220.20000	107.88000	 64.87772	107.88000
220.40000	107.80000	 64.65110	107.80000
220.60000	107.65000	 64.37833	107.65000
220.80000	107.49000	 64.12771	107.49000
221.00000	107.44000	 64.00250	107.44000
221.20000	107.50000	 64.00095	107.50000
221.40000	107.62000	 64.07328	107.62000
221.60000	107.79000	 64.19635	107.79000
221.80000	108.02000	 64.36193	108.02000
222.00000	108.43000	 64.64409	108.43000
222.20000	108.94000	 64.96261	108.94000
222.40000	109.44000	 65.21820	109.44000
222.60000	109.91000	 65.38963	109.91000
222.80000	110.29000	 65.43597	110.29000
223.00000	110.43000	 65.26029	110.43000
223.20000	110.34000	 64.90046	110.34000
223.40000	110.17000	 64.50574	110.17000
223.60000	109.94000	 64.12059	109.94000
223.80000	109.66000	 63.77194	109.66000
224.00000	109.35000	 63.48459	109.35000
224.20000	109.06000	 63.29663	109.06000
224.40000	108.79000	 63.19943	108.79000
224.60000	108.57000	 63.20065	108.57000
224.80000	108.56000	 63.39944	108.56000
225.00000	108.63000	 63.66777	108.63000
225.20000	108.74000	 63.94754	108.74000
225.40000	108.87000	 64.20320	108.87000
225.60000	108.99000	 64.40050	108.99000
225.80000	109.03000	 64.48477	109.03000
226.00000	109.05000	 64.50907	109.05000
226.20000	109.05000	 64.48502	109.05000
226.40000	109.04000	 64.43262	109.04000
226.60000	109.00000	 64.34846	109.00000
226.80000	108.95000	 64.25820	108.95000
227.00000	108.88000	 64.16250	108.88000
227.20000	108.78000	 64.06004	108.78000
227.40000	108.65000	 63.95563	108.65000
227.60000	108.49000	 63.85273	108.49000
227.80000	108.28000	 63.73876	108.28000
228.00000	108.05000	 63.63843	108.05000
228.20000	107.79000	 63.54477	107.79000
228.40000	107.45000	 63.42038	107.45000
228.60000	107.04000	 63.27518	107.04000
228.80000	106.69000	 63.20906	106.69000
229.00000	106.43000	 63.23933	106.43000
229.20000	106.43000	 63.47948	106.43000
229.40000	106.86000	 64.02730	106.86000
229.60000	107.41000	 64.60529	107.41000
229.80000	108.03000	 65.14053	108.03000
230.00000	108.64000	 65.55310	108.64000
230.20000	109.15000	 65.77361	109.15000
230.40000	109.53000	 65.79601	109.53000
230.60000	109.74000	 65.62043	109.74000
230.80000	109.75000	 65.26376	109.75000
231.00000	109.35000	 64.61447	109.35000
231.20000	108.41000	 63.63383	108.41000
231.40000	107.37000	 62.71809	107.37000
231.60000	106.35000	 61.99858	106.35000
231.80000	105.66000	 61.71569	105.66000
232.00000	105.72000	 62.14704	105.72000
232.20000	105.97000	 62.78836	105.97000
232.40000	106.35000	 63.51352	106.35000
232.60000	106.76000	 64.18418	106.76000
232.80000	106.99000	 64.60555	106.99000
233.00000	106.96000	 64.71452	106.96000
233.20000	106.92000	 64.72272	106.92000
233.40000	106.93000	 64.70247	106.93000
233.60000	107.15000	 64.79432	107.15000
233.80000	107.62000	 65.03283	107.62000
234.00000	108.05000	 65.19320	108.05000
234.20000	108.35000	 65.20915	108.35000
234.40000	108.12000	 64.79824	108.12000
234.60000	107.41000	 64.04667	107.41000
234.80000	106.61000	 63.30883	106.61000
235.00000	105.85000	 62.72497	105.85000
235.20000	105.57000	 62.63681	105.57000
235.40000	106.17000	 63.30531	106.17000
235.60000	107.01000	 64.16181	107.01000
235.80000	108.00000	 65.05659	108.00000
236.00000	109.04000	 65.85469	109.04000
236.20000	110.04000	 66.45650	110.04000
236.40000	110.61000	 66.56898	110.61000
236.60000	110.94000	 66.37556	110.94000
236.80000	111.18000	 66.04551	111.18000
237.00000	111.34000	 65.63937	111.34000
237.20000	111.47000	 65.23801	111.47000
237.40000	111.57000	 64.87131	111.57000
237.60000	111.62000	 64.54182	111.62000
237.80000	111.62000	 64.25797	111.62000
238.00000	111.56000	 64.01379	111.56000
238.20000	111.43000	 63.79903	111.43000
238.40000	111.25000	 63.62366	111.25000
238.60000	111.02000	 63.48051	111.02000
238.80000	110.75000	 63.36891	110.75000
239.00000	110.41000	 63.25802	110.41000
239.20000	110.00000	 63.14170	110.00000
239.40000	109.58000	 63.06052	109.58000
239.60000	109.17000	 63.02331	109.17000
239.80000	108.81000	 63.05138	108.81000
240.00000	108.57000	 63.18469	108.57000
240.20000	108.64000	 63.54593	108.64000
240.40000	108.75000	 63.90157	108.75000
240.60000	108.87000	 64.20672	108.87000
240.80000	108.95000	 64.41346	108.95000
241.00000	108.96000	 64.50127	108.96000
241.20000	108.71000	 64.34183	108.71000
241.40000	108.34000	 64.07038	108.34000
241.60000	107.90000	 63.75625	107.90000
241.80000	107.39000	 63.42576	107.39000
242.00000	106.75000	 63.05412	106.75000
242.20000	106.03000	 62.69571	106.03000
242.40000	105.33000	 62.43518	105.33000
242.60000	104.69000	 62.30028	104.69000
242.80000	104.27000	 62.39636	104.27000
243.00000	104.18000	 62.77422	104.18000
243.20000	104.22000	 63.23837	104.22000
243.40000	104.33000	 63.70355	104.33000
243.60000	104.50000	 64.13411	104.50000
243.80000	104.63000	 64.43981	104.63000
244.00000	104.58000	 64.51753	104.58000
244.20000	104.53000	 64.52226	104.53000
244.40000	104.50000	 64.49074	104.50000
244.60000	104.49000	 64.44163	104.49000
244.80000	104.54000	 64.41916	104.54000
245.00000	104.84000	 64.57166	104.84000
245.20000	105.17000	 64.72534	105.17000
245.40000	105.50000	 64.85039	105.50000
245.60000	105.81000	 64.92942	105.81000
245.80000	106.05000	 64.92797	106.05000
246.00000	106.04000	 64.72205	106.04000
246.20000	105.92000	 64.44077	105.92000
246.40000	105.76000	 64.16054	105.76000
246.60000	105.58000	 63.91305	105.58000
246.80000	105.42000	 63.73645	105.42000
247.00000	105.31000	 63.65219	105.31000
247.20000	105.25000	 63.65109	105.25000
247.40000	105.25000	 63.72636	105.25000
247.60000	105.34000	 63.88326	105.34000
247.80000	105.61000	 64.16909	105.61000
248.00000	105.97000	 64.49187	105.97000
248.20000	106.40000	 64.81586	106.40000
248.40000	106.90000	 65.12657	106.90000
248.60000	107.44000	 65.39311	107.44000
248.80000	108.12000	 65.68774	108.12000
249.00000	108.80000	 65.90312	108.80000
249.20000	109.46000	 66.02938	109.46000
249.40000	110.04000	 66.03394	110.04000
249.60000	110.53000	 65.92900	110.53000
249.80000	110.74000	 65.59769	110.74000
250.00000	110.78000	 65.15898	110.78000
250.20000	110.70000	 64.68579	110.70000
250.40000	110.52000	 64.22090	110.52000
250.60000	110.23000	 63.77533	110.23000
250.80000	109.83000	 63.35984	109.83000
251.00000	109.38000	 63.02333	109.38000
251.20000	108.89000	 62.76873	108.89000
251.40000	108.40000	 62.61476	108.40000
251.60000	107.98000	 62.59618	107.98000
251.80000	107.61000	 62.67363	107.61000
252.00000	107.26000	 62.79890	107.26000
252.20000	106.96000	 62.97169	106.96000
252.40000	106.70000	 63.16459	106.70000
252.60000	106.60000	 63.45074	106.60000
252.80000	106.57000	 63.74403	106.57000
253.00000	106.54000	 63.97858	106.54000
253.20000	106.49000	 64.13540	106.49000
253.40000	106.38000	 64.18933	106.38000
253.60000	106.07000	 64.04943	106.07000
253.80000	105.54000	 63.72778	105.54000
254.00000	104.98000	 63.40057	104.98000
254.20000	104.42000	 63.11509	104.42000
254.40000	103.89000	 62.90695	103.89000
254.60000	103.54000	 62.88921	103.54000
254.80000	103.30000	 62.99365	103.30000
255.00000	103.09000	 63.13828	103.09000
255.20000	102.92000	 63.31099	102.92000
255.40000	102.70000	 63.42902	102.70000
255.60000	102.45000	 63.50114	102.45000
255.80000	102.23000	 63.57187	102.23000
256.00000	102.07000	 63.66370	102.07000
256.20000	101.99000	 63.78968	101.99000
256.40000	102.19000	 64.09358	102.19000
256.60000	102.49000	 64.42267	102.49000
256.80000	102.84000	 64.72424	102.84000
257.00000	103.23000	 64.98267	103.23000
257.20000	103.63000	 65.17421	103.63000
257.40000	103.96000	 65.24493	103.96000
257.60000	104.25000	 65.23203	104.25000
257.80000	104.51000	 65.16116	104.51000
258.00000	104.73000	 65.04299	104.73000
258.20000	104.89000	 64.87965	104.89000
258.40000	104.91000	 64.62783	104.91000
258.60000	104.85000	 64.35115	104.85000
258.80000	104.76000	 64.10216	104.76000
259.00000	104.67000	 63.91117	104.67000
259.20000	104.60000	 63.79310	104.60000
259.40000	104.72000	 63.86701	104.72000
259.60000	104.85000	 63.97702	104.85000
259.80000	104.95000	 64.07445	104.95000
260.00000	104.99000	 64.12504	104.99000
260.20000	104.80000	 63.99893	104.80000
260.40000	104.47000	 63.77640	104.47000
260.60000	104.09000	 63.54246	104.09000
260.80000	103.69000	 63.33307	103.69000
261.00000	103.37000	 63.22942	103.37000
261.20000	103.17000	 63.25617	103.17000
261.40000	102.98000	 63.31629	102.98000
261.60000	102.80000	 63.39582	102.80000
261.80000	102.60000	 63.46109	102.60000
262.00000	102.31000	 63.45362	102.31000
262.20000	101.87000	 63.33119	101.87000
262.40000	101.42000	 63.20961	101.42000
262.60000	100.98000	 63.11203	100.98000
262.80000	100.59000	 63.07160	100.59000
263.00000	100.31000	 63.12981	100.31000
263.20000	100.34000	 63.42355	100.34000
263.40000	100.42000	 63.73071	100.42000
263.60000	100.54000	 64.02217	100.54000
263.80000	100.65000	 64.24743	100.65000
264.00000	100.74000	 64.39601	100.74000
264.20000	100.62000	 64.33233	100.62000
264.40000	100.43000	 64.18336	100.43000
264.60000	100.22000	 64.01028	100.22000
264.80000	100.00000	 63.83942	100.00000
265.00000	 99.78000	 63.69111	 99.78000
265.20000	 99.57000	 63.57955	 99.57000
265.40000	 99.39000	 63.52077	 99.39000
265.60000	 99.24000	 63.51069	 99.24000
265.80000	 99.16000	 63.57151	 99.16000
266.00000	 99.20000	 63.72853	 99.20000
266.20000	 99.29000	 63.91283	 99.29000
266.40000	 99.42000	 64.10269	 99.42000
266.60000	 99.58000	 64.28031	 99.58000
266.80000	 99.74000	 64.41749	 99.74000
267.00000	 99.86000	 64.48430	 99.86000
267.20000	 99.99000	 64.52413	 99.99000
267.40000	100.12000	 64.53658	100.12000
267.60000	100.27000	 64.54388	100.27000
267.80000	100.43000	 64.54428	100.43000
268.00000	100.61000	 64.54978	100.61000
268.20000	100.80000	 64.55570	100.80000
268.40000	100.98000	 64.54907	100.98000
268.60000	101.14000	 64.52496	101.14000
268.80000	101.18000	 64.41266	101.18000
269.00000	101.24000	 64.32631	101.24000
269.20000	101.33000	 64.27814	101.33000
269.40000	101.49000	 64.29755	101.49000
269.60000	101.87000	 64.48913	101.87000
269.80000	102.34000	 64.73617	102.34000
270.00000	102.89000	 65.01198	102.89000
270.20000	103.50000	 65.28578	103.50000
270.40000	104.17000	 65.54679	104.17000
270.60000	104.91000	 65.79625	104.91000
270.80000	105.64000	 65.97185	105.64000
271.00000	106.33000	 66.05621	106.33000
271.20000	106.94000	 66.03168	106.94000
271.40000	107.39000	 65.85746	107.39000
271.60000	107.70000	 65.57511	107.70000
271.80000	107.87000	 65.21316	107.87000
272.00000	107.89000	 64.79132	107.89000
272.20000	107.66000	 64.25976	107.66000
272.40000	107.22000	 63.67491	107.22000
272.60000	106.70000	 63.15633	106.70000
272.80000	106.15000	 62.75080	106.15000
273.00000	105.68000	 62.53575	105.68000
273.20000	105.32000	 62.51272	105.32000
273.40000	105.02000	 62.61235	105.02000
273.60000	104.78000	 62.80070	104.78000
273.80000	104.68000	 63.10521	104.68000
274.00000	104.75000	 63.51528	104.75000
274.20000	104.83000	 63.87996	104.83000
274.40000	104.85000	 64.12926	104.85000
274.60000	104.64000	 64.13556	104.64000
274.80000	104.10000	 63.84631	104.10000
275.00000	103.49000	 63.49640	103.49000
275.20000	102.88000	 63.17265	102.88000
275.40000	102.42000	 63.00786	102.42000
275.60000	102.39000	 63.20956	102.39000
275.80000	102.44000	 63.48468	102.44000
276.00000	102.52000	 63.76584	102.52000
276.20000	102.57000	 63.98710	102.57000
276.40000	102.42000	 64.01330	102.42000
276.60000	101.98000	 63.78957	101.98000
276.80000	101.51000	 63.53982	101.51000
277.00000	101.03000	 63.30301	101.03000
277.20000	100.60000	 63.13905	100.60000
277.40000	100.42000	 63.19992	100.42000
277.60000	100.30000	 63.32671	100.30000
277.80000	100.19000	 63.46360	100.19000
278.00000	100.08000	 63.58925	100.08000
278.20000	 99.79000	 63.56180	 99.79000
278.40000	 99.49000	 63.51540	 99.49000
278.60000	 99.22000	 63.48720	 99.22000
278.80000	 99.00000	 63.49553	 99.00000
279.00000	 99.06000	 63.70974	 99.06000
279.20000	 99.26000	 64.00641	 99.26000
279.40000	 99.50000	 64.29023	 99.50000
279.60000	 99.74000	 64.51810	 99.74000
279.80000	 99.92000	 64.64159	 99.92000
280.00000	 99.82000	 64.50480	 99.82000
280.20000	 99.67000	 64.30715	 99.67000
280.40000	 99.50000	 64.09668	 99.50000
280.60000	 99.33000	 63.90728	 99.33000
280.80000	 99.24000	 63.80938	 99.24000
281.00000	 99.22000	 63.79480	 99.22000
281.20000	 99.25000	 63.84040	 99.25000
281.40000	 99.35000	 63.94957	 99.35000
281.60000	 99.50000	 64.09371	 99.50000
281.80000	 99.75000	 64.29703	 99.75000
282.00000	100.07000	 64.52298	100.07000
282.20000	100.44000	 64.74481	100.44000
282.40000	100.86000	 64.95469	100.86000
282.60000	101.32000	 65.14100	101.32000
282.80000	101.82000	 65.30311	101.82000
283.00000	102.36000	 65.44293	102.36000
283.20000	102.93000	 65.55655	102.93000
283.40000	103.60000	 65.70074	103.60000
283.60000	104.29000	 65.81693	104.29000
283.80000	104.96000	 65.87864	104.96000
284.00000	105.59000	 65.87837	105.59000
284.20000	106.04000	 65.72332	106.04000
284.40000	106.32000	 65.44283	106.32000
284.60000	106.54000	 65.14516	106.54000
284.80000	106.72000	 64.86523	106.72000
285.00000	106.89000	 64.63742	106.89000
285.20000	107.24000	 64.60591	107.24000
285.40000	107.61000	 64.63632	107.61000
285.60000	107.93000	 64.65996	107.93000
285.80000	108.18000	 64.65092	108.18000
286.00000	108.33000	 64.58231	108.33000
286.20000	108.15000	 64.28608	108.15000
286.40000	107.88000	 63.96259	107.88000
286.60000	107.55000	 63.65218	107.55000
286.80000	107.19000	 63.38829	107.19000
287.00000	106.88000	 63.23349	106.88000
287.20000	106.61000	 63.17241	106.61000
287.40000	106.36000	 63.17593	106.36000
287.60000	106.14000	 63.23545	106.14000
