  0.00000	 72.36000	 58.45306	 72.36000
  0.20000	 73.70000	 60.02137	 73.70000
  0.40000	 74.59000	 61.08887	 74.59000
  0.60000	 75.10000	 61.73075	 75.10000
  0.80000	 75.29000	 62.01282	 75.29000
  1.00000	 75.23000	 62.01305	 75.23000
  1.20000	 74.97000	 61.78774	 74.97000
  1.40000	 74.57000	 61.40454	 74.57000
  1.60000	 74.11000	 60.95340	 74.11000
  1.80000	 73.89000	 60.76879	 73.89000
  2.00000	 73.72000	 60.63940	 73.72000
  2.20000	 73.55000	 60.50953	 73.55000
  2.40000	 73.36000	 60.35687	 73.36000
  2.60000	 73.13000	 60.15920	 73.13000
  2.80000	 72.69000	 59.72754	 72.69000
  3.00000	 72.11000	 59.14027	 72.11000
  3.20000	 71.56000	 58.58716	 71.56000
  3.40000	 71.09000	 58.12420	 71.09000
  3.60000	 70.74000	 57.79595	 70.74000
  3.80000	 70.82000	 57.94694	 70.82000
  4.00000	 71.14000	 58.36476	 71.14000
  4.20000	 71.54000	 58.87014	 71.54000
  4.40000	 71.95000	 59.38420	 71.95000
  4.60000	 72.24000	 59.76164	 72.24000
  4.80000	 72.37000	 59.95778	 72.37000
  5.00000	 72.42000	 60.06187	 72.42000
  5.20000	 72.39000	 60.07430	 72.39000
  5.40000	 72.27000	 59.98441	 72.27000
  5.60000	 72.04000	 59.77051	 72.04000
  5.80000	 71.76000	 59.49995	 71.76000
  6.00000	 71.42000	 59.16215	 71.42000
  6.20000	 71.06000	 58.80213	 71.06000
  6.40000	 70.69000	 58.43139	 70.69000
  6.60000	 70.33000	 58.07247	 70.33000
  6.80000	 69.96000	 57.70328	 69.96000
  7.00000	 69.58000	 57.32395	 69.58000
  7.20000	 69.22000	 56.96794	 69.22000
  7.40000	 68.80000	 56.54630	 68.80000
  7.60000	 68.38000	 56.12587	 68.38000
  7.80000	 68.04000	 55.79572	 68.04000
  8.00000	 67.81000	 55.58907	 67.81000
  8.20000	 67.76000	 55.58342	 67.76000
  8.40000	 68.12000	 56.03393	 68.12000
  8.60000	 68.54000	 56.54998	 68.54000
  8.80000	 68.98000	 57.08603	 68.98000
  9.00000	 69.34000	 57.53015	 69.34000
  9.20000	 69.31000	 57.53726	 69.31000
  9.40000	 69.19000	 57.44172	 69.19000
  9.60000	 68.99000	 57.25536	 68.99000
  9.80000	 68.76000	 57.03446	 68.76000
 10.00000	 68.62000	 56.91303	 68.62000
 10.20000	 68.51000	 56.82449	 68.51000
 10.40000	 68.41000	 56.74668	 68.41000
 10.60000	 68.31000	 56.66847	 68.31000
 10.80000	 68.23000	 56.61213	 68.23000
 11.00000	 68.01000	 56.39969	 68.01000
 11.20000	 67.79000	 56.18714	 67.79000
 11.40000	 67.68000	 56.09703	 67.68000
 11.60000	 67.72000	 56.17373	 67.72000
 11.80000	 68.05000	 56.57255	 68.05000
 12.00000	 68.83000	 57.47051	 68.83000
 12.20000	 69.76000	 58.53235	 69.76000
 12.40000	 70.77000	 59.67882	 70.77000
 12.60000	 71.80000	 60.84209	 71.80000
 12.80000	 72.77000	 61.93247	 72.77000
 13.00000	 73.67000	 62.93854	 73.67000
 13.20000	 74.46000	 63.81581	 74.46000
 13.40000	 74.99000	 64.39778	 74.99000
 13.60000	 75.26000	 64.68532	 75.26000
 13.80000	 75.39000	 64.81309	 75.39000
 14.00000	 75.42000	 64.82676	 75.42000
 14.20000	 75.38000	 64.76075	 75.38000
 14.40000	 75.27000	 64.61595	 75.27000
 14.60000	 75.18000	 64.49322	 75.18000
 14.80000	 75.15000	 64.43754	 75.15000
 15.00000	 75.21000	 64.48245	 75.21000
 15.20000	 75.66000	 64.96154	 75.66000
 15.40000	 76.25000	 65.59584	 76.25000
 15.60000	 76.88000	 66.27320	 76.88000
 15.80000	 77.48000	 66.91505	 77.48000
 16.00000	 77.91000	 67.36529	 77.91000
 16.20000	 78.19000	 67.64630	 78.19000
 16.40000	 78.36000	 67.80302	 78.36000
 16.60000	 78.41000	 67.82490	 78.41000
 16.80000	 78.24000	 67.60138	 78.24000
 17.00000	 77.90000	 67.18902	 77.90000
 17.20000	 77.46000	 66.66671	 77.46000
 17.40000	 76.95000	 66.06871	 76.95000
 17.60000	 76.41000	 65.44026	 76.41000
 17.80000	 75.89000	 64.83752	 75.89000
 18.00000	 75.40000	 64.27189	 75.40000
 18.20000	 74.96000	 63.76573	 74.96000
 18.40000	 74.60000	 63.35230	 74.60000
 18.60000	 74.34000	 63.05358	 74.34000
 18.80000	 74.32000	 63.02484	 74.32000
 19.00000	 74.45000	 63.16510	 74.45000
 19.20000	 74.69000	 63.42895	 74.69000
 19.40000	 75.05000	 63.82659	 75.05000
 19.60000	 75.54000	 64.36828	 75.54000
 19.80000	 76.18000	 65.07536	 76.18000
 20.00000	 76.86000	 65.82459	 76.86000
 20.20000	 77.51000	 66.53741	 77.51000
 20.40000	 78.06000	 67.13561	 78.06000
 20.60000	 78.38000	 67.47459	 78.38000
 20.80000	 78.62000	 67.72174	 78.62000
 21.00000	 78.79000	 67.88876	 78.79000
 21.20000	 78.90000	 67.98734	 78.90000
 21.40000	 79.02000	 68.09587	 79.02000
 21.60000	 79.10000	 68.15910	 79.10000
 21.80000	 79.14000	 68.17737	 79.14000
 22.00000	 79.14000	 68.15101	 79.14000
 22.20000	 79.06000	 68.03583	 79.06000
 22.40000	 78.76000	 67.67652	 78.76000
 22.60000	 78.49000	 67.35188	 78.49000
 22.80000	 78.30000	 67.11793	 78.30000
 23.00000	 78.25000	 67.04152	 78.25000
 23.20000	 78.56000	 67.36705	 78.56000
 23.40000	 79.33000	 68.20476	 79.33000
 23.60000	 80.23000	 69.18590	 80.23000
 23.80000	 81.19000	 70.23119	 81.19000
 24.00000	 82.10000	 71.21721	 82.10000
 24.20000	 82.84000	 72.00989	 82.84000
 24.40000	 83.48000	 72.68713	 83.48000
 24.60000	 83.99000	 73.21582	 83.99000
 24.80000	 84.32000	 73.54087	 84.32000
 25.00000	 84.35000	 73.52962	 84.35000
 25.20000	 84.24000	 73.36123	 84.24000
 25.40000	 84.05000	 73.10360	 84.05000
 25.60000	 83.79000	 72.76883	 83.79000
 25.80000	 83.57000	 72.48006	 83.57000
 26.00000	 83.38000	 72.22661	 83.38000
 26.20000	 83.21000	 71.99759	 83.21000
 26.40000	 83.08000	 71.81531	 83.08000
 26.60000	 83.00000	 71.69084	 83.00000
 26.80000	 83.14000	 71.81308	 83.14000
 27.00000	 83.36000	 72.02570	 83.36000
 27.20000	 83.58000	 72.23910	 83.58000
 27.40000	 83.77000	 72.41950	 83.77000
 27.60000	 83.81000	 72.43320	 83.81000
 27.80000	 83.63000	 72.20253	 83.63000
 28.00000	 83.37000	 71.88379	 83.37000
 28.20000	 83.04000	 71.48870	 83.04000
 28.40000	 82.68000	 71.06228	 82.68000
 28.60000	 82.36000	 70.68278	 82.36000
 28.80000	 82.04000	 70.30589	 82.04000
 29.00000	 81.72000	 69.93170	 81.72000
 29.20000	 81.39000	 69.54912	 81.39000
 29.40000	 81.05000	 69.15815	 81.05000
 29.60000	 80.61000	 68.65872	 80.61000
 29.80000	 80.12000	 68.10663	 80.12000
 30.00000	 79.70000	 67.63556	 79.70000
 30.20000	 79.40000	 67.30108	 79.40000
 30.40000	 79.26000	 67.14736	 79.26000
 30.60000	 79.46000	 67.37397	 79.46000
 30.80000	 79.98000	 67.95749	 79.98000
 31.00000	 80.65000	 68.70731	 80.65000
 31.20000	 81.45000	 69.59982	 81.45000
 31.40000	 82.37000	 70.62271	 82.37000
 31.60000	 83.46000	 71.83051	 83.46000
 31.80000	 84.52000	 72.99975	 84.52000
 32.00000	 85.47000	 74.04086	 85.47000
 32.20000	 86.14000	 74.76465	 86.14000
 32.40000	 86.24000	 74.84920	 86.24000
 32.60000	 86.13000	 74.69665	 86.13000
 32.80000	 85.89000	 74.39764	 85.89000
 33.00000	 85.57000	 74.00924	 85.57000
 33.20000	 85.47000	 73.86628	 85.47000
 33.40000	 85.40000	 73.75773	 85.40000
 33.60000	 85.33000	 73.65037	 85.33000
 33.80000	 85.26000	 73.54425	 85.26000
 34.00000	 85.18000	 73.42831	 85.18000
 34.20000	 84.94000	 73.13573	 84.94000
 34.40000	 84.62000	 72.75588	 84.62000
 34.60000	 84.38000	 72.46710	 84.38000
 34.80000	 84.25000	 72.30284	 84.25000
 35.00000	 84.30000	 72.34075	 84.30000
 35.20000	 84.89000	 72.98063	 84.89000
 35.40000	 85.82000	 73.99847	 85.82000
 35.60000	 86.79000	 75.05876	 86.79000
 35.80000	 87.69000	 76.03784	 87.69000
 36.00000	 88.26000	 76.64584	 88.26000
 36.20000	 88.36000	 76.72733	 88.36000
 36.40000	 88.30000	 76.62838	 88.30000
 36.60000	 88.12000	 76.39474	 88.12000
 36.80000	 87.92000	 76.13874	 87.92000
 37.00000	 87.80000	 75.97243	 87.80000
 37.20000	 87.67000	 75.79607	 87.67000
 37.40000	 87.53000	 75.60992	 87.53000
 37.60000	 87.37000	 75.40306	 87.37000
 37.80000	 87.20000	 75.18676	 87.20000
 38.00000	 87.02000	 74.96114	 87.02000
 38.20000	 86.84000	 74.73739	 86.84000
 38.40000	 86.65000	 74.50442	 86.65000
 38.60000	 86.45000	 74.26228	 86.45000
 38.80000	 86.26000	 74.03322	 86.26000
 39.00000	 85.91000	 73.62814	 85.91000
 39.20000	 85.57000	 73.23643	 85.57000
 39.40000	 85.33000	 72.95836	 85.33000
 39.60000	 85.25000	 72.86054	 85.25000
 39.80000	 85.36000	 72.97586	 85.36000
 40.00000	 86.26000	 73.97087	 86.26000
 40.20000	 87.25000	 75.06476	 87.25000
 40.40000	 88.19000	 76.10008	 88.19000
 40.60000	 88.97000	 76.95346	 88.97000
 40.80000	 88.98000	 76.94613	 88.98000
 41.00000	 88.67000	 76.58014	 88.67000
 41.20000	 88.20000	 76.03521	 88.20000
 41.40000	 87.62000	 75.36854	 87.62000
 41.60000	 87.23000	 74.91510	 87.23000
 41.80000	 86.94000	 74.57525	 86.94000
 42.00000	 86.65000	 74.23782	 86.65000
 42.20000	 86.37000	 73.91395	 86.37000
 42.40000	 86.08000	 73.58138	 86.08000
 42.60000	 85.67000	 73.11772	 85.67000
 42.80000	 85.12000	 72.50097	 85.12000
 43.00000	 84.61000	 71.93176	 84.61000
 43.20000	 84.20000	 71.47699	 84.20000
 43.40000	 83.93000	 71.18102	 83.93000
 43.60000	 83.95000	 71.21025	 83.95000
 43.80000	 84.52000	 71.85288	 84.52000
 44.00000	 85.18000	 72.59540	 85.18000
 44.20000	 85.86000	 73.35847	 85.86000
 44.40000	 86.48000	 74.05208	 86.48000
 44.60000	 86.73000	 74.33091	 86.73000
 44.80000	 86.79000	 74.39563	 86.79000
 45.00000	 86.72000	 74.31376	 86.72000
 45.20000	 86.55000	 74.11949	 86.55000
 45.40000	 86.29000	 73.82476	 86.29000
 45.60000	 85.95000	 73.44144	 85.95000
 45.80000	 85.58000	 73.02583	 85.58000
 46.00000	 85.20000	 72.60068	 85.20000
 46.20000	 84.83000	 72.18861	 84.83000
 46.40000	 84.55000	 71.87880	 84.55000
 46.60000	 84.34000	 71.64890	 84.34000
 46.80000	 84.19000	 71.48758	 84.19000
 47.00000	 84.11000	 71.40565	 84.11000
 47.20000	 84.11000	 71.41383	 84.11000
 47.40000	 84.22000	 71.54506	 84.22000
 47.60000	 84.45000	 71.80988	 84.45000
 47.80000	 84.77000	 72.17430	 84.77000
 48.00000	 85.17000	 72.62656	 85.17000
 48.20000	 85.67000	 73.18829	 85.67000
 48.40000	 86.44000	 74.04796	 86.44000
 48.60000	 87.24000	 74.93765	 87.24000
 48.80000	 88.00000	 75.77880	 88.00000
 49.00000	 88.65000	 76.49321	 88.65000
 49.20000	 88.85000	 76.70278	 88.85000
 49.40000	 88.82000	 76.65326	 88.82000
 49.60000	 88.66000	 76.45716	 88.66000
 49.80000	 88.43000	 76.18238	 88.43000
 50.00000	 88.21000	 75.91887	 88.21000
 50.20000	 88.14000	 75.82296	 88.14000
 50.40000	 88.09000	 75.75015	 88.09000
 50.60000	 88.03000	 75.66709	 88.03000
 50.80000	 87.98000	 75.59605	 87.98000
 51.00000	 87.94000	 75.53699	 87.94000
 51.20000	 87.74000	 75.30081	 87.74000
 51.40000	 87.50000	 75.02128	 87.50000
 51.60000	 87.34000	 74.83217	 87.34000
 51.80000	 87.31000	 74.78909	 87.31000
 52.00000	 87.45000	 74.93623	 87.45000
 52.20000	 88.10000	 75.65113	 88.10000
 52.40000	 89.06000	 76.70983	 89.06000
 52.60000	 90.06000	 77.81029	 90.06000
 52.80000	 91.01000	 78.85119	 91.01000
 53.00000	 91.64000	 79.53154	 91.64000
 53.20000	 91.87000	 79.76266	 91.87000
 53.40000	 91.95000	 79.82373	 91.95000
 53.60000	 91.93000	 79.77148	 91.93000
 53.80000	 91.86000	 79.66254	 91.86000
 54.00000	 91.86000	 79.63119	 91.86000
 54.20000	 91.83000	 79.56661	 91.83000
 54.40000	 91.76000	 79.45801	 91.76000
 54.60000	 91.65000	 79.30570	 91.65000
 54.80000	 91.44000	 79.04325	 91.44000
 55.00000	 91.05000	 78.58209	 91.05000
 55.20000	 90.68000	 78.14534	 90.68000
 55.40000	 90.40000	 77.81121	 90.40000
 55.60000	 90.24000	 77.61313	 90.24000
 55.80000	 90.58000	 77.97345	 90.58000
 56.00000	 91.27000	 78.72402	 91.27000
 56.20000	 91.96000	 79.47391	 91.96000
 56.40000	 92.51000	 80.06625	 92.51000
 56.60000	 92.58000	 80.12248	 92.58000
 56.80000	 91.98000	 79.43205	 91.98000
 57.00000	 91.17000	 78.50863	 91.17000
 57.20000	 90.23000	 77.44302	 90.23000
 57.40000	 89.27000	 76.35910	 89.27000
 57.60000	 88.74000	 75.75838	 88.74000
 57.80000	 88.27000	 75.22907	 88.27000
 58.00000	 87.86000	 74.77077	 87.86000
 58.20000	 87.48000	 74.34969	 87.48000
 58.40000	 87.13000	 73.96542	 87.13000
 58.60000	 86.69000	 73.48413	 86.69000
 58.80000	 86.19000	 72.93910	 86.19000
 59.00000	 85.74000	 72.45271	 85.74000
 59.20000	 85.35000	 72.03597	 85.35000
 59.40000	 85.05000	 71.72202	 85.05000
 59.60000	 84.97000	 71.65504	 84.97000
 59.80000	 85.08000	 71.80089	 85.08000
 60.00000	 85.23000	 71.99179	 85.23000
 60.20000	 85.40000	 72.20473	 85.40000
 60.40000	 85.53000	 72.37243	 85.53000
 60.60000	 85.44000	 72.29442	 85.44000
 60.80000	 85.31000	 72.17120	 85.31000
 61.00000	 85.14000	 72.00308	 85.14000
 61.20000	 84.96000	 71.82372	 84.96000
 61.40000	 84.76000	 71.62224	 84.76000
 61.60000	 84.55000	 71.40994	 84.55000
 61.80000	 84.38000	 71.24260	 84.38000
 62.00000	 84.25000	 71.12023	 84.25000
 62.20000	 84.21000	 71.09834	 84.21000
 62.40000	 84.25000	 71.16556	 84.25000
 62.60000	 84.46000	 71.42162	 84.46000
 62.80000	 84.79000	 71.81030	 84.79000
 63.00000	 85.25000	 72.34204	 85.25000
 63.20000	 85.85000	 73.02722	 85.85000
 63.40000	 86.83000	 74.13197	 86.83000
 63.60000	 88.02000	 75.46589	 88.02000
 63.80000	 89.13000	 76.70508	 89.13000
 64.00000	 90.04000	 77.71541	 90.04000
 64.20000	 90.19000	 77.87411	 90.19000
 64.40000	 89.82000	 77.44989	 89.82000
 64.60000	 89.21000	 76.75657	 89.21000
 64.80000	 88.48000	 75.92982	 88.48000
 65.00000	 87.95000	 75.32730	 87.95000
 65.20000	 87.67000	 75.00536	 87.67000
 65.40000	 87.44000	 74.74147	 87.44000
 65.60000	 87.22000	 74.49096	 87.22000
 65.80000	 87.00000	 74.24254	 87.00000
 66.00000	 86.74000	 73.95157	 86.74000
 66.20000	 86.19000	 73.33998	 86.19000
 66.40000	 85.65000	 72.74205	 85.65000
 66.60000	 85.17000	 72.21373	 85.17000
 66.80000	 84.79000	 71.79961	 84.79000
 67.00000	 84.55000	 71.54399	 84.55000
 67.20000	 84.87000	 71.91351	 84.87000
 67.40000	 85.33000	 72.43945	 85.33000
 67.60000	 85.82000	 72.99809	 85.82000
 67.80000	 86.25000	 73.48832	 86.25000
 68.00000	 86.37000	 73.63154	 86.37000
 68.20000	 86.13000	 73.37251	 86.13000
 68.40000	 85.80000	 73.01255	 85.80000
 68.60000	 85.41000	 72.58598	 85.41000
 68.80000	 85.02000	 72.16027	 85.02000
 69.00000	 84.92000	 72.05847	 84.92000
 69.20000	 84.88000	 72.02446	 84.88000
 69.40000	 84.87000	 72.02453	 84.87000
 69.60000	 84.86000	 72.02499	 84.86000
 69.80000	 84.85000	 72.02563	 84.85000
 70.00000	 84.63000	 71.79272	 84.63000
 70.20000	 84.36000	 71.50460	 84.36000
 70.40000	 84.12000	 71.25058	 84.12000
 70.60000	 83.96000	 71.08645	 83.96000
 70.80000	 83.91000	 71.04549	 83.91000
 71.00000	 84.36000	 71.56116	 84.36000
 71.20000	 84.90000	 72.17614	 84.90000
 71.40000	 85.44000	 72.78923	 85.44000
 71.60000	 85.91000	 73.32186	 85.91000
 71.80000	 86.03000	 73.46231	 86.03000
 72.00000	 85.79000	 73.20006	 85.79000
 72.20000	 85.43000	 72.80325	 85.43000
 72.40000	 84.99000	 72.31749	 84.99000
 72.60000	 84.51000	 71.78820	 84.51000
 72.80000	 84.27000	 71.52751	 84.27000
 73.00000	 84.04000	 71.27955	 84.04000
 73.20000	 83.81000	 71.03312	 83.81000
 73.40000	 83.59000	 70.79927	 83.59000
 73.60000	 83.35000	 70.54455	 83.35000
 73.80000	 82.96000	 70.12434	 82.96000
 74.00000	 82.51000	 69.63905	 82.51000
 74.20000	 82.10000	 69.20021	 82.10000
 74.40000	 81.78000	 68.86355	 81.78000
 74.60000	 81.58000	 68.66229	 81.58000
 74.80000	 81.81000	 68.94081	 81.81000
 75.00000	 82.22000	 69.41984	 82.22000
 75.20000	 82.65000	 69.92018	 82.65000
 75.40000	 83.03000	 70.36311	 83.03000
 75.60000	 83.12000	 70.48122	 83.12000
 75.80000	 82.89000	 70.24151	 82.89000
 76.00000	 82.57000	 69.90073	 82.57000
 76.20000	 82.18000	 69.48201	 82.18000
 76.40000	 81.77000	 69.04170	 81.77000
 76.60000	 81.56000	 68.82503	 81.56000
 76.80000	 81.36000	 68.62059	 81.36000
 77.00000	 81.18000	 68.43942	 81.18000
 77.20000	 81.00000	 68.25916	 81.00000
 77.40000	 80.82000	 68.07971	 80.82000
 77.60000	 80.43000	 67.66745	 80.43000
 77.80000	 80.07000	 67.28972	 80.07000
 78.00000	 79.82000	 67.03569	 79.82000
 78.20000	 79.72000	 66.94973	 79.72000
 78.40000	 80.02000	 67.30946	 80.02000
 78.60000	 80.78000	 68.18043	 80.78000
 78.80000	 81.60000	 69.11592	 81.60000
 79.00000	 82.39000	 70.01449	 82.39000
 79.20000	 82.87000	 70.56391	 82.87000
 79.40000	 82.87000	 70.57529	 82.87000
 79.60000	 82.72000	 70.41686	 82.72000
 79.80000	 82.48000	 70.15657	 82.48000
 80.00000	 82.24000	 69.89555	 82.24000
 80.20000	 82.25000	 69.91254	 82.25000
 80.40000	 82.29000	 69.96281	 82.29000
 80.60000	 82.32000	 70.00173	 82.32000
 80.80000	 82.34000	 70.02927	 82.34000
 81.00000	 82.34000	 70.03429	 82.34000
 81.20000	 82.10000	 69.77214	 82.10000
 81.40000	 81.83000	 69.47695	 81.83000
 81.60000	 81.59000	 69.21589	 81.59000
 81.80000	 81.41000	 69.02256	 81.41000
 82.00000	 81.42000	 69.04156	 81.42000
 82.20000	 81.76000	 69.42817	 81.76000
 82.40000	 82.12000	 69.83657	 82.12000
 82.60000	 82.47000	 70.23268	 82.47000
 82.80000	 82.70000	 70.49367	 82.70000
 83.00000	 82.56000	 70.34146	 82.56000
 83.20000	 82.28000	 70.03268	 82.28000
 83.40000	 81.87000	 69.57932	 81.87000
 83.60000	 81.36000	 69.01563	 81.36000
 83.80000	 80.68000	 68.26458	 80.68000
 84.00000	 79.83000	 67.32707	 79.83000
 84.20000	 78.98000	 66.39315	 78.98000
 84.40000	 78.22000	 65.56355	 78.22000
 84.60000	 77.60000	 64.89406	 77.60000
 84.80000	 77.41000	 64.70698	 77.41000
 85.00000	 77.61000	 64.95668	 77.61000
 85.20000	 77.98000	 65.39677	 77.98000
 85.40000	 78.46000	 65.95901	 78.46000
 85.60000	 78.97000	 66.55312	 78.97000
 85.80000	 79.41000	 67.06697	 79.41000
 86.00000	 79.88000	 67.61131	 79.88000
 86.20000	 80.41000	 68.21918	 80.41000
 86.40000	 81.07000	 68.96808	 81.07000
 86.60000	 81.98000	 69.99100	 81.98000
 86.80000	 82.80000	 70.90895	 82.80000
 87.00000	 83.43000	 71.61039	 83.43000
 87.20000	 83.48000	 71.66182	 83.48000
 87.40000	 82.96000	 71.07588	 82.96000
 87.60000	 82.21000	 70.23303	 82.21000
 87.80000	 81.34000	 69.25773	 81.34000
 88.00000	 80.71000	 68.55205	 80.71000
 88.20000	 80.28000	 68.07209	 80.28000
 88.40000	 79.91000	 67.66207	 79.91000
 88.60000	 79.57000	 67.28841	 79.57000
 88.80000	 79.26000	 66.95086	 79.26000
 89.00000	 78.94000	 66.60466	 78.94000
 89.20000	 78.55000	 66.18292	 78.55000
 89.40000	 78.17000	 65.77462	 78.17000
 89.60000	 77.79000	 65.36859	 77.79000
 89.80000	 77.43000	 64.98702	 77.43000
 90.00000	 77.08000	 64.61871	 77.08000
 90.20000	 76.76000	 64.28578	 76.76000
 90.40000	 76.47000	 63.98807	 76.47000
 90.60000	 76.21000	 63.72538	 76.21000
 90.80000	 75.99000	 63.50861	 75.99000
 91.00000	 75.80000	 63.32640	 75.80000
 91.20000	 75.72000	 63.26747	 75.72000
 91.40000	 75.68000	 63.25355	 75.68000
 91.60000	 75.65000	 63.25088	 75.65000
 91.80000	 75.62000	 63.24807	 75.62000
 92.00000	 75.44000	 63.07808	 75.44000
 92.20000	 75.15000	 62.78563	 75.15000
 92.40000	 74.94000	 62.58240	 74.94000
 92.60000	 74.86000	 62.52409	 74.86000
 92.80000	 75.24000	 62.97749	 75.24000
 93.00000	 75.91000	 63.75234	 75.91000
 93.20000	 76.64000	 64.59139	 76.64000
 93.40000	 77.36000	 65.41571	 77.36000
 93.60000	 77.82000	 65.94657	 77.82000
 93.80000	 78.11000	 66.28422	 78.11000
 94.00000	 78.25000	 66.45143	 78.25000
 94.20000	 78.20000	 66.40445	 78.20000
 94.40000	 77.83000	 65.99964	 77.83000
 94.60000	 77.32000	 65.43856	 77.32000
 94.80000	 76.71000	 64.76696	 76.71000
 95.00000	 76.06000	 64.05263	 76.06000
 95.20000	 75.63000	 63.58553	 75.63000
 95.40000	 75.25000	 63.17663	 75.25000
 95.60000	 74.88000	 62.78132	 74.88000
 95.80000	 74.48000	 62.35498	 74.48000
 96.00000	 74.04000	 61.88644	 74.04000
 96.20000	 73.39000	 61.18668	 73.39000
 96.40000	 72.56000	 60.28952	 72.56000
 96.60000	 71.73000	 59.39585	 71.73000
 96.80000	 70.96000	 58.57283	 70.96000
 97.00000	 70.29000	 57.86509	 70.29000
 97.20000	 69.91000	 57.48374	 69.91000
 97.40000	 69.83000	 57.43912	 69.83000
 97.60000	 69.84000	 57.49640	 69.84000
 97.80000	 69.90000	 57.61005	 69.90000
 98.00000	 69.95000	 57.71249	 69.95000
 98.20000	 69.89000	 57.69194	 69.89000
 98.40000	 69.83000	 57.67063	 69.83000
 98.60000	 69.79000	 57.67073	 69.79000
 98.80000	 69.77000	 57.69214	 69.77000
 99.00000	 69.87000	 57.84598	 69.87000
 99.20000	 69.99000	 58.02073	 69.99000
 99.40000	 70.13000	 58.21612	 70.13000
 99.60000	 70.28000	 58.42085	 70.28000
 99.80000	 70.38000	 58.56803	 70.38000
100.00000	 70.29000	 58.50201	 70.29000
100.20000	 70.26000	 58.50128	 70.26000
100.40000	 70.36000	 58.64391	 70.36000
100.60000	 70.63000	 58.97423	 70.63000
100.80000	 71.44000	 59.90330	 71.44000
101.00000	 72.52000	 61.12933	 72.52000
101.20000	 73.66000	 62.41717	 73.66000
101.40000	 74.78000	 63.67670	 74.78000
101.60000	 75.56000	 64.55131	 75.56000
101.80000	 76.17000	 65.23045	 76.17000
102.00000	 76.65000	 65.75928	 76.65000
102.20000	 77.02000	 66.16087	 77.02000
102.40000	 77.28000	 66.43605	 77.28000
102.60000	 77.43000	 66.58570	 77.43000
102.80000	 77.49000	 66.63291	 77.49000
103.00000	 77.48000	 66.60074	 77.48000
103.20000	 77.38000	 66.46767	 77.38000
103.40000	 77.18000	 66.22327	 77.18000
103.60000	 76.94000	 65.93498	 76.94000
103.80000	 76.69000	 65.63671	 76.69000
104.00000	 76.46000	 65.36223	 76.46000
104.20000	 76.26000	 65.12286	 76.26000
104.40000	 76.29000	 65.14109	 76.29000
104.60000	 76.37000	 65.21624	 76.37000
104.80000	 76.45000	 65.29225	 76.45000
105.00000	 76.52000	 65.35766	 76.52000
105.20000	 76.51000	 65.33442	 76.51000
105.40000	 76.34000	 65.13361	 76.34000
105.60000	 76.15000	 64.91129	 76.15000
105.80000	 75.95000	 64.67889	 75.95000
106.00000	 75.76000	 64.45887	 75.76000
106.20000	 75.68000	 64.36255	 75.68000
106.40000	 75.64000	 64.31189	 75.64000
106.60000	 75.63000	 64.29554	 75.63000
106.80000	 75.66000	 64.32441	 75.66000
107.00000	 75.72000	 64.38711	 75.72000
107.20000	 75.63000	 64.28321	 75.63000
107.40000	 75.60000	 64.24643	 75.60000
107.60000	 75.69000	 64.34347	 75.69000
107.80000	 75.96000	 64.64080	 75.96000
108.00000	 76.57000	 65.31575	 76.57000
108.20000	 77.89000	 66.77867	 77.89000
108.40000	 79.25000	 68.28207	 79.25000
108.60000	 80.53000	 69.69081	 80.53000
108.80000	 81.44000	 70.68150	 81.44000
109.00000	 81.53000	 70.75393	 81.53000
109.20000	 81.39000	 70.56637	 81.39000
109.40000	 81.09000	 70.19865	 81.09000
109.60000	 80.88000	 69.93052	 80.88000
109.80000	 80.97000	 69.99653	 80.97000
110.00000	 81.10000	 70.10748	 81.10000
110.20000	 81.24000	 70.22992	 81.24000
110.40000	 81.38000	 70.35262	 81.38000
110.60000	 81.48000	 70.43104	 81.48000
110.80000	 81.37000	 70.27614	 81.37000
111.00000	 81.14000	 69.98851	 81.14000
111.20000	 80.90000	 69.69109	 80.90000
111.40000	 80.66000	 69.39542	 80.66000
111.60000	 80.45000	 69.13511	 80.45000
111.80000	 80.30000	 68.94364	 80.30000
112.00000	 80.39000	 69.02110	 80.39000
112.20000	 80.51000	 69.13331	 80.51000
112.40000	 80.66000	 69.27978	 80.66000
112.60000	 80.80000	 69.41561	 80.80000
112.80000	 80.90000	 69.50716	 80.90000
113.00000	 80.93000	 69.52097	 80.93000
113.20000	 80.92000	 69.49051	 80.92000
113.40000	 80.88000	 69.42704	 80.88000
113.60000	 80.80000	 69.31960	 80.80000
113.80000	 80.62000	 69.10166	 80.62000
114.00000	 80.41000	 68.85142	 80.41000
114.20000	 80.20000	 68.60254	 80.20000
114.40000	 79.98000	 68.34409	 79.98000
114.60000	 79.79000	 68.12067	 79.79000
114.80000	 79.69000	 67.99904	 79.69000
115.00000	 79.63000	 67.92337	 79.63000
115.20000	 79.61000	 67.89340	 79.61000
115.40000	 79.62000	 67.89776	 79.62000
115.60000	 79.68000	 67.95842	 79.68000
115.80000	 79.69000	 67.96387	 79.69000
116.00000	 79.76000	 68.03636	 79.76000
116.20000	 79.91000	 68.19792	 79.91000
116.40000	 80.20000	 68.51499	 80.20000
116.60000	 80.66000	 69.02039	 80.66000
116.80000	 81.60000	 70.05818	 81.60000
117.00000	 82.58000	 71.13746	 82.58000
117.20000	 83.51000	 72.15700	 83.51000
117.40000	 84.23000	 72.93827	 84.23000
117.60000	 84.36000	 73.05873	 84.36000
117.80000	 84.31000	 72.97581	 84.31000
118.00000	 84.13000	 72.74653	 84.13000
118.20000	 83.89000	 72.44999	 83.89000
118.40000	 83.87000	 72.39860	 83.87000
118.60000	 83.90000	 72.40349	 83.90000
118.80000	 83.95000	 72.43129	 83.95000
119.00000	 84.00000	 72.45970	 84.00000
119.20000	 84.04000	 72.47758	 84.04000
119.40000	 83.99000	 72.39593	 83.99000
119.60000	 83.72000	 72.07037	 83.72000
119.80000	 83.51000	 71.81290	 83.51000
120.00000	 83.41000	 71.67942	 83.41000
120.20000	 83.48000	 71.73656	 83.48000
120.40000	 83.91000	 72.19521	 83.91000
120.60000	 85.08000	 73.47686	 85.08000
120.80000	 86.27000	 74.77835	 86.27000
121.00000	 87.35000	 75.95344	 87.35000
121.20000	 88.10000	 76.75660	 88.10000
121.40000	 87.89000	 76.48736	 87.89000
121.60000	 87.41000	 75.91547	 87.41000
121.80000	 86.75000	 75.14322	 86.75000
122.00000	 86.07000	 74.35047	 86.07000
122.20000	 85.87000	 74.09462	 85.87000
122.40000	 85.75000	 73.93061	 85.75000
122.60000	 85.66000	 73.80249	 85.66000
122.80000	 85.58000	 73.68767	 85.58000
123.00000	 85.50000	 73.57479	 85.50000
123.20000	 85.25000	 73.27456	 85.25000
123.40000	 84.73000	 72.67599	 84.73000
123.60000	 84.25000	 72.12460	 84.25000
123.80000	 83.85000	 71.66525	 83.85000
124.00000	 83.57000	 71.34249	 83.57000
124.20000	 83.62000	 71.38960	 83.62000
124.40000	 84.22000	 72.05034	 84.22000
124.60000	 84.87000	 72.76672	 84.87000
124.80000	 85.46000	 73.41502	 85.46000
125.00000	 85.85000	 73.83872	 85.85000
125.20000	 85.58000	 73.52614	 85.58000
125.40000	 85.11000	 72.99034	 85.11000
125.60000	 84.50000	 72.29946	 84.50000
125.80000	 83.82000	 71.53265	 83.82000
126.00000	 83.32000	 70.96894	 83.32000
126.20000	 82.87000	 70.46402	 82.87000
126.40000	 82.44000	 69.98455	 82.44000
126.60000	 82.02000	 69.51934	 82.02000
126.80000	 81.60000	 69.05719	 81.60000
127.00000	 81.13000	 68.54240	 81.13000
127.20000	 80.58000	 67.94160	 80.58000
127.40000	 80.07000	 67.38844	 80.07000
127.60000	 79.63000	 66.91626	 79.63000
127.80000	 79.30000	 66.56936	 79.30000
128.00000	 79.15000	 66.42517	 79.15000
128.20000	 79.40000	 66.72769	 79.40000
128.40000	 79.70000	 67.08626	 79.70000
128.60000	 79.98000	 67.42197	 79.98000
128.80000	 80.19000	 67.67854	 80.19000
129.00000	 79.96000	 67.44418	 79.96000
129.20000	 79.61000	 67.07558	 79.61000
129.40000	 79.21000	 66.65142	 79.21000
129.60000	 78.79000	 66.20574	 78.79000
129.80000	 78.55000	 65.96145	 78.55000
130.00000	 78.41000	 65.82951	 78.41000
130.20000	 78.30000	 65.73178	 78.30000
130.40000	 78.23000	 65.67910	 78.23000
130.60000	 78.19000	 65.66008	 78.19000
130.80000	 78.03000	 65.50763	 78.03000
131.00000	 77.79000	 65.26633	 77.79000
131.20000	 77.65000	 65.13661	 77.65000
131.40000	 77.64000	 65.15177	 77.64000
131.60000	 77.83000	 65.38933	 77.83000
131.80000	 78.66000	 66.33798	 78.66000
132.00000	 79.72000	 67.53984	 79.72000
132.20000	 80.77000	 68.72624	 80.77000
132.40000	 81.71000	 69.78482	 81.71000
132.60000	 82.05000	 70.17014	 82.05000
132.80000	 82.05000	 70.17245	 82.05000
133.00000	 81.92000	 70.02684	 81.92000
133.20000	 81.73000	 69.81253	 81.73000
133.40000	 81.83000	 69.91986	 81.83000
133.60000	 82.07000	 70.18212	 82.07000
133.80000	 82.36000	 70.49896	 82.36000
134.00000	 82.67000	 70.83677	 82.67000
134.20000	 82.99000	 71.18420	 82.99000
134.40000	 83.25000	 71.46326	 83.25000
134.60000	 83.34000	 71.55166	 83.34000
134.80000	 83.42000	 71.62776	 83.42000
135.00000	 83.51000	 71.71415	 83.51000
135.20000	 83.62000	 71.82214	 83.62000
135.40000	 83.80000	 72.00746	 83.80000
135.60000	 84.18000	 72.41459	 84.18000
135.80000	 84.55000	 72.80950	 84.55000
136.00000	 84.89000	 73.16962	 84.89000
136.20000	 85.14000	 73.42812	 85.14000
136.40000	 85.11000	 73.37380	 85.11000
136.60000	 84.95000	 73.17422	 84.95000
136.80000	 84.70000	 72.87465	 84.70000
137.00000	 84.38000	 72.49807	 84.38000
137.20000	 84.01000	 72.06738	 84.01000
137.40000	 83.63000	 71.62760	 83.63000
137.60000	 83.23000	 71.16798	 83.23000
137.80000	 82.82000	 70.69990	 82.82000
138.00000	 82.41000	 70.23466	 82.41000
138.20000	 82.00000	 69.77237	 82.00000
138.40000	 81.62000	 69.34641	 81.62000
138.60000	 81.27000	 68.95673	 81.27000
138.80000	 80.96000	 68.61428	 80.96000
139.00000	 80.68000	 68.30774	 80.68000
139.20000	 80.46000	 68.07024	 80.46000
139.40000	 80.39000	 68.00154	 80.39000
139.60000	 80.34000	 67.95650	 80.34000
139.80000	 80.31000	 67.93467	 80.31000
140.00000	 80.26000	 67.89120	 80.26000
140.20000	 80.07000	 67.69243	 80.07000
140.40000	 79.80000	 67.40526	 79.80000
140.60000	 79.52000	 67.10782	 79.52000
140.80000	 79.24000	 66.81145	 79.24000
141.00000	 79.00000	 66.56077	 79.00000
141.20000	 78.82000	 66.37800	 78.82000
141.40000	 78.72000	 66.28524	 78.72000
141.60000	 78.69000	 66.27107	 78.69000
141.80000	 78.73000	 66.33514	 78.73000
142.00000	 78.88000	 66.52151	 78.88000
142.20000	 79.12000	 66.80744	 79.12000
142.40000	 79.48000	 67.22573	 79.48000
142.60000	 79.98000	 67.79800	 79.98000
142.80000	 80.63000	 68.53465	 80.63000
143.00000	 81.60000	 69.62395	 81.60000
143.20000	 82.88000	 71.05356	 82.88000
143.40000	 84.14000	 72.45498	 84.14000
143.60000	 85.26000	 73.69385	 85.26000
143.80000	 85.85000	 74.33617	 85.85000
144.00000	 86.03000	 74.51652	 86.03000
144.20000	 86.01000	 74.47015	 86.01000
144.40000	 85.85000	 74.26546	 85.85000
144.60000	 85.81000	 74.19307	 85.81000
144.80000	 85.79000	 74.14250	 85.79000
145.00000	 85.74000	 74.05861	 85.74000
145.20000	 85.66000	 73.94178	 85.66000
145.40000	 85.53000	 73.77008	 85.53000
145.60000	 85.24000	 73.42150	 85.24000
145.80000	 84.88000	 72.99670	 84.88000
146.00000	 84.52000	 72.57405	 84.52000
146.20000	 84.19000	 72.18725	 84.19000
146.40000	 83.93000	 71.88093	 83.93000
146.60000	 83.93000	 71.86632	 83.93000
146.80000	 84.12000	 72.06488	 84.12000
147.00000	 84.33000	 72.28667	 84.33000
147.20000	 84.49000	 72.45316	 84.49000
147.40000	 84.51000	 72.46392	 84.51000
147.60000	 84.23000	 72.14107	 84.23000
147.80000	 83.87000	 71.73002	 83.87000
148.00000	 83.46000	 71.26480	 83.46000
148.20000	 83.04000	 70.79043	 83.04000
148.40000	 82.79000	 70.50748	 82.79000
148.60000	 82.56000	 70.24899	 82.56000
148.80000	 82.33000	 69.99253	 82.33000
149.00000	 82.09000	 69.72685	 82.09000
149.20000	 81.81000	 69.41850	 81.81000
149.40000	 81.26000	 68.81169	 81.26000
149.60000	 80.72000	 68.21842	 80.72000
149.80000	 80.24000	 67.69465	 80.24000
150.00000	 79.86000	 67.28495	 79.86000
150.20000	 79.76000	 67.18931	 79.76000
150.40000	 80.05000	 67.52930	 80.05000
150.60000	 80.43000	 67.96984	 80.43000
150.80000	 80.84000	 68.44303	 80.84000
151.00000	 81.20000	 68.85904	 81.20000
151.20000	 81.31000	 68.99498	 81.31000
151.40000	 81.35000	 69.05131	 81.35000
151.60000	 81.34000	 69.05062	 81.34000
151.80000	 81.28000	 68.99330	 81.28000
152.00000	 81.21000	 68.92418	 81.21000
152.20000	 81.12000	 68.83243	 81.12000
152.40000	 80.99000	 68.69606	 80.99000
152.60000	 80.84000	 68.53755	 80.84000
152.80000	 80.63000	 68.31263	 80.63000
153.00000	 80.31000	 67.96598	 80.31000
153.20000	 80.03000	 67.66484	 80.03000
153.40000	 79.81000	 67.43165	 79.81000
153.60000	 79.71000	 67.33312	 79.71000
153.80000	 79.93000	 67.59141	 79.93000
154.00000	 80.44000	 68.17223	 80.44000
154.20000	 80.99000	 68.79626	 80.99000
154.40000	 81.52000	 69.39584	 81.52000
154.60000	 81.87000	 69.79244	 81.87000
154.80000	 81.92000	 69.85264	 81.92000
155.00000	 81.90000	 69.83296	 81.90000
155.20000	 81.82000	 69.74519	 81.82000
155.40000	 81.76000	 69.67891	 81.76000
155.60000	 81.79000	 69.71234	 81.79000
155.80000	 81.83000	 69.75656	 81.83000
156.00000	 81.87000	 69.80047	 81.87000
156.20000	 81.91000	 69.84409	 81.91000
156.40000	 81.89000	 69.82070	 81.89000
156.60000	 81.73000	 69.64146	 81.73000
156.80000	 81.63000	 69.52923	 81.63000
157.00000	 81.63000	 69.52865	 81.63000
157.20000	 81.79000	 69.70630	 81.79000
157.40000	 82.33000	 70.30643	 82.33000
157.60000	 83.22000	 71.29452	 83.22000
157.80000	 84.21000	 72.39099	 84.21000
158.00000	 85.23000	 73.51673	 85.23000
158.20000	 86.15000	 74.52628	 86.15000
158.40000	 86.91000	 75.35260	 86.91000
158.60000	 87.57000	 76.06261	 87.57000
158.80000	 88.13000	 76.65670	 88.13000
159.00000	 88.53000	 77.06870	 88.53000
159.20000	 88.76000	 77.28824	 88.76000
159.40000	 88.88000	 77.38299	 88.88000
159.60000	 88.88000	 77.34273	 88.88000
159.80000	 88.79000	 77.20173	 88.79000
160.00000	 88.53000	 76.87183	 88.53000
160.20000	 88.19000	 76.45405	 88.19000
160.40000	 87.83000	 76.01593	 87.83000
160.60000	 87.51000	 75.62477	 87.51000
160.80000	 87.30000	 75.35869	 87.30000
161.00000	 87.42000	 75.46229	 87.42000
161.20000	 87.59000	 75.62334	 87.59000
161.40000	 87.74000	 75.76330	 87.74000
161.60000	 87.83000	 75.83725	 87.83000
161.80000	 87.61000	 75.56697	 87.61000
162.00000	 87.26000	 75.15322	 87.26000
162.20000	 86.84000	 74.66341	 86.84000
162.40000	 86.37000	 74.12036	 86.37000
162.60000	 85.93000	 73.61355	 85.93000
162.80000	 85.53000	 73.15432	 85.53000
163.00000	 85.13000	 72.69823	 85.13000
163.20000	 84.73000	 72.24528	 84.73000
163.40000	 84.32000	 71.78431	 84.32000
163.60000	 83.81000	 71.21519	 83.81000
163.80000	 83.21000	 70.54923	 83.21000
164.00000	 82.69000	 69.97576	 82.69000
164.20000	 82.29000	 69.53926	 82.29000
164.40000	 82.08000	 69.31727	 82.08000
164.60000	 82.38000	 69.66501	 82.38000
164.80000	 83.00000	 70.36956	 83.00000
165.00000	 83.73000	 71.19553	 83.73000
165.20000	 84.47000	 72.03024	 84.47000
165.40000	 85.03000	 72.66138	 85.03000
165.60000	 85.38000	 73.05532	 85.38000
165.80000	 85.66000	 73.36812	 85.66000
166.00000	 85.89000	 73.62243	 85.89000
166.20000	 86.09000	 73.84092	 86.09000
166.40000	 86.28000	 74.04621	 86.28000
166.60000	 86.44000	 74.21637	 86.44000
166.80000	 86.60000	 74.38505	 86.60000
167.00000	 86.74000	 74.53021	 86.74000
167.20000	 86.79000	 74.57420	 86.79000
167.40000	 86.86000	 74.63972	 86.86000
167.60000	 87.00000	 74.78256	 87.00000
167.80000	 87.24000	 75.03608	 87.24000
168.00000	 87.72000	 75.55576	 87.72000
168.20000	 88.59000	 76.50774	 88.59000
168.40000	 89.50000	 77.50145	 89.50000
168.60000	 90.35000	 78.42471	 90.35000
168.80000	 90.99000	 79.11021	 90.99000
169.00000	 91.14000	 79.24673	 91.14000
169.20000	 91.13000	 79.20253	 91.13000
169.40000	 90.99000	 79.01222	 90.99000
169.60000	 90.81000	 78.77705	 90.81000
169.80000	 90.74000	 78.66471	 90.74000
170.00000	 90.65000	 78.53096	 90.65000
170.20000	 90.53000	 78.36495	 90.53000
170.40000	 90.37000	 78.15580	 90.37000
170.60000	 90.16000	 77.89262	 90.16000
170.80000	 89.74000	 77.39772	 89.74000
171.00000	 89.32000	 76.90528	 89.32000
171.20000	 88.94000	 76.46019	 88.94000
171.40000	 88.65000	 76.11822	 88.65000
171.60000	 88.65000	 76.10167	 88.65000
171.80000	 88.98000	 76.45427	 88.98000
172.00000	 89.32000	 76.81885	 89.32000
172.20000	 89.59000	 77.10554	 89.59000
172.40000	 89.59000	 77.09145	 89.59000
172.60000	 89.11000	 76.54332	 89.11000
172.80000	 88.50000	 75.85169	 88.50000
173.00000	 87.83000	 75.09555	 87.83000
173.20000	 87.18000	 74.36476	 87.18000
173.40000	 86.79000	 73.92679	 86.79000
173.60000	 86.46000	 73.55893	 86.46000
173.80000	 86.18000	 73.24972	 86.18000
174.00000	 85.93000	 72.97655	 85.93000
174.20000	 85.69000	 72.71683	 85.69000
174.40000	 85.32000	 72.31456	 85.32000
174.60000	 85.03000	 72.00339	 85.03000
174.80000	 84.85000	 71.81653	 84.85000
175.00000	 84.84000	 71.82035	 84.84000
175.20000	 85.21000	 72.24777	 85.21000
175.40000	 85.92000	 73.05300	 85.92000
175.60000	 86.73000	 73.96750	 86.73000
175.80000	 87.55000	 74.88985	 87.55000
176.00000	 88.24000	 75.66347	 88.24000
176.20000	 88.74000	 76.22135	 88.74000
176.40000	 89.15000	 76.67501	 89.15000
176.60000	 89.45000	 77.00262	 89.45000
176.80000	 89.61000	 77.17140	 89.61000
177.00000	 89.64000	 77.19321	 89.64000
177.20000	 89.57000	 77.10223	 89.57000
177.40000	 89.43000	 76.93261	 89.43000
177.60000	 89.23000	 76.69617	 89.23000
177.80000	 88.95000	 76.37129	 88.95000
178.00000	 88.64000	 76.01416	 88.64000
178.20000	 88.34000	 75.66973	 88.34000
178.40000	 88.08000	 75.37163	 88.08000
178.60000	 87.91000	 75.17554	 87.91000
178.80000	 88.01000	 75.28151	 88.01000
179.00000	 88.14000	 75.42186	 88.14000
179.20000	 88.23000	 75.51817	 88.23000
179.40000	 88.24000	 75.52565	 88.24000
179.60000	 87.92000	 75.16622	 87.92000
179.80000	 87.44000	 74.62967	 87.44000
180.00000	 86.88000	 74.00579	 86.88000
180.20000	 86.27000	 73.32869	 86.27000
180.40000	 85.64000	 72.63230	 85.64000
180.60000	 85.05000	 71.98378	 85.05000
180.80000	 84.47000	 71.34990	 84.47000
181.00000	 83.91000	 70.74185	 83.91000
181.20000	 83.38000	 70.17070	 83.38000
181.40000	 82.88000	 69.63631	 82.88000
181.60000	 82.32000	 69.03839	 82.32000
181.80000	 81.88000	 68.57711	 81.88000
182.00000	 81.59000	 68.28552	 81.59000
182.20000	 81.49000	 68.20752	 81.49000
182.40000	 81.76000	 68.54246	 81.76000
182.60000	 82.56000	 69.46690	 82.56000
182.80000	 83.48000	 70.52270	 83.48000
183.00000	 84.40000	 71.57469	 84.40000
183.20000	 85.17000	 72.45493	 85.17000
183.40000	 85.53000	 72.87389	 85.53000
183.60000	 85.78000	 73.16591	 85.78000
183.80000	 85.93000	 73.34289	 85.93000
184.00000	 86.05000	 73.48349	 86.05000
184.20000	 86.22000	 73.67729	 86.22000
184.40000	 86.36000	 73.83567	 86.36000
184.60000	 86.45000	 73.93670	 86.45000
184.80000	 86.50000	 73.99186	 86.50000
185.00000	 86.39000	 73.86801	 86.39000
185.20000	 86.20000	 73.65474	 86.20000
185.40000	 86.00000	 73.43047	 86.00000
185.60000	 85.86000	 73.27349	 85.86000
185.80000	 85.79000	 73.19506	 85.79000
186.00000	 86.20000	 73.65112	 86.20000
186.20000	 86.64000	 74.14006	 86.64000
186.40000	 87.02000	 74.56098	 87.02000
186.60000	 87.26000	 74.82447	 87.26000
186.80000	 86.93000	 74.45236	 86.93000
187.00000	 86.36000	 73.81297	 86.36000
187.20000	 85.67000	 73.04121	 85.67000
187.40000	 84.92000	 72.20504	 84.92000
187.60000	 84.33000	 71.55007	 84.33000
187.80000	 83.87000	 71.04322	 83.87000
188.00000	 83.47000	 70.60646	 83.47000
188.20000	 83.11000	 70.21729	 83.11000
188.40000	 82.81000	 69.89765	 82.81000
188.60000	 82.51000	 69.58044	 82.51000
188.80000	 82.15000	 69.19865	 82.15000
189.00000	 81.90000	 68.94128	 81.90000
189.20000	 81.79000	 68.84138	 81.79000
189.40000	 81.87000	 68.95401	 81.87000
189.60000	 82.39000	 69.55642	 82.39000
189.80000	 83.23000	 70.51362	 83.23000
190.00000	 84.13000	 71.53469	 84.13000
190.20000	 84.99000	 72.50712	 84.99000
190.40000	 85.51000	 73.09653	 85.51000
190.60000	 85.72000	 73.33656	 85.72000
190.80000	 85.82000	 73.45059	 85.82000
191.00000	 85.85000	 73.48404	 85.85000
191.20000	 85.93000	 73.57117	 85.93000
191.40000	 86.07000	 73.72355	 86.07000
191.60000	 86.21000	 73.87466	 86.21000
191.80000	 86.32000	 73.99127	 86.32000
192.00000	 86.42000	 74.09580	 86.42000
192.20000	 86.39000	 74.05494	 86.39000
192.40000	 86.29000	 73.93581	 86.29000
192.60000	 86.24000	 73.87232	 86.24000
192.80000	 86.28000	 73.90914	 86.28000
193.00000	 86.45000	 74.09066	 86.45000
193.20000	 87.15000	 74.86143	 87.15000
193.40000	 87.92000	 75.70842	 87.92000
193.60000	 88.67000	 76.53045	 88.67000
193.80000	 89.31000	 77.22674	 89.31000
194.00000	 89.45000	 77.36335	 89.45000
194.20000	 89.38000	 77.26385	 89.38000
194.40000	 89.19000	 77.02952	 89.19000
194.60000	 88.91000	 76.69482	 88.91000
194.80000	 88.65000	 76.38304	 88.65000
195.00000	 88.39000	 76.07251	 88.39000
195.20000	 88.12000	 75.75250	 88.12000
195.40000	 87.84000	 75.42330	 87.84000
195.60000	 87.56000	 75.09620	 87.56000
195.80000	 87.20000	 74.68233	 87.20000
196.00000	 86.89000	 74.32651	 86.89000
196.20000	 86.67000	 74.07325	 86.67000
196.40000	 86.58000	 73.96682	 86.58000
196.60000	 86.84000	 74.25145	 86.84000
196.80000	 87.48000	 74.95939	 87.48000
197.00000	 88.14000	 75.68866	 88.14000
197.20000	 88.72000	 76.32691	 88.72000
197.40000	 88.95000	 76.57328	 88.95000
197.60000	 88.69000	 76.27248	 88.69000
197.80000	 88.27000	 75.79294	 88.27000
198.00000	 87.74000	 75.19157	 87.74000
198.20000	 87.19000	 74.56961	 87.19000
198.40000	 86.76000	 74.08356	 86.76000
198.60000	 86.35000	 73.62245	 86.35000
198.80000	 85.98000	 73.20863	 85.98000
199.00000	 85.64000	 72.83092	 85.64000
199.20000	 85.37000	 72.53368	 85.37000
199.40000	 85.18000	 72.32778	 85.18000
199.60000	 85.07000	 72.21281	 85.07000
199.80000	 85.03000	 72.17721	 85.03000
200.00000	 85.09000	 72.25385	 85.09000
200.20000	 85.30000	 72.49779	 85.30000
200.40000	 85.64000	 72.88606	 85.64000
200.60000	 86.03000	 73.32890	 86.03000
200.80000	 86.45000	 73.80345	 86.45000
201.00000	 86.82000	 74.22026	 86.82000
201.20000	 87.00000	 74.42342	 87.00000
201.40000	 87.19000	 74.63569	 87.19000
201.60000	 87.45000	 74.92401	 87.45000
201.80000	 87.80000	 75.31063	 87.80000
202.00000	 88.45000	 76.02894	 88.45000
202.20000	 89.37000	 77.04479	 89.37000
202.40000	 90.38000	 78.15690	 90.38000
202.60000	 91.44000	 79.31988	 91.44000
202.80000	 92.53000	 80.51080	 92.53000
203.00000	 93.66000	 81.74031	 93.66000
203.20000	 94.66000	 82.81899	 94.66000
203.40000	 95.45000	 83.65796	 95.45000
203.60000	 95.79000	 83.99091	 95.79000
203.80000	 95.39000	 83.49678	 95.39000
204.00000	 94.72000	 82.70097	 94.72000
204.20000	 93.89000	 81.72827	 93.89000
204.40000	 93.01000	 80.70301	 93.01000
204.60000	 92.56000	 80.16050	 92.56000
204.80000	 92.24000	 79.76706	 92.24000
205.00000	 92.01000	 79.47785	 92.01000
205.20000	 91.86000	 79.28128	 91.86000
205.40000	 91.78000	 79.16567	 91.78000
205.60000	 91.79000	 79.15273	 91.79000
205.80000	 91.86000	 79.20848	 91.86000
206.00000	 91.98000	 79.32124	 91.98000
206.20000	 92.14000	 79.47938	 92.14000
206.40000	 92.33000	 79.67133	 92.33000
206.60000	 92.61000	 79.96346	 92.61000
206.80000	 92.87000	 80.23296	 92.87000
207.00000	 93.06000	 80.42397	 93.06000
207.20000	 93.14000	 80.49199	 93.14000
207.40000	 92.85000	 80.14809	 92.85000
207.60000	 92.44000	 79.67130	 92.44000
207.80000	 91.97000	 79.12929	 91.97000
208.00000	 91.49000	 78.57843	 91.49000
208.20000	 91.14000	 78.17493	 91.14000
208.40000	 90.90000	 77.89659	 90.90000
208.60000	 90.72000	 77.68753	 90.72000
208.80000	 90.56000	 77.50295	 90.56000
209.00000	 90.45000	 77.37591	 90.45000
209.20000	 90.25000	 77.15039	 90.25000
209.40000	 90.05000	 76.92644	 90.05000
209.60000	 89.95000	 76.81523	 89.95000
209.80000	 89.99000	 76.86099	 89.99000
210.00000	 90.25000	 77.15219	 90.25000
210.20000	 91.03000	 78.02164	 91.03000
210.40000	 91.89000	 78.97825	 91.89000
210.60000	 92.73000	 79.90948	 92.73000
210.80000	 93.42000	 80.66989	 93.42000
211.00000	 93.61000	 80.87005	 93.61000
211.20000	 93.66000	 80.91135	 93.66000
211.40000	 93.61000	 80.83932	 93.61000
211.60000	 93.53000	 80.73278	 93.53000
211.80000	 93.61000	 80.80374	 93.61000
212.00000	 93.68000	 80.86330	 93.68000
212.20000	 93.73000	 80.90043	 93.73000
212.40000	 93.75000	 80.90416	 93.75000
212.60000	 93.69000	 80.81903	 93.69000
212.80000	 93.41000	 80.48961	 93.41000
213.00000	 93.15000	 80.18350	 93.15000
213.20000	 92.96000	 79.95672	 92.96000
213.40000	 92.90000	 79.87610	 92.90000
213.60000	 93.30000	 80.30844	 93.30000
213.80000	 94.03000	 81.10795	 94.03000
214.00000	 94.73000	 81.87270	 94.73000
214.20000	 95.28000	 82.46825	 95.28000
214.40000	 95.30000	 82.47167	 95.30000
214.60000	 94.78000	 81.87283	 94.78000
214.80000	 94.07000	 81.06291	 94.07000
215.00000	 93.26000	 80.14370	 93.26000
215.20000	 92.61000	 79.40574	 92.61000
215.40000	 92.13000	 78.86069	 92.13000
215.60000	 91.69000	 78.36392	 91.69000
215.80000	 91.28000	 77.90414	 91.28000
216.00000	 90.91000	 77.49228	 90.91000
216.20000	 90.50000	 77.03907	 90.50000
216.40000	 90.06000	 76.55553	 90.06000
216.60000	 89.69000	 76.15282	 89.69000
216.80000	 89.43000	 75.87521	 89.43000
217.00000	 89.29000	 75.73340	 89.29000
217.20000	 89.46000	 75.93814	 89.46000
217.40000	 89.87000	 76.41046	 89.87000
217.60000	 90.35000	 76.96001	 90.35000
217.80000	 90.85000	 77.53016	 90.85000
218.00000	 91.24000	 77.97559	 91.24000
218.20000	 91.49000	 78.26272	 91.49000
218.40000	 91.70000	 78.50295	 91.70000
218.60000	 91.90000	 78.72988	 91.90000
218.80000	 92.13000	 78.98821	 92.13000
219.00000	 92.41000	 79.30027	 92.41000
219.20000	 92.68000	 79.59930	 92.68000
219.40000	 92.92000	 79.86309	 92.92000
219.60000	 93.11000	 80.06948	 93.11000
219.80000	 93.03000	 79.97400	 93.03000
220.00000	 92.92000	 79.84431	 92.92000
220.20000	 92.86000	 79.76999	 92.86000
220.40000	 92.92000	 79.82916	 92.92000
220.60000	 93.46000	 80.42216	 93.46000
220.80000	 94.31000	 81.35878	 94.31000
221.00000	 95.14000	 82.27058	 95.14000
221.20000	 95.81000	 83.00094	 95.81000
221.40000	 95.83000	 83.00467	 95.83000
221.60000	 95.41000	 82.51664	 95.41000
221.80000	 94.80000	 81.81683	 94.80000
222.00000	 94.08000	 80.99591	 94.08000
222.20000	 93.55000	 80.38897	 93.55000
222.40000	 93.10000	 79.87415	 93.10000
222.60000	 92.66000	 79.37374	 92.66000
222.80000	 92.24000	 78.89891	 92.24000
223.00000	 91.83000	 78.43847	 91.83000
223.20000	 91.27000	 77.81438	 91.27000
223.40000	 90.75000	 77.23821	 90.75000
223.60000	 90.33000	 76.77671	 90.33000
223.80000	 90.04000	 76.46303	 90.04000
224.00000	 90.02000	 76.45240	 90.02000
224.20000	 90.49000	 76.98854	 90.49000
224.40000	 91.04000	 77.61370	 91.04000
224.60000	 91.59000	 78.23753	 91.59000
224.80000	 92.01000	 78.71453	 92.01000
225.00000	 91.97000	 78.67736	 91.97000
225.20000	 91.83000	 78.52725	 91.83000
225.40000	 91.65000	 78.33173	 91.65000
225.60000	 91.52000	 78.19156	 91.52000
225.80000	 91.67000	 78.36285	 91.67000
226.00000	 91.88000	 78.60054	 91.88000
226.20000	 92.11000	 78.85974	 92.11000
226.40000	 92.33000	 79.10676	 92.33000
226.60000	 92.37000	 79.15237	 92.37000
226.80000	 92.26000	 79.03022	 92.26000
227.00000	 92.20000	 78.96329	 92.20000
227.20000	 92.25000	 79.01856	 92.25000
227.40000	 92.60000	 79.40729	 92.60000
227.60000	 93.48000	 80.38458	 93.48000
227.80000	 94.39000	 81.39267	 94.39000
228.00000	 95.22000	 82.30806	 95.22000
228.20000	 95.67000	 82.79652	 95.67000
228.40000	 95.53000	 82.62498	 95.53000
228.60000	 95.19000	 82.22889	 95.19000
228.80000	 94.72000	 81.68771	 94.72000
229.00000	 94.28000	 81.18078	 94.28000
229.20000	 93.95000	 80.79795	 93.95000
229.40000	 93.63000	 80.42833	 93.63000
229.60000	 93.32000	 80.07210	 93.32000
229.80000	 93.02000	 79.72933	 93.02000
230.00000	 92.67000	 79.33331	 92.67000
230.20000	 92.30000	 78.91750	 92.30000
230.40000	 92.01000	 78.59319	 92.01000
230.60000	 91.83000	 78.39360	 91.83000
230.80000	 91.81000	 78.37398	 91.81000
231.00000	 92.36000	 78.98969	 92.36000
231.20000	 93.08000	 79.79415	 93.08000
231.40000	 93.76000	 80.55227	 93.76000
231.60000	 94.28000	 81.12965	 94.28000
231.80000	 94.11000	 80.93658	 94.11000
232.00000	 93.50000	 80.25249	 93.50000
232.20000	 92.71000	 79.36849	 92.71000
232.40000	 91.83000	 78.38641	 91.83000
232.60000	 91.09000	 77.56339	 91.09000
232.80000	 90.60000	 77.02234	 90.60000
233.00000	 90.17000	 76.55175	 90.17000
233.20000	 89.81000	 76.16242	 89.81000
233.40000	 89.52000	 75.85395	 89.52000
233.60000	 89.26000	 75.58140	 89.26000
233.80000	 88.97000	 75.27763	 88.97000
234.00000	 88.82000	 75.13148	 88.82000
234.20000	 88.82000	 75.15359	 88.82000
234.40000	 89.02000	 75.39889	 89.02000
234.60000	 89.79000	 76.27798	 89.79000
234.80000	 90.82000	 77.44418	 90.82000
235.00000	 91.86000	 78.61761	 91.86000
235.20000	 92.80000	 79.67470	 92.80000
235.40000	 93.17000	 80.09215	 93.17000
235.60000	 93.20000	 80.12669	 93.20000
235.80000	 93.07000	 79.97998	 93.07000
236.00000	 92.84000	 79.72011	 92.84000
236.20000	 92.74000	 79.60406	 92.74000
236.40000	 92.68000	 79.53224	 92.68000
236.60000	 92.59000	 79.42707	 92.59000
236.80000	 92.47000	 79.28879	 92.47000
237.00000	 92.29000	 79.08428	 92.29000
237.20000	 91.75000	 78.48015	 91.75000
237.40000	 91.23000	 77.90004	 91.23000
237.60000	 90.82000	 77.44464	 90.82000
237.80000	 90.61000	 77.21420	 90.61000
238.00000	 90.99000	 77.64209	 90.99000
238.20000	 91.96000	 78.72675	 91.96000
238.40000	 93.02000	 79.90966	 93.02000
238.60000	 94.04000	 81.04445	 94.04000
238.80000	 94.67000	 81.74073	 94.67000
239.00000	 94.77000	 81.84297	 94.77000
239.20000	 94.72000	 81.77513	 94.72000
239.40000	 94.60000	 81.62745	 94.60000
239.60000	 94.60000	 81.61230	 94.60000
239.80000	 94.77000	 81.78574	 94.77000
240.00000	 94.96000	 81.98087	 94.96000
240.20000	 95.15000	 82.17537	 95.15000
240.40000	 95.34000	 82.36918	 95.34000
240.60000	 95.60000	 82.64013	 95.60000
240.80000	 95.77000	 82.81009	 95.77000
241.00000	 95.80000	 82.82357	 95.80000
241.20000	 95.64000	 82.62533	 95.64000
241.40000	 94.83000	 81.70445	 94.83000
241.60000	 93.89000	 80.64118	 93.89000
241.80000	 92.94000	 79.57055	 92.94000
242.00000	 92.15000	 78.68269	 92.15000
242.20000	 91.93000	 78.43389	 91.93000
242.40000	 91.88000	 78.37818	 91.88000
242.60000	 91.96000	 78.46989	 91.96000
242.80000	 92.17000	 78.70791	 92.17000
243.00000	 92.54000	 79.12455	 92.54000
243.20000	 92.85000	 79.47403	 92.85000
243.40000	 92.98000	 79.62229	 92.98000
243.60000	 92.64000	 79.24680	 92.64000
243.80000	 91.60000	 78.09282	 91.60000
244.00000	 90.35000	 76.70759	 90.35000
244.20000	 89.01000	 75.22656	 89.01000
244.40000	 87.82000	 73.91817	 87.82000
244.60000	 87.17000	 73.21681	 87.17000
244.80000	 86.64000	 72.65453	 86.64000
245.00000	 86.18000	 72.17482	 86.18000
245.20000	 85.78000	 71.76577	 85.78000
245.40000	 85.32000	 71.29318	 85.32000
245.60000	 84.36000	 70.26730	 84.36000
245.80000	 83.52000	 69.37851	 83.52000
246.00000	 82.91000	 68.74940	 82.91000
246.20000	 82.65000	 68.51306	 82.65000
246.40000	 83.20000	 69.18002	 83.20000
246.60000	 84.45000	 70.62538	 84.45000
246.80000	 86.00000	 72.40099	 86.00000
247.00000	 87.72000	 74.35938	 87.72000
247.20000	 89.48000	 76.35370	 89.48000
247.40000	 91.19000	 78.28231	 91.19000
247.60000	 92.81000	 80.09989	 92.81000
247.80000	 94.24000	 81.69494	 94.24000
248.00000	 95.20000	 82.75643	 95.20000
248.20000	 95.90000	 83.51930	 95.90000
248.40000	 96.38000	 84.02967	 96.38000
248.60000	 96.68000	 84.33369	 96.68000
248.80000	 96.79000	 84.42183	 96.79000
249.00000	 96.80000	 84.39576	 96.80000
249.20000	 96.74000	 84.29015	 96.74000
249.40000	 96.66000	 84.16166	 96.66000
249.60000	 96.78000	 84.25576	 96.78000
249.80000	 96.92000	 84.37233	 96.92000
250.00000	 97.01000	 84.43352	 97.01000
250.20000	 97.01000	 84.39497	 97.01000
250.40000	 96.75000	 84.06786	 96.75000
250.60000	 96.33000	 83.56419	 96.33000
250.80000	 95.81000	 82.95154	 95.81000
251.00000	 95.24000	 82.28630	 95.24000
251.20000	 94.65000	 81.60246	 94.65000
251.40000	 94.14000	 81.01165	 94.14000
251.60000	 93.62000	 80.41385	 93.62000
251.80000	 93.09000	 79.80909	 93.09000
252.00000	 92.55000	 79.19737	 92.55000
252.20000	 92.01000	 78.58979	 92.01000
252.40000	 91.29000	 77.78611	 91.29000
252.60000	 90.51000	 76.92010	 90.51000
252.80000	 89.81000	 76.14779	 89.81000
253.00000	 89.27000	 75.55814	 89.27000
253.20000	 88.94000	 75.20633	 88.94000
253.40000	 89.01000	 75.30289	 89.01000
253.60000	 89.61000	 75.99096	 89.61000
253.80000	 90.41000	 76.90130	 90.41000
254.00000	 91.37000	 77.98750	 91.37000
254.20000	 92.42000	 79.17005	 92.42000
254.40000	 93.59000	 80.48103	 93.59000
254.60000	 94.74000	 81.76366	 94.74000
254.80000	 95.79000	 82.92830	 95.79000
255.00000	 96.66000	 83.88586	 96.66000
255.20000	 96.90000	 84.13622	 96.90000
255.40000	 96.93000	 84.14821	 96.93000
255.60000	 96.82000	 84.00138	 96.82000
255.80000	 96.65000	 83.78618	 96.65000
256.00000	 96.70000	 83.81519	 96.70000
256.20000	 96.88000	 83.98862	 96.88000
256.40000	 97.10000	 84.20630	 97.10000
256.60000	 97.33000	 84.43471	 97.33000
256.80000	 97.56000	 84.66261	 97.56000
257.00000	 97.70000	 84.78985	 97.70000
257.20000	 97.78000	 84.84995	 97.78000
257.40000	 97.87000	 84.92099	 97.87000
257.60000	 97.99000	 85.02537	 97.99000
257.80000	 98.16000	 85.18537	 98.16000
258.00000	 98.58000	 85.62332	 98.58000
258.20000	 99.14000	 86.21629	 99.14000
258.40000	 99.65000	 86.75222	 99.65000
258.60000	100.02000	 87.13066	100.02000
258.80000	100.07000	 87.15149	100.07000
259.00000	 99.56000	 86.54857	 99.56000
259.20000	 98.88000	 85.75744	 98.88000
259.40000	 98.12000	 84.87979	 98.12000
259.60000	 97.34000	 83.98357	 97.34000
259.80000	 96.98000	 83.55899	 96.98000
260.00000	 96.72000	 83.24974	 96.72000
260.20000	 96.52000	 83.01081	 96.52000
260.40000	 96.37000	 82.83054	 96.37000
260.60000	 96.25000	 82.68616	 96.25000
260.80000	 96.03000	 82.43267	 96.03000
261.00000	 95.64000	 81.99212	 95.64000
261.20000	 95.33000	 81.64283	 95.33000
261.40000	 95.14000	 81.42932	 95.14000
261.60000	 95.10000	 81.38463	 95.10000
261.80000	 95.37000	 81.68618	 95.37000
262.00000	 96.29000	 82.71103	 96.29000
262.20000	 97.26000	 83.78968	 97.26000
262.40000	 98.19000	 84.82046	 98.19000
262.60000	 98.94000	 85.64671	 98.94000
262.80000	 98.94000	 85.63428	 98.94000
263.00000	 98.63000	 85.27412	 98.63000
263.20000	 98.17000	 84.74596	 98.17000
263.40000	 97.64000	 84.14034	 97.64000
263.60000	 97.32000	 83.76988	 97.32000
263.80000	 97.22000	 83.64606	 97.22000
264.00000	 97.19000	 83.60177	 97.19000
264.20000	 97.22000	 83.62552	 97.22000
264.40000	 97.29000	 83.69468	 97.29000
264.60000	 97.41000	 83.82001	 97.41000
264.80000	 97.58000	 84.00115	 97.58000
265.00000	 97.77000	 84.20436	 97.77000
265.20000	 97.96000	 84.40712	 97.96000
265.40000	 98.14000	 84.59811	 98.14000
265.60000	 98.28000	 84.74386	 98.28000
265.80000	 98.32000	 84.77767	 98.32000
266.00000	 98.33000	 84.77765	 98.33000
266.20000	 98.29000	 84.72179	 98.29000
266.40000	 98.22000	 84.63261	 98.22000
266.60000	 98.12000	 84.51036	 98.12000
266.80000	 97.99000	 84.35528	 97.99000
267.00000	 97.83000	 84.16759	 97.83000
267.20000	 97.65000	 83.95863	 97.65000
267.40000	 97.44000	 83.71745	 97.44000
267.60000	 97.16000	 83.39975	 97.16000
267.80000	 96.82000	 83.01689	 96.82000
268.00000	 96.51000	 82.66929	 96.51000
268.20000	 96.26000	 82.39041	 96.26000
268.40000	 96.08000	 82.19131	 96.08000
268.60000	 96.04000	 82.14961	 96.04000
268.80000	 96.23000	 82.36493	 96.23000
269.00000	 96.55000	 82.72519	 96.55000
269.20000	 97.00000	 83.22953	 97.00000
269.40000	 97.56000	 83.85483	 97.56000
269.60000	 98.52000	 84.92279	 98.52000
269.80000	 99.65000	 86.17618	 99.65000
270.00000	100.62000	 87.24666	100.62000
270.20000	101.27000	 87.95580	101.27000
270.40000	100.89000	 87.51437	100.89000
270.60000	 99.80000	 86.28092	 99.80000
270.80000	 98.46000	 84.77045	 98.46000
271.00000	 97.04000	 83.17488	 97.04000
271.20000	 96.28000	 82.31931	 96.28000
271.40000	 96.14000	 82.15914	 96.14000
271.60000	 96.21000	 82.23686	 96.21000
271.80000	 96.42000	 82.47307	 96.42000
272.00000	 96.70000	 82.78854	 96.70000
272.20000	 97.00000	 83.12655	 97.00000
272.40000	 96.86000	 82.97468	 96.86000
272.60000	 96.61000	 82.70040	 96.61000
272.80000	 96.43000	 82.50443	 96.43000
273.00000	 96.37000	 82.44261	 96.37000
273.20000	 96.49000	 82.58152	 96.49000
273.40000	 97.26000	 83.44340	 97.26000
273.60000	 98.22000	 84.51486	 98.22000
273.80000	 99.19000	 85.59409	 99.19000
274.00000	100.08000	 86.57990	100.08000
274.20000	100.49000	 87.02690	100.49000
274.40000	100.57000	 87.10269	100.57000
274.60000	100.52000	 87.03100	100.52000
274.80000	100.37000	 86.84639	100.37000
275.00000	100.24000	 86.68337	100.24000
275.20000	100.24000	 86.66498	100.24000
275.40000	100.25000	 86.65792	100.25000
275.60000	100.27000	 86.66228	100.27000
275.80000	100.31000	 86.68923	100.31000
276.00000	100.37000	 86.73873	100.37000
276.20000	100.38000	 86.73288	100.38000
276.40000	100.44000	 86.78296	100.44000
276.60000	100.57000	 86.91115	100.57000
276.80000	100.81000	 87.16172	100.81000
277.00000	101.28000	 87.66775	101.28000
277.20000	102.12000	 88.58418	102.12000
277.40000	102.95000	 89.48705	102.95000
277.60000	103.68000	 90.27539	103.68000
277.80000	104.14000	 90.75980	104.14000
278.00000	103.92000	 90.48471	103.92000
278.20000	103.49000	 89.97465	103.49000
278.40000	102.91000	 89.29810	102.91000
278.60000	102.25000	 88.53439	102.25000
278.80000	101.78000	 87.98500	101.78000
279.00000	101.37000	 87.50570	101.37000
279.20000	100.98000	 87.05207	100.98000
279.40000	100.61000	 86.62408	100.61000
279.60000	100.26000	 86.22164	100.26000
279.80000	 99.83000	 85.73337	 99.83000
280.00000	 99.38000	 85.22605	 99.38000
280.20000	 99.01000	 84.81096	 99.01000
280.40000	 98.75000	 84.52128	 98.75000
280.60000	 98.64000	 84.40109	 98.64000
280.80000	 98.93000	 84.72781	 98.93000
281.00000	 99.55000	 85.42225	 99.55000
281.20000	100.22000	 86.17135	100.22000
281.40000	100.87000	 86.89603	100.87000
281.60000	101.35000	 87.42869	101.35000
281.80000	101.34000	 87.41332	101.34000
282.00000	101.23000	 87.28472	101.23000
282.20000	101.05000	 87.07720	101.05000
282.40000	100.87000	 86.86944	100.87000
282.60000	100.92000	 86.91778	100.92000
282.80000	101.08000	 87.08864	101.08000
283.00000	101.27000	 87.29269	101.27000
283.20000	101.47000	 87.50739	101.47000
283.40000	101.66000	 87.71030	101.66000
283.60000	101.65000	 87.68996	101.65000
283.80000	101.59000	 87.61358	101.59000
284.00000	101.60000	 87.61499	101.60000
284.20000	101.70000	 87.71652	101.70000
284.40000	102.03000	 88.07376	102.03000
284.60000	102.71000	 88.81955	102.71000
284.80000	103.51000	 89.69692	103.51000
285.00000	104.38000	 90.64920	104.38000
285.20000	105.27000	 91.61994	105.27000
285.40000	106.11000	 92.53072	106.11000
285.60000	106.92000	 93.40353	106.92000
285.80000	107.67000	 94.20496	107.67000
286.00000	108.46000	 95.04637	108.46000
286.20000	109.28000	 95.91671	109.28000
286.40000	109.77000	 96.41559	109.77000
286.60000	109.79000	 96.38810	109.79000
286.80000	108.50000	 94.90163	108.50000
287.00000	106.42000	 92.53854	106.42000
287.20000	104.05000	 89.85941	104.05000
287.40000	101.61000	 87.11255	101.61000
287.60000	100.33000	 85.66846	100.33000
