  0.00000	 96.59000	 57.25634	 96.59000
  0.20000	 96.62000	 57.66525	 96.62000
  0.40000	 96.82000	 58.13203	 96.82000
  0.60000	 97.15000	 58.60392	 97.15000
  0.80000	 97.60000	 59.05699	 97.60000
  1.00000	 98.14000	 59.45980	 98.14000
  1.20000	 98.74000	 59.78874	 98.74000
  1.40000	 99.37000	 60.02782	 99.37000
  1.60000	100.02000	 60.18237	100.02000
  1.80000	100.64000	 60.23270	100.64000
  2.00000	101.23000	 60.20025	101.23000
  2.20000	101.67000	 60.02021	101.67000
  2.40000	101.93000	 59.70015	101.93000
  2.60000	102.12000	 59.35360	102.12000
  2.80000	102.24000	 59.00610	102.24000
  3.00000	102.30000	 58.68260	102.30000
  3.20000	102.32000	 58.40754	102.32000
  3.40000	102.33000	 58.20498	102.33000
  3.60000	102.30000	 58.04770	102.30000
  3.80000	102.24000	 57.93493	102.24000
  4.00000	102.14000	 57.84956	102.14000
  4.20000	102.01000	 57.78943	102.01000
  4.40000	101.81000	 57.71640	101.81000
  4.60000	101.54000	 57.62538	101.54000
  4.80000	101.26000	 57.55819	101.26000
  5.00000	100.98000	 57.51851	100.98000
  5.20000	100.72000	 57.51582	100.72000
  5.40000	100.50000	 57.55769	100.50000
  5.60000	100.46000	 57.73714	100.46000
  5.80000	100.47000	 57.94040	100.47000
  6.00000	100.51000	 58.13757	100.51000
  6.20000	100.57000	 58.31134	100.57000
  6.40000	100.63000	 58.44246	100.63000
  6.60000	100.64000	 58.49528	100.64000
  6.80000	100.60000	 58.47770	100.60000
  7.00000	100.54000	 58.42364	100.54000
  7.20000	100.50000	 58.37402	100.50000
  7.40000	100.46000	 58.32203	100.46000
  7.60000	100.45000	 58.29513	100.45000
  7.80000	100.46000	 58.28756	100.46000
  8.00000	100.51000	 58.31318	100.51000
  8.20000	100.59000	 58.36108	100.59000
  8.40000	100.72000	 58.44130	100.72000
  8.60000	100.90000	 58.54768	100.90000
  8.80000	101.24000	 58.75372	101.24000
  9.00000	101.65000	 58.98001	101.65000
  9.20000	102.07000	 59.17143	102.07000
  9.40000	102.49000	 59.31612	102.49000
  9.60000	102.88000	 59.39348	102.88000
  9.80000	103.13000	 59.33057	103.13000
 10.00000	103.27000	 59.16730	103.27000
 10.20000	103.37000	 58.97657	103.37000
 10.40000	103.44000	 58.78332	103.44000
 10.60000	103.47000	 58.59272	103.47000
 10.80000	103.46000	 58.41307	103.46000
 11.00000	103.42000	 58.25631	103.42000
 11.20000	103.38000	 58.14531	103.38000
 11.40000	103.36000	 58.09103	103.36000
 11.60000	103.37000	 58.09290	103.37000
 11.80000	103.44000	 58.16206	103.44000
 12.00000	103.71000	 58.38683	103.71000
 12.20000	104.01000	 58.61938	104.01000
 12.40000	104.34000	 58.84245	104.34000
 12.60000	104.67000	 59.02315	104.67000
 12.80000	104.98000	 59.14330	104.98000
 13.00000	105.22000	 59.16965	105.22000
 13.20000	105.42000	 59.13508	105.42000
 13.40000	105.58000	 59.05290	105.58000
 13.60000	105.67000	 58.91494	105.67000
 13.80000	105.69000	 58.73586	105.69000
 14.00000	105.57000	 58.47857	105.57000
 14.20000	105.40000	 58.22554	105.40000
 14.40000	105.17000	 57.98068	105.17000
 14.60000	104.89000	 57.75816	104.89000
 14.80000	104.59000	 57.58246	104.59000
 15.00000	104.29000	 57.46546	104.29000
 15.20000	103.98000	 57.39249	103.98000
 15.40000	103.64000	 57.33966	103.64000
 15.60000	103.29000	 57.31316	103.29000
 15.80000	102.91000	 57.29009	102.91000
 16.00000	102.52000	 57.27891	102.52000
 16.20000	102.11000	 57.26695	102.11000
 16.40000	101.69000	 57.25782	101.69000
 16.60000	101.26000	 57.24868	101.26000
 16.80000	100.81000	 57.23030	100.81000
 17.00000	100.36000	 57.21671	100.36000
 17.20000	 99.83000	 57.14882	 99.83000
 17.40000	 99.31000	 57.09667	 99.31000
 17.60000	 98.83000	 57.08374	 98.83000
 17.80000	 98.40000	 57.11479	 98.40000
 18.00000	 98.04000	 57.19853	 98.04000
 18.20000	 97.92000	 57.44990	 97.92000
 18.40000	 97.93000	 57.76701	 97.93000
 18.60000	 97.98000	 58.06319	 97.98000
 18.80000	 98.05000	 58.31130	 98.05000
 19.00000	 98.13000	 58.49994	 98.13000
 19.20000	 98.07000	 58.52260	 98.07000
 19.40000	 97.92000	 58.43316	 97.92000
 19.60000	 97.75000	 58.30520	 97.75000
 19.80000	 97.58000	 58.17255	 97.58000
 20.00000	 97.41000	 58.04898	 97.41000
 20.20000	 97.29000	 57.97958	 97.29000
 20.40000	 97.26000	 57.99446	 97.26000
 20.60000	 97.24000	 58.02812	 97.24000
 20.80000	 97.24000	 58.08109	 97.24000
 21.00000	 97.25000	 58.13961	 97.25000
 21.20000	 97.25000	 58.18412	 97.25000
 21.40000	 97.16000	 58.15418	 97.16000
 21.60000	 97.08000	 58.12809	 97.08000
 21.80000	 97.01000	 58.10927	 97.01000
 22.00000	 96.97000	 58.11399	 96.97000
 22.20000	 96.98000	 58.15580	 96.98000
 22.40000	 97.14000	 58.30343	 97.14000
 22.60000	 97.38000	 58.49318	 97.38000
 22.80000	 97.64000	 58.66867	 97.64000
 23.00000	 97.89000	 58.80066	 97.89000
 23.20000	 98.13000	 58.88814	 98.13000
 23.40000	 98.25000	 58.85446	 98.25000
 23.60000	 98.29000	 58.74249	 98.29000
 23.80000	 98.29000	 58.59819	 98.29000
 24.00000	 98.24000	 58.42892	 98.24000
 24.20000	 98.16000	 58.26167	 98.16000
 24.40000	 98.04000	 58.09753	 98.04000
 24.60000	 97.89000	 57.94925	 97.89000
 24.80000	 97.70000	 57.81175	 97.70000
 25.00000	 97.50000	 57.70737	 97.50000
 25.20000	 97.28000	 57.62600	 97.28000
 25.40000	 97.06000	 57.57805	 97.06000
 25.60000	 96.85000	 57.56475	 96.85000
 25.80000	 96.64000	 57.57137	 96.64000
 26.00000	 96.43000	 57.59086	 96.43000
 26.20000	 96.22000	 57.61713	 96.22000
 26.40000	 96.02000	 57.65260	 96.02000
 26.60000	 95.79000	 57.66390	 95.79000
 26.80000	 95.51000	 57.63579	 95.51000
 27.00000	 95.27000	 57.63703	 95.27000
 27.20000	 95.09000	 57.68168	 95.09000
 27.40000	 95.00000	 57.78723	 95.00000
 27.60000	 95.07000	 57.99602	 95.07000
 27.80000	 95.46000	 58.40906	 95.46000
 28.00000	 95.93000	 58.82181	 95.93000
 28.20000	 96.47000	 59.20658	 96.47000
 28.40000	 97.02000	 59.50827	 97.02000
 28.60000	 97.56000	 59.71230	 97.56000
 28.80000	 97.89000	 59.68218	 97.89000
 29.00000	 98.18000	 59.57005	 98.18000
 29.20000	 98.43000	 59.40319	 98.43000
 29.40000	 98.64000	 59.20561	 98.64000
 29.60000	 98.81000	 58.99680	 98.81000
 29.80000	 98.95000	 58.79853	 98.95000
 30.00000	 99.07000	 58.62708	 99.07000
 30.20000	 99.15000	 58.47154	 99.15000
 30.40000	 99.21000	 58.34746	 99.21000
 30.60000	 99.25000	 58.25250	 99.25000
 30.80000	 99.25000	 58.16769	 99.25000
 31.00000	 99.22000	 58.09626	 99.22000
 31.20000	 99.17000	 58.04136	 99.17000
 31.40000	 99.13000	 58.02042	 99.13000
 31.60000	 99.09000	 58.01987	 99.09000
 31.80000	 99.08000	 58.05530	 99.08000
 32.00000	 99.13000	 58.14085	 99.13000
 32.20000	 99.20000	 58.23738	 99.20000
 32.40000	 99.28000	 58.32966	 99.28000
 32.60000	 99.38000	 58.41990	 99.38000
 32.80000	 99.49000	 58.49753	 99.49000
 33.00000	 99.66000	 58.59790	 99.66000
 33.20000	 99.82000	 58.66719	 99.82000
 33.40000	 99.97000	 58.70638	 99.97000
 33.60000	100.09000	 58.70442	100.09000
 33.80000	100.17000	 58.66031	100.17000
 34.00000	100.13000	 58.52403	100.13000
 34.20000	 99.99000	 58.32446	 99.99000
 34.40000	 99.83000	 58.13565	 99.83000
 34.60000	 99.67000	 57.98204	 99.67000
 34.80000	 99.53000	 57.88169	 99.53000
 35.00000	 99.48000	 57.88301	 99.48000
 35.20000	 99.51000	 57.96742	 99.51000
 35.40000	 99.59000	 58.09747	 99.59000
 35.60000	 99.71000	 58.25085	 99.71000
 35.80000	 99.88000	 58.42228	 99.88000
 36.00000	100.14000	 58.63057	100.14000
 36.20000	100.46000	 58.84332	100.46000
 36.40000	100.78000	 59.00921	100.78000
 36.60000	101.10000	 59.12738	101.10000
 36.80000	101.40000	 59.18720	101.40000
 37.00000	101.60000	 59.13860	101.60000
 37.20000	101.74000	 59.02653	101.74000
 37.40000	101.82000	 58.86788	101.82000
 37.60000	101.86000	 58.69322	101.86000
 37.80000	101.83000	 58.49326	101.83000
 38.00000	101.72000	 58.27167	101.72000
 38.20000	101.54000	 58.04530	101.54000
 38.40000	101.31000	 57.83567	101.31000
 38.60000	101.05000	 57.66053	101.05000
 38.80000	100.76000	 57.51876	100.76000
 39.00000	100.46000	 57.42097	100.46000
 39.20000	100.17000	 57.37479	100.17000
 39.40000	 99.86000	 57.34870	 99.86000
 39.60000	 99.54000	 57.34136	 99.54000
 39.80000	 99.20000	 57.33773	 99.20000
 40.00000	 98.85000	 57.33935	 98.85000
 40.20000	 98.38000	 57.26156	 98.38000
 40.40000	 97.91000	 57.19605	 97.91000
 40.60000	 97.46000	 57.15917	 97.46000
 40.80000	 97.04000	 57.15676	 97.04000
 41.00000	 96.68000	 57.20644	 96.68000
 41.20000	 96.51000	 57.39516	 96.51000
 41.40000	 96.49000	 57.67551	 96.49000
 41.60000	 96.52000	 57.95347	 96.52000
 41.80000	 96.57000	 58.19286	 96.57000
 42.00000	 96.64000	 58.38744	 96.64000
 42.20000	 96.65000	 58.47885	 96.65000
 42.40000	 96.47000	 58.38202	 96.47000
 42.60000	 96.29000	 58.25964	 96.29000
 42.80000	 96.13000	 58.14547	 96.13000
 43.00000	 96.02000	 58.07394	 96.02000
 43.20000	 95.97000	 58.05703	 95.97000
 43.40000	 96.19000	 58.24595	 96.19000
 43.60000	 96.49000	 58.48188	 96.49000
 43.80000	 96.85000	 58.73178	 96.85000
 44.00000	 97.25000	 58.96708	 97.25000
 44.20000	 97.67000	 59.16493	 97.67000
 44.40000	 98.05000	 59.27948	 98.05000
 44.60000	 98.41000	 59.33163	 98.41000
 44.80000	 98.75000	 59.33166	 98.75000
 45.00000	 99.09000	 59.30617	 99.09000
 45.20000	 99.42000	 59.25860	 99.42000
 45.40000	 99.67000	 59.14746	 99.67000
 45.60000	 99.89000	 59.02166	 99.89000
 45.80000	100.12000	 58.92036	100.12000
 46.00000	100.36000	 58.84817	100.36000
 46.20000	100.63000	 58.82011	100.63000
 46.40000	100.97000	 58.86150	100.97000
 46.60000	101.38000	 58.96323	101.38000
 46.80000	101.83000	 59.09149	101.83000
 47.00000	102.34000	 59.25014	102.34000
 47.20000	102.90000	 59.42169	102.90000
 47.40000	103.60000	 59.66348	103.60000
 47.60000	104.36000	 59.90507	104.36000
 47.80000	105.12000	 60.09444	105.12000
 48.00000	105.85000	 60.20890	105.85000
 48.20000	106.52000	 60.23309	106.52000
 48.40000	106.99000	 60.07796	106.99000
 48.60000	107.34000	 59.82746	107.34000
 48.80000	107.60000	 59.53009	107.60000
 49.00000	107.77000	 59.20861	107.77000
 49.20000	107.86000	 58.88822	107.86000
 49.40000	107.87000	 58.58109	107.87000
 49.60000	107.81000	 58.30159	107.81000
 49.80000	107.67000	 58.04462	107.67000
 50.00000	107.47000	 57.82401	107.47000
 50.20000	107.20000	 57.62845	107.20000
 50.40000	106.85000	 57.44539	106.85000
 50.60000	106.38000	 57.24075	106.38000
 50.80000	105.88000	 57.07857	105.88000
 51.00000	105.37000	 56.96829	105.37000
 51.20000	104.86000	 56.90874	104.86000
 51.40000	104.39000	 56.91838	104.39000
 51.60000	104.11000	 57.09263	104.11000
 51.80000	103.85000	 57.28269	103.85000
 52.00000	103.61000	 57.46982	103.61000
 52.20000	103.36000	 57.61950	103.36000
 52.40000	103.10000	 57.72649	103.10000
 52.60000	102.69000	 57.68919	102.69000
 52.80000	102.23000	 57.59419	102.23000
 53.00000	101.76000	 57.48554	101.76000
 53.20000	101.27000	 57.36755	101.27000
 53.40000	100.78000	 57.26368	100.78000
 53.60000	100.32000	 57.20061	100.32000
 53.80000	 99.91000	 57.19241	 99.91000
 54.00000	 99.52000	 57.21177	 99.52000
 54.20000	 99.15000	 57.25231	 99.15000
 54.40000	 98.81000	 57.31495	 98.81000
 54.60000	 98.49000	 57.38592	 98.49000
 54.80000	 98.16000	 57.43812	 98.16000
 55.00000	 97.85000	 57.49155	 97.85000
 55.20000	 97.60000	 57.57398	 97.60000
 55.40000	 97.40000	 57.67450	 97.40000
 55.60000	 97.27000	 57.80353	 97.27000
 55.80000	 97.30000	 58.02119	 97.30000
 56.00000	 97.49000	 58.31552	 97.49000
 56.20000	 97.72000	 58.58374	 97.72000
 56.40000	 97.99000	 58.81779	 97.99000
 56.60000	 98.27000	 58.99351	 98.27000
 56.80000	 98.51000	 59.07839	 98.51000
 57.00000	 98.64000	 59.03271	 98.64000
 57.20000	 98.75000	 58.94206	 98.75000
 57.40000	 98.85000	 58.83181	 98.85000
 57.60000	 98.94000	 58.71634	 98.94000
 57.80000	 99.02000	 58.60605	 99.02000
 58.00000	 99.14000	 58.54411	 99.14000
 58.20000	 99.25000	 58.49419	 99.25000
 58.40000	 99.36000	 58.46253	 99.36000
 58.60000	 99.46000	 58.43936	 99.46000
 58.80000	 99.54000	 58.41488	 99.54000
 59.00000	 99.58000	 58.37285	 99.58000
 59.20000	 99.56000	 58.29918	 99.56000
 59.40000	 99.54000	 58.24081	 99.54000
 59.60000	 99.53000	 58.20582	 99.53000
 59.80000	 99.53000	 58.19255	 99.53000
 60.00000	 99.55000	 58.20512	 99.55000
 60.20000	 99.59000	 58.23888	 99.59000
 60.40000	 99.68000	 58.31053	 99.68000
 60.60000	 99.82000	 58.41296	 99.82000
 60.80000	100.03000	 58.55297	100.03000
 61.00000	100.31000	 58.72174	100.31000
 61.20000	100.71000	 58.94695	100.71000
 61.40000	101.23000	 59.21737	101.23000
 61.60000	101.83000	 59.49196	101.83000
 61.80000	102.52000	 59.76950	102.52000
 62.00000	103.29000	 60.03665	103.29000
 62.20000	104.22000	 60.34860	104.22000
 62.40000	105.25000	 60.65548	105.25000
 62.60000	106.31000	 60.90262	106.31000
 62.80000	107.38000	 61.07862	107.38000
 63.00000	108.44000	 61.17786	108.44000
 63.20000	109.39000	 61.14090	109.39000
 63.40000	110.28000	 61.02624	110.28000
 63.60000	111.11000	 60.85642	111.11000
 63.80000	111.87000	 60.64489	111.87000
 64.00000	112.55000	 60.40257	112.55000
 64.20000	113.13000	 60.13031	113.13000
 64.40000	113.62000	 59.84877	113.62000
 64.60000	114.00000	 59.55338	114.00000
 64.80000	114.27000	 59.25222	114.27000
 65.00000	114.40000	 58.92943	114.40000
 65.20000	114.32000	 58.54001	114.32000
 65.40000	114.04000	 58.10142	114.04000
 65.60000	113.66000	 57.69795	113.66000
 65.80000	113.18000	 57.33405	113.18000
 66.00000	112.64000	 57.03806	112.64000
 66.20000	112.04000	 56.80291	112.04000
 66.40000	111.53000	 56.72716	111.53000
 66.60000	111.02000	 56.72284	111.02000
 66.80000	110.47000	 56.73852	110.47000
 67.00000	109.89000	 56.76412	109.89000
 67.20000	109.27000	 56.77936	109.27000
 67.40000	108.61000	 56.77615	108.61000
 67.60000	107.81000	 56.67773	107.81000
 67.80000	106.94000	 56.54123	106.94000
 68.00000	106.06000	 56.41810	106.06000
 68.20000	105.19000	 56.32702	105.19000
 68.40000	104.36000	 56.28965	104.36000
 68.60000	103.59000	 56.31539	103.59000
 68.80000	103.08000	 56.54052	103.08000
 69.00000	102.66000	 56.81609	102.66000
 69.20000	102.28000	 57.08365	102.28000
 69.40000	101.93000	 57.32150	101.93000
 69.60000	101.59000	 57.50793	101.59000
 69.80000	101.24000	 57.62830	101.24000
 70.00000	100.74000	 57.58681	100.74000
 70.20000	100.22000	 57.49760	100.22000
 70.40000	 99.69000	 57.38587	 99.69000
 70.60000	 99.15000	 57.26617	 99.15000
 70.80000	 98.62000	 57.16386	 98.62000
 71.00000	 98.09000	 57.07751	 98.09000
 71.20000	 97.58000	 57.02422	 97.58000
 71.40000	 97.09000	 57.00264	 97.09000
 71.60000	 96.63000	 57.01616	 96.63000
 71.80000	 96.21000	 57.06607	 96.21000
 72.00000	 95.83000	 57.14485	 95.83000
 72.20000	 95.54000	 57.28102	 95.54000
 72.40000	 95.33000	 57.45654	 95.33000
 72.60000	 95.17000	 57.63845	 95.17000
 72.80000	 95.06000	 57.81857	 95.06000
 73.00000	 95.01000	 57.99874	 95.01000
 73.20000	 95.00000	 58.16069	 95.00000
 73.40000	 95.08000	 58.34009	 95.08000
 73.60000	 95.19000	 58.49115	 95.19000
 73.80000	 95.34000	 58.62246	 95.34000
 74.00000	 95.51000	 58.72226	 95.51000
 74.20000	 95.71000	 58.80280	 95.71000
 74.40000	 95.89000	 58.83296	 95.89000
 74.60000	 96.06000	 58.82843	 96.06000
 74.80000	 96.24000	 58.81288	 96.24000
 75.00000	 96.43000	 58.79366	 96.43000
 75.20000	 96.63000	 58.77623	 96.63000
 75.40000	 96.85000	 58.77149	 96.85000
 75.60000	 97.12000	 58.80263	 97.12000
 75.80000	 97.41000	 58.84539	 97.41000
 76.00000	 97.71000	 58.88974	 97.71000
 76.20000	 98.01000	 58.92637	 98.01000
 76.40000	 98.30000	 58.94730	 98.30000
 76.60000	 98.57000	 58.94626	 98.57000
 76.80000	 98.77000	 58.88956	 98.77000
 77.00000	 98.97000	 58.83528	 98.97000
 77.20000	 99.17000	 58.78810	 99.17000
 77.40000	 99.39000	 58.76514	 99.39000
 77.60000	 99.63000	 58.76592	 99.63000
 77.80000	 99.93000	 58.81701	 99.93000
 78.00000	100.26000	 58.89012	100.26000
 78.20000	100.63000	 58.98600	100.63000
 78.40000	101.02000	 59.08349	101.02000
 78.60000	101.44000	 59.18516	101.44000
 78.80000	101.94000	 59.32385	101.94000
 79.00000	102.47000	 59.45722	102.47000
 79.20000	103.00000	 59.55989	103.00000
 79.40000	103.50000	 59.61044	103.50000
 79.60000	103.96000	 59.60682	103.96000
 79.80000	104.29000	 59.49210	104.29000
 80.00000	104.52000	 59.30451	104.52000
 80.20000	104.70000	 59.09856	104.70000
 80.40000	104.84000	 58.89571	104.84000
 80.60000	104.94000	 58.70545	104.94000
 80.80000	105.04000	 58.56223	105.04000
 81.00000	105.16000	 58.47985	105.16000
 81.20000	105.26000	 58.42289	105.26000
 81.40000	105.33000	 58.37729	105.33000
 81.60000	105.36000	 58.32995	105.36000
 81.80000	105.35000	 58.27696	105.35000
 82.00000	105.25000	 58.17967	105.25000
 82.20000	105.11000	 58.07702	105.11000
 82.40000	104.92000	 57.96394	104.92000
 82.60000	104.68000	 57.84288	104.68000
 82.80000	104.41000	 57.73077	104.41000
 83.00000	104.06000	 57.59195	104.06000
 83.20000	103.65000	 57.44393	103.65000
 83.40000	103.24000	 57.33326	103.24000
 83.60000	102.83000	 57.25836	102.83000
 83.80000	102.45000	 57.23661	102.45000
 84.00000	102.16000	 57.30364	102.16000
 84.20000	102.02000	 57.48928	102.02000
 84.40000	101.93000	 57.70004	101.93000
 84.60000	101.87000	 57.90474	101.87000
 84.80000	101.85000	 58.09980	101.85000
 85.00000	101.84000	 58.25680	101.84000
 85.20000	101.71000	 58.28008	101.71000
 85.40000	101.58000	 58.26895	101.58000
 85.60000	101.50000	 58.27129	101.50000
 85.80000	101.49000	 58.30842	101.49000
 86.00000	101.57000	 58.39638	101.57000
 86.20000	101.91000	 58.65535	101.91000
 86.40000	102.49000	 59.05241	102.49000
 86.60000	103.13000	 59.43090	103.13000
 86.80000	103.78000	 59.73862	103.78000
 87.00000	104.42000	 59.95677	104.42000
 87.20000	104.90000	 59.98160	104.90000
 87.40000	105.20000	 59.82045	105.20000
 87.60000	105.43000	 59.58601	105.43000
 87.80000	105.60000	 59.31494	105.60000
 88.00000	105.72000	 59.03825	105.72000
 88.20000	105.69000	 58.69994	105.69000
 88.40000	105.59000	 58.37563	105.59000
 88.60000	105.52000	 58.14874	105.52000
 88.80000	105.53000	 58.05385	105.53000
 89.00000	105.66000	 58.10643	105.66000
 89.20000	106.36000	 58.61111	106.36000
 89.40000	107.35000	 59.30575	107.35000
 89.60000	108.34000	 59.92119	108.34000
 89.80000	109.25000	 60.36662	109.25000
 90.00000	109.98000	 60.56261	109.98000
 90.20000	110.06000	 60.18553	110.06000
 90.40000	109.71000	 59.46209	109.71000
 90.60000	109.10000	 58.59434	109.10000
 90.80000	108.28000	 57.68613	108.28000
 91.00000	107.26000	 56.79496	107.26000
 91.20000	105.92000	 55.86628	105.92000
 91.40000	104.47000	 55.07897	104.47000
 91.60000	103.00000	 54.50299	103.00000
 91.80000	101.59000	 54.17963	101.59000
 92.00000	100.31000	 54.12429	100.31000
 92.20000	 99.64000	 54.63690	 99.64000
 92.40000	 99.18000	 55.33854	 99.18000
 92.60000	 98.85000	 56.09277	 98.85000
 92.80000	 98.62000	 56.81884	 98.62000
 93.00000	 98.43000	 57.43506	 98.43000
 93.20000	 98.14000	 57.82357	 98.14000
 93.40000	 97.87000	 58.08227	 97.87000
 93.60000	 97.62000	 58.23074	 97.62000
 93.80000	 97.39000	 58.29296	 97.39000
 94.00000	 97.16000	 58.27919	 97.16000
 94.20000	 96.94000	 58.22107	 96.94000
 94.40000	 96.73000	 58.13969	 96.73000
 94.60000	 96.55000	 58.06644	 96.55000
 94.80000	 96.40000	 58.01223	 96.40000
 95.00000	 96.33000	 58.01929	 96.33000
 95.20000	 96.33000	 58.07865	 96.33000
 95.40000	 96.34000	 58.14057	 96.34000
 95.60000	 96.35000	 58.19338	 96.35000
 95.80000	 96.35000	 58.22760	 96.35000
 96.00000	 96.26000	 58.18517	 96.26000
 96.20000	 96.15000	 58.12440	 96.15000
 96.40000	 96.01000	 58.04477	 96.01000
 96.60000	 95.85000	 57.95998	 95.85000
 96.80000	 95.65000	 57.86037	 95.65000
 97.00000	 95.42000	 57.75798	 95.42000
 97.20000	 95.17000	 57.66359	 95.17000
 97.40000	 94.91000	 57.58614	 94.91000
 97.60000	 94.65000	 57.53243	 94.65000
 97.80000	 94.42000	 57.52175	 94.42000
 98.00000	 94.22000	 57.54828	 94.22000
 98.20000	 94.02000	 57.58264	 94.02000
 98.40000	 93.81000	 57.61162	 93.81000
 98.60000	 93.59000	 57.63158	 93.59000
 98.80000	 93.32000	 57.61173	 93.32000
 99.00000	 93.01000	 57.56189	 93.01000
 99.20000	 92.68000	 57.50119	 92.68000
 99.40000	 92.33000	 57.43378	 92.33000
 99.60000	 91.96000	 57.36314	 91.96000
 99.80000	 91.58000	 57.29923	 91.58000
100.00000	 91.18000	 57.23600	 91.18000
100.20000	 90.78000	 57.18874	 90.78000
100.40000	 90.38000	 57.15648	 90.38000
100.60000	 89.99000	 57.14438	 89.99000
100.80000	 89.62000	 57.15638	 89.62000
101.00000	 89.28000	 57.19519	 89.28000
101.20000	 88.96000	 57.24785	 88.96000
101.40000	 88.66000	 57.30916	 88.66000
101.60000	 88.38000	 57.37472	 88.38000
101.80000	 88.13000	 57.44841	 88.13000
102.00000	 87.92000	 57.53441	 87.92000
102.20000	 87.75000	 57.62948	 87.75000
102.40000	 87.59000	 57.70869	 87.59000
102.60000	 87.45000	 57.77874	 87.45000
102.80000	 87.32000	 57.83281	 87.32000
103.00000	 87.18000	 57.85819	 87.18000
103.20000	 87.04000	 57.86616	 87.04000
103.40000	 86.91000	 57.86842	 86.91000
103.60000	 86.79000	 57.86856	 86.79000
103.80000	 86.70000	 57.88389	 86.70000
104.00000	 86.63000	 57.90758	 86.63000
104.20000	 86.56000	 57.92465	 86.56000
104.40000	 86.54000	 57.97184	 86.54000
104.60000	 86.59000	 58.06118	 86.59000
104.80000	 86.72000	 58.19429	 86.72000
105.00000	 86.98000	 58.39966	 86.98000
105.20000	 87.41000	 58.69425	 87.41000
105.40000	 87.94000	 59.01044	 87.94000
105.60000	 88.55000	 59.32021	 88.55000
105.80000	 89.23000	 59.60771	 89.23000
106.00000	 89.98000	 59.86920	 89.98000
106.20000	 90.79000	 60.09738	 90.79000
106.40000	 91.63000	 60.27359	 91.63000
106.60000	 92.50000	 60.40504	 92.50000
106.80000	 93.36000	 60.47182	 93.36000
107.00000	 94.19000	 60.47189	 94.19000
107.20000	 94.96000	 60.39832	 94.96000
107.40000	 95.70000	 60.29021	 95.70000
107.60000	 96.40000	 60.15543	 96.40000
107.80000	 97.08000	 60.02151	 97.08000
108.00000	 97.69000	 59.86089	 97.69000
108.20000	 98.22000	 59.67485	 98.22000
108.40000	 98.73000	 59.51534	 98.73000
108.60000	 99.23000	 59.39281	 99.23000
108.80000	 99.73000	 59.31321	 99.73000
109.00000	100.29000	 59.31528	100.29000
109.20000	100.96000	 59.42436	100.96000
109.40000	101.65000	 59.55719	101.65000
109.60000	102.33000	 59.67748	102.33000
109.80000	103.00000	 59.77638	103.00000
110.00000	103.63000	 59.82794	103.63000
110.20000	104.18000	 59.80459	104.18000
110.40000	104.69000	 59.74357	104.69000
110.60000	105.14000	 59.63940	105.14000
110.80000	105.52000	 59.49510	105.52000
111.00000	105.82000	 59.31422	105.82000
111.20000	105.98000	 59.06391	105.98000
111.40000	106.07000	 58.80905	106.07000
111.60000	106.09000	 58.55962	106.09000
111.80000	106.05000	 58.32916	106.05000
112.00000	105.96000	 58.12745	105.96000
112.20000	105.83000	 57.96068	105.83000
112.40000	105.67000	 57.83204	105.67000
112.60000	105.47000	 57.72773	105.47000
112.80000	105.25000	 57.65547	105.25000
113.00000	105.01000	 57.60746	105.01000
113.20000	104.75000	 57.57596	104.75000
113.40000	104.49000	 57.56861	104.49000
113.60000	104.23000	 57.57831	104.23000
113.80000	103.98000	 57.60583	103.98000
114.00000	103.75000	 57.65226	103.75000
114.20000	103.53000	 57.70427	103.53000
114.40000	103.40000	 57.81545	103.40000
114.60000	103.31000	 57.94064	103.31000
114.80000	103.25000	 58.06522	103.25000
115.00000	103.20000	 58.16967	103.20000
115.20000	103.15000	 58.24517	103.15000
115.40000	103.11000	 58.30070	103.11000
115.60000	103.04000	 58.31019	103.04000
115.80000	102.97000	 58.30194	102.97000
116.00000	102.88000	 58.26752	102.88000
116.20000	102.78000	 58.22093	102.78000
116.40000	102.67000	 58.16793	102.67000
116.60000	102.54000	 58.10584	102.54000
116.80000	102.38000	 58.03138	102.38000
117.00000	102.21000	 57.96303	102.21000
117.20000	102.01000	 57.88833	102.01000
117.40000	101.79000	 57.81660	101.79000
117.60000	101.54000	 57.74164	101.54000
117.80000	101.23000	 57.64260	101.23000
118.00000	100.88000	 57.53696	100.88000
118.20000	100.53000	 57.45646	100.53000
118.40000	100.17000	 57.39320	100.17000
118.60000	 99.82000	 57.35972	 99.82000
118.80000	 99.48000	 57.35177	 99.48000
119.00000	 99.18000	 57.38588	 99.18000
119.20000	 98.91000	 57.44715	 98.91000
119.40000	 98.68000	 57.53507	 98.68000
119.60000	 98.49000	 57.64176	 98.49000
119.80000	 98.35000	 57.76734	 98.35000
120.00000	 98.31000	 57.94156	 98.31000
120.20000	 98.36000	 58.14804	 98.36000
120.40000	 98.47000	 58.35569	 98.47000
120.60000	 98.61000	 58.53624	 98.61000
120.80000	 98.77000	 58.68056	 98.77000
121.00000	 98.96000	 58.79813	 98.96000
121.20000	 99.09000	 58.82746	 99.09000
121.40000	 99.23000	 58.83065	 99.23000
121.60000	 99.38000	 58.81789	 99.38000
121.80000	 99.56000	 58.81230	 99.56000
122.00000	 99.77000	 58.81920	 99.77000
122.20000	100.03000	 58.85566	100.03000
122.40000	100.39000	 58.95716	100.39000
122.60000	100.76000	 59.05140	100.76000
122.80000	101.15000	 59.14173	101.15000
123.00000	101.53000	 59.20397	101.53000
123.20000	101.91000	 59.24643	101.91000
123.40000	102.20000	 59.20613	102.20000
123.60000	102.43000	 59.11443	102.43000
123.80000	102.65000	 59.01912	102.65000
124.00000	102.87000	 58.93568	102.87000
124.20000	103.08000	 58.86138	103.08000
124.40000	103.33000	 58.83493	103.33000
124.60000	103.67000	 58.88985	103.67000
124.80000	104.01000	 58.95097	104.01000
125.00000	104.34000	 59.00378	104.34000
125.20000	104.65000	 59.03677	104.65000
125.40000	104.92000	 59.03427	104.92000
125.60000	105.10000	 58.96242	105.10000
125.80000	105.22000	 58.85128	105.22000
126.00000	105.30000	 58.72476	105.30000
126.20000	105.33000	 58.58341	105.33000
126.40000	105.31000	 58.43402	105.31000
126.60000	105.25000	 58.28925	105.25000
126.80000	105.16000	 58.15962	105.16000
127.00000	105.02000	 58.03132	105.02000
127.20000	104.84000	 57.91197	104.84000
127.40000	104.61000	 57.79361	104.61000
127.60000	104.33000	 57.67562	104.33000
127.80000	103.97000	 57.53559	103.97000
128.00000	103.53000	 57.37514	103.53000
128.20000	103.06000	 57.23361	103.06000
128.40000	102.58000	 57.12580	102.58000
128.60000	102.08000	 57.04134	102.08000
128.80000	101.60000	 57.00501	101.60000
129.00000	101.16000	 57.02385	101.16000
129.20000	100.73000	 57.06559	100.73000
129.40000	100.33000	 57.13546	100.33000
129.60000	 99.95000	 57.21707	 99.95000
129.80000	 99.59000	 57.30305	 99.59000
130.00000	 99.30000	 57.42434	 99.30000
130.20000	 99.04000	 57.54473	 99.04000
130.40000	 98.81000	 57.65947	 98.81000
130.60000	 98.59000	 57.75127	 98.59000
130.80000	 98.37000	 57.81315	 98.37000
131.00000	 98.16000	 57.85544	 98.16000
131.20000	 97.91000	 57.84569	 97.91000
131.40000	 97.66000	 57.82066	 97.66000
131.60000	 97.40000	 57.77979	 97.40000
131.80000	 97.15000	 57.74380	 97.15000
132.00000	 96.90000	 57.70920	 96.90000
132.20000	 96.65000	 57.67850	 96.65000
132.40000	 96.39000	 57.64577	 96.39000
132.60000	 96.15000	 57.63400	 96.15000
132.80000	 95.93000	 57.64200	 95.93000
133.00000	 95.73000	 57.66711	 95.73000
133.20000	 95.56000	 57.71319	 95.56000
133.40000	 95.43000	 57.78320	 95.43000
133.60000	 95.35000	 57.87923	 95.35000
133.80000	 95.29000	 57.97341	 95.29000
134.00000	 95.27000	 58.07638	 95.27000
134.20000	 95.27000	 58.17005	 95.27000
134.40000	 95.34000	 58.28933	 95.34000
134.60000	 95.45000	 58.40898	 95.45000
134.80000	 95.58000	 58.51210	 95.58000
135.00000	 95.72000	 58.59140	 95.72000
135.20000	 95.85000	 58.63456	 95.85000
135.40000	 95.97000	 58.64654	 95.97000
135.60000	 96.01000	 58.58273	 96.01000
135.80000	 96.02000	 58.49103	 96.02000
136.00000	 96.02000	 58.39658	 96.02000
136.20000	 96.00000	 58.29962	 96.00000
136.40000	 95.98000	 58.22018	 95.98000
136.60000	 95.93000	 58.13850	 95.93000
136.80000	 95.87000	 58.07077	 95.87000
137.00000	 95.81000	 58.02408	 95.81000
137.20000	 95.77000	 58.01087	 95.77000
137.40000	 95.75000	 58.02651	 95.75000
137.60000	 95.77000	 58.07968	 95.77000
137.80000	 95.85000	 58.17737	 95.85000
138.00000	 95.98000	 58.30290	 95.98000
138.20000	 96.15000	 58.43993	 96.15000
138.40000	 96.37000	 58.58843	 96.37000
138.60000	 96.63000	 58.73505	 96.63000
138.80000	 97.00000	 58.92682	 97.00000
139.00000	 97.44000	 59.12771	 97.44000
139.20000	 97.90000	 59.29577	 97.90000
139.40000	 98.37000	 59.42302	 98.37000
139.60000	 98.82000	 59.49100	 98.82000
139.80000	 99.22000	 59.48579	 99.22000
140.00000	 99.50000	 59.36873	 99.50000
140.20000	 99.75000	 59.22439	 99.75000
140.40000	 99.95000	 59.05386	 99.95000
140.60000	100.12000	 58.88499	100.12000
140.80000	100.26000	 58.72677	100.26000
141.00000	100.39000	 58.59894	100.39000
141.20000	100.50000	 58.49489	100.50000
141.40000	100.58000	 58.40555	100.58000
141.60000	100.63000	 58.32824	100.63000
141.80000	100.65000	 58.25990	100.65000
142.00000	100.62000	 58.18298	100.62000
142.20000	100.50000	 58.06700	100.50000
142.40000	100.36000	 57.96563	100.36000
142.60000	100.21000	 57.88657	100.21000
142.80000	100.05000	 57.82800	100.05000
143.00000	 99.90000	 57.80126	 99.90000
143.20000	 99.88000	 57.88858	 99.88000
143.40000	 99.88000	 57.99555	 99.88000
143.60000	 99.88000	 58.09592	 99.88000
143.80000	 99.86000	 58.16763	 99.86000
144.00000	 99.81000	 58.20092	 99.81000
144.20000	 99.64000	 58.13208	 99.64000
144.40000	 99.31000	 57.94276	 99.31000
144.60000	 98.95000	 57.74636	 98.95000
144.80000	 98.55000	 57.54914	 98.55000
145.00000	 98.15000	 57.38965	 98.15000
145.20000	 97.75000	 57.27084	 97.75000
145.40000	 97.43000	 57.24917	 97.43000
145.60000	 97.18000	 57.30701	 97.18000
145.80000	 96.94000	 57.38606	 96.94000
146.00000	 96.71000	 57.47422	 96.71000
146.20000	 96.50000	 57.56954	 96.50000
146.40000	 96.29000	 57.65043	 96.29000
146.60000	 96.00000	 57.65507	 96.00000
146.80000	 95.70000	 57.63916	 95.70000
147.00000	 95.44000	 57.64431	 95.44000
147.20000	 95.23000	 57.67945	 95.23000
147.40000	 95.10000	 57.76480	 95.10000
147.60000	 95.09000	 57.92375	 95.09000
147.80000	 95.29000	 58.21106	 95.29000
148.00000	 95.59000	 58.52726	 95.59000
148.20000	 95.96000	 58.83448	 95.96000
148.40000	 96.39000	 59.11532	 96.39000
148.60000	 96.88000	 59.36537	 96.88000
148.80000	 97.41000	 59.56996	 97.41000
149.00000	 97.96000	 59.71886	 97.96000
149.20000	 98.55000	 59.83491	 98.55000
149.40000	 99.14000	 59.89786	 99.14000
149.60000	 99.74000	 59.92621	 99.74000
149.80000	100.33000	 59.91640	100.33000
150.00000	100.86000	 59.84325	100.86000
150.20000	101.38000	 59.75688	101.38000
150.40000	101.91000	 59.68258	101.91000
150.60000	102.43000	 59.61208	102.43000
150.80000	102.96000	 59.56393	102.96000
151.00000	103.57000	 59.58980	103.57000
151.20000	104.20000	 59.63951	104.20000
151.40000	104.81000	 59.67723	104.81000
151.60000	105.38000	 59.68487	105.38000
151.80000	105.89000	 59.64819	105.89000
152.00000	106.29000	 59.53513	106.29000
152.20000	106.55000	 59.33391	106.55000
152.40000	106.73000	 59.10341	106.73000
152.60000	106.84000	 58.86406	106.84000
152.80000	106.88000	 58.62569	106.88000
153.00000	106.85000	 58.39493	106.85000
153.20000	106.74000	 58.16826	106.74000
153.40000	106.57000	 57.96237	106.57000
153.60000	106.35000	 57.78396	106.35000
153.80000	106.10000	 57.64452	106.10000
154.00000	105.82000	 57.53820	105.82000
154.20000	105.54000	 57.47961	105.54000
154.40000	105.28000	 57.47380	105.28000
154.60000	105.00000	 57.48007	105.00000
154.80000	104.71000	 57.49651	104.71000
155.00000	104.40000	 57.50852	104.40000
155.20000	104.06000	 57.50411	104.06000
155.40000	103.69000	 57.48157	103.69000
155.60000	103.29000	 57.44137	103.29000
155.80000	102.88000	 57.40004	102.88000
156.00000	102.45000	 57.35176	102.45000
156.20000	102.02000	 57.31272	102.02000
156.40000	101.58000	 57.27590	101.58000
156.60000	101.13000	 57.24125	101.13000
156.80000	100.68000	 57.21581	100.68000
157.00000	100.24000	 57.20582	100.24000
157.20000	 99.80000	 57.20182	 99.80000
157.40000	 99.38000	 57.21632	 99.38000
157.60000	 98.94000	 57.21699	 98.94000
157.80000	 98.52000	 57.23210	 98.52000
158.00000	 98.13000	 57.26696	 98.13000
158.20000	 97.78000	 57.32567	 97.78000
158.40000	 97.50000	 57.42568	 97.50000
158.60000	 97.33000	 57.58926	 97.33000
158.80000	 97.32000	 57.84224	 97.32000
159.00000	 97.38000	 58.10344	 97.38000
159.20000	 97.48000	 58.33951	 97.48000
159.40000	 97.60000	 58.53037	 97.60000
159.60000	 97.73000	 58.66922	 97.73000
159.80000	 97.79000	 58.70305	 97.79000
160.00000	 97.82000	 58.67450	 97.82000
160.20000	 97.84000	 58.61336	 97.84000
160.40000	 97.84000	 58.52594	 97.84000
160.60000	 97.83000	 58.43141	 97.83000
160.80000	 97.77000	 58.30950	 97.77000
161.00000	 97.63000	 58.14703	 97.63000
161.20000	 97.49000	 58.01202	 97.49000
161.40000	 97.37000	 57.92318	 97.37000
161.60000	 97.27000	 57.87904	 97.27000
161.80000	 97.22000	 57.89623	 97.22000
162.00000	 97.33000	 58.04555	 97.33000
162.20000	 97.53000	 58.25723	 97.53000
162.40000	 97.76000	 58.46876	 97.76000
162.60000	 98.03000	 58.67451	 98.03000
162.80000	 98.31000	 58.84425	 98.31000
163.00000	 98.59000	 58.96833	 98.59000
163.20000	 98.84000	 59.02758	 98.84000
163.40000	 99.09000	 59.05181	 99.09000
163.60000	 99.32000	 59.03529	 99.32000
163.80000	 99.53000	 58.98794	 99.53000
164.00000	 99.69000	 58.89768	 99.69000
164.20000	 99.75000	 58.73883	 99.75000
164.40000	 99.79000	 58.58349	 99.79000
164.60000	 99.81000	 58.44087	 99.81000
164.80000	 99.81000	 58.31608	 99.81000
165.00000	 99.82000	 58.23285	 99.82000
165.20000	 99.84000	 58.18851	 99.84000
165.40000	 99.89000	 58.19214	 99.89000
165.60000	 99.95000	 58.22086	 99.95000
165.80000	100.03000	 58.27384	100.03000
166.00000	100.14000	 58.35048	100.14000
166.20000	100.28000	 58.44313	100.28000
166.40000	100.51000	 58.58873	100.51000
166.60000	100.76000	 58.72668	100.76000
166.80000	101.01000	 58.83654	101.01000
167.00000	101.25000	 58.90961	101.25000
167.20000	101.47000	 58.94110	101.47000
167.40000	101.59000	 58.87833	101.59000
167.60000	101.68000	 58.78501	101.68000
167.80000	101.75000	 58.68006	101.75000
168.00000	101.79000	 58.56531	101.79000
168.20000	101.81000	 58.45527	101.81000
168.40000	101.85000	 58.38359	101.85000
168.60000	101.91000	 58.34979	101.91000
168.80000	101.94000	 58.31355	101.94000
169.00000	101.95000	 58.27966	101.95000
169.20000	101.91000	 58.22427	101.91000
169.40000	101.82000	 58.14797	101.82000
169.60000	101.61000	 58.00208	101.61000
169.80000	101.32000	 57.82377	101.32000
170.00000	100.98000	 57.64343	100.98000
170.20000	100.62000	 57.48893	100.62000
170.40000	100.24000	 57.36197	100.24000
170.60000	 99.87000	 57.28294	 99.87000
170.80000	 99.57000	 57.29004	 99.57000
171.00000	 99.27000	 57.32037	 99.27000
171.20000	 98.97000	 57.36348	 98.97000
171.40000	 98.67000	 57.41096	 98.67000
171.60000	 98.36000	 57.44926	 98.36000
171.80000	 98.02000	 57.46034	 98.02000
172.00000	 97.64000	 57.43703	 97.64000
172.20000	 97.26000	 57.41179	 97.26000
172.40000	 96.88000	 57.38708	 96.88000
172.60000	 96.51000	 57.37183	 96.51000
172.80000	 96.17000	 57.38087	 96.17000
173.00000	 95.86000	 57.41215	 95.86000
173.20000	 95.59000	 57.46943	 95.59000
173.40000	 95.35000	 57.54061	 95.35000
173.60000	 95.16000	 57.63564	 95.16000
173.80000	 95.00000	 57.73456	 95.00000
174.00000	 94.90000	 57.85517	 94.90000
174.20000	 94.86000	 57.99269	 94.86000
174.40000	 94.87000	 58.13502	 94.87000
174.60000	 94.92000	 58.27113	 94.92000
174.80000	 95.01000	 58.39909	 95.01000
175.00000	 95.14000	 58.51839	 95.14000
175.20000	 95.35000	 58.65869	 95.35000
175.40000	 95.61000	 58.79661	 95.61000
175.60000	 95.87000	 58.89497	 95.87000
175.80000	 96.12000	 58.94969	 96.12000
176.00000	 96.34000	 58.95255	 96.34000
176.20000	 96.48000	 58.87638	 96.48000
176.40000	 96.42000	 58.64752	 96.42000
176.60000	 96.31000	 58.39900	 96.31000
176.80000	 96.20000	 58.18547	 96.20000
177.00000	 96.09000	 58.01622	 96.09000
177.20000	 96.01000	 57.91537	 96.01000
177.40000	 96.11000	 57.98733	 96.11000
177.60000	 96.31000	 58.15433	 96.31000
177.80000	 96.53000	 58.33570	 96.53000
178.00000	 96.77000	 58.51465	 96.77000
178.20000	 97.02000	 58.67251	 97.02000
178.40000	 97.24000	 58.77425	 97.24000
178.60000	 97.34000	 58.75552	 97.34000
178.80000	 97.44000	 58.71582	 97.44000
179.00000	 97.54000	 58.66550	 97.54000
179.20000	 97.65000	 58.62003	 97.65000
179.40000	 97.77000	 58.58461	 97.77000
179.60000	 98.01000	 58.64206	 98.01000
179.80000	 98.28000	 58.72002	 98.28000
180.00000	 98.54000	 58.78275	 98.54000
180.20000	 98.78000	 58.81984	 98.78000
180.40000	 98.99000	 58.82421	 98.99000
180.60000	 99.08000	 58.73350	 99.08000
180.80000	 99.06000	 58.56607	 99.06000
181.00000	 99.00000	 58.38768	 99.00000
181.20000	 98.90000	 58.20954	 98.90000
181.40000	 98.77000	 58.04663	 98.77000
181.60000	 98.60000	 57.89549	 98.60000
181.80000	 98.44000	 57.79404	 98.44000
182.00000	 98.26000	 57.71675	 98.26000
182.20000	 98.07000	 57.66606	 98.07000
182.40000	 97.87000	 57.63609	 97.87000
182.60000	 97.66000	 57.62077	 97.66000
182.80000	 97.45000	 57.62181	 97.45000
183.00000	 97.25000	 57.64106	 97.25000
183.20000	 97.05000	 57.66579	 97.05000
183.40000	 96.86000	 57.69897	 96.86000
183.60000	 96.66000	 57.72228	 96.66000
183.80000	 96.46000	 57.74130	 96.46000
184.00000	 96.26000	 57.75529	 96.26000
184.20000	 96.06000	 57.76419	 96.06000
184.40000	 95.87000	 57.77573	 95.87000
184.60000	 95.68000	 57.78271	 95.68000
184.80000	 95.50000	 57.79289	 95.50000
185.00000	 95.33000	 57.80631	 95.33000
185.20000	 95.18000	 57.83001	 95.18000
185.40000	 95.04000	 57.85556	 95.04000
185.60000	 94.91000	 57.88203	 94.91000
185.80000	 94.80000	 57.91598	 94.80000
186.00000	 94.71000	 57.95622	 94.71000
186.20000	 94.61000	 57.97951	 94.61000
186.40000	 94.52000	 58.00105	 94.52000
186.60000	 94.47000	 58.04333	 94.47000
186.80000	 94.46000	 58.10485	 94.46000
187.00000	 94.50000	 58.19011	 94.50000
187.20000	 94.63000	 58.32415	 94.63000
187.40000	 94.92000	 58.55064	 94.92000
187.60000	 95.27000	 58.78310	 95.27000
187.80000	 95.65000	 58.98975	 95.65000
188.00000	 96.06000	 59.16622	 96.06000
188.20000	 96.48000	 59.29781	 96.48000
188.40000	 96.86000	 59.35225	 96.86000
188.60000	 97.21000	 59.34698	 97.21000
188.80000	 97.53000	 59.29462	 97.53000
189.00000	 97.84000	 59.22291	 97.84000
189.20000	 98.11000	 59.12091	 98.11000
189.40000	 98.33000	 58.99172	 98.33000
189.60000	 98.43000	 58.79402	 98.43000
189.80000	 98.50000	 58.60642	 98.50000
190.00000	 98.56000	 58.45152	 98.56000
190.20000	 98.61000	 58.33177	 98.61000
190.40000	 98.68000	 58.26736	 98.68000
190.60000	 98.86000	 58.31755	 98.86000
190.80000	 99.10000	 58.43078	 99.10000
191.00000	 99.34000	 58.54701	 99.34000
191.20000	 99.57000	 58.64735	 99.57000
191.40000	 99.77000	 58.71070	 99.77000
191.60000	 99.89000	 58.69955	 99.89000
191.80000	 99.88000	 58.58367	 99.88000
192.00000	 99.81000	 58.42811	 99.81000
192.20000	 99.71000	 58.26812	 99.71000
192.40000	 99.56000	 58.09877	 99.56000
192.60000	 99.37000	 57.93483	 99.37000
192.80000	 99.14000	 57.78094	 99.14000
193.00000	 98.87000	 57.63929	 98.87000
193.20000	 98.60000	 57.53933	 98.60000
193.40000	 98.34000	 57.48460	 98.34000
193.60000	 98.10000	 57.47555	 98.10000
193.80000	 97.91000	 57.52499	 97.91000
194.00000	 97.79000	 57.63576	 97.79000
194.20000	 97.74000	 57.79404	 97.74000
194.40000	 97.75000	 57.97855	 97.75000
194.60000	 97.83000	 58.18453	 97.83000
194.80000	 98.00000	 58.41623	 98.00000
195.00000	 98.31000	 58.70065	 98.31000
195.20000	 98.72000	 58.99732	 98.72000
195.40000	 99.21000	 59.28280	 99.21000
195.60000	 99.75000	 59.53024	 99.75000
195.80000	100.36000	 59.75447	100.36000
196.00000	101.02000	 59.94335	101.02000
196.20000	101.75000	 60.11657	101.75000
196.40000	102.48000	 60.22825	102.48000
196.60000	103.21000	 60.28776	103.21000
196.80000	103.91000	 60.28466	103.91000
197.00000	104.56000	 60.21817	104.56000
197.20000	105.03000	 60.00905	105.03000
197.40000	105.44000	 59.76872	105.44000
197.60000	105.81000	 59.53122	105.81000
197.80000	106.12000	 59.29514	106.12000
198.00000	106.41000	 59.09850	106.41000
198.20000	106.70000	 58.95829	106.70000
198.40000	106.98000	 58.86352	106.98000
198.60000	107.23000	 58.79276	107.23000
198.80000	107.42000	 58.71707	107.42000
199.00000	107.57000	 58.64653	107.57000
199.20000	107.63000	 58.54102	107.63000
199.40000	107.58000	 58.38664	107.58000
199.60000	107.48000	 58.23201	107.48000
199.80000	107.33000	 58.08051	107.33000
200.00000	107.13000	 57.93410	107.13000
200.20000	106.88000	 57.79359	106.88000
200.40000	106.54000	 57.62977	106.54000
200.60000	106.18000	 57.49567	106.18000
200.80000	105.82000	 57.40444	105.82000
201.00000	105.48000	 57.36560	105.48000
201.20000	105.18000	 57.38530	105.18000
201.40000	105.01000	 57.51780	105.01000
201.60000	104.97000	 57.74476	104.97000
201.80000	104.98000	 57.98642	104.98000
202.00000	105.03000	 58.21933	105.03000
202.20000	105.10000	 58.41858	105.10000
202.40000	105.18000	 58.57296	105.18000
202.60000	105.24000	 58.66216	105.24000
202.80000	105.31000	 58.71524	105.31000
203.00000	105.38000	 58.73335	105.38000
203.20000	105.44000	 58.71833	105.44000
203.40000	105.48000	 58.67237	105.48000
203.60000	105.51000	 58.61218	105.51000
203.80000	105.51000	 58.53108	105.51000
204.00000	105.49000	 58.44372	105.49000
204.20000	105.43000	 58.34123	105.43000
204.40000	105.34000	 58.23620	105.34000
204.60000	105.19000	 58.11064	105.19000
204.80000	104.95000	 57.94724	104.95000
205.00000	104.70000	 57.81089	104.70000
205.20000	104.43000	 57.69631	104.43000
205.40000	104.15000	 57.61007	104.15000
205.60000	103.90000	 57.57814	103.90000
205.80000	103.73000	 57.62965	103.73000
206.00000	103.58000	 57.70803	103.58000
206.20000	103.43000	 57.78729	103.43000
206.40000	103.28000	 57.85945	103.28000
206.60000	103.13000	 57.91966	103.13000
206.80000	102.95000	 57.94383	102.95000
207.00000	102.74000	 57.93378	102.74000
207.20000	102.52000	 57.90855	102.52000
207.40000	102.27000	 57.85808	102.27000
207.60000	101.99000	 57.78784	101.99000
207.80000	101.68000	 57.70346	101.68000
208.00000	101.26000	 57.55182	101.26000
208.20000	100.81000	 57.40103	100.81000
208.40000	100.36000	 57.27962	100.36000
208.60000	 99.91000	 57.18941	 99.91000
208.80000	 99.47000	 57.13602	 99.47000
209.00000	 99.10000	 57.15853	 99.10000
209.20000	 98.80000	 57.24664	 98.80000
209.40000	 98.51000	 57.34338	 98.51000
209.60000	 98.25000	 57.45335	 98.25000
209.80000	 98.00000	 57.55386	 98.00000
210.00000	 97.74000	 57.62564	 97.74000
210.20000	 97.46000	 57.66084	 97.46000
210.40000	 97.20000	 57.69165	 97.20000
210.60000	 96.95000	 57.71336	 96.95000
210.80000	 96.71000	 57.72860	 96.71000
211.00000	 96.51000	 57.76169	 96.51000
211.20000	 96.33000	 57.79813	 96.33000
211.40000	 96.19000	 57.85224	 96.19000
211.60000	 96.08000	 57.91496	 96.08000
211.80000	 96.00000	 57.98427	 96.00000
212.00000	 95.95000	 58.05820	 95.95000
212.20000	 95.92000	 58.12769	 95.92000
212.40000	 95.89000	 58.17741	 95.89000
212.60000	 95.93000	 58.25970	 95.93000
212.80000	 96.03000	 58.36520	 96.03000
213.00000	 96.21000	 58.50496	 96.21000
213.20000	 96.51000	 58.70253	 96.51000
213.40000	 97.05000	 59.03618	 97.05000
213.60000	 97.68000	 59.37771	 97.68000
213.80000	 98.36000	 59.68426	 98.36000
214.00000	 99.08000	 59.94243	 99.08000
214.20000	 99.82000	 60.13805	 99.82000
214.40000	100.49000	 60.21177	100.49000
214.60000	101.14000	 60.21579	101.14000
214.80000	101.76000	 60.16029	101.76000
215.00000	102.35000	 60.06298	102.35000
215.20000	102.91000	 59.94001	102.91000
215.40000	103.35000	 59.73939	103.35000
215.60000	103.71000	 59.50686	103.71000
215.80000	104.04000	 59.29324	104.04000
216.00000	104.37000	 59.12852	104.37000
216.20000	104.70000	 59.01372	104.70000
216.40000	105.14000	 59.02495	105.14000
216.60000	105.70000	 59.15493	105.70000
216.80000	106.25000	 59.28775	106.25000
217.00000	106.79000	 59.40850	106.79000
217.20000	107.28000	 59.47880	107.28000
217.40000	107.66000	 59.45327	107.66000
217.60000	107.90000	 59.31781	107.90000
217.80000	108.05000	 59.12445	108.05000
218.00000	108.12000	 58.89662	108.12000
218.20000	108.10000	 58.64137	108.10000
218.40000	107.99000	 58.37110	107.99000
218.60000	107.72000	 58.04467	107.72000
218.80000	107.37000	 57.73233	107.37000
219.00000	106.96000	 57.45545	106.96000
219.20000	106.51000	 57.22990	106.51000
219.40000	106.04000	 57.06622	106.04000
219.60000	105.60000	 56.99218	105.60000
219.80000	105.22000	 57.01517	105.22000
220.00000	104.82000	 57.05781	104.82000
220.20000	104.41000	 57.11226	104.41000
220.40000	103.98000	 57.15963	103.98000
220.60000	103.51000	 57.17797	103.51000
220.80000	102.91000	 57.09928	102.91000
221.00000	102.29000	 57.01104	102.29000
221.20000	101.66000	 56.92649	101.66000
221.40000	101.03000	 56.85667	101.03000
221.60000	100.42000	 56.81738	100.42000
221.80000	 99.88000	 56.84300	 99.88000
222.00000	 99.44000	 56.94796	 99.44000
222.20000	 99.03000	 57.06871	 99.03000
222.40000	 98.64000	 57.18783	 98.64000
222.60000	 98.29000	 57.31307	 98.29000
222.80000	 97.96000	 57.42460	 97.96000
223.00000	 97.58000	 57.46910	 97.58000
223.20000	 97.19000	 57.48039	 97.19000
223.40000	 96.85000	 57.50857	 96.85000
223.60000	 96.56000	 57.55651	 96.56000
223.80000	 96.35000	 57.64626	 96.35000
224.00000	 96.24000	 57.78869	 96.24000
224.20000	 96.35000	 58.06381	 96.35000
224.40000	 96.55000	 58.35949	 96.55000
224.60000	 96.84000	 58.66188	 96.84000
224.80000	 97.19000	 58.93900	 97.19000
225.00000	 97.61000	 59.19360	 97.61000
225.20000	 98.07000	 59.40293	 98.07000
225.40000	 98.57000	 59.57071	 98.57000
225.60000	 99.09000	 59.68891	 99.09000
225.80000	 99.64000	 59.77409	 99.64000
226.00000	100.20000	 59.82126	100.20000
226.20000	100.75000	 59.82609	100.75000
226.40000	101.29000	 59.79966	101.29000
226.60000	101.81000	 59.74532	101.81000
226.80000	102.31000	 59.67302	102.31000
227.00000	102.77000	 59.57677	102.77000
227.20000	103.18000	 59.45744	103.18000
227.40000	103.44000	 59.24990	103.44000
227.60000	103.62000	 59.01868	103.62000
227.80000	103.77000	 58.81171	103.77000
228.00000	103.93000	 58.66374	103.93000
228.20000	104.11000	 58.58038	104.11000
228.40000	104.40000	 58.61996	104.40000
228.60000	104.85000	 58.80240	104.85000
228.80000	105.32000	 59.00095	105.32000
229.00000	105.81000	 59.19699	105.81000
229.20000	106.30000	 59.36332	106.30000
229.40000	106.76000	 59.47214	106.76000
229.60000	107.14000	 59.48833	107.14000
229.80000	107.48000	 59.45058	107.48000
230.00000	107.77000	 59.36328	107.77000
230.20000	108.01000	 59.23914	108.01000
230.40000	108.19000	 59.08307	108.19000
230.60000	108.20000	 58.82631	108.20000
230.80000	108.13000	 58.55164	108.13000
231.00000	108.03000	 58.30897	108.03000
231.20000	107.92000	 58.11913	107.92000
231.40000	107.83000	 58.00332	107.83000
231.60000	107.84000	 58.01237	107.84000
231.80000	108.05000	 58.20231	108.05000
232.00000	108.28000	 58.41348	108.28000
232.20000	108.50000	 58.60228	108.50000
232.40000	108.70000	 58.74850	108.70000
232.60000	108.83000	 58.81075	108.83000
232.80000	108.79000	 58.72059	108.79000
233.00000	108.68000	 58.56816	108.68000
233.20000	108.51000	 58.37848	108.51000
233.40000	108.29000	 58.17457	108.29000
233.60000	108.03000	 57.97589	108.03000
233.80000	107.76000	 57.81217	107.76000
234.00000	107.46000	 57.67097	107.46000
234.20000	107.12000	 57.54430	107.12000
234.40000	106.73000	 57.42295	106.73000
234.60000	106.28000	 57.29775	106.28000
234.80000	105.75000	 57.15307	105.75000
235.00000	105.08000	 56.94623	105.08000
235.20000	104.38000	 56.76378	104.38000
235.40000	103.67000	 56.62236	103.67000
235.60000	102.97000	 56.53409	102.97000
235.80000	102.30000	 56.50682	102.30000
236.00000	101.64000	 56.51560	101.64000
236.20000	101.07000	 56.60813	101.07000
236.40000	100.62000	 56.79113	100.62000
236.60000	100.32000	 57.06758	100.32000
236.80000	100.27000	 57.48865	100.27000
237.00000	100.70000	 58.19356	100.70000
237.20000	101.27000	 58.88869	101.27000
237.40000	101.92000	 59.49970	101.92000
237.60000	102.58000	 59.96245	102.58000
237.80000	103.08000	 60.15802	103.08000
238.00000	103.34000	 60.05662	103.34000
238.20000	103.53000	 59.82966	103.53000
238.40000	103.66000	 59.52911	103.66000
238.60000	103.73000	 59.19280	103.73000
238.80000	103.78000	 58.87936	103.78000
239.00000	103.82000	 58.61430	103.82000
239.20000	103.82000	 58.38377	103.82000
239.40000	103.76000	 58.17545	103.76000
239.60000	103.66000	 58.00325	103.66000
239.80000	103.46000	 57.81954	103.46000
240.00000	103.16000	 57.62255	103.16000
240.20000	102.84000	 57.47048	102.84000
240.40000	102.53000	 57.38084	102.53000
240.60000	102.25000	 57.35930	102.25000
240.80000	102.10000	 57.46615	102.10000
241.00000	102.04000	 57.65156	102.04000
241.20000	102.02000	 57.85747	102.02000
241.40000	102.03000	 58.05973	102.03000
241.60000	102.03000	 58.21791	102.03000
241.80000	101.97000	 58.29192	101.97000
242.00000	101.90000	 58.32355	101.90000
242.20000	101.82000	 58.32050	101.82000
242.40000	101.75000	 58.30596	101.75000
242.60000	101.69000	 58.28698	101.69000
242.80000	101.68000	 58.29804	101.68000
243.00000	101.66000	 58.29632	101.66000
243.20000	101.63000	 58.28364	101.63000
243.40000	101.57000	 58.24772	101.57000
243.60000	101.45000	 58.17045	101.45000
243.80000	101.26000	 58.05095	101.26000
244.00000	101.02000	 57.91215	101.02000
244.20000	100.73000	 57.76158	100.73000
244.40000	100.39000	 57.60552	100.39000
244.60000	 99.99000	 57.44146	 99.99000
244.80000	 99.48000	 57.23695	 99.48000
245.00000	 98.95000	 57.06402	 98.95000
245.20000	 98.39000	 56.91682	 98.39000
245.40000	 97.83000	 56.81573	 97.83000
245.60000	 97.28000	 56.76265	 97.28000
245.80000	 96.84000	 56.82218	 96.84000
246.00000	 96.44000	 56.92709	 96.44000
246.20000	 96.04000	 57.03275	 96.04000
246.40000	 95.66000	 57.14295	 95.66000
246.60000	 95.28000	 57.23524	 95.28000
246.80000	 94.86000	 57.27673	 94.86000
247.00000	 94.41000	 57.27685	 94.41000
247.20000	 93.98000	 57.27742	 93.98000
247.40000	 93.56000	 57.27484	 93.56000
247.60000	 93.17000	 57.28656	 93.17000
247.80000	 92.84000	 57.33513	 92.84000
248.00000	 92.58000	 57.42489	 92.58000
248.20000	 92.35000	 57.52085	 92.35000
248.40000	 92.16000	 57.62573	 92.16000
248.60000	 92.00000	 57.72826	 92.00000
248.80000	 91.85000	 57.81140	 91.85000
249.00000	 91.72000	 57.88256	 91.72000
249.20000	 91.61000	 57.94299	 91.61000
249.40000	 91.52000	 57.99461	 91.52000
249.60000	 91.45000	 58.03960	 91.45000
249.80000	 91.40000	 58.08014	 91.40000
250.00000	 91.31000	 58.07443	 91.31000
250.20000	 91.25000	 58.07918	 91.25000
250.40000	 91.23000	 58.10464	 91.23000
250.60000	 91.28000	 58.17284	 91.28000
250.80000	 91.39000	 58.27264	 91.39000
251.00000	 91.70000	 58.50049	 91.70000
251.20000	 92.10000	 58.76054	 92.10000
251.40000	 92.53000	 58.99526	 92.53000
251.60000	 92.99000	 59.19756	 92.99000
251.80000	 93.43000	 59.32917	 93.43000
252.00000	 93.75000	 59.32264	 93.75000
252.20000	 94.03000	 59.25293	 94.03000
252.40000	 94.29000	 59.15207	 94.29000
252.60000	 94.52000	 59.02777	 94.52000
252.80000	 94.73000	 58.89991	 94.73000
253.00000	 94.91000	 58.77019	 94.91000
253.20000	 95.08000	 58.65956	 95.08000
253.40000	 95.25000	 58.57791	 95.25000
253.60000	 95.43000	 58.53157	 95.43000
253.80000	 95.61000	 58.50926	 95.61000
254.00000	 95.85000	 58.54968	 95.85000
254.20000	 96.13000	 58.62890	 96.13000
254.40000	 96.43000	 58.72227	 96.43000
254.60000	 96.72000	 58.79963	 96.72000
254.80000	 97.01000	 58.86403	 97.01000
255.00000	 97.27000	 58.89190	 97.27000
255.20000	 97.50000	 58.88547	 97.50000
255.40000	 97.71000	 58.85679	 97.71000
255.60000	 97.91000	 58.81850	 97.91000
255.80000	 98.09000	 58.76794	 98.09000
256.00000	 98.25000	 58.70943	 98.25000
256.20000	 98.38000	 58.63941	 98.38000
256.40000	 98.50000	 58.57607	 98.50000
256.60000	 98.61000	 58.52128	 98.61000
256.80000	 98.71000	 58.47551	 98.71000
257.00000	 98.81000	 58.44549	 98.81000
257.20000	 98.91000	 58.42936	 98.91000
257.40000	 99.00000	 58.41723	 99.00000
257.60000	 99.09000	 58.41418	 99.09000
257.80000	 99.18000	 58.41783	 99.18000
258.00000	 99.27000	 58.42589	 99.27000
258.20000	 99.29000	 58.38537	 99.29000
258.40000	 99.31000	 58.35039	 99.31000
258.60000	 99.37000	 58.35172	 99.37000
258.80000	 99.49000	 58.40171	 99.49000
259.00000	 99.69000	 58.50883	 99.69000
259.20000	100.14000	 58.78745	100.14000
259.40000	100.73000	 59.13495	100.73000
259.60000	101.38000	 59.47114	101.38000
259.80000	102.06000	 59.76016	102.06000
260.00000	102.73000	 59.96768	102.73000
260.20000	103.28000	 60.01766	103.28000
260.40000	103.75000	 59.95683	103.75000
260.60000	104.18000	 59.83692	104.18000
260.80000	104.57000	 59.67907	104.57000
261.00000	104.91000	 59.49419	104.91000
261.20000	105.24000	 59.32651	105.24000
261.40000	105.54000	 59.17024	105.54000
261.60000	105.79000	 59.01579	105.79000
261.80000	105.96000	 58.84449	105.96000
262.00000	106.05000	 58.66004	106.05000
262.20000	106.04000	 58.45156	106.04000
262.40000	105.75000	 58.09259	105.75000
262.60000	105.38000	 57.74597	105.38000
262.80000	104.98000	 57.45870	104.98000
263.00000	104.55000	 57.23245	104.55000
263.20000	104.14000	 57.09897	104.14000
263.40000	103.93000	 57.17744	103.93000
263.60000	103.81000	 57.35961	103.81000
263.80000	103.72000	 57.57262	103.72000
264.00000	103.63000	 57.77156	103.63000
264.20000	103.53000	 57.93450	103.53000
264.40000	103.38000	 58.02557	103.38000
264.60000	103.11000	 57.99584	103.11000
264.80000	102.82000	 57.93088	102.82000
265.00000	102.50000	 57.83551	102.50000
265.20000	102.17000	 57.73552	102.17000
265.40000	101.82000	 57.63182	101.82000
265.60000	101.45000	 57.53040	101.45000
265.80000	101.07000	 57.44244	101.07000
266.00000	100.70000	 57.38395	100.70000
266.20000	100.35000	 57.36041	100.35000
266.40000	100.03000	 57.37459	100.03000
266.60000	 99.77000	 57.44168	 99.77000
266.80000	 99.60000	 57.57400	 99.60000
267.00000	 99.46000	 57.71519	 99.46000
267.20000	 99.34000	 57.84838	 99.34000
267.40000	 99.23000	 57.96047	 99.23000
267.60000	 99.12000	 58.04214	 99.12000
267.80000	 98.96000	 58.05842	 98.96000
268.00000	 98.79000	 58.04562	 98.79000
268.20000	 98.60000	 58.00413	 98.60000
268.40000	 98.41000	 57.95653	 98.41000
268.60000	 98.21000	 57.90167	 98.21000
268.80000	 97.98000	 57.82987	 97.98000
269.00000	 97.68000	 57.71695	 97.68000
269.20000	 97.40000	 57.63574	 97.40000
269.40000	 97.16000	 57.60283	 97.16000
269.60000	 96.96000	 57.61512	 96.96000
269.80000	 96.84000	 57.69537	 96.84000
270.00000	 96.98000	 57.96402	 96.98000
270.20000	 97.20000	 58.26498	 97.20000
270.40000	 97.46000	 58.54891	 97.46000
270.60000	 97.74000	 58.78893	 97.74000
270.80000	 98.02000	 58.96611	 98.02000
271.00000	 98.20000	 59.01054	 98.20000
271.20000	 98.29000	 58.94397	 98.29000
271.40000	 98.35000	 58.83052	 98.35000
271.60000	 98.39000	 58.69600	 98.39000
271.80000	 98.41000	 58.55521	 98.41000
272.00000	 98.42000	 58.42622	 98.42000
272.20000	 98.43000	 58.32268	 98.43000
272.40000	 98.43000	 58.23929	 98.43000
272.60000	 98.43000	 58.18279	 98.43000
272.80000	 98.43000	 58.15025	 98.43000
273.00000	 98.45000	 58.15196	 98.45000
273.20000	 98.51000	 58.19630	 98.51000
273.40000	 98.60000	 58.26772	 98.60000
273.60000	 98.70000	 58.34340	 98.70000
273.80000	 98.78000	 58.39539	 98.78000
274.00000	 98.85000	 58.42896	 98.85000
274.20000	 98.88000	 58.42261	 98.88000
274.40000	 98.87000	 58.38028	 98.87000
274.60000	 98.83000	 58.31536	 98.83000
274.80000	 98.76000	 58.23417	 98.76000
275.00000	 98.68000	 58.15715	 98.68000
275.20000	 98.58000	 58.08066	 98.58000
275.40000	 98.46000	 58.00717	 98.46000
275.60000	 98.32000	 57.93806	 98.32000
275.80000	 98.18000	 57.88842	 98.18000
276.00000	 98.03000	 57.84948	 98.03000
276.20000	 97.89000	 57.83376	 97.89000
276.40000	 97.77000	 57.84494	 97.77000
276.60000	 97.67000	 57.87800	 97.67000
276.80000	 97.57000	 57.91285	 97.57000
277.00000	 97.48000	 57.95279	 97.48000
277.20000	 97.37000	 57.97274	 97.37000
277.40000	 97.26000	 57.98688	 97.26000
277.60000	 97.12000	 57.97366	 97.12000
277.80000	 96.96000	 57.94312	 96.96000
278.00000	 96.81000	 57.92062	 96.81000
278.20000	 96.64000	 57.88601	 96.64000
278.40000	 96.47000	 57.85614	 96.47000
278.60000	 96.31000	 57.83942	 96.31000
278.80000	 96.15000	 57.82814	 96.15000
279.00000	 95.98000	 57.81418	 95.98000
279.20000	 95.80000	 57.79721	 95.80000
279.40000	 95.62000	 57.78455	 95.62000
279.60000	 95.40000	 57.74669	 95.40000
279.80000	 95.10000	 57.65654	 95.10000
280.00000	 94.82000	 57.59324	 94.82000
280.20000	 94.56000	 57.55863	 94.56000
280.40000	 94.34000	 57.56585	 94.34000
280.60000	 94.19000	 57.63187	 94.19000
280.80000	 94.25000	 57.84986	 94.25000
281.00000	 94.38000	 58.09757	 94.38000
281.20000	 94.56000	 58.34370	 94.56000
281.40000	 94.75000	 58.54775	 94.75000
281.60000	 94.96000	 58.71314	 94.96000
281.80000	 95.10000	 58.77529	 95.10000
282.00000	 95.19000	 58.75917	 95.19000
282.20000	 95.27000	 58.70844	 95.27000
282.40000	 95.32000	 58.62184	 95.32000
282.60000	 95.35000	 58.51925	 95.35000
282.80000	 95.34000	 58.39628	 95.34000
283.00000	 95.28000	 58.25457	 95.28000
283.20000	 95.20000	 58.12388	 95.20000
283.40000	 95.10000	 58.00858	 95.10000
283.60000	 95.00000	 57.92482	 95.00000
283.80000	 94.90000	 57.87068	 94.90000
284.00000	 94.82000	 57.85660	 94.82000
284.20000	 94.76000	 57.87598	 94.76000
284.40000	 94.70000	 57.90650	 94.70000
284.60000	 94.67000	 57.96363	 94.67000
284.80000	 94.65000	 58.02588	 94.65000
285.00000	 94.67000	 58.10986	 94.67000
285.20000	 94.74000	 58.21721	 94.74000
285.40000	 94.81000	 58.30545	 94.81000
285.60000	 94.88000	 58.37221	 94.88000
285.80000	 94.94000	 58.41058	 94.94000
286.00000	 94.97000	 58.40894	 94.97000
286.20000	 94.95000	 58.35848	 94.95000
286.40000	 94.90000	 58.28235	 94.90000
286.60000	 94.83000	 58.19614	 94.83000
286.80000	 94.74000	 58.10654	 94.74000
287.00000	 94.63000	 58.01846	 94.63000
287.20000	 94.47000	 57.91327	 94.47000
287.40000	 94.29000	 57.81664	 94.29000
287.60000	 94.10000	 57.73762	 94.10000
