  0.00000	103.13000	 45.92542	103.13000
  0.20000	103.08000	 45.98669	103.08000
  0.40000	102.84000	 45.95190	102.84000
  0.60000	102.45000	 45.84195	102.45000
  0.80000	101.93000	 45.66767	101.93000
  1.00000	101.33000	 45.45702	101.33000
  1.20000	100.68000	 45.22728	100.68000
  1.40000	100.02000	 45.00126	100.02000
  1.60000	 99.38000	 44.79611	 99.38000
  1.80000	 98.80000	 44.63414	 98.80000
  2.00000	 98.33000	 44.54268	 98.33000
  2.20000	 98.13000	 44.60885	 98.13000
  2.40000	 98.03000	 44.73688	 98.03000
  2.60000	 98.04000	 44.92970	 98.04000
  2.80000	 98.14000	 45.17350	 98.14000
  3.00000	 98.35000	 45.47640	 98.35000
  3.20000	 98.65000	 45.82440	 98.65000
  3.40000	 99.01000	 46.19801	 99.01000
  3.60000	 99.43000	 46.59449	 99.43000
  3.80000	 99.88000	 46.99480	 99.88000
  4.00000	100.29000	 47.35829	100.29000
  4.20000	100.72000	 47.71650	100.72000
  4.40000	101.17000	 48.06831	101.17000
  4.60000	101.66000	 48.42384	101.66000
  4.80000	102.21000	 48.79333	102.21000
  5.00000	102.82000	 49.17602	102.82000
  5.20000	103.45000	 49.54917	103.45000
  5.40000	104.06000	 49.89029	104.06000
  5.60000	104.66000	 50.20478	104.66000
  5.80000	105.16000	 50.44337	105.16000
  6.00000	105.62000	 50.64002	105.62000
  6.20000	106.03000	 50.79048	106.03000
  6.40000	106.39000	 50.89629	106.39000
  6.60000	106.70000	 50.95919	106.70000
  6.80000	106.96000	 50.98112	106.96000
  7.00000	107.16000	 50.95862	107.16000
  7.20000	107.30000	 50.89387	107.30000
  7.40000	107.35000	 50.77264	107.35000
  7.60000	107.29000	 50.58640	107.29000
  7.80000	107.09000	 50.32140	107.09000
  8.00000	106.83000	 50.02473	106.83000
  8.20000	106.55000	 49.72130	106.55000
  8.40000	106.25000	 49.41363	106.25000
  8.60000	106.02000	 49.15338	106.02000
  8.80000	105.90000	 48.96386	105.90000
  9.00000	105.77000	 48.77951	105.77000
  9.20000	105.61000	 48.58961	105.61000
  9.40000	105.41000	 48.38893	105.41000
  9.60000	105.06000	 48.11732	105.06000
  9.80000	104.52000	 47.75376	104.52000
 10.00000	103.96000	 47.39345	103.96000
 10.20000	103.41000	 47.05429	103.41000
 10.40000	102.91000	 46.75921	102.91000
 10.60000	102.60000	 46.58556	102.60000
 10.80000	102.48000	 46.53239	102.48000
 11.00000	102.43000	 46.53170	102.43000
 11.20000	102.43000	 46.57027	102.43000
 11.40000	102.44000	 46.62381	102.44000
 11.60000	102.35000	 46.62976	102.35000
 11.80000	102.22000	 46.61981	102.22000
 12.00000	102.13000	 46.63703	102.13000
 12.20000	102.10000	 46.69136	102.10000
 12.40000	102.16000	 46.79802	102.16000
 12.60000	102.44000	 47.02689	102.44000
 12.80000	102.79000	 47.29294	102.79000
 13.00000	103.20000	 47.58814	103.20000
 13.20000	103.65000	 47.89908	103.65000
 13.40000	104.10000	 48.20158	104.10000
 13.60000	104.56000	 48.49939	104.56000
 13.80000	105.00000	 48.77461	105.00000
 14.00000	105.44000	 49.03728	105.44000
 14.20000	105.81000	 49.24825	105.81000
 14.40000	106.12000	 49.41300	106.12000
 14.60000	106.40000	 49.54846	106.40000
 14.80000	106.67000	 49.66634	106.67000
 15.00000	106.91000	 49.75639	106.91000
 15.20000	107.23000	 49.88004	107.23000
 15.40000	107.52000	 49.97727	107.52000
 15.60000	107.78000	 50.04875	107.78000
 15.80000	107.98000	 50.07881	107.98000
 16.00000	108.08000	 50.04656	108.08000
 16.20000	108.07000	 49.94810	108.07000
 16.40000	107.98000	 49.80190	107.98000
 16.60000	107.82000	 49.61561	107.82000
 16.80000	107.60000	 49.39697	107.60000
 17.00000	107.33000	 49.15364	107.33000
 17.20000	106.99000	 48.87673	106.99000
 17.40000	106.61000	 48.58482	106.61000
 17.60000	106.19000	 48.27979	106.19000
 17.80000	105.74000	 47.96889	105.74000
 18.00000	105.26000	 47.65359	105.26000
 18.20000	104.76000	 47.34069	104.76000
 18.40000	104.24000	 47.03124	104.24000
 18.60000	103.69000	 46.72056	103.69000
 18.80000	103.13000	 46.42035	103.13000
 19.00000	102.55000	 46.12558	102.55000
 19.20000	101.96000	 45.84207	101.96000
 19.40000	101.36000	 45.56994	101.36000
 19.60000	100.75000	 45.30919	100.75000
 19.80000	100.16000	 45.07615	100.16000
 20.00000	 99.52000	 44.83194	 99.52000
 20.20000	 98.86000	 44.59277	 98.86000
 20.40000	 98.26000	 44.40236	 98.26000
 20.60000	 97.75000	 44.27645	 97.75000
 20.80000	 97.37000	 44.23576	 97.37000
 21.00000	 97.27000	 44.36082	 97.27000
 21.20000	 97.38000	 44.60982	 97.38000
 21.40000	 97.61000	 44.92926	 97.61000
 21.60000	 97.93000	 45.29853	 97.93000
 21.80000	 98.29000	 45.68618	 98.29000
 22.00000	 98.64000	 46.06123	 98.64000
 22.20000	 99.03000	 46.44833	 99.03000
 22.40000	 99.46000	 46.84502	 99.46000
 22.60000	 99.91000	 47.23811	 99.91000
 22.80000	100.40000	 47.63684	100.40000
 23.00000	100.91000	 48.02865	100.91000
 23.20000	101.42000	 48.40136	101.42000
 23.40000	101.92000	 48.74867	101.92000
 23.60000	102.41000	 49.07016	102.41000
 23.80000	102.87000	 49.35480	102.87000
 24.00000	103.30000	 49.60291	103.30000
 24.20000	103.68000	 49.80419	103.68000
 24.40000	104.00000	 49.95417	104.00000
 24.60000	104.25000	 50.04880	104.25000
 24.80000	104.43000	 50.08982	104.43000
 25.00000	104.54000	 50.07930	104.54000
 25.20000	104.56000	 50.00847	104.56000
 25.40000	104.47000	 49.86883	104.47000
 25.60000	104.31000	 49.68520	104.31000
 25.80000	104.10000	 49.47138	104.10000
 26.00000	103.84000	 49.23003	103.84000
 26.20000	103.59000	 48.99666	103.59000
 26.40000	103.33000	 48.76233	103.33000
 26.60000	103.04000	 48.51775	103.04000
 26.80000	102.73000	 48.26997	102.73000
 27.00000	102.39000	 48.01482	102.39000
 27.20000	102.03000	 47.75897	102.03000
 27.40000	101.64000	 47.49792	101.64000
 27.60000	101.23000	 47.23803	101.23000
 27.80000	100.81000	 46.98552	100.81000
 28.00000	100.36000	 46.72989	100.36000
 28.20000	 99.86000	 46.46060	 99.86000
 28.40000	 99.35000	 46.20014	 99.35000
 28.60000	 98.85000	 45.95980	 98.85000
 28.80000	 98.37000	 45.74515	 98.37000
 29.00000	 97.94000	 45.57245	 97.94000
 29.20000	 97.60000	 45.46306	 97.60000
 29.40000	 97.31000	 45.39380	 97.31000
 29.60000	 97.05000	 45.35228	 97.05000
 29.80000	 96.83000	 45.34252	 96.83000
 30.00000	 96.54000	 45.30247	 96.54000
 30.20000	 96.27000	 45.28058	 96.27000
 30.40000	 96.08000	 45.30880	 96.08000
 30.60000	 96.04000	 45.42422	 96.04000
 30.80000	 96.22000	 45.66329	 96.22000
 31.00000	 96.77000	 46.10553	 96.77000
 31.20000	 97.48000	 46.63094	 97.48000
 31.40000	 98.31000	 47.21290	 98.31000
 31.60000	 99.22000	 47.82495	 99.22000
 31.80000	100.16000	 48.43558	100.16000
 32.00000	101.11000	 49.03042	101.11000
 32.20000	102.06000	 49.60132	102.06000
 32.40000	102.97000	 50.12432	102.97000
 32.60000	103.84000	 50.59827	103.84000
 32.80000	104.61000	 50.98973	104.61000
 33.00000	105.23000	 51.27167	105.23000
 33.20000	105.61000	 51.39614	105.61000
 33.40000	105.57000	 51.26702	105.57000
 33.60000	105.39000	 51.04328	105.39000
 33.80000	105.14000	 50.76855	105.14000
 34.00000	104.94000	 50.51369	104.94000
 34.20000	105.05000	 50.42556	105.05000
 34.40000	105.21000	 50.36284	105.21000
 34.60000	105.41000	 50.32115	105.41000
 34.80000	105.62000	 50.28472	105.62000
 35.00000	105.81000	 50.23763	105.81000
 35.20000	105.92000	 50.14747	105.92000
 35.40000	106.02000	 50.05365	106.02000
 35.60000	106.08000	 49.94050	106.08000
 35.80000	106.11000	 49.81436	106.11000
 36.00000	106.09000	 49.66512	106.09000
 36.20000	106.04000	 49.50471	106.04000
 36.40000	105.93000	 49.31755	105.93000
 36.60000	105.78000	 49.11565	105.78000
 36.80000	105.58000	 48.89451	105.58000
 37.00000	105.32000	 48.64967	105.32000
 37.20000	104.96000	 48.36021	104.96000
 37.40000	104.56000	 48.06047	104.56000
 37.60000	104.11000	 47.74620	104.11000
 37.80000	103.63000	 47.42953	103.63000
 38.00000	103.13000	 47.11697	103.13000
 38.20000	102.61000	 46.80929	102.61000
 38.40000	102.09000	 46.51807	102.09000
 38.60000	101.55000	 46.23262	101.55000
 38.80000	101.01000	 45.96413	101.01000
 39.00000	100.47000	 45.71257	100.47000
 39.20000	 99.92000	 45.47222	 99.92000
 39.40000	 99.37000	 45.24827	 99.37000
 39.60000	 98.85000	 45.05677	 98.85000
 39.80000	 98.37000	 44.90251	 98.37000
 40.00000	 97.94000	 44.79000	 97.94000
 40.20000	 97.61000	 44.74546	 97.61000
 40.40000	 97.39000	 44.77264	 97.39000
 40.60000	 97.22000	 44.83633	 97.22000
 40.80000	 97.09000	 44.92881	 97.09000
 41.00000	 96.99000	 45.04239	 96.99000
 41.20000	 96.91000	 45.16954	 96.91000
 41.40000	 96.84000	 45.30288	 96.84000
 41.60000	 96.79000	 45.44630	 96.79000
 41.80000	 96.76000	 45.59831	 96.76000
 42.00000	 96.71000	 45.73559	 96.71000
 42.20000	 96.55000	 45.80770	 96.55000
 42.40000	 96.44000	 45.90246	 96.44000
 42.60000	 96.42000	 46.04152	 96.42000
 42.80000	 96.53000	 46.24612	 96.53000
 43.00000	 96.94000	 46.60850	 96.94000
 43.20000	 97.56000	 47.07653	 97.56000
 43.40000	 98.30000	 47.59746	 98.30000
 43.60000	 99.15000	 48.16254	 99.15000
 43.80000	100.05000	 48.73562	100.05000
 44.00000	100.97000	 49.29747	100.97000
 44.20000	101.95000	 49.86793	101.95000
 44.40000	102.97000	 50.43414	102.97000
 44.60000	104.12000	 51.04407	104.12000
 44.80000	105.34000	 51.66306	105.34000
 45.00000	106.51000	 52.22365	106.51000
 45.20000	107.55000	 52.68123	107.55000
 45.40000	108.23000	 52.90988	108.23000
 45.60000	108.61000	 52.94536	108.61000
 45.80000	108.86000	 52.88544	108.86000
 46.00000	109.02000	 52.75670	109.02000
 46.20000	109.22000	 52.63521	109.22000
 46.40000	109.46000	 52.52477	109.46000
 46.60000	109.67000	 52.38997	109.67000
 46.80000	109.86000	 52.23919	109.86000
 47.00000	110.02000	 52.06949	110.02000
 47.20000	110.18000	 51.89974	110.18000
 47.40000	110.30000	 51.70992	110.30000
 47.60000	110.36000	 51.49091	110.36000
 47.80000	110.37000	 51.25007	110.37000
 48.00000	110.29000	 50.96719	110.29000
 48.20000	110.07000	 50.61668	110.07000
 48.40000	109.77000	 50.23381	109.77000
 48.60000	109.40000	 49.82629	109.40000
 48.80000	108.96000	 49.39624	108.96000
 49.00000	108.46000	 48.95114	108.46000
 49.20000	107.87000	 48.47626	107.87000
 49.40000	107.24000	 48.00091	107.24000
 49.60000	106.58000	 47.53207	106.58000
 49.80000	105.90000	 47.07639	105.90000
 50.00000	105.23000	 46.65119	105.23000
 50.20000	104.63000	 46.28982	104.63000
 50.40000	104.08000	 45.98093	104.08000
 50.60000	103.55000	 45.70715	103.55000
 50.80000	103.03000	 45.46190	103.03000
 51.00000	102.52000	 45.24393	102.52000
 51.20000	101.99000	 45.03542	101.99000
 51.40000	101.42000	 44.82412	101.42000
 51.60000	100.89000	 44.65300	100.89000
 51.80000	100.38000	 44.50974	100.38000
 52.00000	 99.92000	 44.40947	 99.92000
 52.20000	 99.54000	 44.36706	 99.54000
 52.40000	 99.26000	 44.39155	 99.26000
 52.60000	 99.04000	 44.45864	 99.04000
 52.80000	 98.86000	 44.55493	 98.86000
 53.00000	 98.72000	 44.67810	 98.72000
 53.20000	 98.57000	 44.79844	 98.57000
 53.40000	 98.42000	 44.91960	 98.42000
 53.60000	 98.34000	 45.07852	 98.34000
 53.80000	 98.33000	 45.27348	 98.33000
 54.00000	 98.42000	 45.51922	 98.42000
 54.20000	 98.71000	 45.86872	 98.71000
 54.40000	 99.10000	 46.26427	 99.10000
 54.60000	 99.56000	 46.68665	 99.56000
 54.80000	100.09000	 47.13329	100.09000
 55.00000	100.71000	 47.61282	100.71000
 55.20000	101.36000	 48.08992	101.36000
 55.40000	102.02000	 48.55170	102.02000
 55.60000	102.65000	 48.97474	102.65000
 55.80000	103.16000	 49.30875	103.16000
 56.00000	103.55000	 49.55398	103.55000
 56.20000	103.90000	 49.75555	103.90000
 56.40000	104.23000	 49.92584	104.23000
 56.60000	104.57000	 50.08288	104.57000
 56.80000	104.97000	 50.25559	104.97000
 57.00000	105.34000	 50.39554	105.34000
 57.20000	105.67000	 50.49847	105.67000
 57.40000	105.91000	 50.53833	105.91000
 57.60000	106.00000	 50.48397	106.00000
 57.80000	106.01000	 50.37639	106.01000
 58.00000	105.97000	 50.23474	105.97000
 58.20000	105.88000	 50.06162	105.88000
 58.40000	105.78000	 49.88149	105.78000
 58.60000	105.64000	 49.68005	105.64000
 58.80000	105.48000	 49.47033	105.48000
 59.00000	105.29000	 49.24862	105.29000
 59.20000	105.07000	 49.01656	105.07000
 59.40000	104.85000	 48.79211	104.85000
 59.60000	104.60000	 48.55992	104.60000
 59.80000	104.32000	 48.32103	104.32000
 60.00000	104.01000	 48.07637	104.01000
 60.20000	103.67000	 47.82678	103.67000
 60.40000	103.27000	 47.55648	103.27000
 60.60000	102.83000	 47.27728	102.83000
 60.80000	102.38000	 47.00644	102.38000
 61.00000	101.90000	 46.73350	101.90000
 61.20000	101.40000	 46.46442	101.40000
 61.40000	100.91000	 46.21603	100.91000
 61.60000	100.41000	 45.97737	100.41000
 61.80000	 99.91000	 45.75390	 99.91000
 62.00000	 99.40000	 45.53987	 99.40000
 62.20000	 98.89000	 45.34049	 98.89000
 62.40000	 98.32000	 45.12236	 98.32000
 62.60000	 97.77000	 44.92929	 97.77000
 62.80000	 97.25000	 44.76635	 97.25000
 63.00000	 96.79000	 44.64938	 96.79000
 63.20000	 96.40000	 44.58285	 96.40000
 63.40000	 96.19000	 44.62585	 96.19000
 63.60000	 96.05000	 44.71563	 96.05000
 63.80000	 95.95000	 44.83330	 95.95000
 64.00000	 95.89000	 44.97657	 95.89000
 64.20000	 95.77000	 45.08825	 95.77000
 64.40000	 95.59000	 45.16682	 95.59000
 64.60000	 95.48000	 45.28280	 95.48000
 64.80000	 95.46000	 45.44600	 95.46000
 65.00000	 95.59000	 45.68795	 95.59000
 65.20000	 96.04000	 46.10012	 96.04000
 65.40000	 96.60000	 46.56365	 96.60000
 65.60000	 97.27000	 47.07518	 97.27000
 65.80000	 98.00000	 47.60394	 98.00000
 66.00000	 98.74000	 48.11950	 98.74000
 66.20000	 99.51000	 48.63055	 99.51000
 66.40000	100.29000	 49.12422	100.29000
 66.60000	101.07000	 49.59363	101.07000
 66.80000	101.84000	 50.03238	101.84000
 67.00000	102.60000	 50.44006	102.60000
 67.20000	103.32000	 50.80014	103.32000
 67.40000	104.00000	 51.11313	104.00000
 67.60000	104.68000	 51.40192	104.68000
 67.80000	105.27000	 51.61806	105.27000
 68.00000	105.73000	 51.74119	105.73000
 68.20000	106.02000	 51.75161	106.02000
 68.40000	105.92000	 51.53146	105.92000
 68.60000	105.69000	 51.22862	105.69000
 68.80000	105.39000	 50.88107	105.39000
 69.00000	105.05000	 50.50996	105.05000
 69.20000	104.95000	 50.27341	104.95000
 69.40000	104.88000	 50.05809	104.88000
 69.60000	104.82000	 49.85460	104.82000
 69.80000	104.75000	 49.65316	104.75000
 70.00000	104.66000	 49.44928	104.66000
 70.20000	104.52000	 49.22730	104.52000
 70.40000	104.35000	 48.99912	104.35000
 70.60000	104.15000	 48.76553	104.15000
 70.80000	103.92000	 48.52726	103.92000
 71.00000	103.66000	 48.28493	103.66000
 71.20000	103.35000	 48.02811	103.35000
 71.40000	103.01000	 47.76840	103.01000
 71.60000	102.64000	 47.50633	102.64000
 71.80000	102.24000	 47.24234	102.24000
 72.00000	101.77000	 46.95481	101.77000
 72.20000	101.25000	 46.65529	101.25000
 72.40000	100.73000	 46.37181	100.73000
 72.60000	100.20000	 46.09918	100.20000
 72.80000	 99.69000	 45.85400	 99.69000
 73.00000	 99.26000	 45.66908	 99.26000
 73.20000	 98.92000	 45.54913	 98.92000
 73.40000	 98.58000	 45.44335	 98.58000
 73.60000	 98.26000	 45.36145	 98.26000
 73.80000	 97.93000	 45.28561	 97.93000
 74.00000	 97.50000	 45.16518	 97.50000
 74.20000	 97.01000	 45.02156	 97.01000
 74.40000	 96.54000	 44.89850	 96.54000
 74.60000	 96.11000	 44.80655	 96.11000
 74.80000	 95.75000	 44.76154	 95.75000
 75.00000	 95.54000	 44.80640	 95.54000
 75.20000	 95.44000	 44.91734	 95.44000
 75.40000	 95.44000	 45.08670	 95.44000
 75.60000	 95.53000	 45.30654	 95.53000
 75.80000	 95.73000	 45.58534	 95.73000
 76.00000	 96.04000	 45.92036	 96.04000
 76.20000	 96.44000	 46.29777	 96.44000
 76.40000	 96.91000	 46.70374	 96.91000
 76.60000	 97.45000	 47.13563	 97.45000
 76.80000	 98.10000	 47.61296	 98.10000
 77.00000	 98.79000	 48.09473	 98.79000
 77.20000	 99.47000	 48.55130	 99.47000
 77.40000	100.14000	 48.98113	100.14000
 77.60000	100.72000	 49.33923	100.72000
 77.80000	101.24000	 49.64200	101.24000
 78.00000	101.69000	 49.88442	101.69000
 78.20000	102.07000	 50.06754	102.07000
 78.40000	102.34000	 50.17084	102.34000
 78.60000	102.51000	 50.20190	102.51000
 78.80000	102.63000	 50.19070	102.63000
 79.00000	102.70000	 50.13977	102.70000
 79.20000	102.75000	 50.06814	102.75000
 79.40000	102.79000	 49.98366	102.79000
 79.60000	102.80000	 49.87746	102.80000
 79.80000	102.77000	 49.74605	102.77000
 80.00000	102.71000	 49.59687	102.71000
 80.20000	102.61000	 49.42624	102.61000
 80.40000	102.47000	 49.23591	102.47000
 80.60000	102.29000	 49.02753	102.29000
 80.80000	102.07000	 48.80268	102.07000
 81.00000	101.81000	 48.56285	101.81000
 81.20000	101.49000	 48.29844	101.49000
 81.40000	101.13000	 48.02183	101.13000
 81.60000	100.75000	 47.74534	100.75000
 81.80000	100.33000	 47.45904	100.33000
 82.00000	 99.89000	 47.17492	 99.89000
 82.20000	 99.43000	 46.89378	 99.43000
 82.40000	 98.95000	 46.61625	 98.95000
 82.60000	 98.47000	 46.35380	 98.47000
 82.80000	 98.00000	 46.11216	 98.00000
 83.00000	 97.54000	 45.89131	 97.54000
 83.20000	 97.12000	 45.70750	 97.12000
 83.40000	 96.72000	 45.54914	 96.72000
 83.60000	 96.32000	 45.40445	 96.32000
 83.80000	 95.94000	 45.28363	 95.94000
 84.00000	 95.52000	 45.15277	 95.52000
 84.20000	 95.04000	 45.00018	 95.04000
 84.40000	 94.61000	 44.88596	 94.61000
 84.60000	 94.24000	 44.81490	 94.24000
 84.80000	 93.99000	 44.81894	 93.99000
 85.00000	 93.95000	 44.94595	 93.95000
 85.20000	 94.12000	 45.19330	 94.12000
 85.40000	 94.41000	 45.50809	 94.41000
 85.60000	 94.79000	 45.87030	 94.79000
 85.80000	 95.26000	 46.27647	 95.26000
 86.00000	 95.78000	 46.70126	 95.78000
 86.20000	 96.35000	 47.14168	 96.35000
 86.40000	 96.97000	 47.59507	 96.97000
 86.60000	 97.63000	 48.05358	 97.63000
 86.80000	 98.36000	 48.53170	 98.36000
 87.00000	 99.09000	 48.98906	 99.09000
 87.20000	 99.80000	 49.41331	 99.80000
 87.40000	100.44000	 49.77619	100.44000
 87.60000	100.92000	 50.02819	100.92000
 87.80000	101.24000	 50.17043	101.24000
 88.00000	101.46000	 50.23796	101.46000
 88.20000	101.60000	 50.24426	101.60000
 88.40000	101.65000	 50.18659	101.65000
 88.60000	101.67000	 50.10089	101.67000
 88.80000	101.61000	 49.96246	101.61000
 89.00000	101.49000	 49.78515	101.49000
 89.20000	101.30000	 49.56631	101.30000
 89.40000	101.04000	 49.30871	101.04000
 89.60000	100.69000	 49.00409	100.69000
 89.80000	100.31000	 48.68823	100.31000
 90.00000	 99.88000	 48.35256	 99.88000
 90.20000	 99.44000	 48.02132	 99.44000
 90.40000	 98.99000	 47.69635	 98.99000
 90.60000	 98.54000	 47.38461	 98.54000
 90.80000	 98.09000	 47.08720	 98.09000
 91.00000	 97.66000	 46.81587	 97.66000
 91.20000	 97.25000	 46.57098	 97.25000
 91.40000	 96.82000	 46.33056	 96.82000
 91.60000	 96.43000	 46.12757	 96.43000
 91.80000	 96.12000	 45.98358	 96.12000
 92.00000	 95.91000	 45.90861	 95.91000
 92.20000	 95.85000	 45.92866	 95.85000
 92.40000	 96.01000	 46.07997	 96.01000
 92.60000	 96.29000	 46.30435	 96.29000
 92.80000	 96.67000	 46.58737	 96.67000
 93.00000	 97.12000	 46.90906	 97.12000
 93.20000	 97.64000	 47.26609	 97.64000
 93.40000	 98.20000	 47.63883	 98.20000
 93.60000	 98.79000	 48.01898	 98.79000
 93.80000	 99.38000	 48.38762	 99.38000
 94.00000	 99.93000	 48.72087	 99.93000
 94.20000	100.41000	 49.00096	100.41000
 94.40000	100.87000	 49.25491	100.87000
 94.60000	101.29000	 49.47158	101.29000
 94.80000	101.68000	 49.65673	101.68000
 95.00000	102.03000	 49.80542	102.03000
 95.20000	102.36000	 49.92950	102.36000
 95.40000	102.65000	 50.01894	102.65000
 95.60000	102.91000	 50.08043	102.91000
 95.80000	103.15000	 50.12075	103.15000
 96.00000	103.37000	 50.14121	103.37000
 96.20000	103.55000	 50.13212	103.55000
 96.40000	103.69000	 50.09488	103.69000
 96.60000	103.77000	 50.01996	103.77000
 96.80000	103.75000	 49.88698	103.75000
 97.00000	103.64000	 49.70340	103.64000
 97.20000	103.48000	 49.49334	103.48000
 97.40000	103.31000	 49.28088	103.31000
 97.60000	103.12000	 49.06228	103.12000
 97.80000	102.83000	 48.79508	102.83000
 98.00000	102.52000	 48.52505	102.52000
 98.20000	102.31000	 48.31969	102.31000
 98.40000	102.25000	 48.20712	102.25000
 98.60000	102.41000	 48.22540	102.41000
 98.80000	103.23000	 48.61482	103.23000
 99.00000	104.35000	 49.17231	104.35000
 99.20000	105.57000	 49.78190	105.57000
 99.40000	106.79000	 50.38306	106.79000
 99.60000	107.80000	 50.85573	107.80000
 99.80000	108.45000	 51.11485	108.45000
100.00000	108.98000	 51.29239	108.98000
100.20000	109.40000	 51.39466	109.40000
100.40000	109.72000	 51.42861	109.72000
100.60000	109.75000	 51.29170	109.75000
100.80000	109.80000	 51.15772	109.80000
101.00000	109.97000	 51.08444	109.97000
101.20000	110.33000	 51.11211	110.33000
101.40000	111.52000	 51.59312	111.52000
101.60000	112.85000	 52.14394	112.85000
101.80000	114.14000	 52.66141	114.14000
102.00000	115.06000	 52.96094	115.06000
102.20000	115.41000	 52.93207	115.41000
102.40000	115.57000	 52.78665	115.57000
102.60000	115.61000	 52.56679	115.61000
102.80000	115.70000	 52.36977	115.70000
103.00000	115.80000	 52.17656	115.80000
103.20000	115.89000	 51.97863	115.89000
103.40000	115.98000	 51.78360	115.98000
103.60000	116.18000	 51.65373	116.18000
103.80000	116.37000	 51.52385	116.37000
104.00000	116.53000	 51.38364	116.53000
104.20000	116.63000	 51.21730	116.63000
104.40000	116.63000	 51.00364	116.63000
104.60000	116.55000	 50.75482	116.55000
104.80000	116.40000	 50.47765	116.40000
105.00000	116.14000	 50.15152	116.14000
105.20000	115.76000	 49.77256	115.76000
105.40000	115.33000	 49.38116	115.33000
105.60000	114.86000	 48.98451	114.86000
105.80000	114.41000	 48.61706	114.41000
106.00000	114.08000	 48.33474	114.08000
106.20000	113.73000	 48.06045	113.73000
106.40000	113.31000	 47.76654	113.31000
106.60000	112.80000	 47.44201	112.80000
106.80000	112.00000	 46.97721	112.00000
107.00000	110.97000	 46.40676	110.97000
107.20000	109.90000	 45.83753	109.90000
107.40000	108.84000	 45.29902	108.84000
107.60000	107.85000	 44.82555	107.85000
107.80000	107.06000	 44.48907	107.06000
108.00000	106.42000	 44.26105	106.42000
108.20000	105.95000	 44.15053	105.95000
108.40000	105.69000	 44.17665	105.69000
108.60000	105.84000	 44.44559	105.84000
108.80000	106.35000	 44.92423	106.35000
109.00000	106.99000	 45.47926	106.99000
109.20000	107.67000	 46.05464	107.67000
109.40000	108.29000	 46.58969	108.29000
109.60000	108.60000	 46.94255	108.60000
109.80000	108.85000	 47.24882	108.85000
110.00000	109.06000	 47.51840	109.06000
110.20000	109.24000	 47.75625	109.24000
110.40000	109.46000	 48.00074	109.46000
110.60000	109.67000	 48.22423	109.67000
110.80000	109.89000	 48.43781	109.89000
111.00000	110.11000	 48.63619	110.11000
111.20000	110.38000	 48.84719	110.38000
111.40000	110.66000	 49.04900	110.66000
111.60000	110.93000	 49.23087	110.93000
111.80000	111.17000	 49.38224	111.17000
112.00000	111.35000	 49.48728	111.35000
112.20000	111.47000	 49.54705	111.47000
112.40000	111.55000	 49.57390	111.55000
112.60000	111.58000	 49.56380	111.58000
112.80000	111.40000	 49.43040	111.40000
113.00000	111.15000	 49.25328	111.15000
113.20000	111.01000	 49.13406	111.01000
113.40000	111.08000	 49.12936	111.08000
113.60000	111.88000	 49.52538	111.88000
113.80000	113.18000	 50.19184	113.18000
114.00000	114.56000	 50.89192	114.56000
114.20000	115.84000	 51.52136	115.84000
114.40000	116.47000	 51.77400	116.47000
114.60000	116.55000	 51.70548	116.55000
114.80000	116.40000	 51.49553	116.40000
115.00000	116.08000	 51.18172	116.08000
115.20000	115.69000	 50.82397	115.69000
115.40000	115.33000	 50.48186	115.33000
115.60000	114.91000	 50.10960	114.91000
115.80000	114.46000	 49.72711	114.46000
116.00000	114.00000	 49.34836	114.00000
116.20000	113.52000	 48.97031	113.52000
116.40000	113.06000	 48.61700	113.06000
116.60000	112.65000	 48.30640	112.65000
116.80000	112.31000	 48.05029	112.31000
117.00000	112.13000	 47.89827	112.13000
117.20000	112.13000	 47.86036	112.13000
117.40000	112.20000	 47.87411	112.20000
117.60000	112.31000	 47.92083	112.31000
117.80000	112.45000	 47.99284	112.45000
118.00000	112.50000	 48.02206	112.50000
118.20000	112.54000	 48.05112	112.54000
118.40000	112.56000	 48.07338	112.56000
118.60000	112.57000	 48.09345	112.57000
118.80000	112.53000	 48.08859	112.53000
119.00000	112.43000	 48.05293	112.43000
119.20000	112.35000	 48.03045	112.35000
119.40000	112.27000	 48.01000	112.27000
119.60000	112.23000	 48.01343	112.23000
119.80000	112.30000	 48.07889	112.30000
120.00000	112.43000	 48.17794	112.43000
120.20000	112.60000	 48.29848	112.60000
120.40000	112.81000	 48.43935	112.81000
120.60000	113.05000	 48.59389	113.05000
120.80000	113.35000	 48.77747	113.35000
121.00000	113.66000	 48.96138	113.66000
121.20000	113.96000	 49.13358	113.96000
121.40000	114.24000	 49.28782	114.24000
121.60000	114.46000	 49.40168	114.46000
121.80000	114.62000	 49.47519	114.62000
122.00000	114.72000	 49.50880	114.72000
122.20000	114.76000	 49.50328	114.76000
122.40000	114.73000	 49.45420	114.73000
122.60000	114.58000	 49.33538	114.58000
122.80000	114.34000	 49.16515	114.34000
123.00000	114.04000	 48.96203	114.04000
123.20000	113.68000	 48.72808	113.68000
123.40000	113.28000	 48.47633	113.28000
123.60000	112.86000	 48.21966	112.86000
123.80000	112.41000	 47.95420	112.41000
124.00000	111.95000	 47.69239	111.95000
124.20000	111.48000	 47.43542	111.48000
124.40000	111.00000	 47.18422	111.00000
124.60000	110.55000	 46.96148	110.55000
124.80000	110.14000	 46.77301	110.14000
125.00000	109.72000	 46.59123	109.72000
125.20000	109.29000	 46.41595	109.29000
125.40000	108.84000	 46.24148	108.84000
125.60000	108.30000	 46.02911	108.30000
125.80000	107.65000	 45.76804	107.65000
126.00000	107.03000	 45.53589	107.03000
126.20000	106.47000	 45.34938	106.47000
126.40000	106.01000	 45.23025	106.01000
126.60000	105.81000	 45.26555	105.81000
126.80000	105.85000	 45.44196	105.85000
127.00000	105.99000	 45.67914	105.99000
127.20000	106.21000	 45.96261	106.21000
127.40000	106.48000	 46.27253	106.48000
127.60000	106.70000	 46.55079	106.70000
127.80000	106.94000	 46.83360	106.94000
128.00000	107.19000	 47.11348	107.19000
128.20000	107.44000	 47.38333	107.44000
128.40000	107.70000	 47.64738	107.70000
128.60000	107.95000	 47.89365	107.95000
128.80000	108.20000	 48.12702	108.20000
129.00000	108.45000	 48.34707	108.45000
129.20000	108.69000	 48.54813	108.69000
129.40000	108.93000	 48.73575	108.93000
129.60000	109.16000	 48.90461	109.16000
129.80000	109.37000	 49.04958	109.37000
130.00000	109.54000	 49.16022	109.54000
130.20000	109.63000	 49.21537	109.63000
130.40000	109.63000	 49.21077	109.63000
130.60000	109.60000	 49.18110	109.60000
130.80000	109.56000	 49.13902	109.56000
131.00000	109.51000	 49.08605	109.51000
131.20000	109.56000	 49.08410	109.56000
131.40000	109.62000	 49.08435	109.62000
131.60000	109.67000	 49.07637	109.67000
131.80000	109.70000	 49.05519	109.70000
132.00000	109.67000	 48.99944	109.67000
132.20000	109.55000	 48.89345	109.55000
132.40000	109.39000	 48.76595	109.39000
132.60000	109.19000	 48.61817	109.19000
132.80000	108.97000	 48.46235	108.97000
133.00000	108.74000	 48.30512	108.74000
133.20000	108.50000	 48.14744	108.50000
133.40000	108.25000	 47.99011	108.25000
133.60000	108.00000	 47.83929	108.00000
133.80000	107.74000	 47.68998	107.74000
134.00000	107.47000	 47.54257	107.47000
134.20000	107.20000	 47.40285	107.20000
134.40000	106.93000	 47.27100	106.93000
134.60000	106.66000	 47.14707	106.66000
134.80000	106.40000	 47.03651	106.40000
135.00000	106.17000	 46.95016	106.17000
135.20000	105.96000	 46.88210	105.96000
135.40000	105.75000	 46.82081	105.75000
135.60000	105.55000	 46.77128	105.55000
135.80000	105.33000	 46.71645	105.33000
136.00000	105.07000	 46.64489	105.07000
136.20000	104.75000	 46.54541	104.75000
136.40000	104.45000	 46.46211	104.45000
136.60000	104.16000	 46.38941	104.16000
136.80000	103.91000	 46.34363	103.91000
137.00000	103.78000	 46.36833	103.78000
137.20000	103.73000	 46.44046	103.73000
137.40000	103.70000	 46.52566	103.70000
137.60000	103.67000	 46.61163	103.67000
137.80000	103.64000	 46.69729	103.64000
138.00000	103.39000	 46.66074	103.39000
138.20000	103.16000	 46.63440	103.16000
138.40000	102.98000	 46.63504	102.98000
138.60000	102.91000	 46.69563	102.91000
138.80000	103.11000	 46.90350	103.11000
139.00000	103.56000	 47.24568	103.56000
139.20000	104.10000	 47.63116	104.10000
139.40000	104.67000	 48.02398	104.67000
139.60000	105.18000	 48.37209	105.18000
139.80000	105.50000	 48.60232	105.50000
140.00000	105.84000	 48.82990	105.84000
140.20000	106.21000	 49.06017	106.21000
140.40000	106.70000	 49.34246	106.70000
140.60000	107.46000	 49.75865	107.46000
140.80000	108.26000	 50.18040	108.26000
141.00000	109.04000	 50.57314	109.04000
141.20000	109.73000	 50.89734	109.73000
141.40000	110.12000	 51.03736	110.12000
141.60000	110.41000	 51.10490	110.41000
141.80000	110.63000	 51.11865	110.63000
142.00000	110.78000	 51.08100	110.78000
142.20000	110.97000	 51.05499	110.97000
142.40000	111.14000	 51.00966	111.14000
142.60000	111.26000	 50.93043	111.26000
142.80000	111.33000	 50.81927	111.33000
143.00000	111.32000	 50.66166	111.32000
143.20000	111.16000	 50.42124	111.16000
143.40000	110.94000	 50.15010	110.94000
143.60000	110.65000	 49.84527	110.65000
143.80000	110.32000	 49.52568	110.32000
144.00000	109.97000	 49.20454	109.97000
144.20000	109.63000	 48.90018	109.63000
144.40000	109.27000	 48.59749	109.27000
144.60000	108.87000	 48.28662	108.87000
144.80000	108.44000	 47.97408	108.44000
145.00000	107.93000	 47.63324	107.93000
145.20000	107.26000	 47.22109	107.26000
145.40000	106.60000	 46.83265	106.60000
145.60000	105.99000	 46.49092	105.99000
145.80000	105.47000	 46.21830	105.47000
146.00000	105.15000	 46.07486	105.15000
146.20000	105.10000	 46.09747	105.10000
146.40000	105.17000	 46.20059	105.17000
146.60000	105.35000	 46.37532	105.35000
146.80000	105.63000	 46.61258	105.63000
147.00000	105.98000	 46.89222	105.98000
147.20000	106.39000	 47.20526	106.39000
147.40000	106.85000	 47.54290	106.85000
147.60000	107.34000	 47.89114	107.34000
147.80000	107.84000	 48.23637	107.84000
148.00000	108.33000	 48.56539	108.33000
148.20000	108.81000	 48.87657	108.81000
148.40000	109.27000	 49.16318	109.27000
148.60000	109.69000	 49.41349	109.69000
148.80000	110.01000	 49.59424	110.01000
149.00000	110.28000	 49.73342	110.28000
149.20000	110.51000	 49.83736	110.51000
149.40000	110.73000	 49.92366	110.73000
149.60000	110.97000	 50.00989	110.97000
149.80000	111.24000	 50.10250	111.24000
150.00000	111.50000	 50.18022	111.50000
150.20000	111.73000	 50.23284	111.73000
150.40000	111.93000	 50.26128	111.93000
150.60000	112.11000	 50.27205	112.11000
150.80000	112.23000	 50.24420	112.23000
151.00000	112.30000	 50.18450	112.30000
151.20000	112.28000	 50.07235	112.28000
151.40000	112.14000	 49.89294	112.14000
151.60000	111.82000	 49.61540	111.82000
151.80000	111.42000	 49.29745	111.42000
152.00000	110.96000	 48.95281	110.96000
152.20000	110.46000	 48.59502	110.46000
152.40000	109.97000	 48.25383	109.97000
152.60000	109.53000	 47.95296	109.53000
152.80000	109.08000	 47.66048	109.08000
153.00000	108.61000	 47.37164	108.61000
153.20000	108.11000	 47.08156	108.11000
153.40000	107.59000	 46.79623	107.59000
153.60000	107.04000	 46.51052	107.04000
153.80000	106.46000	 46.22471	106.46000
154.00000	105.84000	 45.93352	105.84000
154.20000	105.17000	 45.63169	105.17000
154.40000	104.47000	 45.33048	104.47000
154.60000	103.51000	 44.90363	103.51000
154.80000	102.56000	 44.50102	102.56000
155.00000	101.65000	 44.14006	101.65000
155.20000	100.83000	 43.84860	100.83000
155.40000	100.16000	 43.65919	100.16000
155.60000	 99.94000	 43.73540	 99.94000
155.80000	 99.86000	 43.90292	 99.86000
156.00000	 99.90000	 44.14658	 99.90000
156.20000	100.03000	 44.44561	100.03000
156.40000	100.16000	 44.74636	100.16000
156.60000	100.23000	 45.01231	100.23000
156.80000	100.36000	 45.30682	100.36000
157.00000	100.59000	 45.64941	100.59000
157.20000	100.91000	 46.03202	100.91000
157.40000	101.50000	 46.55106	101.50000
157.60000	102.20000	 47.11508	102.20000
157.80000	102.94000	 47.68220	102.94000
158.00000	103.69000	 48.23307	103.69000
158.20000	104.35000	 48.71051	104.35000
158.40000	104.94000	 49.12439	104.94000
158.60000	105.49000	 49.49095	105.49000
158.80000	105.98000	 49.79945	105.98000
159.00000	106.39000	 50.03975	106.39000
159.20000	106.73000	 50.21875	106.73000
159.40000	107.01000	 50.34377	107.01000
159.60000	107.23000	 50.41691	107.23000
159.80000	107.40000	 50.44598	107.40000
160.00000	107.51000	 50.42788	107.51000
160.20000	107.57000	 50.37060	107.57000
160.40000	107.59000	 50.28218	107.59000
160.60000	107.57000	 50.16504	107.57000
160.80000	107.52000	 50.02702	107.52000
161.00000	107.46000	 49.88133	107.46000
161.20000	107.36000	 49.71337	107.36000
161.40000	107.21000	 49.51951	107.21000
161.60000	106.99000	 49.29053	106.99000
161.80000	106.64000	 48.99533	106.64000
162.00000	106.15000	 48.63063	106.15000
162.20000	105.62000	 48.25398	105.62000
162.40000	105.08000	 47.88414	105.08000
162.60000	104.54000	 47.52843	104.54000
162.80000	104.06000	 47.22123	104.06000
163.00000	103.65000	 46.96870	103.65000
163.20000	103.31000	 46.77083	103.31000
163.40000	103.07000	 46.64355	103.07000
163.60000	102.93000	 46.58566	102.93000
163.80000	103.05000	 46.68342	103.05000
164.00000	103.26000	 46.84034	103.26000
164.20000	103.57000	 47.05879	103.57000
164.40000	103.93000	 47.30800	103.93000
164.60000	104.31000	 47.56842	104.31000
164.80000	104.69000	 47.82637	104.69000
165.00000	105.10000	 48.09610	105.10000
165.20000	105.52000	 48.36462	105.52000
165.40000	105.95000	 48.63028	105.95000
165.60000	106.37000	 48.88071	106.37000
165.80000	106.80000	 49.12592	106.80000
166.00000	107.22000	 49.35417	107.22000
166.20000	107.63000	 49.56498	107.63000
166.40000	108.00000	 49.74166	108.00000
166.60000	108.35000	 49.89539	108.35000
166.80000	108.68000	 50.02656	108.68000
167.00000	109.01000	 50.14675	109.01000
167.20000	109.35000	 50.26206	109.35000
167.40000	109.73000	 50.38956	109.73000
167.60000	110.08000	 50.49111	110.08000
167.80000	110.37000	 50.55081	110.37000
168.00000	110.58000	 50.55856	110.58000
168.20000	110.61000	 50.46069	110.61000
168.40000	110.45000	 50.25384	110.45000
168.60000	110.19000	 49.99041	110.19000
168.80000	109.85000	 49.68441	109.85000
169.00000	109.42000	 49.33329	109.42000
169.20000	108.94000	 48.96200	108.94000
169.40000	108.40000	 48.56770	108.40000
169.60000	107.82000	 48.16384	107.82000
169.80000	107.21000	 47.75809	107.21000
170.00000	106.57000	 47.35227	106.57000
170.20000	105.92000	 46.95888	105.92000
170.40000	105.26000	 46.57906	105.26000
170.60000	104.62000	 46.23009	104.62000
170.80000	104.00000	 45.91233	104.00000
171.00000	103.43000	 45.64222	103.43000
171.20000	102.88000	 45.40272	102.88000
171.40000	102.40000	 45.22055	102.40000
171.60000	102.02000	 45.11096	102.02000
171.80000	101.75000	 45.07766	101.75000
172.00000	101.62000	 45.13484	101.62000
172.20000	101.87000	 45.41164	101.87000
172.40000	102.25000	 45.76599	102.25000
172.60000	102.68000	 46.14924	102.68000
172.80000	103.15000	 46.55168	103.15000
173.00000	103.52000	 46.89262	103.52000
173.20000	103.74000	 47.14202	103.74000
173.40000	103.89000	 47.34268	103.89000
173.60000	103.98000	 47.49959	103.98000
173.80000	104.01000	 47.61275	104.01000
174.00000	103.98000	 47.68264	103.98000
174.20000	103.89000	 47.71008	103.89000
174.40000	103.73000	 47.69071	103.73000
174.60000	103.51000	 47.63145	103.51000
174.80000	103.23000	 47.53392	103.23000
175.00000	102.86000	 47.38337	102.86000
175.20000	102.41000	 47.18730	102.41000
175.40000	101.91000	 46.96433	101.91000
175.60000	101.39000	 46.73305	101.39000
175.80000	100.86000	 46.50076	100.86000
176.00000	100.29000	 46.25252	100.29000
176.20000	 99.73000	 46.01727	 99.73000
176.40000	 99.24000	 45.82908	 99.24000
176.60000	 98.84000	 45.69939	 98.84000
176.80000	 98.57000	 45.64995	 98.57000
177.00000	 98.66000	 45.80625	 98.66000
177.20000	 98.90000	 46.04990	 98.90000
177.40000	 99.25000	 46.35558	 99.25000
177.60000	 99.67000	 46.69788	 99.67000
177.80000	100.11000	 47.04607	100.11000
178.00000	100.51000	 47.36437	100.51000
178.20000	100.93000	 47.68373	100.93000
178.40000	101.38000	 48.00795	101.38000
178.60000	101.84000	 48.32453	101.84000
178.80000	102.39000	 48.67633	102.39000
179.00000	102.93000	 49.00704	102.93000
179.20000	103.45000	 49.31028	103.45000
179.40000	103.92000	 49.56913	103.92000
179.60000	104.24000	 49.72868	104.24000
179.80000	104.46000	 49.81750	104.46000
180.00000	104.62000	 49.85923	104.62000
180.20000	104.73000	 49.86123	104.73000
180.40000	104.82000	 49.84196	104.82000
180.60000	104.93000	 49.82532	104.93000
180.80000	105.00000	 49.77988	105.00000
181.00000	105.04000	 49.71277	105.04000
181.20000	105.05000	 49.62557	105.05000
181.40000	105.00000	 49.50332	105.00000
181.60000	104.90000	 49.35317	104.90000
181.80000	104.76000	 49.18228	104.76000
182.00000	104.59000	 48.99777	104.59000
182.20000	104.38000	 48.79562	104.38000
182.40000	104.14000	 48.58276	104.14000
182.60000	103.87000	 48.36048	103.87000
182.80000	103.58000	 48.13547	103.58000
183.00000	103.27000	 47.90873	103.27000
183.20000	102.95000	 47.68662	102.95000
183.40000	102.62000	 47.46982	102.62000
183.60000	102.27000	 47.25331	102.27000
183.80000	101.93000	 47.05400	101.93000
184.00000	101.59000	 46.86654	101.59000
184.20000	101.27000	 46.70193	101.27000
184.40000	100.96000	 46.55443	100.96000
184.60000	100.74000	 46.46763	100.74000
184.80000	100.53000	 46.39661	100.53000
185.00000	100.32000	 46.33490	100.32000
185.20000	100.10000	 46.27610	100.10000
185.40000	 99.85000	 46.20838	 99.85000
185.60000	 99.37000	 46.02119	 99.37000
185.80000	 98.88000	 45.83616	 98.88000
186.00000	 98.42000	 45.67584	 98.42000
186.20000	 98.04000	 45.56792	 98.04000
186.40000	 97.77000	 45.52853	 97.77000
186.60000	 97.86000	 45.69414	 97.86000
186.80000	 98.09000	 45.94089	 98.09000
187.00000	 98.44000	 46.25452	 98.44000
187.20000	 98.88000	 46.61515	 98.88000
187.40000	 99.38000	 47.00293	 99.38000
187.60000	 99.91000	 47.39831	 99.91000
187.80000	100.49000	 47.80962	100.49000
188.00000	101.12000	 48.23449	101.12000
188.20000	101.80000	 48.67080	101.80000
188.40000	102.51000	 49.10566	102.51000
188.60000	103.25000	 49.53752	103.25000
188.80000	104.05000	 49.98162	104.05000
189.00000	104.89000	 50.42580	104.89000
189.20000	105.80000	 50.88562	105.80000
189.40000	106.78000	 51.36013	106.78000
189.60000	107.79000	 51.82645	107.79000
189.80000	108.83000	 52.28392	108.83000
190.00000	109.90000	 52.73210	109.90000
190.20000	111.01000	 53.17626	111.01000
190.40000	112.09000	 53.57776	112.09000
190.60000	113.14000	 53.93694	113.14000
190.80000	114.11000	 54.22705	114.11000
191.00000	114.93000	 54.41093	114.93000
191.20000	115.63000	 54.50729	115.63000
191.40000	116.23000	 54.52989	116.23000
191.60000	116.73000	 54.48180	116.73000
191.80000	117.13000	 54.36635	117.13000
192.00000	117.44000	 54.19250	117.44000
192.20000	117.66000	 53.96379	117.66000
192.40000	117.77000	 53.67272	117.77000
192.60000	117.77000	 53.32289	117.77000
192.80000	117.67000	 52.92340	117.67000
193.00000	117.35000	 52.41179	117.35000
193.20000	116.90000	 51.84162	116.90000
193.40000	116.39000	 51.25539	116.39000
193.60000	115.85000	 50.67311	115.85000
193.80000	115.29000	 50.10316	115.29000
194.00000	114.88000	 49.64133	114.88000
194.20000	114.51000	 49.22793	114.51000
194.40000	114.14000	 48.84116	114.14000
194.60000	113.76000	 48.47538	113.76000
194.80000	113.36000	 48.12472	113.36000
195.00000	112.78000	 47.70072	112.78000
195.20000	112.22000	 47.31365	112.22000
195.40000	111.71000	 46.97987	111.71000
195.60000	111.30000	 46.72618	111.30000
195.80000	111.10000	 46.61167	111.10000
196.00000	111.14000	 46.65023	111.14000
196.20000	111.29000	 46.76665	111.29000
196.40000	111.54000	 46.95148	111.54000
196.60000	111.85000	 47.17872	111.85000
196.80000	112.08000	 47.36757	112.08000
197.00000	112.39000	 47.60318	112.39000
197.20000	112.79000	 47.88817	112.79000
197.40000	113.31000	 48.23615	113.31000
197.60000	114.12000	 48.73754	114.12000
197.80000	115.08000	 49.31124	115.08000
198.00000	116.09000	 49.89811	116.09000
198.20000	117.10000	 50.46701	117.10000
198.40000	117.97000	 50.93813	117.97000
198.60000	118.69000	 51.30455	118.69000
198.80000	119.32000	 51.59915	119.32000
199.00000	119.86000	 51.82258	119.86000
199.20000	120.32000	 51.98161	120.32000
199.40000	120.71000	 52.08349	120.71000
199.60000	121.00000	 52.11377	121.00000
199.80000	121.18000	 52.06941	121.18000
200.00000	121.24000	 51.94776	121.24000
200.20000	121.15000	 51.73549	121.15000
200.40000	120.83000	 51.39219	120.83000
200.60000	120.39000	 50.98267	120.39000
200.80000	119.83000	 50.51124	119.83000
201.00000	119.17000	 49.99315	119.17000
201.20000	118.39000	 49.42140	118.39000
201.40000	117.45000	 48.77793	117.45000
201.60000	116.49000	 48.14370	116.49000
201.80000	115.52000	 47.52747	115.52000
202.00000	114.61000	 46.97024	114.61000
202.20000	113.82000	 46.50653	113.82000
202.40000	113.31000	 46.22463	113.31000
202.60000	112.89000	 46.01847	112.89000
202.80000	112.56000	 45.88593	112.56000
203.00000	112.31000	 45.81898	112.31000
203.20000	112.06000	 45.77081	112.06000
203.40000	111.82000	 45.74433	111.82000
203.60000	111.67000	 45.78112	111.67000
203.80000	111.61000	 45.87850	111.61000
204.00000	111.66000	 46.04461	111.66000
204.20000	112.01000	 46.38081	112.01000
204.40000	112.48000	 46.78380	112.48000
204.60000	113.02000	 47.22179	113.02000
204.80000	113.58000	 47.66329	113.58000
205.00000	114.05000	 48.04447	114.05000
205.20000	114.38000	 48.33559	114.38000
205.40000	114.69000	 48.60169	114.69000
205.60000	115.00000	 48.85321	115.00000
205.80000	115.32000	 49.09537	115.32000
206.00000	115.80000	 49.41049	115.80000
206.20000	116.30000	 49.72077	116.30000
206.40000	116.78000	 50.00357	116.78000
206.60000	117.21000	 50.24218	117.21000
206.80000	117.53000	 50.40384	117.53000
207.00000	117.64000	 50.43457	117.64000
207.20000	117.68000	 50.41353	117.68000
207.40000	117.67000	 50.35406	117.67000
207.60000	117.62000	 50.26404	117.62000
207.80000	117.62000	 50.19528	117.62000
208.00000	117.65000	 50.13853	117.65000
208.20000	117.65000	 50.06214	117.65000
208.40000	117.62000	 49.96747	117.62000
208.60000	117.54000	 49.84483	117.54000
208.80000	117.36000	 49.66811	117.36000
209.00000	117.14000	 49.47201	117.14000
209.20000	116.88000	 49.25815	116.88000
209.40000	116.60000	 49.03907	116.60000
209.60000	116.19000	 48.75563	116.19000
209.80000	115.73000	 48.45359	115.73000
210.00000	115.37000	 48.21709	115.37000
210.20000	115.18000	 48.08536	115.18000
210.40000	115.30000	 48.13494	115.30000
210.60000	116.07000	 48.55060	116.07000
210.80000	117.03000	 49.07389	117.03000
211.00000	118.11000	 49.66062	118.11000
211.20000	119.23000	 50.26134	119.23000
211.40000	120.21000	 50.77237	120.21000
211.60000	121.11000	 51.22365	121.11000
211.80000	121.92000	 51.60771	121.92000
212.00000	122.60000	 51.90160	122.60000
212.20000	122.97000	 52.00644	122.97000
212.40000	123.19000	 52.01222	123.19000
212.60000	123.31000	 51.94911	123.31000
212.80000	123.33000	 51.82009	123.33000
213.00000	123.38000	 51.69980	123.38000
213.20000	123.37000	 51.54135	123.37000
213.40000	123.29000	 51.34180	123.29000
213.60000	123.16000	 51.11472	123.16000
213.80000	122.95000	 50.84606	122.95000
214.00000	122.66000	 50.53829	122.66000
214.20000	122.31000	 50.20487	122.31000
214.40000	121.90000	 49.84812	121.90000
214.60000	121.43000	 49.47022	121.43000
214.80000	120.90000	 49.07319	120.90000
215.00000	120.31000	 48.65893	120.31000
215.20000	119.66000	 48.22918	119.66000
215.40000	118.97000	 47.79654	118.97000
215.60000	118.24000	 47.36236	118.24000
215.80000	117.41000	 46.89479	117.41000
216.00000	116.50000	 46.40609	116.50000
216.20000	115.59000	 45.94151	115.59000
216.40000	114.70000	 45.51282	114.70000
216.60000	113.87000	 45.14229	113.87000
216.80000	113.14000	 44.85155	113.14000
217.00000	112.55000	 44.66146	112.55000
217.20000	112.07000	 44.55352	112.07000
217.40000	111.71000	 44.53073	111.71000
217.60000	111.46000	 44.58458	111.46000
217.80000	111.40000	 44.75576	111.40000
218.00000	111.52000	 45.03483	111.52000
218.20000	111.75000	 45.37885	111.75000
218.40000	112.06000	 45.76696	112.06000
218.60000	112.43000	 46.18403	112.43000
218.80000	112.78000	 46.58231	112.78000
219.00000	113.17000	 46.99183	113.17000
219.20000	113.61000	 47.41547	113.61000
219.40000	114.08000	 47.83994	114.08000
219.60000	114.62000	 48.28528	114.62000
219.80000	115.21000	 48.73867	115.21000
220.00000	115.83000	 49.18752	115.83000
220.20000	116.45000	 49.61406	116.45000
220.40000	117.06000	 50.01196	117.06000
220.60000	117.63000	 50.36435	117.63000
220.80000	118.17000	 50.67688	118.17000
221.00000	118.65000	 50.93361	118.65000
221.20000	119.08000	 51.14108	119.08000
221.40000	119.40000	 51.26770	119.40000
221.60000	119.59000	 51.30449	119.59000
221.80000	119.70000	 51.28154	119.70000
222.00000	119.76000	 51.21815	119.76000
222.20000	119.77000	 51.11711	119.77000
222.40000	119.79000	 51.01415	119.79000
222.60000	119.83000	 50.91708	119.83000
222.80000	119.82000	 50.78931	119.82000
223.00000	119.74000	 50.62178	119.74000
223.20000	119.58000	 50.41098	119.58000
223.40000	119.20000	 50.08206	119.20000
223.60000	118.62000	 49.64898	118.62000
223.80000	117.99000	 49.19774	117.99000
224.00000	117.35000	 48.75349	117.35000
224.20000	116.76000	 48.35178	116.76000
224.40000	116.42000	 48.10429	116.42000
224.60000	116.28000	 47.98343	116.28000
224.80000	116.18000	 47.89984	116.18000
225.00000	116.11000	 47.84647	116.11000
225.20000	116.04000	 47.80521	116.04000
225.40000	115.70000	 47.62610	115.70000
225.60000	115.33000	 47.44120	115.33000
225.80000	115.00000	 47.28915	115.00000
226.00000	114.79000	 47.21369	114.79000
226.20000	114.78000	 47.25786	114.78000
226.40000	115.26000	 47.57910	115.26000
226.60000	115.87000	 47.97498	115.87000
226.80000	116.55000	 48.40799	116.55000
227.00000	117.25000	 48.84648	117.25000
227.20000	117.79000	 49.18790	117.79000
227.40000	118.23000	 49.46323	118.23000
227.60000	118.63000	 49.70443	118.63000
227.80000	118.99000	 49.91099	118.99000
228.00000	119.30000	 50.07733	119.30000
228.20000	119.56000	 50.20382	119.56000
228.40000	119.81000	 50.31315	119.81000
228.60000	120.05000	 50.40611	120.05000
228.80000	120.30000	 50.49453	120.30000
229.00000	120.58000	 50.59016	120.58000
229.20000	120.86000	 50.67708	120.86000
229.40000	121.13000	 50.75038	121.13000
229.60000	121.38000	 50.80519	121.38000
229.80000	121.63000	 50.85324	121.63000
230.00000	121.85000	 50.87872	121.85000
230.20000	122.04000	 50.88244	122.04000
230.40000	122.18000	 50.85431	122.18000
230.60000	122.27000	 50.79541	122.27000
230.80000	122.29000	 50.69598	122.29000
231.00000	122.25000	 50.56293	122.25000
231.20000	122.13000	 50.38684	122.13000
231.40000	121.94000	 50.17492	121.94000
231.60000	121.66000	 49.91798	121.66000
231.80000	121.21000	 49.57402	121.21000
232.00000	120.66000	 49.18403	120.66000
232.20000	120.05000	 48.77258	120.05000
232.40000	119.40000	 48.35305	119.40000
232.60000	118.72000	 47.93297	118.72000
232.80000	118.09000	 47.55807	118.09000
233.00000	117.48000	 47.21283	117.48000
233.20000	116.85000	 46.87575	116.85000
233.40000	116.20000	 46.54717	116.20000
233.60000	115.53000	 46.22725	115.53000
233.80000	114.65000	 45.81154	114.65000
234.00000	113.74000	 45.39999	113.74000
234.20000	112.90000	 45.04833	112.90000
234.40000	112.19000	 44.78956	112.19000
234.60000	111.65000	 44.64472	111.65000
234.80000	111.65000	 44.81532	111.65000
235.00000	111.83000	 45.09859	111.83000
235.20000	112.14000	 45.46184	112.14000
235.40000	112.55000	 45.88341	112.55000
235.60000	112.87000	 46.25386	112.87000
235.80000	113.13000	 46.58604	113.13000
236.00000	113.49000	 46.96525	113.49000
236.20000	113.99000	 47.41074	113.99000
236.40000	114.81000	 48.01857	114.81000
236.60000	116.03000	 48.82862	116.03000
236.80000	117.33000	 49.65952	117.33000
237.00000	118.60000	 50.44601	118.60000
237.20000	119.58000	 51.04159	119.58000
237.40000	120.27000	 51.44522	120.27000
237.60000	120.88000	 51.77346	120.88000
237.80000	121.46000	 52.05549	121.46000
238.00000	122.23000	 52.41421	122.23000
238.20000	123.07000	 52.78451	123.07000
238.40000	123.92000	 53.13405	123.92000
238.60000	124.74000	 53.44164	124.74000
238.80000	125.51000	 53.69738	125.51000
239.00000	126.19000	 53.88077	126.19000
239.20000	126.78000	 53.99378	126.78000
239.40000	127.24000	 54.01685	127.24000
239.60000	127.56000	 53.94739	127.56000
239.80000	127.68000	 53.75585	127.68000
240.00000	127.43000	 53.35285	127.43000
240.20000	127.02000	 52.85944	127.02000
240.40000	126.46000	 52.28671	126.46000
240.60000	125.79000	 51.66218	125.79000
240.80000	125.01000	 50.99098	125.01000
241.00000	124.09000	 50.26139	124.09000
241.20000	123.14000	 49.53850	123.14000
241.40000	122.20000	 48.84805	122.20000
241.60000	121.32000	 48.22038	121.32000
241.80000	120.54000	 47.67918	120.54000
242.00000	120.13000	 47.37349	120.13000
242.20000	119.84000	 47.16390	119.84000
242.40000	119.64000	 47.03131	119.64000
242.60000	119.52000	 46.96722	119.52000
242.80000	119.44000	 46.94641	119.44000
243.00000	119.38000	 46.95470	119.38000
243.20000	119.35000	 46.99460	119.35000
243.40000	119.37000	 47.07426	119.37000
243.60000	119.43000	 47.18537	119.43000
243.80000	119.54000	 47.33076	119.54000
244.00000	119.67000	 47.49130	119.67000
244.20000	119.82000	 47.66464	119.82000
244.40000	119.97000	 47.83767	119.97000
244.60000	120.11000	 48.00311	120.11000
244.80000	120.23000	 48.15405	120.23000
245.00000	120.33000	 48.28944	120.33000
245.20000	120.41000	 48.40856	120.41000
245.40000	120.45000	 48.49998	120.45000
245.60000	120.44000	 48.55810	120.44000
245.80000	120.40000	 48.59419	120.40000
246.00000	120.30000	 48.59221	120.30000
246.20000	120.16000	 48.56392	120.16000
246.40000	119.93000	 48.48272	119.93000
246.60000	119.63000	 48.36092	119.63000
246.80000	119.28000	 48.21102	119.28000
247.00000	118.87000	 48.02906	118.87000
247.20000	118.42000	 47.82765	118.42000
247.40000	117.94000	 47.61386	117.94000
247.60000	117.43000	 47.38910	117.43000
247.80000	116.87000	 47.14369	116.87000
248.00000	116.27000	 46.88442	116.27000
248.20000	115.63000	 46.61252	115.63000
248.40000	114.79000	 46.24115	114.79000
248.60000	113.88000	 45.84374	113.88000
248.80000	113.03000	 45.49365	113.03000
249.00000	112.31000	 45.23048	112.31000
249.20000	111.79000	 45.09275	111.79000
249.40000	111.83000	 45.27720	111.83000
249.60000	112.07000	 45.58159	112.07000
249.80000	112.47000	 45.97913	112.47000
250.00000	113.00000	 46.44834	113.00000
250.20000	113.63000	 46.96783	113.63000
250.40000	114.30000	 47.49998	114.30000
250.60000	114.96000	 48.01327	114.96000
250.80000	115.57000	 48.48253	115.57000
251.00000	115.97000	 48.81757	115.97000
251.20000	116.19000	 49.03437	116.19000
251.40000	116.31000	 49.17771	116.31000
251.60000	116.33000	 49.24897	116.33000
251.80000	116.28000	 49.26658	116.28000
252.00000	116.17000	 49.23820	116.17000
252.20000	115.99000	 49.16064	115.99000
252.40000	115.76000	 49.04733	115.76000
252.60000	115.48000	 48.90069	115.48000
252.80000	115.16000	 48.72859	115.16000
253.00000	114.81000	 48.53879	114.81000
253.20000	114.42000	 48.32787	114.42000
253.40000	113.98000	 48.09230	113.98000
253.60000	113.51000	 47.84497	113.51000
253.80000	113.03000	 47.59857	113.03000
254.00000	112.52000	 47.34354	112.52000
254.20000	111.96000	 47.07014	111.96000
254.40000	111.34000	 46.77414	111.34000
254.60000	110.65000	 46.45129	110.65000
254.80000	109.65000	 45.97093	109.65000
255.00000	108.45000	 45.39623	108.45000
255.20000	107.32000	 44.87882	107.32000
255.40000	106.35000	 44.47026	106.35000
255.60000	105.63000	 44.22069	105.63000
255.80000	105.66000	 44.40397	105.66000
256.00000	106.21000	 44.88838	106.21000
256.20000	106.98000	 45.50154	106.98000
256.40000	107.89000	 46.19190	107.89000
256.60000	108.86000	 46.90834	108.86000
256.80000	109.65000	 47.51264	109.65000
257.00000	110.43000	 48.09413	110.43000
257.20000	111.19000	 48.64409	111.19000
257.40000	111.91000	 49.14913	111.91000
257.60000	112.57000	 49.59671	112.57000
257.80000	113.18000	 49.99164	113.18000
258.00000	113.72000	 50.32289	113.72000
258.20000	114.18000	 50.58560	114.18000
258.40000	114.52000	 50.75901	114.52000
258.60000	114.76000	 50.85609	114.76000
258.80000	114.92000	 50.89028	114.92000
259.00000	115.02000	 50.87528	115.02000
259.20000	115.07000	 50.81937	115.07000
259.40000	115.12000	 50.75282	115.12000
259.60000	115.11000	 50.64508	115.11000
259.80000	115.02000	 50.48763	115.02000
260.00000	114.85000	 50.28307	114.85000
260.20000	114.55000	 50.00655	114.55000
260.40000	114.07000	 49.63355	114.07000
260.60000	113.50000	 49.21700	113.50000
260.80000	112.87000	 48.77672	112.87000
261.00000	112.19000	 48.32124	112.19000
261.20000	111.50000	 47.87525	111.50000
261.40000	110.83000	 47.45741	110.83000
261.60000	110.15000	 47.05272	110.15000
261.80000	109.49000	 46.67882	109.49000
262.00000	108.84000	 46.33081	108.84000
262.20000	108.21000	 46.01444	108.21000
262.40000	107.59000	 45.72406	107.59000
262.60000	107.03000	 45.48679	107.03000
262.80000	106.56000	 45.31822	106.56000
263.00000	106.18000	 45.21690	106.18000
263.20000	105.97000	 45.22492	105.97000
263.40000	105.93000	 45.33954	105.93000
263.60000	106.03000	 45.54091	106.03000
263.80000	106.27000	 45.82532	106.27000
264.00000	106.65000	 46.18880	106.65000
264.20000	107.35000	 46.72620	107.35000
264.40000	108.17000	 47.32235	108.17000
264.60000	109.02000	 47.92279	109.02000
264.80000	109.82000	 48.47932	109.82000
265.00000	110.44000	 48.91738	110.44000
265.20000	110.77000	 49.17507	110.77000
265.40000	110.95000	 49.33003	110.95000
265.60000	110.99000	 49.38935	110.99000
265.80000	110.89000	 49.35533	110.89000
266.00000	110.52000	 49.15940	110.52000
266.20000	109.96000	 48.84961	109.96000
266.40000	109.34000	 48.50202	109.34000
266.60000	108.73000	 48.15935	108.73000
266.80000	108.17000	 47.84712	108.17000
267.00000	107.95000	 47.72743	107.95000
267.20000	107.90000	 47.70713	107.90000
267.40000	107.94000	 47.74149	107.94000
267.60000	108.04000	 47.81283	108.04000
267.80000	108.17000	 47.90330	108.17000
268.00000	108.20000	 47.94008	108.20000
268.20000	108.24000	 47.98306	108.24000
268.40000	108.32000	 48.04817	108.32000
268.60000	108.45000	 48.14022	108.45000
268.80000	108.69000	 48.29134	108.69000
269.00000	109.08000	 48.52224	109.08000
269.20000	109.48000	 48.75402	109.48000
269.40000	109.88000	 48.97960	109.88000
269.60000	110.23000	 49.17021	110.23000
269.80000	110.39000	 49.24814	110.39000
270.00000	110.45000	 49.26341	110.45000
270.20000	110.42000	 49.22261	110.42000
270.40000	110.32000	 49.13820	110.32000
270.60000	110.15000	 49.01186	110.15000
270.80000	109.92000	 48.85093	109.92000
271.00000	109.63000	 48.65731	109.63000
271.20000	109.28000	 48.43291	109.28000
271.40000	108.88000	 48.18517	108.88000
271.60000	108.42000	 47.91042	108.42000
271.80000	107.91000	 47.61599	107.91000
272.00000	107.36000	 47.30909	107.36000
272.20000	106.76000	 46.98579	106.76000
272.40000	106.13000	 46.65854	106.13000
272.60000	105.47000	 46.32861	105.47000
272.80000	104.62000	 45.90910	104.62000
273.00000	103.78000	 45.51174	103.78000
273.20000	103.01000	 45.17081	103.01000
273.40000	102.36000	 44.91426	102.36000
273.60000	101.90000	 44.78013	101.90000
273.80000	101.88000	 44.90427	101.88000
274.00000	102.06000	 45.15074	102.06000
274.20000	102.40000	 45.49297	102.40000
274.40000	102.89000	 45.92064	102.89000
274.60000	103.59000	 46.46185	103.59000
274.80000	104.45000	 47.08384	104.45000
275.00000	105.34000	 47.70989	105.34000
275.20000	106.19000	 48.29707	106.19000
275.40000	106.91000	 48.79258	106.91000
275.60000	107.27000	 49.06808	107.27000
275.80000	107.49000	 49.24520	107.49000
276.00000	107.59000	 49.33647	107.59000
276.20000	107.58000	 49.34958	107.58000
276.40000	107.48000	 49.29818	107.48000
276.60000	107.31000	 49.19613	107.31000
276.80000	107.08000	 49.05189	107.08000
277.00000	106.82000	 48.88486	106.82000
277.20000	106.55000	 48.70873	106.55000
277.40000	106.28000	 48.53134	106.28000
277.60000	106.05000	 48.37670	106.05000
277.80000	105.86000	 48.24625	105.86000
278.00000	105.73000	 48.15199	105.73000
278.20000	105.66000	 48.09436	105.66000
278.40000	105.63000	 48.06240	105.63000
278.60000	105.76000	 48.12184	105.76000
278.80000	106.12000	 48.31005	106.12000
279.00000	106.79000	 48.66881	106.79000
279.20000	108.26000	 49.46396	108.26000
279.40000	109.82000	 50.29773	109.82000
279.60000	111.27000	 51.05358	111.27000
279.80000	112.28000	 51.54530	112.28000
280.00000	112.51000	 51.58462	112.51000
280.20000	112.43000	 51.43338	112.43000
280.40000	112.10000	 51.12938	112.10000
280.60000	111.61000	 50.72768	111.61000
280.80000	111.02000	 50.26698	111.02000
281.00000	110.36000	 49.76914	110.36000
281.20000	109.66000	 49.25556	109.66000
281.40000	109.01000	 48.78001	109.01000
281.60000	108.44000	 48.36219	108.44000
281.80000	107.96000	 48.00972	107.96000
282.00000	107.60000	 47.74019	107.60000
282.20000	107.40000	 47.57570	107.40000
282.40000	107.60000	 47.64722	107.60000
282.60000	107.91000	 47.79208	107.91000
282.80000	108.29000	 47.98484	108.29000
283.00000	108.69000	 48.19462	108.69000
283.20000	109.02000	 48.36889	109.02000
283.40000	109.27000	 48.49996	109.27000
283.60000	109.42000	 48.57540	109.42000
283.80000	109.42000	 48.56708	109.42000
284.00000	109.14000	 48.40381	109.14000
284.20000	108.56000	 48.07638	108.56000
284.40000	107.83000	 47.67043	107.83000
284.60000	106.99000	 47.21137	106.99000
284.80000	106.09000	 46.73011	106.09000
285.00000	105.17000	 46.25173	105.17000
285.20000	104.26000	 45.79527	104.26000
285.40000	103.39000	 45.37913	103.39000
285.60000	102.62000	 45.03750	102.62000
285.80000	101.96000	 44.77611	101.96000
286.00000	101.54000	 44.66582	101.54000
286.20000	101.29000	 44.66609	101.29000
286.40000	101.22000	 44.77955	101.22000
286.60000	101.35000	 45.01366	101.35000
286.80000	101.83000	 45.44671	101.83000
287.00000	102.60000	 46.04017	102.60000
287.20000	103.47000	 46.68332	103.47000
287.40000	104.37000	 47.33189	104.37000
287.60000	105.17000	 47.90951	105.17000
