0.2	99.92	40.61	99.92
0.4	99.38	40.42	99.38
0.6	98.89	40.28	98.89
0.8	98.45	40.21	98.45
1.0	98.06	40.2	98.06
1.2	97.72	40.24	97.72
1.4	97.41	40.34	97.41
1.6	97.14	40.48	97.14
1.8	96.9	40.68	96.9
2.0	96.66	40.92	96.66
2.2	96.39	41.17	96.39
2.4	96.18	41.49	96.18
2.6	96.03	41.88	96.03
2.8	95.99	42.34	95.99
3.0	96.15	43.02	96.15
3.2	96.39	43.74	96.39
3.4	96.72	44.44	96.72
3.6	97.11	45.08	97.11
3.8	97.59	45.56	97.59
4.0	98.06	45.95	98.06
4.2	98.48	46.23	98.48
4.4	98.76	46.37	98.76
4.6	98.79	46.35	98.79
4.8	98.74	46.24	98.74
5.0	98.63	46.06	98.63
5.2	98.52	45.86	98.52
5.4	98.46	45.66	98.46
5.6	98.4	45.45	98.4
5.8	98.36	45.24	98.36
6.0	98.34	45.05	98.34
6.2	98.37	44.91	98.37
6.4	98.41	44.78	98.41
6.6	98.45	44.67	98.45
6.8	98.47	44.58	98.47
7.0	98.44	44.5	98.44
7.2	98.37	44.44	98.37
7.4	98.27	44.38	98.27
7.6	98.14	44.33	98.14
7.8	97.9	44.26	97.9
8.0	97.63	44.18	97.63
8.2	97.39	44.15	97.39
8.4	97.24	44.17	97.24
8.6	97.29	44.29	97.29
8.8	97.54	44.52	97.54
9.0	97.92	44.84	97.92
9.2	98.42	45.24	98.42
9.4	99.1	45.87	99.1
9.6	99.91	46.63	99.91
9.8	100.72	47.34	100.72
10.0	101.46	47.9	101.46
10.2	101.97	47.98	101.97
10.4	102.28	47.74	102.28
10.6	102.45	47.33	102.45
10.8	102.47	46.8	102.47
11.0	102.22	46.25	102.22
11.2	101.86	45.67	101.86
11.4	101.44	45.1	101.44
11.6	101.02	44.58	101.02
11.8	100.84	44.25	100.84
12.0	100.7	44.01	100.7
12.2	100.57	43.84	100.57
12.4	100.44	43.73	100.44
12.6	100.27	43.73	100.27
12.8	100.05	43.79	100.05
13.0	99.8	43.86	99.8
13.2	99.52	43.92	99.52
13.4	99.15	43.85	99.15
13.6	98.71	43.63	98.71
13.8	98.25	43.39	98.25
14.0	97.79	43.16	97.79
14.2	97.35	43.0	97.35
14.4	96.96	43.01	96.96
14.6	96.63	43.09	96.63
14.8	96.39	43.21	96.39
15.0	96.25	43.36	96.25
15.2	96.4	43.57	96.4
15.4	96.66	43.77	96.66
15.6	96.94	43.93	96.94
15.8	97.21	44.02	97.21
16.0	97.28	43.87	97.28
16.2	97.21	43.58	97.21
16.4	97.09	43.24	97.09
16.6	96.95	42.9	96.95
16.8	96.77	42.6	96.77
17.0	96.58	42.39	96.58
17.2	96.45	42.29	96.45
17.4	96.42	42.32	96.42
17.6	96.58	42.57	96.58
17.8	97.01	43.13	97.01
18.0	97.09	43.81	97.09
18.2	97.17	44.56	97.17
18.4	97.25	45.37	97.25
18.6	97.33	46.19	97.33
18.8	97.41	46.93	97.41
19.0	97.49	47.52	97.49
19.2	97.57	47.8	97.57
19.4	97.66	47.75	97.66
19.6	97.74	47.51	97.74
19.8	97.82	47.11	97.82
20.0	97.9	46.54	97.9
20.2	97.98	45.87	97.98
20.4	98.06	45.15	98.06
20.6	98.14	44.42	98.14
20.8	98.22	43.81	98.22
21.0	98.31	43.29	98.31
21.2	98.39	42.84	98.39
21.4	98.47	42.49	98.47
21.6	98.55	42.26	98.55
21.8	98.63	42.17	98.63
22.0	98.71	42.17	98.71
22.2	98.79	42.25	98.79
22.4	98.87	42.41	98.87
22.6	98.96	42.59	98.96
22.8	99.04	42.83	99.04
23.0	99.12	43.13	99.12
23.2	99.2	43.48	99.2
23.4	99.28	43.93	99.28
23.6	99.36	44.47	99.36
23.8	99.85	45.01	99.85
24.0	100.87	45.52	100.87
24.2	101.8	45.91	101.8
24.4	102.17	46.13	102.17
24.6	102.52	46.27	102.52
24.8	102.85	46.31	102.85
25.0	103.15	46.23	103.15
25.2	103.42	46.02	103.42
25.4	103.63	45.77	103.63
25.6	103.8	45.5	103.8
25.8	103.87	45.28	103.87
26.0	103.81	45.25	103.81
26.2	103.7	45.23	103.7
26.4	103.53	45.22	103.53
26.6	103.33	45.19	103.33
26.8	103.14	45.03	103.14
27.0	102.94	44.83	102.94
27.2	102.73	44.59	102.73
27.4	102.53	44.32	102.53
27.6	102.38	44.01	102.38
27.8	102.25	43.68	102.25
28.0	102.12	43.36	102.12
28.2	102.01	43.07	102.01
28.4	101.85	42.82	101.85
28.6	101.65	42.64	101.65
28.8	101.49	42.54	101.49
29.0	101.38	42.54	101.38
29.2	101.42	42.75	101.42
29.4	101.69	43.26	101.69
29.6	102.0	43.8	102.0
29.8	102.31	44.3	102.31
30.0	102.52	44.57	102.52
30.2	102.53	44.4	102.53
30.4	102.48	44.1	102.48
30.6	102.38	43.71	102.38
30.8	102.25	43.29	102.25
31.0	102.13	42.91	102.13
31.2	102.0	42.57	102.0
31.4	101.87	42.31	101.87
31.6	101.74	42.18	101.74
31.8	101.64	42.41	101.64
32.0	101.56	42.76	101.56
32.2	101.48	43.19	101.48
32.4	101.42	43.64	101.42
32.6	101.33	43.97	101.33
32.8	101.26	44.25	101.26
33.0	101.2	44.5	101.2
33.2	101.16	44.74	101.16
33.4	101.15	44.98	101.15
33.6	101.16	45.2	101.16
33.8	101.23	45.42	101.23
34.0	101.35	45.65	101.35
34.2	101.61	45.95	101.61
34.4	101.97	46.29	101.97
34.6	102.35	46.58	102.35
34.8	102.73	46.79	102.73
35.0	103.01	46.75	103.01
35.2	103.21	46.52	103.21
35.4	103.35	46.23	103.35
35.6	103.42	45.92	103.42
35.8	103.4	45.73	103.4
36.0	103.3	45.64	103.3
36.2	103.14	45.57	103.14
36.4	102.94	45.5	102.94
36.6	102.7	45.37	102.7
36.8	102.45	45.14	102.45
37.0	102.18	44.9	102.18
37.2	101.89	44.69	101.89
37.4	101.58	44.52	101.58
37.6	101.19	44.5	101.19
37.8	100.82	44.56	100.82
38.0	100.51	44.68	100.51
38.2	100.27	44.88	100.27
38.4	100.23	45.14	100.23
38.6	100.32	45.47	100.32
38.8	100.52	45.88	100.52
39.0	100.81	46.38	100.81
39.2	101.25	47.11	101.25
39.4	101.77	47.91	101.77
39.6	102.32	48.66	102.32
39.8	102.87	49.31	102.87
40.0	103.36	49.6	103.36
40.2	103.8	49.69	103.8
40.4	104.15	49.59	104.15
40.6	104.4	49.3	104.4
40.8	104.41	48.67	104.41
41.0	104.32	47.94	104.32
41.2	104.17	47.18	104.17
41.4	103.98	46.5	103.98
41.6	103.84	46.22	103.84
41.8	103.67	46.01	103.67
42.0	103.5	45.83	103.5
42.2	103.31	45.63	103.31
42.4	103.06	45.06	103.06
42.6	102.8	44.45	102.8
42.8	102.58	43.94	102.58
43.0	102.41	43.6	102.41
43.2	102.38	43.85	102.38
43.4	102.45	44.48	102.45
43.6	102.59	45.23	102.59
43.8	102.81	45.99	102.81
44.0	103.14	46.5	103.14
44.2	103.52	46.82	103.52
44.4	103.88	47.02	103.88
44.6	104.17	47.1	104.17
44.8	104.22	47.01	104.22
45.0	104.14	46.8	104.14
45.2	103.98	46.49	103.98
45.4	103.74	46.11	103.74
45.6	103.45	45.61	103.45
45.8	103.13	45.08	103.13
46.0	102.78	44.56	102.78
46.2	102.43	44.07	102.43
46.4	102.11	43.7	102.11
46.6	101.83	43.45	101.83
46.8	101.57	43.32	101.57
47.0	101.34	43.32	101.34
47.2	101.11	43.54	101.11
47.4	100.86	44.04	100.86
47.6	100.69	44.62	100.69
47.8	100.64	45.2	100.64
48.0	100.81	45.68	100.81
48.2	101.3	45.94	101.3
48.4	101.89	46.14	101.89
48.6	102.54	46.3	102.54
48.8	103.14	46.48	103.14
49.0	103.67	46.7	103.67
49.2	104.16	46.84	104.16
49.4	104.59	46.89	104.59
49.6	104.96	46.68	104.96
49.8	105.25	46.33	105.25
50.0	105.45	45.9	105.45
50.2	105.54	45.44	105.54
50.4	105.41	45.01	105.41
50.6	105.19	44.62	105.19
50.8	104.9	44.28	104.9
51.0	104.58	44.02	104.58
51.2	104.33	43.98	104.33
51.4	104.09	44.03	104.09
51.6	103.85	44.14	103.85
51.8	103.63	44.29	103.63
52.0	103.37	44.34	103.37
52.2	103.13	44.4	103.13
52.4	102.94	44.51	102.94
52.6	102.82	44.7	102.82
52.8	102.93	45.21	102.93
53.0	103.16	45.84	103.16
53.2	103.4	46.43	103.4
53.4	103.63	46.89	103.63
53.6	103.7	46.85	103.7
53.8	103.66	46.51	103.66
54.0	103.54	46.03	103.54
54.2	103.35	45.46	103.35
54.4	102.72	44.95	102.72
54.6	101.9	44.5	101.9
54.8	101.33	44.05	101.33
55.0	101.37	43.63	101.37
55.2	101.41	43.19	101.41
55.4	101.45	42.74	101.45
55.6	101.49	42.39	101.49
55.8	101.53	42.18	101.53
56.0	101.57	42.18	101.57
56.2	101.61	42.51	101.61
56.4	101.65	43.03	101.65
56.6	101.69	43.69	101.69
56.8	101.73	44.54	101.73
57.0	101.77	45.59	101.77
57.2	101.8	46.63	101.8
57.4	101.84	47.59	101.84
57.6	101.88	48.23	101.88
57.8	101.92	48.55	101.92
58.0	101.96	48.68	101.96
58.2	102.0	48.62	102.0
58.4	102.04	48.36	102.04
58.6	102.08	47.93	102.08
58.8	102.12	47.38	102.12
59.0	102.16	46.76	102.16
59.2	102.2	46.12	102.2
59.4	102.24	45.48	102.24
59.6	102.28	44.87	102.28
59.8	102.32	44.29	102.32
60.0	102.36	43.78	102.36
60.2	102.39	43.38	102.39
60.4	102.43	43.07	102.43
60.6	102.47	42.88	102.47
60.8	103.25	42.84	103.25
61.0	103.44	43.04	103.44
61.2	103.7	43.32	103.7
61.4	104.02	43.66	104.02
61.6	104.33	44.01	104.33
61.8	104.62	44.32	104.62
62.0	104.86	44.59	104.86
62.2	105.01	44.79	105.01
62.4	104.98	44.84	104.98
62.6	104.7	44.67	104.7
62.8	104.32	44.43	104.32
63.0	103.88	44.16	103.88
63.2	103.44	43.93	103.44
63.4	103.09	43.85	103.09
63.6	102.76	43.82	102.76
63.8	102.43	43.86	102.43
64.0	102.12	43.96	102.12
64.2	101.73	44.14	101.73
64.4	101.37	44.39	101.37
64.6	101.1	44.71	101.1
64.8	100.95	45.1	100.95
65.0	101.15	45.64	101.15
65.2	101.57	46.26	101.57
65.4	102.03	46.87	102.03
65.6	102.48	47.42	102.48
65.8	102.65	47.74	102.65
66.0	102.64	47.89	102.64
66.2	102.57	47.96	102.57
66.4	102.49	47.97	102.49
66.6	102.19	48.01	102.19
66.8	101.83	48.08	101.83
67.0	101.81	48.11	101.81
67.2	101.94	48.09	101.94
67.4	102.08	47.93	102.08
67.6	102.21	47.62	102.21
67.8	102.34	47.35	102.34
68.0	102.47	47.16	102.47
68.2	102.6	47.32	102.6
68.4	102.74	47.81	102.74
68.6	102.87	48.33	102.87
68.8	103.0	48.77	103.0
69.0	103.13	48.74	103.13
69.2	103.27	48.42	103.27
69.4	103.4	47.96	103.4
69.6	103.53	47.43	103.53
69.8	103.66	46.97	103.66
70.0	103.79	46.55	103.79
70.2	103.93	46.08	103.93
70.4	104.06	45.57	104.06
70.6	104.19	44.8	104.19
70.8	104.32	43.94	104.32
71.0	104.45	43.16	104.45
71.2	104.59	42.53	104.59
71.4	104.72	42.34	104.72
71.6	104.85	42.64	104.85
71.8	104.98	43.1	104.98
72.0	105.11	43.65	105.11
72.2	105.25	44.11	105.25
72.4	105.38	44.43	105.38
72.6	105.51	44.68	105.51
72.8	105.64	44.87	105.64
73.0	105.77	44.98	105.77
73.2	105.31	44.91	105.31
73.4	104.78	44.77	104.78
73.6	104.22	44.57	104.22
73.8	103.65	44.33	103.65
74.0	103.13	44.01	103.13
74.2	102.66	43.67	102.66
74.4	102.22	43.37	102.22
74.6	101.82	43.13	101.82
74.8	101.45	43.02	101.45
75.0	101.05	43.15	101.05
75.2	100.72	43.4	100.72
75.4	100.51	43.77	100.51
75.6	100.44	44.25	100.44
75.8	100.71	44.92	100.71
76.0	101.13	45.67	101.13
76.2	101.64	46.44	101.64
76.4	102.21	47.18	102.21
76.6	102.73	47.83	102.73
76.8	103.23	48.38	103.23
77.0	103.69	48.81	103.69
77.2	104.1	49.08	104.1
77.4	104.32	48.95	104.32
77.6	104.46	48.62	104.46
77.8	104.56	48.22	104.56
78.0	104.66	47.8	104.66
78.2	104.83	47.54	104.83
78.4	105.06	47.42	105.06
78.6	105.31	47.37	105.31
78.8	105.55	47.43	105.55
79.0	105.48	47.64	105.48
79.2	105.48	47.99	105.48
79.4	105.48	48.39	105.48
79.6	105.48	48.79	105.48
79.8	105.48	49.1	105.48
80.0	105.47	49.31	105.47
80.2	105.47	49.48	105.47
80.4	105.47	49.61	105.47
80.6	105.47	49.73	105.47
80.8	105.47	49.86	105.47
81.0	105.47	49.93	105.47
81.2	105.47	49.91	105.47
81.4	105.47	49.7	105.47
81.6	105.47	49.23	105.47
81.8	105.47	48.68	105.47
82.0	105.46	48.1	105.46
82.2	105.46	47.53	105.46
82.4	105.46	47.14	105.46
82.6	105.46	46.86	105.46
82.8	105.46	46.65	105.46
83.0	105.46	46.53	105.46
83.2	105.46	46.5	105.46
83.4	105.46	46.57	105.46
83.6	105.46	46.72	105.46
83.8	105.46	46.95	105.46
84.0	105.45	47.24	105.45
84.2	105.45	47.66	105.45
84.4	105.45	48.13	105.45
84.6	105.45	48.6	105.45
84.8	105.45	49.01	105.45
85.0	106.54	49.28	106.54
85.2	107.08	49.37	107.08
85.4	107.62	49.37	107.62
85.6	108.13	49.31	108.13
85.8	108.61	49.21	108.61
86.0	109.03	49.07	109.03
86.2	109.41	48.91	109.41
86.4	109.74	48.75	109.74
86.6	110.01	48.61	110.01
86.8	110.2	48.58	110.2
87.0	110.33	48.57	110.33
87.2	110.41	48.57	110.41
87.4	110.43	48.57	110.43
87.6	110.37	48.49	110.37
87.8	110.26	48.35	110.26
88.0	110.13	48.25	110.13
88.2	109.99	48.2	109.99
88.4	109.86	48.29	109.86
88.6	109.79	48.72	109.79
88.8	109.75	49.2	109.75
89.0	109.75	49.66	109.75
89.2	109.8	50.05	109.8
89.4	109.99	50.1	109.99
89.6	110.22	50.01	110.22
89.8	110.45	49.84	110.45
90.0	110.67	49.61	110.67
90.2	110.81	49.4	110.81
90.4	110.87	49.18	110.87
90.6	110.86	48.93	110.86
90.8	110.75	48.65	110.75
91.0	110.2	48.28	110.2
91.2	109.25	47.85	109.25
91.4	108.47	47.42	108.47
91.6	108.04	47.02	108.04
91.8	107.84	46.7	107.84
92.0	107.64	46.53	107.64
92.2	107.45	46.48	107.45
92.4	107.25	46.55	107.25
92.6	107.06	46.75	107.06
92.8	106.86	47.15	106.86
93.0	106.67	47.83	106.67
93.2	106.47	48.57	106.47
93.4	106.27	49.31	106.27
93.6	106.08	49.98	106.08
93.8	105.88	50.32	105.88
94.0	105.69	50.59	105.69
94.2	105.49	50.83	105.49
94.4	105.29	51.05	105.29
94.6	105.1	51.47	105.1
94.8	104.9	51.95	104.9
95.0	104.71	52.38	104.71
95.2	104.51	52.72	104.51
95.4	104.32	52.79	104.32
95.6	104.12	52.56	104.12
95.8	103.92	52.24	103.92
96.0	103.73	51.91	103.73
96.2	103.53	51.61	103.53
96.4	103.34	51.55	103.34
96.6	103.14	51.57	103.14
96.8	104.02	51.65	104.02
97.0	105.26	51.8	105.26
97.2	105.65	52.06	105.65
97.4	106.0	52.37	106.0
97.6	106.34	52.7	106.34
97.8	106.68	53.01	106.68
98.0	107.1	53.27	107.1
98.2	107.49	53.47	107.49
98.4	107.82	53.61	107.82
98.6	108.04	53.67	108.04
98.8	108.03	53.54	108.03
99.0	107.82	53.29	107.82
99.2	107.49	53.0	107.49
99.4	107.05	52.69	107.05
99.6	106.51	52.45	106.51
99.8	105.84	52.33	105.84
100.0	105.16	52.25	105.16
100.2	104.5	52.2	104.5
100.4	103.9	52.18	103.9
100.6	103.53	52.16	103.53
100.8	103.28	52.16	103.28
101.0	103.14	52.2	103.14
101.2	103.11	52.28	103.11
101.4	103.29	52.48	103.29
101.6	103.58	52.74	103.58
101.8	103.91	53.02	103.91
102.0	104.24	53.3	104.24
102.2	104.39	53.5	104.39
102.4	104.36	53.6	104.36
102.6	104.31	53.71	104.31
102.8	104.29	53.85	104.29
103.0	104.36	54.04	104.36
103.2	104.7	54.43	104.7
103.4	105.11	54.85	105.11
103.6	105.56	55.27	105.56
103.8	106.02	55.69	106.02
104.0	106.45	55.99	106.45
104.2	106.84	56.24	106.84
104.4	107.17	56.45	107.17
104.6	107.42	56.61	107.42
104.8	107.37	56.67	107.37
105.0	107.19	56.68	107.19
105.2	107.01	56.7	107.01
105.4	106.91	56.77	106.91
105.6	107.08	57.01	107.08
105.8	107.5	57.38	107.5
106.0	108.06	57.78	108.06
106.2	108.75	58.18	108.75
106.4	109.66	58.52	109.66
106.6	110.69	58.78	110.69
106.8	111.69	59.0	111.69
107.0	112.6	59.16	112.6
107.2	113.19	59.33	113.19
107.4	113.54	59.42	113.54
107.6	113.69	59.38	113.69
107.8	113.65	59.18	113.65
108.0	113.3	58.55	113.3
108.2	112.79	57.75	112.79
108.4	112.21	56.87	112.21
108.6	111.62	56.02	111.62
108.8	111.29	55.49	111.29
109.0	110.98	55.01	110.98
109.2	110.65	54.55	110.65
109.4	110.27	54.08	110.27
109.6	109.59	53.31	109.59
109.8	108.88	52.55	108.88
110.0	108.22	51.86	108.22
110.2	107.66	51.3	107.66
110.4	107.49	51.15	107.49
110.6	107.49	51.18	107.49
110.8	107.6	51.33	107.6
111.0	107.77	51.56	107.77
111.2	107.3	52.0	107.3
111.4	107.18	52.35	107.18
111.6	107.05	52.51	107.05
111.8	106.93	52.1	106.93
112.0	106.81	50.5	106.81
112.2	106.69	48.88	106.69
112.4	106.57	47.58	106.57
112.6	106.44	47.39	106.44
112.8	106.32	48.96	106.32
113.0	106.2	50.88	106.2
113.2	106.08	52.83	106.08
113.4	105.96	53.38	105.96
113.6	105.83	53.23	105.83
113.8	105.71	52.73	105.71
114.0	105.59	52.02	105.59
114.2	105.47	51.24	105.47
114.4	105.35	50.83	105.35
114.6	105.22	50.49	105.22
114.8	105.1	50.27	105.1
115.0	104.98	50.2	104.98
115.2	104.86	50.39	104.86
115.4	104.74	50.91	104.74
115.6	104.61	51.57	104.61
115.8	104.49	52.34	104.49
116.0	104.37	53.14	104.37
116.2	104.25	53.97	104.25
116.4	104.12	54.79	104.12
116.6	104.0	55.59	104.0
116.8	105.09	56.38	105.09
117.0	105.91	57.07	105.91
117.2	106.64	57.63	106.64
117.4	107.27	58.0	107.27
117.6	107.72	57.95	107.72
117.8	108.07	57.72	108.07
118.0	108.29	57.34	108.29
118.2	108.41	56.85	108.41
118.4	108.38	56.29	108.38
118.6	108.27	55.71	108.27
118.8	108.08	55.14	108.08
119.0	107.84	54.62	107.84
119.2	107.55	54.32	107.55
119.4	107.24	54.16	107.24
119.6	106.95	54.08	106.95
119.8	106.69	54.06	106.69
120.0	106.54	54.09	106.54
120.2	106.53	54.12	106.53
120.4	106.59	54.2	106.59
120.6	106.73	54.33	106.73
120.8	106.93	54.51	106.93
121.0	107.26	54.85	107.26
121.2	107.6	55.19	107.6
121.4	107.93	55.48	107.93
121.6	108.2	55.67	108.2
121.8	108.25	55.41	108.25
122.0	108.21	55.06	108.21
122.2	108.11	54.69	108.11
122.4	107.95	54.36	107.95
122.6	107.79	54.43	107.79
122.8	107.61	54.68	107.61
123.0	107.39	54.93	107.39
123.2	107.15	55.13	107.15
123.4	106.82	54.93	106.82
123.6	106.43	54.39	106.43
123.8	106.07	53.85	106.07
124.0	105.78	53.44	105.78
124.2	105.64	53.44	105.64
124.4	105.72	54.07	105.72
124.6	105.92	54.88	105.92
124.8	106.26	55.77	106.26
125.0	106.78	56.62	106.78
125.2	107.5	57.31	107.5
125.4	108.24	57.92	108.24
125.6	108.95	58.41	108.95
125.8	109.46	58.68	109.46
126.0	109.79	58.78	109.79
126.2	109.99	58.8	109.99
126.4	110.07	58.77	110.07
126.6	109.98	58.92	109.98
126.8	109.78	59.06	109.78
127.0	109.49	59.14	109.49
127.2	109.13	59.11	109.13
127.4	108.72	58.68	108.72
127.6	108.28	58.08	108.28
127.8	107.84	57.44	107.84
128.0	107.4	56.82	107.4
128.2	107.02	56.41	107.02
128.4	106.7	56.23	106.7
128.6	106.44	56.15	106.44
128.8	106.24	56.14	106.24
129.0	106.11	56.19	106.11
129.2	106.1	56.21	106.1
129.4	106.18	56.26	106.18
129.6	106.32	56.38	106.32
129.8	106.54	56.57	106.54
130.0	106.89	56.98	106.89
130.2	107.31	57.48	107.31
130.4	107.73	57.96	107.73
130.6	108.11	58.35	108.11
130.8	108.34	58.42	108.34
131.0	108.41	58.19	108.41
131.2	108.42	57.87	108.42
131.4	108.37	57.49	108.37
131.6	108.28	57.16	108.28
131.8	108.17	56.96	108.17
132.0	108.04	56.8	108.04
132.2	107.88	56.68	107.88
132.4	107.7	56.61	107.7
132.6	107.43	56.58	107.43
132.8	107.16	56.6	107.16
133.0	106.93	56.68	106.93
133.2	106.78	56.83	106.78
133.4	106.74	57.07	106.74
133.6	106.86	57.42	106.86
133.8	107.11	57.81	107.11
134.0	107.51	58.22	107.51
134.2	108.11	58.59	108.11
134.4	108.98	58.86	108.98
134.6	109.95	59.15	109.95
134.8	110.98	59.51	110.98
135.0	112.02	60.11	112.02
135.2	113.03	60.97	113.03
135.4	113.93	61.77	113.93
135.6	114.67	62.41	114.67
135.8	115.0	62.42	115.0
136.0	115.03	62.01	115.03
136.2	114.89	61.41	114.89
136.4	114.62	60.7	114.62
136.6	114.35	60.13	114.35
136.8	114.07	59.65	114.07
137.0	113.76	59.2	113.76
137.2	113.45	58.78	113.45
137.4	113.17	58.39	113.17
137.6	112.96	58.03	112.96
137.8	112.78	57.73	112.78
138.0	112.62	57.49	112.62
138.2	112.5	57.35	112.5
138.4	112.46	57.46	112.46
138.6	112.46	57.69	112.46
138.8	112.44	57.94	112.44
139.0	112.37	58.14	112.37
139.2	111.95	58.14	111.95
139.4	111.09	57.86	111.09
139.6	111.03	57.51	111.03
139.8	110.96	57.12	110.96
140.0	110.9	56.72	110.9
140.2	110.84	56.51	110.84
140.4	110.77	56.34	110.77
140.6	110.71	56.2	110.71
140.8	110.65	56.07	110.65
141.0	110.58	55.93	110.58
141.2	110.52	55.72	110.52
141.4	110.45	55.55	110.45
141.6	110.39	55.45	110.39
141.8	110.33	55.46	110.33
142.0	110.26	55.72	110.26
142.2	110.2	56.17	110.2
142.4	110.14	56.69	110.14
142.6	110.07	57.24	110.07
142.8	110.01	57.72	110.01
143.0	109.95	58.12	109.95
143.2	109.88	58.51	109.88
143.4	109.82	58.91	109.82
143.6	109.76	59.37	109.76
143.8	109.69	59.99	109.69
144.0	109.63	60.57	109.63
144.2	109.56	61.08	109.56
144.4	109.5	61.39	109.5
144.6	109.44	61.28	109.44
144.8	109.37	61.06	109.37
145.0	109.31	60.82	109.31
145.2	109.25	60.63	109.25
145.4	109.52	60.95	109.52
145.6	109.69	61.35	109.69
145.8	109.8	61.71	109.8
146.0	109.82	61.96	109.82
146.2	109.58	61.7	109.58
146.4	109.18	61.08	109.18
146.6	108.77	60.38	108.77
146.8	108.41	59.68	108.41
147.0	108.26	59.15	108.26
147.2	108.44	58.96	108.44
147.4	108.72	58.9	108.72
147.6	109.05	58.95	109.05
147.8	109.36	59.14	109.36
148.0	109.6	59.5	109.6
148.2	109.79	59.87	109.79
148.4	109.91	60.18	109.91
148.6	109.9	60.27	109.9
148.8	109.73	60.03	109.73
149.0	109.47	59.66	109.47
149.2	109.13	59.19	109.13
149.4	108.71	58.64	108.71
149.6	108.23	58.04	108.23
149.8	107.7	57.43	107.7
150.0	107.14	56.84	107.14
150.2	106.55	56.31	106.55
150.4	105.87	55.96	105.87
150.6	105.21	55.71	105.21
150.8	104.61	55.56	104.61
151.0	104.12	55.52	104.12
151.2	103.84	55.62	103.84
151.4	103.82	55.87	103.82
151.6	103.94	56.19	103.94
151.8	104.2	56.55	104.2
152.0	104.58	56.92	104.58
152.2	105.08	57.24	105.08
152.4	105.67	57.54	105.67
152.6	106.31	57.82	106.31
152.8	106.99	58.03	106.99
153.0	107.7	58.12	107.7
153.2	108.39	58.2	108.39
153.4	109.02	58.28	109.02
153.6	109.54	58.44	109.54
153.8	109.84	58.81	109.84
154.0	110.04	59.18	110.04
154.2	110.16	59.52	110.16
154.4	110.21	59.76	110.21
154.6	110.23	59.69	110.23
154.8	110.22	59.53	110.22
155.0	110.17	59.32	110.17
155.2	110.1	59.1	110.1
155.4	109.98	58.92	109.98
155.6	109.86	58.8	109.86
155.8	109.78	58.76	109.78
156.0	109.79	58.81	109.79
156.2	109.97	59.08	109.97
156.4	110.36	59.56	110.36
156.6	110.83	60.11	110.83
156.8	111.34	60.68	111.34
157.0	111.89	61.21	111.89
157.2	112.43	61.67	112.43
157.4	112.94	62.01	112.94
157.6	113.38	62.21	113.38
157.8	113.65	62.07	113.65
158.0	113.76	61.63	113.76
158.2	113.75	61.08	113.75
158.4	113.65	60.48	113.65
158.6	113.44	59.96	113.44
158.8	113.13	59.6	113.13
159.0	112.75	59.31	112.75
159.2	112.31	59.09	112.31
159.4	111.81	58.96	111.81
159.6	111.2	59.0	111.2
159.8	110.62	59.08	110.62
160.0	110.12	59.18	110.12
160.2	109.73	59.26	109.73
160.4	109.68	59.06	109.68
160.6	109.81	58.85	109.81
160.8	110.06	58.73	110.06
161.0	110.43	58.76	110.43
161.2	110.92	59.38	110.92
161.4	111.47	60.21	111.47
161.6	112.04	61.07	112.04
161.8	112.59	61.85	112.59
162.0	113.01	62.13	113.01
162.2	113.36	62.25	113.36
162.4	113.64	62.25	113.64
162.6	113.82	62.18	113.82
162.8	113.9	62.12	113.9
163.0	113.9	61.99	113.9
163.2	113.82	61.77	113.82
163.4	113.66	61.4	113.66
163.6	113.43	60.82	113.43
163.8	113.13	60.21	113.13
164.0	112.79	59.64	112.79
164.2	112.4	59.2	112.4
164.4	111.92	59.12	111.92
164.6	111.45	59.16	111.45
164.8	111.05	59.3	111.05
165.0	110.77	59.51	110.77
165.2	110.8	59.71	110.8
165.4	110.99	59.95	110.99
165.6	111.3	60.21	111.3
165.8	111.71	60.5	111.71
166.0	112.21	60.83	112.21
166.2	112.77	61.17	112.77
166.4	113.3	61.49	113.3
166.6	113.78	61.78	113.78
166.8	114.06	62.05	114.06
167.0	114.22	62.24	114.22
167.2	114.28	62.34	114.28
167.4	114.23	62.29	114.23
167.6	114.04	61.93	114.04
167.8	113.77	61.48	113.77
168.0	113.45	60.99	113.45
168.2	113.11	60.54	113.11
168.4	112.83	60.34	112.83
168.6	112.53	60.2	112.53
168.8	112.2	60.08	112.2
169.0	111.82	59.98	111.82
169.2	111.27	59.75	111.27
169.4	110.65	59.49	110.65
169.6	110.06	59.27	110.06
169.8	109.54	59.12	109.54
170.0	109.18	59.15	109.18
170.2	109.02	59.36	109.02
170.4	109.01	59.67	109.01
170.6	109.14	60.03	109.14
170.8	109.46	60.44	109.46
171.0	110.01	60.86	110.01
171.2	110.66	61.29	110.66
171.4	111.33	61.69	111.33
171.6	111.99	62.06	111.99
171.8	112.58	62.39	112.58
172.0	113.06	62.61	113.06
172.2	113.4	62.7	113.4
172.4	113.39	62.46	113.39
172.6	113.12	62.0	113.12
172.8	112.73	61.47	112.73
173.0	112.26	60.94	112.26
173.2	111.83	60.67	111.83
173.4	111.41	60.52	111.41
173.6	111.01	60.43	111.01
173.8	110.64	60.38	110.64
174.0	110.33	60.31	110.33
174.2	110.1	60.18	110.1
174.4	109.94	60.08	109.94
174.6	109.86	60.01	109.86
174.8	109.89	59.98	109.89
175.0	110.08	60.01	110.08
175.2	110.39	60.1	110.39
175.4	110.77	60.27	110.77
175.6	111.21	60.54	111.21
175.8	111.3	61.09	111.3
176.0	111.41	61.76	111.41
176.2	111.43	62.39	111.43
176.4	111.46	62.89	111.46
176.6	111.48	62.79	111.48
176.8	111.5	62.48	111.5
177.0	111.53	62.11	111.53
177.2	111.55	61.79	111.55
177.4	111.58	62.03	111.58
177.6	111.6	62.39	111.6
177.8	111.63	62.73	111.63
178.0	111.65	62.96	111.65
178.2	111.68	62.44	111.68
178.4	111.7	61.67	111.7
178.6	111.73	60.89	111.73
178.8	111.75	60.19	111.75
179.0	111.78	59.88	111.78
179.2	111.8	60.08	111.8
179.4	111.82	60.5	111.82
179.6	111.85	61.11	111.85
179.8	111.87	61.99	111.87
180.0	111.9	63.0	111.9
180.2	111.92	63.99	111.92
180.4	111.95	64.82	111.95
180.6	111.97	65.09	111.97
180.8	112.0	65.09	112.0
181.0	112.02	64.9	112.02
181.2	112.05	64.56	112.05
181.4	112.07	64.11	112.07
181.6	112.1	63.58	112.1
181.8	111.96	63.02	111.96
182.0	111.77	62.48	111.77
182.2	111.46	61.98	111.46
182.4	111.18	61.58	111.18
182.6	111.01	61.33	111.01
182.8	111.04	61.34	111.04
183.0	111.44	61.75	111.44
183.2	111.98	62.31	111.98
183.4	112.62	62.97	112.62
183.6	113.31	63.64	113.31
183.8	114.01	64.28	114.01
184.0	114.68	64.84	114.68
184.2	115.27	65.28	115.27
184.4	115.65	65.4	115.65
184.6	115.91	65.35	115.91
184.8	116.07	65.16	116.07
185.0	116.16	64.85	116.16
185.2	116.2	64.44	116.2
185.4	116.16	63.97	116.16
185.6	116.02	63.46	116.02
185.8	115.74	62.96	115.74
186.0	115.35	62.46	115.35
186.2	114.9	61.97	114.9
186.4	114.41	61.48	114.41
186.6	113.88	60.95	113.88
186.8	113.35	60.45	113.35
187.0	112.87	60.03	112.87
187.2	112.47	59.71	112.47
187.4	112.3	59.67	112.3
187.6	112.32	59.85	112.32
187.8	112.41	60.1	112.41
188.0	112.53	60.38	112.53
188.2	112.59	60.59	112.59
188.4	112.61	60.72	112.61
188.6	112.6	60.8	112.6
188.8	112.56	60.81	112.56
189.0	112.46	60.68	112.46
189.2	112.33	60.47	112.33
189.4	112.15	60.22	112.15
189.6	111.92	59.97	111.92
189.8	111.62	59.76	111.62
190.0	111.28	59.57	111.28
190.2	110.9	59.41	110.9
190.4	110.48	59.29	110.48
190.6	109.93	59.23	109.93
190.8	109.4	59.22	109.4
191.0	108.96	59.27	108.96
191.2	108.66	59.37	108.66
191.4	108.67	59.52	108.67
191.6	108.83	59.74	108.83
191.8	109.13	60.04	109.13
192.0	109.57	60.43	109.57
192.2	110.14	60.97	110.14
192.4	110.78	61.54	110.78
192.6	111.44	62.13	111.44
192.8	112.06	62.72	112.06
193.0	112.62	63.25	112.62
193.2	113.13	63.67	113.13
193.4	113.55	63.91	113.55
193.6	113.83	63.77	113.83
193.8	114.02	63.46	114.02
194.0	114.11	63.03	114.11
194.2	114.08	62.53	114.08
194.4	113.92	62.0	113.92
194.6	113.71	61.49	113.71
194.8	113.47	61.02	113.47
195.0	113.3	60.79	113.3
195.2	113.16	60.71	113.16
195.4	113.0	60.69	113.0
195.6	112.81	60.72	112.81
195.8	112.44	60.66	112.44
196.0	111.96	60.56	111.96
196.2	111.53	60.49	111.53
196.4	111.2	60.5	111.2
196.6	111.18	60.67	111.18
196.8	111.5	61.04	111.5
197.0	111.93	61.43	111.93
197.2	112.39	61.82	112.39
197.4	112.75	62.06	112.75
197.6	113.03	62.2	113.03
197.8	113.23	62.31	113.23
198.0	113.35	62.4	113.35
198.2	113.33	62.6	113.33
198.4	113.22	62.78	113.22
198.6	113.01	62.88	113.01
198.8	112.68	62.84	112.68
199.0	112.2	62.5	112.2
199.2	111.67	62.08	111.67
199.4	111.12	61.62	111.12
199.6	110.6	61.16	110.6
199.8	110.17	60.81	110.17
200.0	109.81	60.53	109.81
200.2	109.54	60.34	109.54
200.4	109.37	60.28	109.37
200.6	109.37	60.49	109.37
200.8	109.5	60.85	109.5
201.0	109.76	61.29	109.76
201.2	110.15	61.77	110.15
201.4	110.74	62.13	110.74
201.6	111.45	62.5	111.45
201.8	112.21	62.91	112.21
202.0	113.0	63.44	113.0
202.2	113.77	64.29	113.77
202.4	114.49	65.1	114.49
202.6	115.12	65.77	115.12
202.8	115.58	65.94	115.58
203.0	115.86	65.63	115.86
203.2	116.02	65.17	116.02
203.4	116.04	64.65	116.04
203.6	115.89	64.4	115.89
203.8	115.64	64.26	115.64
204.0	115.31	64.16	115.31
204.2	114.95	64.08	114.95
204.4	114.55	63.95	114.55
204.6	114.18	63.84	114.18
204.8	113.89	63.77	113.89
205.0	113.73	63.75	113.73
205.2	113.92	63.86	113.92
205.4	114.34	64.05	114.34
205.6	114.83	64.31	114.83
205.8	115.32	64.62	115.32
206.0	115.68	65.11	115.68
206.2	115.94	65.61	115.94
206.4	116.11	65.98	116.11
206.6	116.17	66.09	116.17
206.8	116.07	65.51	116.07
207.0	115.87	64.72	115.87
207.2	115.56	63.84	115.56
207.4	115.14	63.03	115.14
207.6	114.58	62.55	114.58
207.8	113.97	62.15	113.97
208.0	113.34	61.79	113.34
208.2	112.71	61.46	112.71
208.4	112.16	61.04	112.16
208.6	111.66	60.65	111.66
208.8	111.22	60.33	111.22
209.0	110.86	60.1	110.86
209.2	110.61	59.97	110.61
209.4	110.46	59.97	110.46
209.6	110.43	60.11	110.43
209.8	110.52	60.41	110.52
210.0	110.83	61.07	110.83
210.2	111.28	61.94	111.28
210.4	111.8	62.81	111.8
210.6	112.37	63.61	112.37
210.8	112.97	63.99	112.97
211.0	113.53	64.21	113.53
211.2	114.02	64.31	114.02
211.4	114.35	64.36	114.35
211.6	114.46	64.37	114.46
211.8	114.45	64.33	114.45
212.0	114.35	64.25	114.35
212.2	114.2	64.15	114.2
212.4	114.0	64.02	114.0
212.6	113.72	63.87	113.72
212.8	113.36	63.71	113.36
213.0	112.77	63.51	112.77
213.2	112.12	63.3	112.12
213.4	111.51	63.13	111.51
213.6	111.01	63.0	111.01
213.8	110.88	62.93	110.88
214.0	110.97	62.95	110.97
214.2	111.2	63.09	111.2
214.4	111.54	63.36	111.54
214.6	111.98	64.04	111.98
214.8	112.47	64.89	112.47
215.0	112.94	65.71	112.94
215.2	113.36	66.39	113.36
215.4	113.57	66.45	113.57
215.6	113.67	66.27	113.67
215.8	113.66	65.94	113.66
216.0	113.54	65.53	113.54
216.2	113.28	65.14	113.28
216.4	112.93	64.72	112.93
216.6	112.53	64.3	112.53
216.8	112.08	63.94	112.08
217.0	111.63	63.71	111.63
217.2	111.16	63.48	111.16
217.4	110.69	63.22	110.69
217.6	110.12	62.83	110.12
217.8	109.1	62.09	109.1
218.0	108.37	61.36	108.37
218.2	108.18	60.73	108.18
218.4	108.4	60.29	108.4
218.6	108.63	60.51	108.63
218.8	108.86	60.92	108.86
219.0	109.08	61.47	109.08
219.2	109.31	62.04	109.31
219.4	109.54	62.42	109.54
219.6	109.76	62.85	109.76
219.8	109.99	63.36	109.99
220.0	110.22	64.27	110.22
220.2	110.45	65.41	110.45
220.4	110.67	66.45	110.67
220.6	110.9	67.21	110.9
220.8	111.13	66.96	111.13
221.0	111.35	66.25	111.35
221.2	111.58	65.35	111.58
221.4	111.81	64.45	111.81
221.6	112.03	63.94	112.03
221.8	112.26	63.47	112.26
222.0	112.49	63.01	112.49
222.2	112.71	62.41	112.71
222.4	112.94	61.52	112.94
222.6	113.17	60.73	113.17
222.8	113.39	60.13	113.39
223.0	113.62	59.84	113.62
223.2	113.85	60.58	113.85
223.4	114.07	61.65	114.07
223.6	114.3	62.73	114.3
223.8	114.53	63.52	114.53
224.0	114.76	63.53	114.76
224.2	114.98	63.29	114.98
224.4	115.21	62.87	115.21
224.6	115.44	62.38	115.44
224.8	115.24	61.94	115.24
225.0	115.04	61.49	115.04
225.2	114.81	61.03	114.81
225.4	114.48	60.65	114.48
225.6	114.03	60.36	114.03
225.8	113.52	60.08	113.52
226.0	112.97	59.79	112.97
226.2	112.4	59.4	112.4
226.4	111.82	58.84	111.82
226.6	111.23	58.3	111.23
226.8	110.61	57.81	110.61
227.0	109.97	57.42	109.97
227.2	109.13	57.32	109.13
227.4	108.35	57.35	108.35
227.6	107.68	57.5	107.68
227.8	107.21	57.78	107.21
228.0	107.21	58.22	107.21
228.2	107.51	58.76	107.51
228.4	107.99	59.34	107.99
228.6	108.6	59.94	108.6
228.8	109.31	60.43	109.31
229.0	110.06	60.88	110.06
229.2	110.81	61.33	110.81
229.4	111.48	61.79	111.48
229.6	111.99	62.37	111.99
229.8	112.39	62.88	112.39
230.0	112.67	63.25	112.67
230.2	112.74	63.18	112.74
230.4	112.64	62.74	112.64
230.6	112.46	62.23	112.46
230.8	112.26	61.77	112.26
231.0	112.17	61.91	112.17
231.2	112.14	62.28	112.14
231.4	112.15	62.68	112.15
231.6	112.2	63.03	112.2
231.8	112.26	62.75	112.26
232.0	112.37	62.35	112.37
232.2	112.57	62.01	112.57
232.4	112.88	61.92	112.88
232.6	113.46	62.72	113.46
232.8	114.09	63.63	114.09
233.0	114.7	64.48	114.7
233.2	115.17	64.85	115.17
233.4	115.46	64.63	115.46
233.6	115.6	64.17	115.6
233.8	115.59	63.56	115.59
234.0	115.29	62.92	115.29
234.2	114.81	62.28	114.81
234.4	114.25	61.66	114.25
234.6	113.65	61.08	113.65
234.8	113.22	60.7	113.22
235.0	112.84	60.44	112.84
235.2	112.44	60.28	112.44
235.4	112.03	60.23	112.03
235.6	111.36	60.38	111.36
235.8	110.61	60.65	110.61
236.0	109.97	60.96	109.97
236.2	109.51	61.26	109.51
236.4	109.55	61.43	109.55
236.6	110.09	61.45	110.09
236.8	110.81	61.45	110.81
237.0	111.64	61.46	111.64
237.2	112.45	61.53	112.45
237.4	113.2	61.66	113.2
237.6	113.88	61.84	113.88
237.8	114.44	62.06	114.44
238.0	114.17	62.34	114.17
238.2	113.95	62.67	113.95
238.4	113.93	63.06	113.93
238.6	113.91	63.55	113.91
238.8	113.9	64.3	113.9
239.0	113.88	64.99	113.88
239.2	113.86	65.48	113.86
239.4	113.85	65.38	113.85
239.6	113.83	64.43	113.83
239.8	113.81	63.45	113.81
240.0	113.8	62.71	113.8
240.2	113.78	63.11	113.78
240.4	113.76	64.33	113.76
240.6	113.75	65.65	113.75
240.8	113.73	66.62	113.73
241.0	113.71	66.09	113.71
241.2	113.7	65.34	113.7
241.4	113.68	64.63	113.68
241.6	113.66	64.25	113.66
241.8	113.65	65.43	113.65
242.0	113.63	66.75	113.63
242.2	113.61	67.97	113.61
242.4	113.6	68.28	113.6
242.6	113.58	67.93	113.58
242.8	113.56	67.29	113.56
243.0	113.54	66.52	113.54
243.2	113.53	66.03	113.53
243.4	113.02	65.54	113.02
243.6	112.42	65.02	112.42
243.8	111.79	64.45	111.79
244.0	111.31	63.75	111.31
244.2	110.84	63.07	110.84
244.4	110.39	62.48	110.39
244.6	109.93	62.09	109.93
244.8	109.37	62.12	109.37
245.0	108.91	62.27	108.91
245.2	108.59	62.45	108.59
245.4	108.56	62.53	108.56
245.6	108.99	62.31	108.99
245.8	109.59	62.12	109.59
246.0	110.31	62.02	110.31
246.2	111.07	62.27	111.07
246.4	111.82	62.84	111.82
246.6	112.51	63.48	112.51
246.8	113.08	64.13	113.08
247.0	113.32	64.61	113.32
247.2	113.4	64.97	113.4
247.4	113.36	65.14	113.36
247.6	113.27	65.03	113.27
247.8	113.15	64.54	113.15
248.0	112.99	63.88	112.99
248.2	112.79	63.1	112.79
248.4	112.59	62.29	112.59
248.6	112.38	61.48	112.38
248.8	112.1	60.67	112.1
249.0	111.72	59.9	111.72
249.2	111.01	59.19	111.01
249.4	110.14	58.58	110.14
249.6	109.32	58.07	109.32
249.8	108.66	57.71	108.66
250.0	108.52	57.64	108.52
250.2	108.75	57.77	108.75
250.4	109.18	57.97	109.18
250.6	109.78	58.21	109.78
250.8	110.56	58.44	110.56
251.0	111.4	58.6	111.4
251.2	112.22	58.66	112.22
251.4	112.9	58.49	112.9
251.6	113.29	57.98	113.29
251.8	113.55	57.37	113.55
252.0	113.69	56.74	113.69
252.2	113.71	56.37	113.71
252.4	113.63	56.13	113.63
252.6	113.47	55.86	113.47
252.8	113.27	55.49	113.27
253.0	113.11	54.61	113.11
253.2	112.9	53.63	112.9
253.4	112.64	52.63	112.64
253.6	112.28	51.69	112.28
253.8	111.63	50.97	111.63
254.0	110.97	50.43	110.97
254.2	110.38	50.13	110.38
254.4	109.95	50.15	109.95
254.6	109.88	50.79	109.88
254.8	110.0	51.64	110.0
255.0	110.32	52.58	110.32
255.2	110.91	53.46	110.91
255.4	111.76	54.18	111.76
255.6	112.64	54.8	112.64
255.8	113.47	55.29	113.47
256.0	113.96	55.6	113.96
256.2	114.24	55.74	114.24
256.4	114.36	55.69	114.36
256.6	114.24	55.38	114.24
256.8	113.89	54.8	113.89
257.0	113.44	54.08	113.44
257.2	112.95	53.28	112.95
257.4	112.7	52.55	112.7
257.6	112.48	51.83	112.48
257.8	112.16	51.11	112.16
258.0	111.61	50.38	111.61
258.2	110.41	49.5	110.41
258.4	109.19	48.75	109.19
258.6	108.09	48.22	108.09
258.8	107.54	48.2	107.54
259.0	107.58	48.69	107.58
259.2	107.89	49.39	107.89
259.4	108.41	50.2	108.41
259.6	109.13	50.93	109.13
259.8	109.91	51.61	109.91
260.0	110.65	52.21	110.65
260.2	111.17	52.65	111.17
260.4	111.42	52.89	111.42
260.6	111.51	52.92	111.51
260.8	111.45	52.7	111.45
261.0	111.26	52.01	111.26
261.2	110.94	51.12	110.94
261.4	110.5	50.15	110.5
261.6	109.94	49.23	109.94
261.8	109.26	48.44	109.26
262.0	108.52	47.71	108.52
262.2	107.76	47.09	107.76
262.4	107.02	46.66	107.02
262.6	106.32	46.38	106.32
262.8	105.67	46.19	105.67
263.0	105.08	46.09	105.08
263.2	104.01	46.02	104.01
263.4	103.19	46.02	103.19
263.6	103.24	46.1	103.24
263.8	103.3	46.28	103.3
264.0	103.35	46.58	103.35
264.2	103.4	46.98	103.4
264.4	103.46	47.49	103.46
264.6	103.51	48.22	103.51
264.8	103.57	49.18	103.57
265.0	103.62	50.06	103.62
265.2	103.67	50.73	103.67
265.4	103.73	50.56	103.73
265.6	103.78	50.05	103.78
265.8	103.84	49.39	103.84
266.0	103.89	48.75	103.89
266.2	103.94	48.52	103.94
266.4	104.0	48.31	104.0
266.6	104.05	48.04	104.05
266.8	104.1	47.53	104.1
267.0	104.16	46.55	104.16
267.2	104.21	45.53	104.21
267.4	104.27	44.56	104.27
267.6	104.32	43.75	104.32
267.8	104.37	43.57	104.37
268.0	104.43	43.68	104.43
268.2	104.48	43.92	104.48
268.4	104.54	44.25	104.54
268.6	104.59	44.39	104.59
268.8	104.64	44.56	104.64
269.0	104.7	44.8	104.7
269.2	106.12	45.15	106.12
269.4	106.96	45.92	106.96
269.6	107.93	46.74	107.93
269.8	108.94	47.53	108.94
270.0	109.84	48.19	109.84
270.2	110.42	48.55	110.42
270.4	110.89	48.71	110.89
270.6	111.26	48.63	111.26
270.8	111.55	48.14	111.55
271.0	111.78	47.26	111.78
271.2	111.92	46.25	111.92
271.4	111.95	45.2	111.95
271.6	111.85	44.37	111.85
271.8	111.63	43.75	111.63
272.0	111.32	43.25	111.32
272.2	110.93	42.86	110.93
272.4	110.44	42.59	110.44
272.6	109.87	42.44	109.87
272.8	109.29	42.41	109.29
273.0	108.75	42.48	108.75
273.2	108.29	42.66	108.29
273.4	107.98	42.95	107.98
273.6	107.8	43.33	107.8
273.8	107.76	43.79	107.76
274.0	107.91	44.3	107.91
274.2	108.47	44.93	108.47
274.4	109.13	45.55	109.13
274.6	109.81	46.14	109.81
274.8	110.27	46.62	110.27
275.0	110.08	46.92	110.08
275.2	110.06	47.1	110.06
275.4	110.42	47.17	110.42
275.6	110.29	47.15	110.29
275.8	110.16	47.04	110.16
276.0	110.02	46.8	110.02
276.2	109.89	46.41	109.89
276.4	109.75	45.69	109.75
276.6	109.62	44.56	109.62
276.8	109.49	43.41	109.49
277.0	109.35	42.39	109.35
277.2	109.22	41.61	109.22
277.4	109.09	41.83	109.09
277.6	108.95	42.28	108.95
277.8	108.82	42.84	108.82
278.0	108.68	43.24	108.68
278.2	108.55	43.09	108.55
278.4	108.42	42.88	108.42
278.6	108.28	42.73	108.28
278.8	108.15	42.72	108.15
279.0	108.01	43.33	108.01
279.2	107.88	44.19	107.88
279.4	107.75	45.11	107.75
279.6	107.61	45.97	107.61
279.8	107.48	46.49	107.48
280.0	107.35	46.89	107.35
280.2	107.21	47.16	107.21
280.4	107.08	47.3	107.08
280.6	107.57	47.32	107.57
280.8	107.98	47.21	107.98
281.0	108.32	46.99	108.32
281.2	108.59	46.62	108.59
281.4	108.78	46.06	108.78
281.6	108.88	45.45	108.88
281.8	108.9	44.82	108.9
282.0	108.79	44.24	108.79
282.2	108.42	43.82	108.42
282.4	108.04	43.49	108.04
282.6	107.72	43.28	107.72
282.8	107.57	43.21	107.57
283.0	107.88	43.38	107.88
283.2	108.34	43.68	108.34
283.4	108.9	44.06	108.9
283.6	109.54	44.54	109.54
283.8	110.22	45.14	110.22
284.0	110.87	45.71	110.87
284.2	111.45	46.16	111.45
284.4	111.87	46.34	111.87
284.6	112.03	46.04	112.03
284.8	112.05	45.58	112.05
285.0	111.94	45.03	111.94
285.2	111.7	44.5	111.7
285.4	111.34	44.12	111.34
285.6	110.89	43.76	110.89
285.8	110.36	43.44	110.36
286.0	109.76	43.16	109.76
286.2	109.05	42.88	109.05
286.4	108.35	42.67	108.35
286.6	107.69	42.55	107.69
286.8	107.12	42.54	107.12
287.0	106.77	42.77	106.77
287.2	106.6	43.13	106.6
287.4	106.58	43.59	106.58
287.6	106.75	44.12	106.75
287.8	107.26	44.68	107.26
