0.2	87.05	64.59	87.05
0.4	86.67	64.29	86.67
0.6	86.28	63.96	86.28
0.8	85.9	63.6	85.9
1.0	85.52	63.24	85.52
1.2	85.14	62.87	85.14
1.4	84.77	62.5	84.77
1.6	84.41	62.15	84.41
1.8	84.06	61.82	84.06
2.0	83.72	61.51	83.72
2.2	83.39	61.25	83.39
2.4	83.1	61.06	83.1
2.6	82.82	60.93	82.82
2.8	82.55	60.84	82.55
3.0	82.31	60.79	82.31
3.2	82.08	60.78	82.08
3.4	81.9	60.85	81.9
3.6	81.75	60.96	81.75
3.8	81.58	61.08	81.58
4.0	81.4	61.2	81.4
4.2	81.18	61.3	81.18
4.4	80.77	61.23	80.77
4.6	80.31	61.13	80.31
4.8	79.87	61.06	79.87
5.0	79.48	61.04	79.48
5.2	79.19	61.13	79.19
5.4	79.21	61.58	79.21
5.6	79.32	62.1	79.32
5.8	79.49	62.66	79.49
6.0	79.7	63.2	79.7
6.2	79.87	63.61	79.87
6.4	79.96	63.8	79.96
6.6	80.05	63.93	80.05
6.8	80.12	64.02	80.12
7.0	80.17	64.1	80.17
7.2	80.21	64.23	80.21
7.4	80.22	64.43	80.22
7.6	80.23	64.62	80.23
7.8	80.25	64.8	80.25
8.0	80.29	64.96	80.29
8.2	80.35	65.06	80.35
8.4	80.45	65.12	80.45
8.6	80.59	65.14	80.59
8.8	80.77	65.14	80.77
9.0	80.99	65.11	80.99
9.2	81.27	65.06	81.27
9.4	81.61	65.0	81.61
9.6	82.01	64.91	82.01
9.8	82.45	64.81	82.45
10.0	82.94	64.69	82.94
10.2	83.53	64.5	83.53
10.4	84.19	64.27	84.19
10.6	84.86	64.07	84.86
10.8	85.53	63.94	85.53
11.0	86.17	63.89	86.17
11.2	86.74	64.13	86.74
11.4	87.24	64.58	87.24
11.6	87.66	65.07	87.66
11.8	88.0	65.59	88.0
12.0	88.24	66.08	88.24
12.2	88.24	66.31	88.24
12.4	88.08	66.42	88.08
12.6	87.89	66.48	87.89
12.8	87.69	66.54	87.69
13.0	87.53	66.61	87.53
13.2	87.66	66.87	87.66
13.4	87.88	67.17	87.88
13.6	88.12	67.48	88.12
13.8	88.35	67.77	88.35
14.0	88.55	68.03	88.55
14.2	88.62	68.13	88.62
14.4	88.63	68.21	88.63
14.6	88.58	68.27	88.58
14.8	88.46	68.36	88.46
15.0	88.26	68.52	88.26
15.2	87.95	68.9	87.95
15.4	87.58	69.28	87.58
15.6	87.17	69.62	87.17
15.8	86.73	69.87	86.73
16.0	86.29	69.92	86.29
16.2	85.85	69.55	85.85
16.4	85.43	69.06	85.43
16.6	85.03	68.49	85.03
16.8	84.67	67.9	84.67
17.0	84.36	67.31	84.36
17.2	84.18	66.95	84.18
17.4	84.05	66.63	84.05
17.6	83.97	66.36	83.97
17.8	83.92	66.13	83.92
18.0	83.9	65.93	83.9
18.2	83.91	65.78	83.91
18.4	83.94	65.67	83.94
18.6	83.97	65.59	83.97
18.8	84.0	65.53	84.0
19.0	84.01	65.51	84.01
19.2	83.97	65.51	83.97
19.4	83.89	65.53	83.89
19.6	83.78	65.56	83.78
19.8	83.66	65.6	83.66
20.0	83.51	65.64	83.51
20.2	83.24	65.6	83.24
20.4	82.97	65.55	82.97
20.6	82.74	65.55	82.74
20.8	82.59	65.6	82.59
21.0	82.59	65.76	82.59
21.2	82.95	66.23	82.95
21.4	83.4	66.74	83.4
21.6	83.91	67.22	83.91
21.8	84.45	67.63	84.45
22.0	84.91	67.77	84.91
22.2	85.28	67.62	85.28
22.4	85.59	67.35	85.59
22.6	85.85	67.0	85.85
22.8	86.05	66.59	86.05
23.0	86.13	66.21	86.13
23.2	86.13	65.84	86.13
23.4	86.07	65.47	86.07
23.6	85.95	65.1	85.95
23.8	85.78	64.74	85.78
24.0	85.57	64.48	85.57
24.2	85.32	64.25	85.32
24.4	85.04	64.02	85.04
24.6	84.74	63.79	84.74
24.8	84.41	63.54	84.41
25.0	84.08	63.16	84.08
25.2	83.74	62.75	83.74
25.4	83.39	62.34	83.39
25.6	83.04	61.95	83.04
25.8	82.69	61.6	82.69
26.0	82.34	61.41	82.34
26.2	82.0	61.31	82.0
26.4	81.67	61.26	81.67
26.6	81.34	61.24	81.34
26.8	81.03	61.23	81.03
27.0	80.73	61.18	80.73
27.2	80.46	61.09	80.46
27.4	80.2	61.02	80.2
27.6	79.94	60.96	79.94
27.8	79.68	60.93	79.68
28.0	79.36	60.94	79.36
28.2	79.0	60.99	79.0
28.4	78.66	61.1	78.66
28.6	78.39	61.27	78.39
28.8	78.2	61.5	78.2
29.0	78.19	61.86	78.19
29.2	78.36	62.33	78.36
29.4	78.64	62.87	78.64
29.6	79.03	63.45	79.03
29.8	79.51	64.07	79.51
30.0	80.16	64.78	80.16
30.2	80.89	65.51	80.89
30.4	81.67	66.2	81.67
30.6	82.47	66.82	82.47
30.8	83.26	67.34	83.26
31.0	83.94	67.55	83.94
31.2	84.57	67.62	84.57
31.4	85.14	67.6	85.14
31.6	85.64	67.48	85.64
31.8	86.04	67.3	86.04
32.0	86.29	67.09	86.29
32.2	86.46	66.84	86.46
32.4	86.57	66.56	86.57
32.6	86.61	66.26	86.61
32.8	86.61	65.96	86.61
33.0	86.6	65.74	86.6
33.2	86.56	65.5	86.56
33.4	86.49	65.25	86.49
33.6	86.39	64.95	86.39
33.8	86.26	64.61	86.26
34.0	86.15	64.08	86.15
34.2	86.01	63.49	86.01
34.4	85.84	62.89	85.84
34.6	85.65	62.29	85.65
34.8	85.42	61.73	85.42
35.0	85.1	61.31	85.1
35.2	84.73	60.98	84.73
35.4	84.34	60.7	84.34
35.6	83.94	60.46	83.94
35.8	83.55	60.26	83.55
36.0	83.23	60.08	83.23
36.2	82.95	59.93	82.95
36.4	82.67	59.79	82.67
36.6	82.38	59.66	82.38
36.8	82.08	59.54	82.08
37.0	81.66	59.36	81.66
37.2	81.16	59.14	81.16
37.4	80.67	58.96	80.67
37.6	80.24	58.84	80.24
37.8	79.89	58.81	79.89
38.0	79.79	59.0	79.79
38.2	79.85	59.35	79.85
38.4	80.0	59.76	80.0
38.6	80.22	60.23	80.22
38.8	80.47	60.71	80.47
39.0	80.68	61.12	80.68
39.2	80.89	61.5	80.89
39.4	81.13	61.88	81.13
39.6	81.4	62.24	81.4
39.8	81.69	62.58	81.69
40.0	82.05	62.91	82.05
40.2	82.44	63.21	82.44
40.4	82.84	63.48	82.84
40.6	83.24	63.73	83.24
40.8	83.63	63.96	83.63
41.0	83.96	64.13	83.96
41.2	84.27	64.28	84.27
41.4	84.55	64.4	84.55
41.6	84.81	64.51	84.81
41.8	85.04	64.61	85.04
42.0	85.25	64.75	85.25
42.2	85.43	64.89	85.43
42.4	85.58	65.0	85.58
42.6	85.69	65.07	85.69
42.8	85.77	65.09	85.77
43.0	85.77	64.96	85.77
43.2	85.71	64.71	85.71
43.4	85.63	64.43	85.63
43.6	85.53	64.14	85.53
43.8	85.43	63.85	85.43
44.0	85.36	63.63	85.36
44.2	85.32	63.5	85.32
44.4	85.3	63.39	85.3
44.6	85.29	63.33	85.29
44.8	85.3	63.3	85.3
45.0	85.36	63.37	85.36
45.2	85.45	63.54	85.45
45.4	85.55	63.69	85.55
45.6	85.63	63.79	85.63
45.8	85.7	63.81	85.7
46.0	85.7	63.54	85.7
46.2	85.62	62.92	85.62
46.4	85.51	62.23	85.51
46.6	85.36	61.56	85.36
46.8	85.18	60.97	85.18
47.0	84.97	60.65	84.97
47.2	84.71	60.79	84.71
47.4	84.43	61.05	84.43
47.6	84.15	61.39	84.15
47.8	83.86	61.76	83.86
48.0	83.6	62.06	83.6
48.2	83.35	62.16	83.35
48.4	83.13	62.25	83.13
48.6	82.94	62.34	82.94
48.8	82.78	62.44	82.78
49.0	82.66	62.6	82.66
49.2	82.59	62.83	82.59
49.4	82.56	63.1	82.56
49.6	82.59	63.41	82.59
49.8	82.67	63.75	82.67
50.0	82.86	64.17	82.86
50.2	83.16	64.67	83.16
50.4	83.5	65.16	83.5
50.6	83.86	65.64	83.86
50.8	84.22	66.06	84.22
51.0	84.53	66.37	84.53
51.2	84.77	66.51	84.77
51.4	84.98	66.57	84.98
51.6	85.16	66.57	85.16
51.8	85.33	66.51	85.33
52.0	85.47	66.39	85.47
52.2	85.6	66.25	85.6
52.4	85.71	66.06	85.71
52.6	85.81	65.84	85.81
52.8	85.88	65.58	85.88
53.0	85.93	65.28	85.93
53.2	85.95	64.92	85.95
53.4	85.95	64.53	85.95
53.6	85.93	64.14	85.93
53.8	85.9	63.77	85.9
54.0	85.86	63.43	85.86
54.2	85.84	63.22	85.84
54.4	85.84	63.12	85.84
54.6	85.8	63.04	85.8
54.8	85.74	62.97	85.74
55.0	85.62	62.88	85.62
55.2	85.42	62.72	85.42
55.4	85.07	62.4	85.07
55.6	84.67	62.06	84.67
55.8	84.24	61.73	84.24
56.0	83.8	61.43	83.8
56.2	83.35	61.18	83.35
56.4	82.99	61.18	82.99
56.6	82.64	61.24	82.64
56.8	82.3	61.34	82.3
57.0	81.95	61.46	81.95
57.2	81.61	61.58	81.61
57.4	81.15	61.53	81.15
57.6	80.67	61.43	80.67
57.8	80.24	61.37	80.24
58.0	79.9	61.39	79.9
58.2	79.69	61.51	79.69
58.4	79.82	61.96	79.82
58.6	80.18	62.62	80.18
58.8	80.65	63.38	80.65
59.0	81.2	64.22	81.2
59.2	81.79	65.1	81.79
59.4	82.34	66.05	82.34
59.6	82.87	66.99	82.87
59.8	83.38	67.87	83.38
60.0	83.86	68.65	83.86
60.2	84.29	69.29	84.29
60.4	84.61	69.44	84.61
60.6	84.85	69.37	84.85
60.8	85.05	69.19	85.05
61.0	85.2	68.94	85.2
61.2	85.32	68.68	85.32
61.4	85.4	68.65	85.4
61.6	85.45	68.74	85.45
61.8	85.49	68.85	85.49
62.0	85.52	68.96	85.52
62.2	85.57	69.05	85.57
62.4	85.67	69.07	85.67
62.6	85.83	69.01	85.83
62.8	86.01	68.89	86.01
63.0	86.19	68.71	86.19
63.2	86.36	68.46	86.36
63.4	86.52	68.13	86.52
63.6	86.62	67.63	86.62
63.8	86.7	67.07	86.7
64.0	86.73	66.47	86.73
64.2	86.73	65.85	86.73
64.4	86.68	65.23	86.68
64.6	86.54	64.68	86.54
64.8	86.35	64.16	86.35
65.0	86.1	63.67	86.1
65.2	85.81	63.18	85.81
65.4	85.48	62.71	85.48
65.6	85.08	62.2	85.08
65.8	84.6	61.62	84.6
66.0	84.1	61.09	84.1
66.2	83.63	60.66	83.63
66.4	83.19	60.34	83.19
66.6	82.82	60.21	82.82
66.8	82.65	60.54	82.65
67.0	82.55	61.0	82.55
67.2	82.51	61.56	82.51
67.4	82.51	62.17	82.51
67.6	82.56	62.8	82.56
67.8	82.63	63.28	82.63
68.0	82.72	63.73	82.72
68.2	82.84	64.14	82.84
68.4	82.97	64.51	82.97
68.6	83.11	64.83	83.11
68.8	83.24	65.03	83.24
69.0	83.37	65.17	83.37
69.2	83.5	65.27	83.5
69.4	83.62	65.33	83.62
69.6	83.74	65.37	83.74
69.8	83.86	65.45	83.86
70.0	83.97	65.53	83.97
70.2	84.07	65.58	84.07
70.4	84.16	65.58	84.16
70.6	84.22	65.54	84.22
70.8	84.25	65.39	84.25
71.0	84.26	65.14	84.26
71.2	84.23	64.83	84.23
71.4	84.18	64.48	84.18
71.6	84.1	64.09	84.1
71.8	83.98	63.68	83.98
72.0	83.81	63.26	83.81
72.2	83.62	62.81	83.62
72.4	83.4	62.33	83.4
72.6	83.15	61.83	83.15
72.8	82.89	61.27	82.89
73.0	82.6	60.59	82.6
73.2	82.29	59.92	82.29
73.4	81.99	59.32	81.99
73.6	81.69	58.8	81.69
73.8	81.39	58.44	81.39
74.0	81.15	58.56	81.15
74.2	80.92	58.79	80.92
74.4	80.7	59.07	80.7
74.6	80.47	59.37	80.47
74.8	80.25	59.63	80.25
75.0	79.93	59.49	79.93
75.2	79.62	59.28	79.62
75.4	79.35	59.07	79.35
75.6	79.13	58.9	79.13
75.8	79.0	58.82	79.0
76.0	79.12	59.1	79.12
76.2	79.32	59.47	79.32
76.4	79.55	59.89	79.55
76.6	79.81	60.33	79.81
76.8	80.05	60.76	80.05
77.0	80.19	61.09	80.19
77.2	80.3	61.38	80.3
77.4	80.37	61.6	80.37
77.6	80.4	61.75	80.4
77.8	80.39	61.79	80.39
78.0	80.28	61.65	80.28
78.2	80.15	61.42	80.15
78.4	79.99	61.13	79.99
78.6	79.81	60.79	79.81
78.8	79.62	60.41	79.62
79.0	79.5	60.07	79.5
79.2	79.37	59.72	79.37
79.4	79.24	59.35	79.24
79.6	79.09	58.97	79.09
79.8	78.94	58.58	78.94
80.0	78.75	58.17	78.75
80.2	78.54	57.75	78.54
80.4	78.31	57.35	78.31
80.6	78.07	56.96	78.07
80.8	77.82	56.59	77.82
81.0	77.55	56.26	77.55
81.2	77.26	55.97	77.26
81.4	76.97	55.72	76.97
81.6	76.7	55.52	76.7
81.8	76.44	55.38	76.44
82.0	76.22	55.31	76.22
82.2	76.06	55.32	76.06
82.4	75.93	55.39	75.93
82.6	75.83	55.53	75.83
82.8	75.76	55.72	75.76
83.0	75.71	55.96	75.71
83.2	75.63	56.21	75.63
83.4	75.58	56.52	75.58
83.6	75.6	56.91	75.6
83.8	75.69	57.39	75.69
84.0	75.9	58.01	75.9
84.2	76.36	58.97	76.36
84.4	76.89	59.98	76.89
84.6	77.47	60.98	77.47
84.8	78.07	61.92	78.07
85.0	78.62	62.68	78.62
85.2	79.03	63.04	79.03
85.4	79.41	63.26	79.41
85.6	79.78	63.36	79.78
85.8	80.12	63.37	80.12
86.0	80.46	63.32	80.46
86.2	80.81	63.28	80.81
86.4	81.16	63.19	81.16
86.6	81.51	63.06	81.51
86.8	81.86	62.89	81.86
87.0	82.21	62.7	82.21
87.2	82.56	62.45	82.56
87.4	82.92	62.18	82.92
87.6	83.29	61.91	83.29
87.8	83.68	61.64	83.68
88.0	84.08	61.4	84.08
88.2	84.55	61.22	84.55
88.4	85.09	61.14	85.09
88.6	85.63	61.08	85.63
88.8	86.18	61.05	86.18
89.0	86.7	61.02	86.7
89.2	87.18	61.0	87.18
89.4	87.58	60.96	87.58
89.6	87.93	60.91	87.93
89.8	88.23	60.84	88.23
90.0	88.46	60.77	88.46
90.2	88.63	60.69	88.63
90.4	88.7	60.5	88.7
90.6	88.69	60.28	88.69
90.8	88.62	60.09	88.62
91.0	88.5	59.94	88.5
91.2	88.34	59.85	88.34
91.4	88.12	59.89	88.12
91.6	87.84	60.1	87.84
91.8	87.55	60.41	87.55
92.0	87.27	60.8	87.27
92.2	87.03	61.28	87.03
92.4	86.85	61.86	86.85
92.6	86.79	62.61	86.79
92.8	86.8	63.41	86.8
93.0	86.89	64.22	86.89
93.2	87.06	65.01	87.06
93.4	87.34	65.72	87.34
93.6	87.84	66.15	87.84
93.8	88.4	66.52	88.4
94.0	89.01	66.86	89.01
94.2	89.64	67.2	89.64
94.4	90.26	67.55	90.26
94.6	90.75	68.16	90.75
94.8	91.2	68.8	91.2
95.0	91.61	69.41	91.61
95.2	91.96	69.98	91.96
95.4	92.25	70.48	92.25
95.6	92.43	70.67	92.43
95.8	92.53	70.69	92.53
96.0	92.58	70.64	92.58
96.2	92.6	70.56	92.6
96.4	92.58	70.48	92.58
96.6	92.59	70.51	92.59
96.8	92.65	70.73	92.65
97.0	92.68	70.95	92.68
97.2	92.66	71.16	92.66
97.4	92.58	71.33	92.58
97.6	92.42	71.42	92.42
97.8	92.06	71.32	92.06
98.0	91.63	71.13	91.63
98.2	91.14	70.86	91.14
98.4	90.6	70.53	90.6
98.6	90.03	70.12	90.03
98.8	89.44	69.65	89.44
99.0	88.84	69.13	88.84
99.2	88.24	68.55	88.24
99.4	87.66	67.91	87.66
99.6	87.1	67.21	87.1
99.8	86.61	66.3	86.61
100.0	86.17	65.26	86.17
100.2	85.78	64.28	85.78
100.4	85.45	63.43	85.45
100.6	85.19	62.78	85.19
100.8	85.03	62.64	85.03
101.0	84.98	63.12	84.98
101.2	84.99	63.78	84.99
101.4	85.04	64.57	85.04
101.6	85.13	65.39	85.13
101.8	85.22	66.05	85.22
102.0	85.31	66.39	85.31
102.2	85.4	66.67	85.4
102.4	85.5	66.92	85.5
102.6	85.6	67.17	85.6
102.8	85.69	67.48	85.69
103.0	85.79	67.93	85.79
103.2	85.87	68.38	85.87
103.4	85.93	68.8	85.93
103.6	85.96	69.18	85.96
103.8	85.94	69.46	85.94
104.0	85.83	69.54	85.83
104.2	85.68	69.55	85.68
104.4	85.51	69.5	85.51
104.6	85.33	69.37	85.33
104.8	85.15	69.2	85.15
105.0	84.98	68.87	84.98
105.2	84.82	68.53	84.82
105.4	84.69	68.21	84.69
105.6	84.59	67.94	84.59
105.8	84.53	67.75	84.53
106.0	84.6	67.93	84.6
106.2	84.73	68.25	84.73
106.4	84.87	68.64	84.87
106.6	85.02	69.04	85.02
106.8	85.16	69.42	85.16
107.0	85.21	69.69	85.21
107.2	85.21	69.87	85.21
107.4	85.18	69.95	85.18
107.6	85.12	69.92	85.12
107.8	85.02	69.76	85.02
108.0	84.85	69.23	84.85
108.2	84.63	68.48	84.63
108.4	84.43	67.69	84.43
108.6	84.25	66.94	84.25
108.8	84.12	66.28	84.12
109.0	84.17	66.11	84.17
109.2	84.32	66.2	84.32
109.4	84.52	66.4	84.52
109.6	84.76	66.65	84.76
109.8	85.02	66.92	85.02
110.0	85.27	66.99	85.27
110.2	85.51	67.01	85.51
110.4	85.74	67.0	85.74
110.6	85.96	66.98	85.96
110.8	86.15	66.95	86.15
111.0	86.28	66.97	86.28
111.2	86.39	66.99	86.39
111.4	86.47	66.98	86.47
111.6	86.52	66.96	86.52
111.8	86.54	66.88	86.54
112.0	86.53	66.65	86.53
112.2	86.49	66.41	86.49
112.4	86.44	66.18	86.44
112.6	86.37	65.99	86.37
112.8	86.29	65.86	86.29
113.0	86.24	66.11	86.24
113.2	86.17	66.43	86.17
113.4	86.09	66.78	86.09
113.6	85.99	67.11	85.99
113.8	85.87	67.37	85.87
114.0	85.68	67.31	85.68
114.2	85.42	66.94	85.42
114.4	85.15	66.53	85.15
114.6	84.91	66.13	84.91
114.8	84.69	65.8	84.69
115.0	84.56	65.7	84.56
115.2	84.57	66.06	84.57
115.4	84.63	66.53	84.63
115.6	84.73	67.05	84.73
115.8	84.88	67.59	84.88
116.0	85.06	68.09	85.06
116.2	85.24	68.27	85.24
116.4	85.43	68.4	85.43
116.6	85.66	68.5	85.66
116.8	85.92	68.58	85.92
117.0	86.22	68.68	86.22
117.2	86.55	68.9	86.55
117.4	86.92	69.15	86.92
117.6	87.32	69.4	87.32
117.8	87.75	69.65	87.75
118.0	88.21	69.88	88.21
118.2	88.75	70.0	88.75
118.4	89.31	70.11	89.31
118.6	89.87	70.23	89.87
118.8	90.41	70.36	90.41
119.0	90.92	70.55	90.92
119.2	91.34	70.92	91.34
119.4	91.72	71.31	91.72
119.6	92.05	71.68	92.05
119.8	92.34	72.0	92.34
120.0	92.57	72.2	92.57
120.2	92.75	72.2	92.75
120.4	92.88	72.1	92.88
120.6	92.96	71.93	92.96
120.8	92.99	71.7	92.99
121.0	92.95	71.4	92.95
121.2	92.83	71.04	92.83
121.4	92.67	70.65	92.67
121.6	92.46	70.25	92.46
121.8	92.23	69.85	92.23
122.0	91.97	69.47	91.97
122.2	91.7	69.22	91.7
122.4	91.42	69.01	91.42
122.6	91.13	68.83	91.13
122.8	90.84	68.68	90.84
123.0	90.55	68.57	90.55
123.2	90.3	68.47	90.3
123.4	90.1	68.39	90.1
123.6	89.89	68.34	89.89
123.8	89.68	68.3	89.68
124.0	89.45	68.28	89.45
124.2	89.2	68.27	89.2
124.4	88.83	68.25	88.83
124.6	88.43	68.25	88.43
124.8	88.02	68.26	88.02
125.0	87.62	68.3	87.62
125.2	87.22	68.36	87.22
125.4	86.87	68.46	86.87
125.6	86.57	68.61	86.57
125.8	86.29	68.77	86.29
126.0	86.05	68.95	86.05
126.2	85.85	69.13	85.85
126.4	85.67	69.27	85.67
126.6	85.52	69.34	85.52
126.8	85.42	69.43	85.42
127.0	85.38	69.56	85.38
127.2	85.42	69.77	85.42
127.4	85.57	70.12	85.57
127.6	85.88	70.66	85.88
127.8	86.24	71.27	86.24
128.0	86.66	71.94	86.66
128.2	87.11	72.63	87.11
128.4	87.56	73.34	87.56
128.6	88.02	74.04	88.02
128.8	88.46	74.7	88.46
129.0	88.89	75.31	88.89
129.2	89.28	75.83	89.28
129.4	89.59	76.14	89.59
129.6	89.85	76.3	89.85
129.8	90.05	76.38	90.05
130.0	90.22	76.39	90.22
130.2	90.34	76.36	90.34
130.4	90.39	76.31	90.39
130.6	90.39	76.25	90.39
130.8	90.37	76.18	90.37
131.0	90.32	76.09	90.32
131.2	90.27	76.01	90.27
131.4	90.26	75.99	90.26
131.6	90.3	76.01	90.3
131.8	90.31	76.03	90.31
132.0	90.28	76.02	90.28
132.2	90.19	75.98	90.19
132.4	90.0	75.84	90.0
132.6	89.63	75.57	89.63
132.8	89.21	75.27	89.21
133.0	88.73	74.94	88.73
133.2	88.23	74.6	88.23
133.4	87.71	74.28	87.71
133.6	87.19	74.0	87.19
133.8	86.68	73.75	86.68
134.0	86.19	73.55	86.19
134.2	85.72	73.39	85.72
134.4	85.3	73.29	85.3
134.6	84.95	73.3	84.95
134.8	84.64	73.36	84.64
135.0	84.38	73.47	84.38
135.2	84.17	73.64	84.17
135.4	84.01	73.88	84.01
135.6	83.92	74.19	83.92
135.8	83.87	74.52	83.87
136.0	83.85	74.87	83.85
136.2	83.86	75.2	83.86
136.4	83.9	75.46	83.9
136.6	83.96	75.64	83.96
136.8	84.02	75.78	84.02
137.0	84.08	75.89	84.08
137.2	84.13	75.98	84.13
137.4	84.14	76.05	84.14
137.6	84.09	76.13	84.09
137.8	84.02	76.17	84.02
138.0	83.93	76.19	83.93
138.2	83.82	76.17	83.82
138.4	83.69	76.08	83.69
138.6	83.51	75.86	83.51
138.8	83.34	75.64	83.34
139.0	83.17	75.43	83.17
139.2	83.03	75.27	83.03
139.4	82.92	75.19	82.92
139.6	82.88	75.45	82.88
139.8	82.88	75.76	82.88
140.0	82.95	76.1	82.95
140.2	83.07	76.43	83.07
140.4	83.26	76.71	83.26
140.6	83.64	76.74	83.64
140.8	84.09	76.67	84.09
141.0	84.57	76.54	84.57
141.2	85.06	76.38	85.06
141.4	85.53	76.2	85.53
141.6	85.86	75.99	85.86
141.8	86.12	75.78	86.12
142.0	86.36	75.63	86.36
142.2	86.59	75.54	86.59
142.4	86.82	75.54	86.82
142.6	87.13	75.93	87.13
142.8	87.46	76.44	87.46
143.0	87.79	76.98	87.79
143.2	88.11	77.48	88.11
143.4	88.42	77.88	88.42
143.6	88.65	77.77	88.65
143.8	88.86	77.58	88.86
144.0	89.05	77.37	89.05
144.2	89.23	77.18	89.23
144.4	89.42	77.22	89.42
144.6	89.63	77.57	89.63
144.8	89.82	77.97	89.82
145.0	90.0	78.38	90.0
145.2	90.15	78.74	90.15
145.4	90.26	78.88	90.26
145.6	90.33	78.81	90.33
145.8	90.36	78.65	90.36
146.0	90.35	78.4	90.35
146.2	90.29	78.06	90.29
146.4	90.17	77.63	90.17
146.6	89.99	77.13	89.99
146.8	89.76	76.6	89.76
147.0	89.48	76.04	89.48
147.2	89.17	75.48	89.17
147.4	88.8	74.95	88.8
147.6	88.39	74.46	88.39
147.8	87.95	74.02	87.95
148.0	87.5	73.64	87.5
148.2	87.04	73.32	87.04
148.4	86.6	73.1	86.6
148.6	86.23	73.16	86.23
148.8	85.87	73.28	85.87
149.0	85.54	73.45	85.54
149.2	85.22	73.64	85.22
149.4	84.92	73.82	84.92
149.6	84.63	73.83	84.63
149.8	84.35	73.76	84.35
150.0	84.1	73.65	84.1
150.2	83.86	73.54	83.86
150.4	83.65	73.42	83.65
150.6	83.43	73.32	83.43
150.8	83.21	73.25	83.21
151.0	83.03	73.21	83.03
151.2	82.91	73.22	82.91
151.4	82.87	73.3	82.87
151.6	82.94	73.46	82.94
151.8	83.2	73.78	83.2
152.0	83.57	74.18	83.57
152.2	84.02	74.64	84.02
152.4	84.55	75.15	84.55
152.6	85.15	75.7	85.15
152.8	85.79	76.3	85.79
153.0	86.48	76.91	86.48
153.2	87.23	77.53	87.23
153.4	88.04	78.13	88.04
153.6	88.94	78.68	88.94
153.8	89.96	79.11	89.96
154.0	91.01	79.51	91.01
154.2	92.05	79.91	92.05
154.4	93.06	80.31	93.06
154.6	93.97	80.82	93.97
154.8	94.75	81.48	94.75
155.0	95.43	82.12	95.43
155.2	96.03	82.67	96.03
155.4	96.52	83.1	96.52
155.6	96.88	83.18	96.88
155.8	97.12	82.93	97.12
156.0	97.25	82.53	97.25
156.2	97.28	82.03	97.28
156.4	97.22	81.47	97.22
156.6	97.05	80.93	97.05
156.8	96.76	80.45	96.76
157.0	96.4	79.99	96.4
157.2	96.0	79.58	96.0
157.4	95.55	79.23	95.55
157.6	95.1	78.96	95.1
157.8	94.72	79.05	94.72
158.0	94.33	79.18	94.33
158.2	93.94	79.34	93.94
158.4	93.54	79.47	93.54
158.6	93.14	79.53	93.14
158.8	92.73	79.32	92.73
159.0	92.31	78.79	92.31
159.2	91.87	78.19	91.87
159.4	91.42	77.57	91.42
159.6	90.95	76.95	90.95
159.8	90.46	76.39	90.46
160.0	89.92	76.22	89.92
160.2	89.36	76.12	89.36
160.4	88.78	76.05	88.78
160.6	88.18	75.96	88.18
160.8	87.57	75.82	87.57
161.0	86.9	75.38	86.9
161.2	86.19	74.69	86.19
161.4	85.51	73.99	85.51
161.6	84.87	73.33	84.87
161.8	84.29	72.76	84.29
162.0	83.84	72.44	83.84
162.2	83.59	72.56	83.59
162.4	83.42	72.81	83.42
162.6	83.33	73.17	83.33
162.8	83.31	73.59	83.31
163.0	83.35	74.03	83.35
163.2	83.43	74.39	83.43
163.4	83.55	74.76	83.55
163.6	83.69	75.12	83.69
163.8	83.84	75.46	83.84
164.0	83.99	75.79	83.99
164.2	84.11	76.08	84.11
164.4	84.21	76.34	84.21
164.6	84.3	76.56	84.3
164.8	84.36	76.74	84.36
165.0	84.4	76.86	84.4
165.2	84.36	76.85	84.36
165.4	84.31	76.81	84.31
165.6	84.24	76.76	84.24
165.8	84.15	76.72	84.15
166.0	84.07	76.7	84.07
166.2	84.02	76.91	84.02
166.4	83.98	77.13	83.98
166.6	83.93	77.37	83.93
166.8	83.87	77.6	83.87
167.0	83.79	77.79	83.79
167.2	83.67	77.85	83.67
167.4	83.52	77.85	83.52
167.6	83.36	77.79	83.36
167.8	83.19	77.68	83.19
168.0	83.0	77.53	83.0
168.2	82.82	77.3	82.82
168.4	82.64	77.02	82.64
168.6	82.46	76.72	82.46
168.8	82.27	76.41	82.27
169.0	82.09	76.08	82.09
169.2	81.83	75.73	81.83
169.4	81.52	75.37	81.52
169.6	81.27	75.06	81.27
169.8	81.08	74.83	81.08
170.0	81.0	74.69	81.0
170.2	81.16	74.8	81.16
170.4	81.63	75.21	81.63
170.6	82.2	75.7	82.2
170.8	82.83	76.23	82.83
171.0	83.5	76.75	83.5
171.2	84.12	77.17	84.12
171.4	84.61	77.31	84.61
171.6	85.05	77.38	85.05
171.8	85.45	77.41	85.45
172.0	85.8	77.4	85.8
172.2	86.08	77.36	86.08
172.4	86.25	77.36	86.25
172.6	86.36	77.36	86.36
172.8	86.42	77.36	86.42
173.0	86.43	77.37	86.43
173.2	86.41	77.4	86.41
173.4	86.39	77.5	86.39
173.6	86.37	77.68	86.37
173.8	86.32	77.86	86.32
174.0	86.25	78.05	86.25
174.2	86.15	78.21	86.15
174.4	86.02	78.35	86.02
174.6	85.82	78.34	85.82
174.8	85.57	78.25	85.57
175.0	85.3	78.15	85.3
175.2	85.03	78.03	85.03
175.4	84.74	77.91	84.74
175.6	84.48	77.81	84.48
175.8	84.26	77.78	84.26
176.0	84.06	77.78	84.06
176.2	83.87	77.81	83.87
176.4	83.68	77.88	83.68
176.6	83.51	78.0	83.51
176.8	83.33	78.25	83.33
177.0	83.17	78.57	83.17
177.2	83.01	78.9	83.01
177.4	82.86	79.22	82.86
177.6	82.73	79.49	82.73
177.8	82.57	79.63	82.57
178.0	82.37	79.55	82.37
178.2	82.22	79.43	82.22
178.4	82.13	79.31	82.13
178.6	82.14	79.21	82.14
178.8	82.28	79.17	82.28
179.0	82.67	79.35	82.67
179.2	83.18	79.59	83.18
179.4	83.8	79.86	83.8
179.6	84.51	80.18	84.51
179.8	85.31	80.52	85.31
180.0	86.23	80.9	86.23
180.2	87.18	81.26	87.18
180.4	88.15	81.6	88.15
180.6	89.11	81.88	89.11
180.8	90.02	82.05	90.02
181.0	90.77	81.94	90.77
181.2	91.46	81.75	91.46
181.4	92.08	81.53	92.08
181.6	92.62	81.3	92.62
181.8	93.08	81.09	93.08
182.0	93.42	81.17	93.42
182.2	93.67	81.38	93.67
182.4	93.84	81.59	93.84
182.6	93.95	81.77	93.95
182.8	93.99	81.88	93.99
183.0	93.99	81.84	93.99
183.2	93.95	81.39	93.95
183.4	93.86	80.83	93.86
183.6	93.74	80.22	93.74
183.8	93.59	79.57	93.59
184.0	93.41	78.92	93.41
184.2	93.22	78.36	93.22
184.4	93.01	77.91	93.01
184.6	92.79	77.51	92.79
184.8	92.56	77.19	92.56
185.0	92.31	76.94	92.31
185.2	92.05	76.8	92.05
185.4	91.71	76.91	91.71
185.6	91.38	77.09	91.38
185.8	91.08	77.32	91.08
186.0	90.84	77.58	90.84
186.2	90.68	77.85	90.68
186.4	90.72	77.97	90.72
186.6	90.9	78.02	90.9
186.8	91.16	78.08	91.16
187.0	91.47	78.14	91.47
187.2	91.83	78.24	91.83
187.4	92.22	78.47	92.22
187.6	92.63	78.84	92.63
187.8	93.03	79.23	93.03
188.0	93.4	79.61	93.4
188.2	93.73	79.95	93.73
188.4	93.97	80.2	93.97
188.6	94.05	80.2	94.05
188.8	94.06	80.15	94.06
189.0	93.99	80.05	93.99
189.2	93.84	79.92	93.84
189.4	93.61	79.77	93.61
189.6	93.26	79.73	93.26
189.8	92.85	79.69	92.85
190.0	92.38	79.65	92.38
190.2	91.89	79.6	91.89
190.4	91.37	79.54	91.37
190.6	90.87	79.44	90.87
190.8	90.4	79.29	90.4
191.0	89.94	79.13	89.94
191.2	89.49	78.96	89.49
191.4	89.08	78.79	89.08
191.6	88.69	78.63	88.69
191.8	88.36	78.52	88.36
192.0	88.08	78.42	88.08
192.2	87.84	78.33	87.84
192.4	87.63	78.25	87.63
192.6	87.47	78.18	87.47
192.8	87.37	78.11	87.37
193.0	87.34	78.04	87.34
193.2	87.35	77.98	87.35
193.4	87.37	77.93	87.37
193.6	87.42	77.9	87.42
193.8	87.46	77.88	87.46
194.0	87.48	77.93	87.48
194.2	87.48	78.01	87.48
194.4	87.47	78.09	87.47
194.6	87.44	78.18	87.44
194.8	87.4	78.25	87.4
195.0	87.27	78.24	87.27
195.2	87.02	78.11	87.02
195.4	86.79	77.99	86.79
195.6	86.64	77.92	86.64
195.8	86.59	77.92	86.59
196.0	86.75	78.06	86.75
196.2	87.33	78.53	87.33
196.4	88.04	79.08	88.04
196.6	88.83	79.68	88.83
196.8	89.66	80.3	89.66
197.0	90.47	80.9	90.47
197.2	91.11	81.36	91.11
197.4	91.71	81.78	91.71
197.6	92.27	82.17	92.27
197.8	92.78	82.53	92.78
198.0	93.25	82.89	93.25
198.2	93.65	83.3	93.65
198.4	93.99	83.66	93.99
198.6	94.29	83.96	94.29
198.8	94.54	84.16	94.54
199.0	94.74	84.24	94.74
199.2	94.88	83.92	94.88
199.4	94.97	83.49	94.97
199.6	95.02	82.99	95.02
199.8	95.03	82.47	95.03
200.0	94.99	81.96	94.99
200.2	94.91	81.65	94.91
200.4	94.8	81.49	94.8
200.6	94.64	81.38	94.64
200.8	94.44	81.29	94.44
201.0	94.2	81.21	94.2
201.2	93.92	81.13	93.92
201.4	93.61	80.99	93.61
201.6	93.25	80.84	93.25
201.8	92.84	80.67	92.84
202.0	92.38	80.47	92.38
202.2	91.86	80.23	91.86
202.4	91.17	79.84	91.17
202.6	90.4	79.4	90.4
202.8	89.64	78.96	89.64
203.0	88.9	78.56	88.9
203.2	88.24	78.23	88.24
203.4	87.77	78.1	87.77
203.6	87.52	78.19	87.52
203.8	87.36	78.35	87.36
204.0	87.27	78.56	87.27
204.2	87.23	78.79	87.23
204.4	87.22	78.97	87.22
204.6	87.19	79.06	87.19
204.8	87.19	79.15	87.19
205.0	87.2	79.24	87.2
205.2	87.22	79.33	87.22
205.4	87.24	79.45	87.24
205.6	87.23	79.66	87.23
205.8	87.23	79.87	87.23
206.0	87.23	80.07	87.23
206.2	87.23	80.26	87.23
206.4	87.25	80.43	87.25
206.6	87.29	80.5	87.29
206.8	87.35	80.53	87.35
207.0	87.42	80.52	87.42
207.2	87.5	80.47	87.5
207.4	87.59	80.39	87.59
207.6	87.7	80.25	87.7
207.8	87.84	80.04	87.84
208.0	87.98	79.82	87.98
208.2	88.11	79.6	88.11
208.4	88.22	79.41	88.22
208.6	88.31	79.25	88.31
208.8	88.28	79.2	88.28
209.0	88.21	79.21	88.21
209.2	88.14	79.28	88.14
209.4	88.07	79.42	88.07
209.6	88.01	79.62	88.01
209.8	88.03	79.97	88.03
210.0	88.12	80.43	88.12
210.2	88.22	80.93	88.22
210.4	88.32	81.43	88.32
210.6	88.4	81.93	88.4
210.8	88.39	82.36	88.39
211.0	88.3	82.71	88.3
211.2	88.2	83.0	88.2
211.4	88.13	83.24	88.13
211.6	88.1	83.42	88.1
211.8	88.22	83.43	88.22
212.0	88.45	83.32	88.45
212.2	88.74	83.2	88.74
212.4	89.06	83.12	89.06
212.6	89.4	83.12	89.4
212.8	89.71	83.54	89.71
213.0	90.01	84.15	90.01
213.2	90.31	84.78	90.31
213.4	90.62	85.36	90.62
213.6	90.93	85.84	90.93
213.8	91.28	85.82	91.28
214.0	91.65	85.53	91.65
214.2	91.99	85.12	91.99
214.4	92.31	84.62	92.31
214.6	92.58	84.06	92.58
214.8	92.73	83.61	92.73
215.0	92.78	83.23	92.78
215.2	92.78	82.86	92.78
215.4	92.73	82.48	92.73
215.6	92.65	82.12	92.65
215.8	92.53	81.74	92.53
216.0	92.41	81.34	92.41
216.2	92.26	80.95	92.26
216.4	92.1	80.57	92.1
216.6	91.92	80.22	91.92
216.8	91.72	79.9	91.72
217.0	91.53	79.66	91.53
217.2	91.35	79.49	91.35
217.4	91.15	79.34	91.15
217.6	90.92	79.22	90.92
217.8	90.65	79.09	90.65
218.0	90.34	78.97	90.34
218.2	89.87	78.74	89.87
218.4	89.36	78.5	89.36
218.6	88.84	78.27	88.84
218.8	88.33	78.06	88.33
219.0	87.83	77.87	87.83
219.2	87.39	77.72	87.39
219.4	87.02	77.6	87.02
219.6	86.71	77.54	86.71
219.8	86.47	77.56	86.47
220.0	86.32	77.67	86.32
220.2	86.26	77.89	86.26
220.4	86.32	78.29	86.32
220.6	86.49	78.8	86.49
220.8	86.77	79.41	86.77
221.0	87.17	80.12	87.17
221.2	87.71	80.95	87.71
221.4	88.5	82.01	88.5
221.6	89.38	83.11	89.38
221.8	90.3	84.18	90.3
222.0	91.22	85.17	91.22
222.2	92.09	86.0	92.09
222.4	92.8	86.43	92.8
222.6	93.43	86.71	93.43
222.8	93.98	86.85	93.98
223.0	94.44	86.88	94.44
223.2	94.79	86.8	94.79
223.4	94.95	86.64	94.95
223.6	95.01	86.4	95.01
223.8	94.98	86.12	94.98
224.0	94.87	85.81	94.87
224.2	94.68	85.48	94.68
224.4	94.43	85.24	94.43
224.6	94.12	85.05	94.12
224.8	93.77	84.86	93.77
225.0	93.38	84.65	93.38
225.2	92.96	84.42	92.96
225.4	92.54	84.15	92.54
225.6	92.2	83.83	92.2
225.8	91.83	83.46	91.83
226.0	91.43	83.04	91.43
226.2	90.97	82.57	90.97
226.4	90.45	82.05	90.45
226.6	89.68	81.32	89.68
226.8	88.77	80.48	88.77
227.0	87.85	79.64	87.85
227.2	86.95	78.83	86.95
227.4	86.1	78.1	86.1
227.6	85.44	77.53	85.44
227.8	85.12	77.27	85.12
228.0	84.9	77.12	84.9
228.2	84.74	77.09	84.74
228.4	84.61	77.15	84.61
228.6	84.49	77.3	84.49
228.8	84.19	77.6	84.19
229.0	83.85	77.96	83.85
229.2	83.51	78.33	83.51
229.4	83.17	78.68	83.17
229.6	82.84	78.99	82.84
229.8	82.53	79.06	82.53
230.0	82.25	78.92	82.25
230.2	82.01	78.73	82.01
230.4	81.81	78.52	81.81
230.6	81.67	78.3	81.67
230.8	81.58	78.1	81.58
231.0	81.69	78.16	81.69
231.2	81.84	78.26	81.84
231.4	82.03	78.38	82.03
231.6	82.24	78.5	82.24
231.8	82.45	78.62	82.45
232.0	82.62	78.68	82.62
232.2	82.73	78.66	82.73
232.4	82.8	78.62	82.8
232.6	82.85	78.56	82.85
232.8	82.87	78.48	82.87
233.0	82.85	78.38	82.85
233.2	82.71	78.2	82.71
233.4	82.54	78.02	82.54
233.6	82.37	77.85	82.37
233.8	82.22	77.72	82.22
234.0	82.1	77.64	82.1
234.2	82.07	77.7	82.07
234.4	82.14	77.88	82.14
234.6	82.27	78.11	82.27
234.8	82.47	78.39	82.47
235.0	82.75	78.69	82.75
235.2	83.11	79.01	83.11
235.4	83.62	79.29	83.62
235.6	84.19	79.58	84.19
235.8	84.81	79.87	84.81
236.0	85.46	80.16	85.46
236.2	86.14	80.46	86.14
236.4	86.83	80.72	86.83
236.6	87.51	80.98	87.51
236.8	88.18	81.26	88.18
237.0	88.81	81.56	88.81
237.2	89.39	81.9	89.39
237.4	89.88	82.46	89.88
237.6	90.28	83.09	90.28
237.8	90.6	83.69	90.6
238.0	90.86	84.2	90.86
238.2	91.03	84.59	91.03
238.4	91.11	84.59	91.11
238.6	91.08	84.21	91.08
238.8	90.98	83.69	90.98
239.0	90.8	83.1	90.8
239.2	90.55	82.47	90.55
239.4	90.23	81.86	90.23
239.6	89.77	81.6	89.77
239.8	89.27	81.38	89.27
240.0	88.73	81.21	88.73
240.2	88.18	81.07	88.18
240.4	87.63	80.96	87.63
240.6	87.15	80.87	87.15
240.8	86.77	80.79	86.77
241.0	86.41	80.71	86.41
241.2	86.07	80.6	86.07
241.4	85.73	80.47	85.73
241.6	85.4	80.29	85.4
241.8	85.0	79.88	85.0
242.0	84.59	79.37	84.59
242.2	84.19	78.86	84.19
242.4	83.81	78.38	83.81
242.6	83.45	77.96	83.45
242.8	83.14	77.68	83.14
243.0	82.87	77.79	82.87
243.2	82.66	77.98	82.66
243.4	82.5	78.21	82.5
243.6	82.4	78.46	82.4
243.8	82.36	78.67	82.36
244.0	82.43	78.63	82.43
244.2	82.57	78.46	82.57
244.4	82.78	78.29	82.78
244.6	83.05	78.13	83.05
244.8	83.36	78.03	83.36
245.0	83.75	78.11	83.75
245.2	84.18	78.35	84.18
245.4	84.63	78.64	84.63
245.6	85.08	78.99	85.08
245.8	85.51	79.37	85.51
246.0	85.88	79.84	85.88
246.2	86.16	80.37	86.16
246.4	86.4	80.85	86.4
246.6	86.59	81.25	86.59
246.8	86.74	81.52	86.74
247.0	86.83	81.5	86.83
247.2	86.84	80.96	86.84
247.4	86.82	80.28	86.82
247.6	86.74	79.51	86.74
247.8	86.64	78.69	86.64
248.0	86.49	77.88	86.49
248.2	86.31	77.34	86.31
248.4	86.1	76.93	86.1
248.6	85.87	76.59	85.87
248.8	85.63	76.31	85.63
249.0	85.38	76.1	85.38
249.2	85.15	75.97	85.15
249.4	84.98	76.04	84.98
249.6	84.82	76.14	84.82
249.8	84.66	76.23	84.66
250.0	84.48	76.28	84.48
250.2	84.29	76.25	84.29
250.4	84.06	75.99	84.06
250.6	83.78	75.41	83.78
250.8	83.47	74.76	83.47
251.0	83.15	74.07	83.15
251.2	82.82	73.36	82.82
251.4	82.48	72.67	82.48
251.6	82.04	72.09	82.04
251.8	81.6	71.59	81.6
252.0	81.22	71.16	81.22
252.2	80.92	70.84	80.92
252.4	80.72	70.64	80.72
252.6	80.77	70.66	80.77
252.8	81.05	70.88	81.05
253.0	81.45	71.21	81.45
253.2	81.96	71.61	81.96
253.4	82.58	72.07	82.58
253.6	83.31	72.55	83.31
253.8	84.13	73.03	84.13
254.0	85.0	73.49	85.0
254.2	85.87	73.92	85.87
254.4	86.71	74.29	86.71
254.6	87.47	74.52	87.47
254.8	88.07	74.55	88.07
255.0	88.6	74.52	88.6
255.2	89.07	74.43	89.07
255.4	89.48	74.3	89.48
255.6	89.81	74.19	89.81
255.8	90.07	74.17	90.07
256.0	90.27	74.12	90.27
256.2	90.42	74.04	90.42
256.4	90.53	73.92	90.53
256.6	90.61	73.74	90.61
256.8	90.71	73.38	90.71
257.0	90.77	72.96	90.77
257.2	90.79	72.49	90.79
257.4	90.76	71.99	90.76
257.6	90.68	71.47	90.68
257.8	90.52	70.95	90.52
258.0	90.29	70.44	90.29
258.2	89.99	69.95	89.99
258.4	89.62	69.46	89.62
258.6	89.18	68.99	89.18
258.8	88.65	68.56	88.65
259.0	87.91	68.19	87.91
259.2	87.14	67.85	87.14
259.4	86.38	67.53	86.38
259.6	85.65	67.25	85.65
259.8	84.98	66.98	84.98
260.0	84.6	66.72	84.6
260.2	84.37	66.48	84.37
260.4	84.21	66.26	84.21
260.6	84.12	66.08	84.12
260.8	84.06	65.92	84.06
261.0	83.99	65.86	83.99
261.2	83.91	65.87	83.91
261.4	83.84	65.89	83.84
261.6	83.76	65.89	83.76
261.8	83.69	65.85	83.69
262.0	83.6	65.67	83.6
262.2	83.47	65.3	83.47
262.4	83.34	64.89	83.34
262.6	83.21	64.47	83.21
262.8	83.07	64.05	83.07
263.0	82.94	63.7	82.94
263.2	82.82	63.56	82.82
263.4	82.7	63.46	82.7
263.6	82.58	63.38	82.58
263.8	82.46	63.32	82.46
264.0	82.33	63.26	82.33
264.2	82.19	63.08	82.19
264.4	82.04	62.84	82.04
264.6	81.88	62.62	81.88
264.8	81.71	62.41	81.71
265.0	81.51	62.24	81.51
265.2	81.3	62.17	81.3
265.4	81.06	62.29	81.06
265.6	80.8	62.45	80.8
265.8	80.51	62.63	80.51
266.0	80.2	62.81	80.2
266.2	79.86	62.97	79.86
266.4	79.34	62.91	79.34
266.6	78.81	62.81	78.81
266.8	78.32	62.72	78.32
267.0	77.92	62.69	77.92
267.2	77.64	62.73	77.64
267.4	77.71	63.01	77.71
267.6	78.01	63.45	78.01
267.8	78.45	63.97	78.45
268.0	79.02	64.56	79.02
268.2	79.7	65.21	79.7
268.4	80.45	65.98	80.45
268.6	81.28	66.78	81.28
268.8	82.17	67.55	82.17
269.0	83.11	68.25	83.11
269.2	84.09	68.84	84.09
269.4	85.14	69.12	85.14
269.6	86.2	69.19	86.2
269.8	87.25	69.12	87.25
270.0	88.25	68.94	88.25
270.2	89.19	68.66	89.19
270.4	89.94	68.31	89.94
270.6	90.54	67.89	90.54
270.8	91.05	67.43	91.05
271.0	91.48	66.93	91.48
271.2	91.83	66.4	91.83
271.4	92.14	65.87	92.14
271.6	92.42	65.37	92.42
271.8	92.64	64.87	92.64
272.0	92.78	64.38	92.78
272.2	92.85	63.9	92.85
272.4	92.83	63.44	92.83
272.6	92.69	62.99	92.69
272.8	92.46	62.56	92.46
273.0	92.15	62.18	92.15
273.2	91.76	61.86	91.76
273.4	91.3	61.61	91.3
273.6	90.74	61.49	90.74
273.8	90.05	61.55	90.05
274.0	89.34	61.67	89.34
274.2	88.61	61.82	88.61
274.4	87.9	61.98	87.9
274.6	87.23	62.12	87.23
274.8	86.74	62.08	86.74
275.0	86.3	62.01	86.3
275.2	85.93	61.94	85.93
275.4	85.62	61.87	85.62
275.6	85.36	61.82	85.36
275.8	85.21	61.87	85.21
276.0	85.12	61.97	85.12
276.2	85.07	62.1	85.07
276.4	85.04	62.24	85.04
276.6	85.04	62.39	85.04
276.8	85.02	62.56	85.02
277.0	84.97	62.75	84.97
277.2	84.91	62.91	84.91
277.4	84.86	63.03	84.86
277.6	84.8	63.1	84.8
277.8	84.73	63.07	84.73
278.0	84.67	62.78	84.67
278.2	84.6	62.43	84.6
278.4	84.51	62.04	84.51
278.6	84.41	61.62	84.41
278.8	84.28	61.21	84.28
279.0	84.11	60.9	84.11
279.2	83.89	60.66	83.89
279.4	83.66	60.47	83.66
279.6	83.41	60.31	83.41
279.8	83.14	60.19	83.14
280.0	82.88	60.13	82.88
280.2	82.68	60.17	82.68
280.4	82.46	60.24	82.46
280.6	82.21	60.32	82.21
280.8	81.92	60.4	81.92
281.0	81.57	60.46	81.57
281.2	81.02	60.38	81.02
281.4	80.32	60.2	80.32
281.6	79.62	60.03	79.62
281.8	78.97	59.89	78.97
282.0	78.39	59.81	78.39
282.2	78.05	59.88	78.05
282.4	78.03	60.16	78.03
282.6	78.12	60.52	78.12
282.8	78.29	60.93	78.29
283.0	78.51	61.38	78.51
283.2	78.72	61.86	78.72
283.4	78.83	62.36	78.83
283.6	78.94	62.84	78.94
283.8	79.05	63.28	79.05
284.0	79.15	63.67	79.15
284.2	79.24	63.99	79.24
284.4	79.34	64.09	79.34
284.6	79.44	64.1	79.44
284.8	79.52	64.03	79.52
285.0	79.58	63.88	79.58
285.2	79.63	63.66	79.63
285.4	79.62	63.34	79.62
285.6	79.56	62.95	79.56
285.8	79.48	62.53	79.48
286.0	79.39	62.1	79.39
286.2	79.29	61.68	79.29
286.4	79.19	61.31	79.19
286.6	79.12	61.08	79.12
286.8	79.04	60.89	79.04
287.0	78.96	60.73	78.96
287.2	78.86	60.6	78.86
287.4	78.74	60.5	78.74
287.6	78.58	60.4	78.58
287.8	78.38	60.3	78.38
