0.2	86.85	49.89	86.85
0.4	87.37	50.52	87.37
0.6	87.82	51.07	87.82
0.8	88.2	51.52	88.2
1.0	88.52	51.88	88.52
1.2	88.77	52.14	88.77
1.4	88.96	52.3	88.96
1.6	89.1	52.35	89.1
1.8	89.18	52.27	89.18
2.0	89.2	52.0	89.2
2.2	89.17	51.69	89.17
2.4	89.11	51.36	89.11
2.6	89.0	51.11	89.0
2.8	88.84	50.99	88.84
3.0	88.68	50.93	88.68
3.2	88.54	50.93	88.54
3.4	88.47	50.99	88.47
3.6	88.48	51.13	88.48
3.8	88.56	51.29	88.56
4.0	88.72	51.49	88.72
4.2	89.02	51.7	89.02
4.4	89.53	51.91	89.53
4.6	90.05	52.1	90.05
4.8	90.5	52.25	90.5
5.0	90.73	52.32	90.73
5.2	90.62	52.27	90.62
5.4	90.38	52.16	90.38
5.6	90.05	51.99	90.05
5.8	89.67	51.75	89.67
6.0	89.3	51.44	89.3
6.2	88.91	51.1	88.91
6.4	88.51	50.76	88.51
6.6	88.11	50.44	88.11
6.8	87.7	50.16	87.7
7.0	87.34	49.93	87.34
7.2	87.06	49.79	87.06
7.4	86.9	49.75	86.9
7.6	86.97	49.92	86.97
7.8	87.14	50.17	87.14
8.0	87.4	50.48	87.4
8.2	87.73	50.79	87.73
8.4	88.1	51.07	88.1
8.6	88.51	51.36	88.51
8.8	88.96	51.66	88.96
9.0	89.42	52.01	89.42
9.2	89.89	52.39	89.89
9.4	90.38	52.75	90.38
9.6	90.87	53.08	90.87
9.8	91.38	53.36	91.38
10.0	91.89	53.56	91.89
10.2	92.4	53.66	92.4
10.4	92.9	53.6	92.9
10.6	93.42	53.3	93.42
10.8	93.88	52.94	93.88
11.0	94.23	52.55	94.23
11.2	94.34	52.34	94.34
11.4	94.3	52.19	94.3
11.6	94.14	52.01	94.14
11.8	93.87	51.68	93.87
12.0	93.52	51.12	93.52
12.2	93.14	50.52	93.14
12.4	92.77	49.97	92.77
12.6	92.52	49.61	92.52
12.8	92.44	49.52	92.44
13.0	92.42	49.54	92.42
13.2	92.44	49.66	92.44
13.4	92.47	49.85	92.47
13.6	92.48	50.09	92.48
13.8	92.49	50.36	92.49
14.0	92.51	50.63	92.51
14.2	92.55	50.88	92.55
14.4	92.6	51.08	92.6
14.6	92.62	51.2	92.62
14.8	92.58	51.24	92.58
15.0	92.39	51.09	92.39
15.2	92.06	50.76	92.06
15.4	91.66	50.36	91.66
15.6	91.23	49.92	91.23
15.8	90.84	49.49	90.84
16.0	90.47	49.09	90.47
16.2	90.1	48.72	90.1
16.4	89.73	48.36	89.73
16.6	89.35	48.07	89.35
16.8	88.96	47.84	88.96
17.0	88.57	47.65	88.57
17.2	88.2	47.49	88.2
17.4	87.83	47.32	87.83
17.6	87.47	47.13	87.47
17.8	87.15	46.98	87.15
18.0	86.86	46.9	86.86
18.2	86.62	46.91	86.62
18.4	86.45	47.16	86.45
18.6	86.36	47.5	86.36
18.8	86.34	47.92	86.34
19.0	86.41	48.41	86.41
19.2	86.66	48.92	86.66
19.4	86.98	49.46	86.98
19.6	87.36	50.02	87.36
19.8	87.74	50.59	87.74
20.0	88.1	51.22	88.1
20.2	88.42	51.79	88.42
20.4	88.71	52.27	88.71
20.6	88.94	52.53	88.94
20.8	89.06	52.44	89.06
21.0	89.12	52.23	89.12
21.2	89.14	51.96	89.14
21.4	89.1	51.73	89.1
21.6	89.02	51.65	89.02
21.8	88.91	51.57	88.91
22.0	88.78	51.45	88.78
22.2	88.61	51.21	88.61
22.4	88.42	50.77	88.42
22.6	88.23	50.3	88.23
22.8	88.05	49.86	88.05
23.0	87.89	49.49	87.89
23.2	87.78	49.39	87.78
23.4	87.7	49.39	87.7
23.6	87.67	49.47	87.67
23.8	87.67	49.62	87.67
24.0	87.79	49.87	87.79
24.2	87.94	50.15	87.94
24.4	88.11	50.43	88.11
24.6	88.27	50.68	88.27
24.8	88.38	50.76	88.38
25.0	88.45	50.76	88.45
25.2	88.49	50.72	88.49
25.4	88.5	50.67	88.5
25.6	88.49	50.7	88.49
25.8	88.45	50.75	88.45
26.0	88.38	50.77	88.38
26.2	88.28	50.75	88.28
26.4	88.16	50.6	88.16
26.6	88.0	50.35	88.0
26.8	87.83	50.06	87.83
27.0	87.65	49.75	87.65
27.2	87.47	49.47	87.47
27.4	87.28	49.23	87.28
27.6	87.1	49.03	87.1
27.8	86.92	48.86	86.92
28.0	86.76	48.74	86.76
28.2	86.62	48.69	86.62
28.4	86.49	48.69	86.49
28.6	86.4	48.76	86.4
28.8	86.35	48.89	86.35
29.0	86.35	49.1	86.35
29.2	86.42	49.39	86.42
29.4	86.54	49.74	86.54
29.6	86.71	50.13	86.71
29.8	86.93	50.56	86.93
30.0	87.24	51.03	87.24
30.2	87.58	51.49	87.58
30.4	87.93	51.93	87.93
30.6	88.26	52.32	88.26
30.8	88.51	52.54	88.51
31.0	88.74	52.7	88.74
31.2	88.93	52.82	88.93
31.4	89.1	52.91	89.1
31.6	89.25	53.04	89.25
31.8	89.37	53.16	89.37
32.0	89.47	53.25	89.47
32.2	89.54	53.28	89.54
32.4	89.58	53.2	89.58
32.6	89.6	53.03	89.6
32.8	89.59	52.83	89.59
33.0	89.55	52.61	89.55
33.2	89.45	52.42	89.45
33.4	89.29	52.27	89.29
33.6	89.11	52.15	89.11
33.8	88.94	52.04	88.94
34.0	88.8	51.95	88.8
34.2	88.73	51.84	88.73
34.4	88.71	51.77	88.71
34.6	88.73	51.74	88.73
34.8	88.81	51.77	88.81
35.0	88.98	51.98	88.98
35.2	89.2	52.24	89.2
35.4	89.45	52.5	89.45
35.6	89.7	52.74	89.7
35.8	89.93	52.82	89.93
36.0	90.13	52.79	90.13
36.2	90.3	52.71	90.3
36.4	90.43	52.58	90.43
36.6	90.49	52.4	90.49
36.8	90.48	52.19	90.48
37.0	90.42	51.97	90.42
37.2	90.31	51.76	90.31
37.4	90.16	51.58	90.16
37.6	89.97	51.46	89.97
37.8	89.75	51.39	89.75
38.0	89.51	51.37	89.51
38.2	89.26	51.4	89.26
38.4	88.97	51.55	88.97
38.6	88.7	51.75	88.7
38.8	88.46	51.99	88.46
39.0	88.28	52.27	88.28
39.2	88.24	52.57	88.24
39.4	88.29	52.88	88.29
39.6	88.42	53.2	88.42
39.8	88.61	53.51	88.61
40.0	88.88	53.77	88.88
40.2	89.19	54.01	89.19
40.4	89.52	54.25	89.52
40.6	89.86	54.49	89.86
40.8	90.15	54.82	90.15
41.0	90.41	55.15	90.41
41.2	90.64	55.45	90.64
41.4	90.83	55.71	90.83
41.6	90.98	55.81	90.98
41.8	91.08	55.82	91.08
42.0	91.14	55.77	91.14
42.2	91.14	55.68	91.14
42.4	91.0	55.52	91.0
42.6	90.79	55.35	90.79
42.8	90.59	55.2	90.59
43.0	90.44	55.12	90.44
43.2	90.49	55.21	90.49
43.4	90.7	55.45	90.7
43.6	90.99	55.76	90.99
43.8	91.34	56.14	91.34
44.0	91.76	56.59	91.76
44.2	92.2	57.07	92.2
44.4	92.65	57.57	92.65
44.6	93.08	58.06	93.08
44.8	93.44	58.56	93.44
45.0	93.73	59.03	93.73
45.2	93.93	59.37	93.93
45.4	94.03	59.53	94.03
45.6	93.95	59.22	93.95
45.8	93.73	58.63	93.73
46.0	93.43	57.92	93.43
46.2	93.07	57.15	93.07
46.4	92.69	56.56	92.69
46.6	92.3	56.06	92.3
46.8	91.88	55.61	91.88
47.0	91.46	55.23	91.46
47.2	91.01	54.91	91.01
47.4	90.55	54.66	90.55
47.6	90.14	54.5	90.14
47.8	89.78	54.44	89.78
48.0	89.54	54.54	89.54
48.2	89.44	54.81	89.44
48.4	89.42	55.15	89.42
48.6	89.47	55.5	89.47
48.8	89.57	55.8	89.57
49.0	89.73	55.98	89.73
49.2	89.89	56.13	89.89
49.4	90.04	56.25	90.04
49.6	90.13	56.34	90.13
49.8	90.11	56.39	90.11
50.0	90.05	56.44	90.05
50.2	89.97	56.51	89.97
50.4	89.88	56.68	89.88
50.6	89.78	56.96	89.78
50.8	89.67	57.24	89.67
51.0	89.54	57.49	89.54
51.2	89.38	57.59	89.38
51.4	89.16	57.5	89.16
51.6	88.95	57.38	88.95
51.8	88.77	57.27	88.77
52.0	88.64	57.25	88.64
52.2	88.6	57.38	88.6
52.4	88.63	57.58	88.63
52.6	88.71	57.84	88.71
52.8	88.89	58.17	88.89
53.0	89.15	58.57	89.15
53.2	89.46	58.98	89.46
53.4	89.81	59.38	89.81
53.6	90.19	59.73	90.19
53.8	90.58	60.01	90.58
54.0	90.93	60.23	90.93
54.2	91.22	60.39	91.22
54.4	91.34	60.45	91.34
54.6	91.31	60.44	91.31
54.8	91.21	60.35	91.21
55.0	91.05	60.22	91.05
55.2	90.84	59.98	90.84
55.4	90.59	59.7	90.59
55.6	90.36	59.42	90.36
55.8	90.14	59.16	90.14
56.0	90.01	59.02	90.01
56.2	89.97	58.99	89.97
56.4	90.0	59.02	90.0
56.6	90.1	59.1	90.1
56.8	90.32	59.22	90.32
57.0	90.66	59.36	90.66
57.2	91.05	59.56	91.05
57.4	91.46	59.82	91.46
57.6	91.86	60.22	91.86
57.8	92.24	60.72	92.24
58.0	92.59	61.21	92.59
58.2	92.89	61.63	92.89
58.4	93.14	61.86	93.14
58.6	93.32	61.94	93.32
58.8	93.41	61.91	93.41
59.0	93.41	61.79	93.41
59.2	93.18	61.54	93.18
59.4	92.88	61.21	92.88
59.6	92.54	60.85	92.54
59.8	92.23	60.48	92.23
60.0	92.07	60.12	92.07
60.2	91.99	59.82	91.99
60.4	91.98	59.6	91.98
60.6	92.06	59.49	92.06
60.8	92.29	59.71	92.29
61.0	92.61	60.06	92.61
61.2	92.96	60.45	92.96
61.4	93.33	60.83	93.33
61.6	93.67	61.01	93.67
61.8	93.97	61.11	93.97
62.0	94.21	61.15	94.21
62.2	94.36	61.14	94.36
62.4	94.32	61.11	94.32
62.6	94.19	61.04	94.19
62.8	93.98	60.91	93.98
63.0	93.71	60.73	93.71
63.2	93.42	60.46	93.42
63.4	93.09	60.13	93.09
63.6	92.74	59.77	92.74
63.8	92.37	59.38	92.37
64.0	91.92	58.92	91.92
64.2	91.45	58.45	91.45
64.4	91.05	58.07	91.05
64.6	90.73	57.82	90.73
64.8	90.66	57.94	90.66
65.0	90.8	58.38	90.8
65.2	91.03	58.9	91.03
65.4	91.31	59.41	91.31
65.6	91.6	59.68	91.6
65.8	91.87	59.71	91.87
66.0	92.1	59.68	92.1
66.2	92.27	59.61	92.27
66.4	92.27	59.63	92.27
66.6	92.13	59.71	92.13
66.8	91.93	59.77	91.93
67.0	91.67	59.81	91.67
67.2	91.41	59.77	91.41
67.4	91.13	59.66	91.13
67.6	90.85	59.51	90.85
67.8	90.57	59.3	90.57
68.0	90.28	58.98	90.28
68.2	90.01	58.59	90.01
68.4	89.78	58.24	89.78
68.6	89.62	57.98	89.62
68.8	89.6	57.98	89.6
69.0	89.72	58.22	89.72
69.2	89.9	58.57	89.9
69.4	90.12	58.99	90.12
69.6	90.34	59.43	90.34
69.8	90.55	59.86	90.55
70.0	90.76	60.28	90.76
70.2	90.98	60.66	90.98
70.4	91.22	60.92	91.22
70.6	91.44	61.1	91.44
70.8	91.62	61.22	91.62
71.0	91.72	61.26	91.72
71.2	91.7	61.26	91.7
71.4	91.58	61.17	91.58
71.6	91.38	61.01	91.38
71.8	91.06	60.73	91.06
72.0	90.57	60.25	90.57
72.2	90.05	59.74	90.05
72.4	89.52	59.24	89.52
72.6	89.06	58.83	89.06
72.8	88.77	58.66	88.77
73.0	88.56	58.58	88.56
73.2	88.45	58.59	88.45
73.4	88.42	58.7	88.42
73.6	88.53	58.87	88.53
73.8	88.72	59.12	88.72
74.0	88.98	59.44	88.98
74.2	89.33	59.84	89.33
74.4	89.78	60.39	89.78
74.6	90.24	60.92	90.24
74.8	90.68	61.39	90.68
75.0	91.01	61.65	91.01
75.2	91.21	61.67	91.21
75.4	91.31	61.57	91.31
75.6	91.31	61.39	91.31
75.8	91.18	61.16	91.18
76.0	90.94	60.89	90.94
76.2	90.62	60.59	90.62
76.4	90.25	60.28	90.25
76.6	89.85	59.97	89.85
76.8	89.43	59.67	89.43
77.0	89.0	59.41	89.0
77.2	88.58	59.2	88.58
77.4	88.16	59.12	88.16
77.6	87.77	59.13	87.77
77.8	87.43	59.19	87.43
78.0	87.16	59.29	87.16
78.2	87.04	59.36	87.04
78.4	87.06	59.38	87.06
78.6	87.17	59.45	87.17
78.8	87.35	59.59	87.35
79.0	87.58	59.9	87.58
79.2	87.88	60.53	87.88
79.4	88.17	61.15	88.17
79.6	88.43	61.69	88.43
79.8	88.61	61.95	88.61
80.0	88.64	61.68	88.64
80.2	88.6	61.26	88.6
80.4	88.49	60.76	88.49
80.6	88.29	60.33	88.29
80.8	88.01	60.13	88.01
81.0	87.68	59.96	87.68
81.2	87.31	59.81	87.31
81.4	86.91	59.62	86.91
81.6	86.47	59.31	86.47
81.8	86.05	59.0	86.05
82.0	85.69	58.71	85.69
82.2	85.39	58.48	85.39
82.4	85.27	58.34	85.27
82.6	85.26	58.29	85.26
82.8	85.36	58.33	85.36
83.0	85.56	58.48	85.56
83.2	85.97	58.88	85.97
83.4	86.46	59.37	86.46
83.6	86.97	59.88	86.97
83.8	87.46	60.36	87.46
84.0	87.85	60.64	87.85
84.2	88.17	60.85	88.17
84.4	88.39	60.99	88.39
84.6	88.49	61.08	88.49
84.8	88.37	61.13	88.37
85.0	88.18	61.13	88.18
85.2	87.94	61.08	87.94
85.4	87.72	60.97	87.72
85.6	87.54	60.77	87.54
85.8	87.42	60.58	87.42
86.0	87.36	60.42	87.36
86.2	87.41	60.39	87.41
86.4	87.63	60.57	87.63
86.6	87.93	60.81	87.93
86.8	88.29	61.08	88.29
87.0	88.72	61.37	88.72
87.2	89.21	61.65	89.21
87.4	89.69	61.87	89.69
87.6	90.12	61.99	90.12
87.8	90.4	61.92	90.4
88.0	90.45	61.55	90.45
88.2	90.41	61.07	90.41
88.4	90.28	60.54	90.28
88.6	90.09	60.02	90.09
88.8	89.89	59.6	89.89
89.0	89.64	59.21	89.64
89.2	89.36	58.86	89.36
89.4	89.06	58.54	89.06
89.6	88.7	58.26	88.7
89.8	88.34	58.02	88.34
90.0	88.0	57.86	88.0
90.2	87.7	57.76	87.7
90.4	87.48	57.79	87.48
90.6	87.39	57.98	87.39
90.8	87.35	58.21	87.35
91.0	87.37	58.46	87.37
91.2	87.45	58.68	87.45
91.4	87.59	58.79	87.59
91.6	87.75	58.86	87.75
91.8	87.94	58.93	87.94
92.0	88.13	58.99	88.13
92.2	88.3	59.1	88.3
92.4	88.46	59.2	88.46
92.6	88.59	59.29	88.59
92.8	88.68	59.34	88.68
93.0	88.67	59.34	88.67
93.2	88.61	59.29	88.61
93.4	88.51	59.2	88.51
93.6	88.38	59.05	88.38
93.8	88.21	58.77	88.21
94.0	88.01	58.4	88.01
94.2	87.82	58.04	87.82
94.4	87.65	57.73	87.65
94.6	87.54	57.51	87.54
94.8	87.5	57.52	87.5
95.0	87.54	57.65	87.54
95.2	87.67	57.88	87.67
95.4	87.89	58.21	87.89
95.6	88.33	58.73	88.33
95.8	88.87	59.33	88.87
96.0	89.45	59.95	89.45
96.2	90.03	60.56	90.03
96.4	90.55	61.1	90.55
96.6	91.03	61.55	91.03
96.8	91.43	61.89	91.43
97.0	91.74	62.1	91.74
97.2	91.84	61.97	91.84
97.4	91.85	61.71	91.85
97.6	91.78	61.39	91.78
97.8	91.64	61.05	91.64
98.0	91.44	60.85	91.44
98.2	91.22	60.7	91.22
98.4	91.0	60.6	91.0
98.6	90.83	60.57	90.83
98.8	90.75	60.7	90.75
99.0	90.75	60.91	90.75
99.2	90.84	61.15	90.84
99.4	91.03	61.39	91.03
99.6	91.42	61.56	91.42
99.8	91.92	61.69	91.92
100.0	92.44	61.79	92.44
100.2	92.94	61.87	92.94
100.4	93.29	61.92	93.29
100.6	93.53	61.96	93.53
100.8	93.69	61.98	93.69
101.0	93.76	61.99	93.76
101.2	93.71	62.01	93.71
101.4	93.58	62.0	93.58
101.6	93.36	61.94	93.36
101.8	93.05	61.82	93.05
102.0	92.63	61.54	92.63
102.2	92.16	61.22	92.16
102.4	91.7	60.9	91.7
102.6	91.26	60.61	91.26
102.8	90.89	60.37	90.89
103.0	90.61	60.22	90.61
103.2	90.42	60.18	90.42
103.4	90.4	60.35	90.4
103.6	90.64	60.86	90.64
103.8	90.96	61.46	90.96
104.0	91.31	62.04	91.31
104.2	91.6	62.49	91.6
104.4	91.74	62.66	91.74
104.6	91.82	62.73	91.82
104.8	91.84	62.7	91.84
105.0	91.8	62.62	91.8
105.2	91.68	62.48	91.68
105.4	91.51	62.28	91.51
105.6	91.29	62.03	91.29
105.8	91.0	61.71	91.0
106.0	90.66	61.34	90.66
106.2	90.3	60.98	90.3
106.4	89.94	60.65	89.94
106.6	89.6	60.4	89.6
106.8	89.3	60.24	89.3
107.0	89.05	60.16	89.05
107.2	88.88	60.16	88.88
107.4	88.86	60.34	88.86
107.6	88.94	60.62	88.94
107.8	89.1	60.93	89.1
108.0	89.32	61.23	89.32
108.2	89.61	61.37	89.61
108.4	89.94	61.45	89.94
108.6	90.26	61.53	90.26
108.8	90.55	61.62	90.55
109.0	90.78	61.95	90.78
109.2	90.92	62.25	90.92
109.4	90.97	62.44	90.97
109.6	90.86	62.35	90.86
109.8	90.5	61.7	90.5
110.0	90.04	60.93	90.04
110.2	89.53	60.15	89.53
110.4	89.01	59.57	89.01
110.6	88.53	59.42	88.53
110.8	88.1	59.39	88.1
111.0	87.73	59.43	87.73
111.2	87.47	59.48	87.47
111.4	87.37	59.4	87.37
111.6	87.37	59.35	87.37
111.8	87.48	59.35	87.48
112.0	87.7	59.43	87.7
112.2	88.09	59.68	88.09
112.4	88.54	59.99	88.54
112.6	89.0	60.36	89.0
112.8	89.43	60.78	89.43
113.0	89.76	61.27	89.76
113.2	90.02	61.71	90.02
113.4	90.2	62.04	90.2
113.6	90.25	62.08	90.25
113.8	90.18	61.82	90.18
114.0	90.03	61.45	90.03
114.2	89.85	61.02	89.85
114.4	89.61	60.58	89.61
114.6	89.37	60.19	89.37
114.8	89.18	59.89	89.18
115.0	89.09	59.74	89.09
115.2	89.3	60.03	89.3
115.4	89.66	60.51	89.66
115.6	90.08	61.07	90.08
115.8	90.5	61.64	90.5
116.0	90.83	62.07	90.83
116.2	91.11	62.41	91.11
116.4	91.32	62.62	91.32
116.6	91.43	62.62	91.43
116.8	91.41	62.32	91.41
117.0	91.31	61.9	91.31
117.2	91.11	61.44	91.11
117.4	90.82	61.08	90.82
117.6	90.42	60.86	90.42
117.8	89.98	60.66	89.98
118.0	89.52	60.46	89.52
118.2	89.08	60.19	89.08
118.4	88.68	59.84	88.68
118.6	88.32	59.5	88.32
118.8	88.02	59.22	88.02
119.0	87.83	59.07	87.83
119.2	87.74	59.08	87.74
119.4	87.75	59.17	87.75
119.6	87.86	59.35	87.86
119.8	88.11	59.62	88.11
120.0	88.49	59.96	88.49
120.2	88.9	60.3	88.9
120.4	89.31	60.62	89.31
120.6	89.59	60.81	89.59
120.8	89.8	60.92	89.8
121.0	89.97	60.98	89.97
121.2	90.12	60.99	90.12
121.4	90.27	60.99	90.27
121.6	90.38	60.94	90.38
121.8	90.44	60.86	90.44
122.0	90.35	60.72	90.35
122.2	90.14	60.52	90.14
122.4	89.91	60.31	89.91
122.6	89.71	60.12	89.71
122.8	89.63	59.93	89.63
123.0	89.66	59.79	89.66
123.2	89.78	59.77	89.78
123.4	90.0	59.91	90.0
123.6	90.41	60.52	90.41
123.8	90.91	61.24	90.91
124.0	91.46	61.96	91.46
124.2	92.06	62.49	92.06
124.4	92.67	62.67	92.67
124.6	93.26	62.77	93.26
124.8	93.79	62.81	93.79
125.0	94.22	62.99	94.22
125.2	94.52	63.21	94.52
125.4	94.71	63.35	94.71
125.6	94.75	63.32	94.75
125.8	94.54	62.89	94.54
126.0	94.22	62.36	94.22
126.2	93.82	61.79	93.82
126.4	93.37	61.36	93.37
126.6	92.89	61.14	92.89
126.8	92.44	61.0	92.44
127.0	92.07	60.92	92.07
127.2	91.87	60.87	91.87
127.4	91.89	60.85	91.89
127.6	92.03	60.89	92.03
127.8	92.25	61.0	92.25
128.0	92.56	61.24	92.56
128.2	92.93	61.6	92.93
128.4	93.31	61.99	93.31
128.6	93.67	62.36	93.67
128.8	93.94	62.67	93.94
129.0	94.11	62.88	94.11
129.2	94.19	62.96	94.19
129.4	94.15	62.88	94.15
129.6	93.89	62.38	93.89
129.8	93.51	61.69	93.51
130.0	93.04	60.94	93.04
130.2	92.54	60.22	92.54
130.4	92.0	59.78	92.0
130.6	91.49	59.46	91.49
130.8	91.02	59.27	91.02
131.0	90.64	59.23	90.64
131.2	90.47	59.47	90.47
131.4	90.41	59.8	90.41
131.6	90.44	60.18	90.44
131.8	90.55	60.53	90.55
132.0	90.77	60.72	90.77
132.2	91.03	60.88	91.03
132.4	91.28	61.01	91.28
132.6	91.48	61.13	91.48
132.8	91.59	61.27	91.59
133.0	91.65	61.38	91.65
133.2	91.65	61.46	91.65
133.4	91.58	61.5	91.58
133.6	91.45	61.5	91.45
133.8	91.24	61.45	91.24
134.0	90.94	61.32	90.94
134.2	90.42	61.0	90.42
134.4	89.86	60.64	89.86
134.6	89.32	60.3	89.32
134.8	88.86	60.06	88.86
135.0	88.63	60.03	88.63
135.2	88.5	60.1	88.5
135.4	88.46	60.26	88.46
135.6	88.5	60.49	88.5
135.8	88.59	60.78	88.59
136.0	88.8	61.14	88.8
136.2	89.12	61.57	89.12
136.4	89.67	62.08	89.67
136.6	90.37	62.65	90.37
136.8	91.12	63.24	91.12
137.0	91.86	63.83	91.86
137.2	92.47	64.43	92.47
137.4	93.01	64.96	93.01
137.6	93.48	65.37	93.48
137.8	93.85	65.5	93.85
138.0	94.13	65.4	94.13
138.2	94.32	65.2	94.32
138.4	94.43	64.98	94.43
138.6	94.43	64.85	94.43
138.8	94.38	64.74	94.38
139.0	94.31	64.68	94.31
139.2	94.29	64.72	94.29
139.4	94.33	64.86	94.33
139.6	94.37	65.02	94.37
139.8	94.39	65.15	94.39
140.0	94.34	65.16	94.34
140.2	94.23	65.07	94.23
140.4	94.07	64.91	94.07
140.6	93.87	64.68	93.87
140.8	93.62	64.33	93.62
141.0	93.33	63.92	93.33
141.2	93.01	63.51	93.01
141.4	92.66	63.15	92.66
141.6	92.26	62.97	92.26
141.8	91.86	62.9	91.86
142.0	91.5	62.88	91.5
142.2	91.23	62.89	91.23
142.4	91.11	62.88	91.11
142.6	91.09	62.91	91.09
142.8	91.13	63.0	91.13
143.0	91.27	63.27	91.27
143.2	91.48	63.65	91.48
143.4	91.65	63.96	91.65
143.6	91.72	64.1	91.72
143.8	91.56	63.81	91.56
144.0	91.29	63.35	91.29
144.2	90.92	62.77	90.92
144.4	90.48	62.13	90.48
144.6	89.98	61.46	89.98
144.8	89.43	60.81	89.43
145.0	88.85	60.21	88.85
145.2	88.25	59.78	88.25
145.4	87.65	59.44	87.65
145.6	87.07	59.18	87.07
145.8	86.53	59.0	86.53
146.0	86.05	58.93	86.05
146.2	85.64	58.91	85.64
146.4	85.33	58.93	85.33
146.6	85.15	58.96	85.15
146.8	85.2	58.9	85.2
147.0	85.35	58.87	85.35
147.2	85.57	58.91	85.57
147.4	85.85	59.08	85.85
147.6	86.15	59.54	86.15
147.8	86.45	60.05	86.45
148.0	86.72	60.55	86.72
148.2	86.89	60.9	86.89
148.4	86.89	60.98	86.89
148.6	86.85	60.98	86.85
148.8	86.81	60.91	86.81
149.0	86.85	60.86	86.85
149.2	87.03	60.85	87.03
149.4	87.21	60.83	87.21
149.6	87.37	60.79	87.37
149.8	87.46	60.73	87.46
150.0	87.39	60.62	87.39
150.2	87.28	60.5	87.28
150.4	87.14	60.37	87.14
150.6	86.97	60.23	86.97
150.8	86.77	60.0	86.77
151.0	86.59	59.81	86.59
151.2	86.47	59.68	86.47
151.4	86.43	59.66	86.43
151.6	86.62	59.96	86.62
151.8	86.94	60.43	86.94
152.0	87.34	60.96	87.34
152.2	87.78	61.48	87.78
152.4	88.24	61.87	88.24
152.6	88.7	62.13	88.7
152.8	89.13	62.32	89.13
153.0	89.52	62.44	89.52
153.2	89.81	62.48	89.81
153.4	90.02	62.46	90.02
153.6	90.16	62.39	90.16
153.8	90.23	62.27	90.23
154.0	90.25	62.14	90.25
154.2	90.21	61.98	90.21
154.4	90.12	61.77	90.12
154.6	89.97	61.5	89.97
154.8	89.74	61.06	89.74
155.0	89.47	60.56	89.47
155.2	89.18	60.07	89.18
155.4	88.88	59.61	88.88
155.6	88.58	59.28	88.58
155.8	88.3	59.09	88.3
156.0	88.06	59.01	88.06
156.2	87.89	59.04	87.89
156.4	87.84	59.27	87.84
156.6	87.96	59.75	87.96
156.8	88.16	60.3	88.16
157.0	88.43	60.84	88.43
157.2	88.77	61.3	88.77
157.4	89.17	61.48	89.17
157.6	89.59	61.61	89.59
157.8	89.97	61.69	89.97
158.0	90.28	61.8	90.28
158.2	90.46	62.0	90.46
158.4	90.56	62.17	90.56
158.6	90.58	62.27	90.58
158.8	90.51	62.2	90.51
159.0	90.36	61.95	90.36
159.2	90.16	61.65	90.16
159.4	89.91	61.32	89.91
159.6	89.62	61.05	89.62
159.8	89.31	60.85	89.31
160.0	89.02	60.69	89.02
160.2	88.76	60.57	88.76
160.4	88.6	60.47	88.6
160.6	88.56	60.39	88.56
160.8	88.59	60.38	88.59
161.0	88.68	60.46	88.68
161.2	88.86	60.72	88.86
161.4	89.13	61.23	89.13
161.6	89.41	61.77	89.41
161.8	89.67	62.27	89.67
162.0	89.83	62.61	89.83
162.2	89.87	62.7	89.87
162.4	89.82	62.67	89.82
162.6	89.67	62.53	89.67
162.8	89.41	62.24	89.41
163.0	89.02	61.84	89.02
163.2	88.55	61.37	88.55
163.4	88.02	60.84	88.02
163.6	87.42	60.3	87.42
163.8	86.76	59.75	86.76
164.0	86.09	59.24	86.09
164.2	85.45	58.79	85.45
164.4	84.87	58.43	84.87
164.6	84.43	58.27	84.43
164.8	84.08	58.21	84.08
165.0	83.83	58.27	83.83
165.2	83.7	58.43	83.7
165.4	83.74	58.75	83.74
165.6	83.91	59.16	83.91
165.8	84.16	59.61	84.16
166.0	84.47	60.07	84.47
166.2	84.81	60.46	84.81
166.4	85.15	60.78	85.15
166.6	85.5	61.06	85.5
166.8	85.84	61.31	85.84
167.0	86.15	61.56	86.15
167.2	86.42	61.75	86.42
167.4	86.64	61.88	86.64
167.6	86.8	61.91	86.8
167.8	86.81	61.67	86.81
168.0	86.76	61.38	86.76
168.2	86.69	61.08	86.69
168.4	86.61	60.86	86.61
168.6	86.57	60.93	86.57
168.8	86.56	61.1	86.56
169.0	86.62	61.36	86.62
169.2	86.76	61.69	86.76
169.4	87.07	62.09	87.07
169.6	87.45	62.53	87.45
169.8	87.9	62.98	87.9
170.0	88.42	63.43	88.42
170.2	89.02	63.85	89.02
170.4	89.6	64.22	89.6
170.6	90.14	64.53	90.14
170.8	90.52	64.71	90.52
171.0	90.73	64.75	90.73
171.2	90.87	64.73	90.87
171.4	90.94	64.63	90.94
171.6	91.01	64.47	91.01
171.8	91.05	64.27	91.05
172.0	91.02	64.07	91.02
172.2	90.94	63.9	90.94
172.4	90.7	63.92	90.7
172.6	90.42	63.98	90.42
172.8	90.14	64.02	90.14
173.0	89.88	64.02	89.88
173.2	89.73	63.71	89.73
173.4	89.65	63.4	89.65
173.6	89.65	63.12	89.65
173.8	89.73	62.95	89.73
174.0	89.98	63.15	89.98
174.2	90.29	63.46	90.29
174.4	90.64	63.85	90.64
174.6	91.02	64.32	91.02
174.8	91.4	64.85	91.4
175.0	91.75	65.31	91.75
175.2	92.05	65.61	92.05
175.4	92.2	65.5	92.2
175.6	92.21	65.01	92.21
175.8	92.16	64.4	92.16
176.0	92.05	63.76	92.05
176.2	91.97	63.38	91.97
176.4	91.86	63.09	91.86
176.6	91.68	62.84	91.68
176.8	91.41	62.6	91.41
177.0	90.79	62.25	90.79
177.2	90.15	61.94	90.15
177.4	89.57	61.69	89.57
177.6	89.14	61.55	89.14
177.8	89.29	61.73	89.29
178.0	89.68	62.03	89.68
178.2	90.19	62.39	90.19
178.4	90.78	62.76	90.78
178.6	91.34	63.05	91.34
178.8	91.84	63.25	91.84
179.0	92.3	63.39	92.3
179.2	92.67	63.44	92.67
179.4	92.85	63.32	92.85
179.6	92.9	63.09	92.9
179.8	92.87	62.81	92.87
180.0	92.8	62.53	92.8
180.2	92.73	62.28	92.73
180.4	92.64	62.06	92.64
180.6	92.54	61.92	92.54
180.8	92.44	61.86	92.44
181.0	92.31	62.01	92.31
181.2	92.21	62.25	92.21
181.4	92.16	62.55	92.16
181.6	92.19	62.9	92.19
181.8	92.43	63.27	92.43
182.0	92.75	63.65	92.75
182.2	93.14	64.02	93.14
182.4	93.57	64.36	93.57
182.6	94.08	64.62	94.08
182.8	94.58	64.83	94.58
183.0	95.01	64.96	95.01
183.2	95.33	65.03	95.33
183.4	95.36	65.0	95.36
183.6	95.27	64.89	95.27
183.8	95.09	64.7	95.09
184.0	94.84	64.42	94.84
184.2	94.59	64.02	94.59
184.4	94.28	63.57	94.28
184.6	93.9	63.07	93.9
184.8	93.43	62.56	93.43
185.0	92.76	62.06	92.76
185.2	92.05	61.57	92.05
185.4	91.35	61.12	91.35
185.6	90.69	60.72	90.69
185.8	90.21	60.43	90.21
186.0	89.87	60.23	89.87
186.2	89.62	60.11	89.62
186.4	89.48	60.09	89.48
186.6	89.45	60.19	89.45
186.8	89.52	60.42	89.52
187.0	89.7	60.73	89.7
187.2	89.96	61.1	89.96
187.4	90.33	61.51	90.33
187.6	90.82	61.93	90.82
187.8	91.34	62.37	91.34
188.0	91.88	62.82	91.88
188.2	92.39	63.33	92.39
188.4	92.85	63.88	92.85
188.6	93.25	64.33	93.25
188.8	93.56	64.62	93.56
189.0	93.71	64.46	93.71
189.2	93.75	64.06	93.75
189.4	93.69	63.57	93.69
189.6	93.52	63.1	93.52
189.8	93.19	62.88	93.19
190.0	92.82	62.73	92.82
190.2	92.46	62.62	92.46
190.4	92.19	62.55	92.19
190.6	92.11	62.47	92.11
190.8	92.12	62.45	92.12
191.0	92.22	62.49	92.22
191.2	92.45	62.66	92.45
191.4	92.79	62.97	92.79
191.6	93.16	63.32	93.16
191.8	93.52	63.66	93.52
192.0	93.8	63.96	93.8
192.2	93.99	64.19	93.99
192.4	94.11	64.33	94.11
192.6	94.14	64.34	94.14
192.8	94.02	64.02	94.02
193.0	93.83	63.62	93.83
193.2	93.6	63.21	93.6
193.4	93.37	62.96	93.37
193.6	93.18	63.0	93.18
193.8	92.97	63.07	92.97
194.0	92.7	63.1	92.7
194.2	92.26	62.84	92.26
194.4	91.7	62.35	91.7
194.6	91.13	61.86	91.13
194.8	90.63	61.46	90.63
195.0	90.31	61.42	90.31
195.2	90.14	61.64	90.14
195.4	90.11	62.02	90.11
195.6	90.2	62.54	90.2
195.8	90.46	63.25	90.46
196.0	90.84	64.01	90.84
196.2	91.32	64.76	91.32
196.4	91.9	65.39	91.9
196.6	92.6	65.77	92.6
196.8	93.3	66.05	93.3
197.0	93.96	66.25	93.96
197.2	94.44	66.41	94.44
197.4	94.77	66.53	94.77
197.6	95.01	66.6	95.01
197.8	95.19	66.61	95.19
198.0	95.32	66.57	95.32
198.2	95.4	66.49	95.4
198.4	95.4	66.39	95.4
198.6	95.3	66.26	95.3
198.8	95.11	66.12	95.11
199.0	94.89	66.0	94.89
199.2	94.63	65.92	94.63
199.4	94.42	66.09	94.42
199.6	94.21	66.27	94.21
199.8	93.97	66.4	93.97
200.0	93.7	66.34	93.7
200.2	93.3	65.79	93.3
200.4	92.93	65.21	92.93
200.6	92.64	64.74	92.64
200.8	92.52	64.68	92.52
201.0	92.62	65.11	92.62
201.2	92.84	65.7	92.84
201.4	93.15	66.35	93.15
201.6	93.62	66.92	93.62
201.8	94.11	67.4	94.11
202.0	94.56	67.74	94.56
202.2	94.82	67.81	94.82
202.4	94.85	67.54	94.85
202.6	94.73	67.13	94.73
202.8	94.47	66.65	94.47
203.0	94.08	66.26	94.08
203.2	93.57	65.87	93.57
203.4	92.99	65.46	92.99
203.6	92.35	65.03	92.35
203.8	91.66	64.54	91.66
204.0	90.97	64.06	90.97
204.2	90.3	63.6	90.3
204.4	89.71	63.18	89.71
204.6	89.24	62.81	89.24
204.8	88.86	62.55	88.86
205.0	88.61	62.46	88.61
205.2	88.55	62.7	88.55
205.4	88.71	63.34	88.71
205.6	88.96	64.06	88.96
205.8	89.28	64.76	89.28
206.0	89.6	65.15	89.6
206.2	89.9	65.25	89.9
206.4	90.19	65.29	90.19
206.6	90.48	65.33	90.48
206.8	90.75	65.65	90.75
207.0	90.99	66.0	90.99
207.2	91.2	66.3	91.2
207.4	91.38	66.44	91.38
207.6	91.54	66.21	91.54
207.8	91.65	65.87	91.65
208.0	91.68	65.5	91.68
208.2	91.6	65.19	91.6
208.4	91.37	65.04	91.37
208.6	91.07	64.92	91.07
208.8	90.75	64.83	90.75
209.0	90.43	64.71	90.43
209.2	90.13	64.54	90.13
209.4	89.88	64.41	89.88
209.6	89.69	64.35	89.69
209.8	89.59	64.4	89.59
210.0	89.61	64.62	89.61
210.2	89.73	64.91	89.73
210.4	89.97	65.25	89.97
210.6	90.42	65.62	90.42
210.8	91.04	66.02	91.04
211.0	91.67	66.41	91.67
211.2	92.25	66.76	92.25
211.4	92.6	67.12	92.6
211.6	92.78	67.39	92.78
211.8	92.82	67.51	92.82
212.0	92.71	67.36	92.71
212.2	92.39	66.66	92.39
212.4	91.97	65.82	91.97
212.6	91.47	64.95	91.47
212.8	90.92	64.29	90.92
213.0	90.35	64.02	90.35
213.2	89.81	63.88	89.81
213.4	89.32	63.85	89.32
213.6	88.94	63.86	88.94
213.8	88.75	63.81	88.75
214.0	88.69	63.84	88.69
214.2	88.73	63.96	88.73
214.4	88.89	64.23	88.89
214.6	89.24	64.84	89.24
214.8	89.65	65.49	89.65
215.0	90.08	66.07	90.08
215.2	90.47	66.41	90.47
215.4	90.78	66.3	90.78
215.6	91.03	66.08	91.03
215.8	91.19	65.82	91.19
216.0	91.22	65.75	91.22
216.2	91.14	65.83	91.14
216.4	90.97	65.91	90.97
216.6	90.73	65.95	90.73
216.8	90.39	65.71	90.39
217.0	90.0	65.33	90.0
217.2	89.61	64.94	89.61
217.4	89.24	64.58	89.24
217.6	88.95	64.4	88.95
217.8	88.78	64.41	88.78
218.0	88.7	64.52	88.7
218.2	88.73	64.71	88.73
218.4	88.93	64.98	88.93
218.6	89.38	65.37	89.38
218.8	89.91	65.78	89.91
219.0	90.5	66.18	90.5
219.2	91.1	66.54	91.1
219.4	91.66	66.79	91.66
219.6	92.16	66.97	92.16
219.8	92.54	67.08	92.54
220.0	92.71	67.09	92.71
220.2	92.62	66.99	92.62
220.4	92.4	66.83	92.4
220.6	92.08	66.63	92.08
220.8	91.71	66.41	91.71
221.0	91.31	66.17	91.31
221.2	90.9	65.93	90.9
221.4	90.49	65.71	90.49
221.6	90.13	65.49	90.13
221.8	89.84	65.26	89.84
222.0	89.62	65.09	89.62
222.2	89.48	65.02	89.48
222.4	89.44	65.06	89.44
222.6	89.62	65.48	89.62
222.8	89.91	66.07	89.91
223.0	90.27	66.67	90.27
223.2	90.66	67.22	90.66
223.4	91.07	67.5	91.07
223.6	91.45	67.55	91.45
223.8	91.77	67.5	91.77
224.0	92.0	67.35	92.0
224.2	92.02	67.15	92.02
224.4	91.87	66.91	91.87
224.6	91.62	66.63	91.62
224.8	91.28	66.32	91.28
225.0	90.84	66.01	90.84
225.2	90.35	65.7	90.35
225.4	89.82	65.37	89.82
225.6	89.27	65.02	89.27
225.8	88.73	64.56	88.73
226.0	88.22	64.01	88.22
226.2	87.75	63.52	87.75
226.4	87.37	63.16	87.37
226.6	87.09	63.01	87.09
226.8	87.02	63.42	87.02
227.0	87.06	63.98	87.06
227.2	87.2	64.61	87.2
227.4	87.44	65.24	87.44
227.6	87.87	65.67	87.87
227.8	88.34	66.0	88.34
228.0	88.78	66.22	88.78
228.2	89.15	66.3	89.15
228.4	89.23	66.1	89.23
228.6	89.2	65.78	89.2
228.8	89.06	65.37	89.06
229.0	88.8	64.91	88.8
229.2	88.4	64.45	88.4
229.4	87.93	64.0	87.93
229.6	87.44	63.58	87.44
229.8	86.94	63.22	86.94
230.0	86.48	63.05	86.48
230.2	86.09	62.97	86.09
230.4	85.79	62.98	85.79
230.6	85.61	63.08	85.61
230.8	85.63	63.3	85.63
231.0	85.85	63.6	85.85
231.2	86.21	63.98	86.21
231.4	86.72	64.4	86.72
231.6	87.45	64.86	87.45
231.8	88.36	65.33	88.36
232.0	89.29	65.83	89.29
232.2	90.2	66.34	90.2
232.4	90.93	66.95	90.93
232.6	91.48	67.58	91.48
232.8	91.86	68.1	91.86
233.0	92.05	68.44	92.05
233.2	91.83	68.17	91.83
233.4	91.43	67.67	91.43
233.6	90.94	67.09	90.94
233.8	90.41	66.51	90.41
234.0	90.04	66.32	90.04
234.2	89.73	66.24	89.73
234.4	89.51	66.25	89.51
234.6	89.42	66.36	89.42
234.8	89.63	66.58	89.63
235.0	90.0	66.88	90.0
235.2	90.44	67.2	90.44
235.4	90.91	67.52	90.91
235.6	91.3	67.77	91.3
235.8	91.63	67.95	91.63
236.0	91.89	68.07	91.89
236.2	92.08	68.13	92.08
236.4	92.16	68.04	92.16
236.6	92.14	67.86	92.14
236.8	92.02	67.63	92.02
237.0	91.82	67.39	91.82
237.2	91.42	67.21	91.42
237.4	90.93	67.05	90.93
237.6	90.44	66.9	90.44
237.8	90.0	66.74	90.0
238.0	89.75	66.42	89.75
238.2	89.66	66.08	89.66
238.4	89.69	65.82	89.69
238.6	89.84	65.73	89.84
238.8	90.17	66.18	90.17
239.0	90.63	66.91	90.63
239.2	91.17	67.7	91.17
239.4	91.76	68.44	91.76
239.6	92.4	68.78	92.4
239.8	93.02	68.92	93.02
240.0	93.59	68.92	93.59
240.2	94.06	68.8	94.06
240.4	94.31	68.61	94.31
240.6	94.41	68.33	94.41
240.8	94.35	67.95	94.35
241.0	94.09	67.45	94.09
241.2	93.58	66.81	93.58
241.4	92.95	66.14	92.95
241.6	92.25	65.48	92.25
241.8	91.55	64.91	91.55
242.0	90.91	64.51	90.91
242.2	90.32	64.22	90.32
242.4	89.82	64.03	89.82
242.6	89.43	63.96	89.43
242.8	89.27	64.13	89.27
243.0	89.27	64.43	89.27
243.2	89.4	64.78	89.4
243.4	89.64	65.15	89.64
243.6	90.04	65.43	90.04
243.8	90.58	65.57	90.58
244.0	91.15	65.72	91.15
244.2	91.72	65.89	91.72
244.4	92.2	66.16	92.2
244.6	92.54	66.57	92.54
244.8	92.81	66.97	92.81
245.0	93.01	67.32	93.01
245.2	93.14	67.5	93.14
245.4	93.19	67.53	93.19
245.6	93.16	67.47	93.16
245.8	93.06	67.32	93.06
246.0	92.8	67.03	92.8
246.2	92.45	66.68	92.45
246.4	92.1	66.34	92.1
246.6	91.79	66.07	91.79
246.8	91.65	66.05	91.65
247.0	91.68	66.26	91.68
247.2	91.81	66.55	91.81
247.4	92.04	66.9	92.04
247.6	92.44	67.25	92.44
247.8	92.99	67.58	92.99
248.0	93.55	67.86	93.55
248.2	94.06	68.08	94.06
248.4	94.36	68.14	94.36
248.6	94.43	68.03	94.43
248.8	94.37	67.83	94.37
249.0	94.19	67.56	94.19
249.2	93.88	67.22	93.88
249.4	93.46	66.84	93.46
249.6	92.97	66.43	92.97
249.8	92.41	66.03	92.41
250.0	91.78	65.66	91.78
250.2	91.08	65.35	91.08
250.4	90.41	65.1	90.41
250.6	89.81	64.91	89.81
250.8	89.32	64.82	89.32
251.0	89.13	64.9	89.13
251.2	89.1	65.07	89.1
251.4	89.18	65.31	89.18
251.6	89.38	65.6	89.38
251.8	89.74	65.95	89.74
252.0	90.19	66.31	90.19
252.2	90.65	66.65	90.65
252.4	91.07	66.9	91.07
252.6	91.34	66.95	91.34
252.8	91.48	66.87	91.48
253.0	91.53	66.7	91.53
253.2	91.47	66.48	91.47
253.4	91.24	66.21	91.24
253.6	90.91	65.92	90.91
253.8	90.53	65.64	90.53
254.0	90.14	65.39	90.14
254.2	89.77	65.21	89.77
254.4	89.45	65.1	89.45
254.6	89.21	65.08	89.21
254.8	89.08	65.17	89.08
255.0	89.18	65.48	89.18
255.2	89.5	65.98	89.5
255.4	89.91	66.53	89.91
255.6	90.39	67.09	90.39
255.8	90.89	67.55	90.89
256.0	91.39	67.89	91.39
256.2	91.84	68.17	91.84
256.4	92.23	68.37	92.23
256.6	92.44	68.49	92.44
256.8	92.5	68.54	92.5
257.0	92.46	68.5	92.46
257.2	92.31	68.38	92.31
257.4	92.02	68.11	92.02
257.6	91.62	67.77	91.62
257.8	91.17	67.39	91.17
258.0	90.68	66.99	90.68
258.2	90.15	66.59	90.15
258.4	89.62	66.21	89.62
258.6	89.14	65.91	89.14
258.8	88.76	65.71	88.76
259.0	88.55	65.71	88.55
259.2	88.64	66.05	88.64
259.4	88.85	66.48	88.85
259.6	89.15	66.95	89.15
259.8	89.51	67.39	89.51
260.0	89.92	67.59	89.92
260.2	90.32	67.72	90.32
260.4	90.69	67.8	90.69
260.6	90.99	67.81	90.99
260.8	91.06	67.79	91.06
261.0	91.04	67.73	91.04
261.2	90.95	67.61	90.95
261.4	90.8	67.45	90.8
261.6	90.61	67.16	90.61
261.8	90.4	66.86	90.4
262.0	90.16	66.57	90.16
262.2	89.93	66.32	89.93
262.4	89.65	66.24	89.65
262.6	89.4	66.26	89.4
262.8	89.23	66.34	89.23
263.0	89.17	66.47	89.17
263.2	89.35	66.61	89.35
263.4	89.78	66.75	89.78
263.6	90.33	66.96	90.33
263.8	90.98	67.28	90.98
264.0	91.68	67.76	91.68
264.2	92.43	68.54	92.43
264.4	93.16	69.37	93.16
264.6	93.85	70.15	93.85
264.8	94.45	70.77	94.45
265.0	94.89	71.11	94.89
265.2	95.22	71.31	95.22
265.4	95.42	71.37	95.42
265.6	95.39	71.27	95.39
265.8	95.17	71.03	95.17
266.0	94.89	70.74	94.89
266.2	94.61	70.43	94.61
266.4	94.45	70.21	94.45
266.6	94.44	70.07	94.44
266.8	94.51	70.0	94.51
267.0	94.7	70.01	94.7
267.2	95.05	70.14	95.05
267.4	95.6	70.42	95.6
267.6	96.21	70.75	96.21
267.8	96.83	71.13	96.83
268.0	97.4	71.56	97.4
268.2	97.88	72.04	97.88
268.4	98.27	72.42	98.27
268.6	98.52	72.66	98.52
268.8	98.58	72.5	98.58
269.0	98.43	71.98	98.43
269.2	98.13	71.31	98.13
269.4	97.68	70.56	97.68
269.6	97.02	69.87	97.02
269.8	96.22	69.25	96.22
270.0	95.38	68.68	95.38
270.2	94.57	68.19	94.57
270.4	93.93	67.81	93.93
270.6	93.51	67.58	93.51
270.8	93.2	67.44	93.2
271.0	93.03	67.42	93.03
271.2	93.04	67.55	93.04
271.4	93.29	67.93	93.29
271.6	93.6	68.31	93.6
271.8	93.91	68.61	93.91
272.0	94.12	68.68	94.12
272.2	94.1	68.26	94.1
272.4	94.0	67.74	94.0
272.6	93.84	67.19	93.84
272.8	93.64	66.82	93.64
273.0	93.42	66.75	93.42
273.2	93.15	66.72	93.15
273.4	92.81	66.67	92.81
273.6	92.33	66.42	92.33
273.8	91.67	65.86	91.67
274.0	91.02	65.28	91.02
274.2	90.41	64.78	90.41
274.4	89.96	64.51	89.96
274.6	89.76	64.66	89.76
274.8	89.71	64.93	89.71
275.0	89.79	65.29	89.79
275.2	90.05	65.66	90.05
275.4	90.52	65.93	90.52
275.6	91.06	66.21	91.06
275.8	91.62	66.5	91.62
276.0	92.11	66.81	92.11
276.2	92.5	67.13	92.5
276.4	92.82	67.45	92.82
276.6	93.09	67.74	93.09
276.8	93.3	68.03	93.3
277.0	93.44	68.27	93.44
277.2	93.48	68.42	93.48
277.4	93.4	68.43	93.4
277.6	93.05	68.05	93.05
277.8	92.58	67.53	92.58
278.0	92.07	66.99	92.07
278.2	91.54	66.48	91.54
278.4	91.06	66.31	91.06
278.6	90.66	66.26	90.66
278.8	90.37	66.33	90.37
279.0	90.23	66.51	90.23
279.2	90.44	66.87	90.44
279.4	90.84	67.32	90.84
279.6	91.36	67.79	91.36
279.8	91.96	68.27	91.96
280.0	92.65	68.67	92.65
280.2	93.33	69.0	93.33
280.4	93.95	69.24	93.95
280.6	94.44	69.38	94.44
280.8	94.63	69.33	94.63
281.0	94.65	69.16	94.65
281.2	94.5	68.86	94.5
281.4	94.16	68.42	94.16
281.6	93.59	67.77	93.59
281.8	92.91	67.06	92.91
282.0	92.17	66.35	92.17
282.2	91.43	65.72	91.43
282.4	90.76	65.36	90.76
282.6	90.15	65.09	90.15
282.8	89.64	64.92	89.64
283.0	89.25	64.82	89.25
283.2	89.16	64.77	89.16
283.4	89.25	64.78	89.25
283.6	89.43	64.86	89.43
283.8	89.68	65.02	89.68
284.0	89.95	65.33	89.95
284.2	90.22	65.74	90.22
284.4	90.44	66.13	90.44
284.6	90.6	66.44	90.6
284.8	90.57	66.45	90.57
285.0	90.41	66.27	90.41
285.2	90.17	65.99	90.17
285.4	89.87	65.65	89.87
285.6	89.54	65.3	89.54
285.8	89.19	64.95	89.19
286.0	88.81	64.61	88.81
286.2	88.44	64.31	88.44
286.4	88.03	64.05	88.03
286.6	87.65	63.87	87.65
286.8	87.32	63.79	87.32
287.0	87.07	63.84	87.07
287.2	86.97	64.11	86.97
287.4	87.04	64.61	87.04
287.6	87.23	65.23	87.23
287.8	87.53	65.9	87.53
