0.2	102.99	49.06	102.99
0.4	103.13	49.15	103.13
0.6	103.29	49.24	103.29
0.8	103.48	49.3	103.48
1.0	103.67	49.35	103.67
1.2	103.86	49.38	103.86
1.4	104.03	49.39	104.03
1.6	104.18	49.38	104.18
1.8	104.29	49.35	104.29
2.0	104.36	49.29	104.36
2.2	104.36	49.2	104.36
2.4	104.14	48.99	104.14
2.6	103.76	48.68	103.76
2.8	103.38	48.42	103.38
3.0	103.08	48.23	103.08
3.2	102.88	48.15	102.88
3.4	103.03	48.39	103.03
3.6	103.59	49.0	103.59
3.8	104.27	49.71	104.27
4.0	105.05	50.47	105.05
4.2	105.87	51.22	105.87
4.4	106.63	51.85	106.63
4.6	107.33	52.32	107.33
4.8	107.99	52.72	107.99
5.0	108.6	53.02	108.6
5.2	109.15	53.22	109.15
5.4	109.58	53.24	109.58
5.6	109.93	53.16	109.93
5.8	110.19	52.98	110.19
6.0	110.37	52.73	110.37
6.2	110.46	52.41	110.46
6.4	110.44	52.02	110.44
6.6	110.34	51.6	110.34
6.8	110.16	51.16	110.16
7.0	109.91	50.74	109.91
7.2	109.58	50.35	109.58
7.4	109.17	50.13	109.17
7.6	108.7	49.95	108.7
7.8	108.17	49.79	108.17
8.0	107.61	49.65	107.61
8.2	107.01	49.52	107.01
8.4	106.42	49.4	106.42
8.6	105.8	49.26	105.8
8.8	105.16	49.1	105.16
9.0	104.5	48.89	104.5
9.2	103.8	48.64	103.8
9.4	102.94	48.14	102.94
9.6	102.04	47.56	102.04
9.8	101.2	46.99	101.2
10.0	100.45	46.47	100.45
10.2	99.82	46.03	99.82
10.4	99.61	45.9	99.61
10.6	99.6	45.92	99.6
10.8	99.71	46.05	99.71
11.0	99.9	46.25	99.9
11.2	100.14	46.52	100.14
11.4	100.31	46.87	100.31
11.6	100.5	47.24	100.5
11.8	100.68	47.61	100.68
12.0	100.86	47.93	100.86
12.2	101.03	48.13	101.03
12.4	101.16	48.16	101.16
12.6	101.28	48.12	101.28
12.8	101.37	48.03	101.37
13.0	101.45	47.9	101.45
13.2	101.52	47.76	101.52
13.4	101.57	47.62	101.57
13.6	101.58	47.46	101.58
13.8	101.53	47.29	101.53
14.0	101.41	47.11	101.41
14.2	101.05	46.86	101.05
14.4	100.56	46.59	100.56
14.6	100.07	46.36	100.07
14.8	99.62	46.2	99.62
15.0	99.26	46.13	99.26
15.2	99.25	46.31	99.25
15.4	99.46	46.66	99.46
15.6	99.78	47.08	99.78
15.8	100.2	47.56	100.2
16.0	100.67	48.06	100.67
16.2	101.13	48.49	101.13
16.4	101.6	48.9	101.6
16.6	102.11	49.3	102.11
16.8	102.64	49.69	102.64
17.0	103.19	50.07	103.19
17.2	103.84	50.48	103.84
17.4	104.48	50.85	104.48
17.6	105.09	51.17	105.09
17.8	105.65	51.43	105.65
18.0	106.13	51.6	106.13
18.2	106.42	51.6	106.42
18.4	106.62	51.5	106.62
18.6	106.71	51.32	106.71
18.8	106.71	51.07	106.71
19.0	106.58	50.74	106.58
19.2	106.22	50.27	106.22
19.4	105.81	49.77	105.81
19.6	105.37	49.29	105.37
19.8	104.94	48.86	104.94
20.0	104.61	48.54	104.61
20.2	104.51	48.51	104.51
20.4	104.48	48.57	104.48
20.6	104.5	48.69	104.5
20.8	104.56	48.85	104.56
21.0	104.64	49.0	104.64
21.2	104.69	49.11	104.69
21.4	104.76	49.22	104.76
21.6	104.85	49.34	104.85
21.8	104.97	49.46	104.97
22.0	105.15	49.6	105.15
22.2	105.4	49.76	105.4
22.4	105.65	49.91	105.65
22.6	105.87	50.04	105.87
22.8	106.06	50.16	106.06
23.0	106.11	50.22	106.11
23.2	106.02	50.22	106.02
23.4	105.86	50.19	105.86
23.6	105.65	50.13	105.65
23.8	105.39	50.05	105.39
24.0	105.13	49.95	105.13
24.2	104.89	49.82	104.89
24.4	104.61	49.68	104.61
24.6	104.28	49.52	104.28
24.8	103.91	49.35	103.91
25.0	103.41	49.17	103.41
25.2	102.74	48.96	102.74
25.4	102.05	48.75	102.05
25.6	101.38	48.58	101.38
25.8	100.75	48.43	100.75
26.0	100.28	48.35	100.28
26.2	100.05	48.36	100.05
26.4	99.92	48.42	99.92
26.6	99.86	48.53	99.86
26.8	99.85	48.68	99.85
27.0	99.87	48.88	99.87
27.2	99.88	49.13	99.88
27.4	99.92	49.41	99.92
27.6	99.99	49.72	99.99
27.8	100.09	50.05	100.09
28.0	100.24	50.4	100.24
28.2	100.41	50.77	100.41
28.4	100.6	51.14	100.6
28.6	100.79	51.51	100.79
28.8	100.99	51.87	100.99
29.0	101.19	52.23	101.19
29.2	101.37	52.56	101.37
29.4	101.53	52.85	101.53
29.6	101.64	53.09	101.64
29.8	101.71	53.27	101.71
30.0	101.63	53.27	101.63
30.2	101.49	53.22	101.49
30.4	101.33	53.11	101.33
30.6	101.14	52.97	101.14
30.8	100.96	52.82	100.96
31.0	100.89	52.73	100.89
31.2	100.83	52.64	100.83
31.4	100.76	52.53	100.76
31.6	100.65	52.4	100.65
31.8	100.5	52.25	100.5
32.0	100.08	51.95	100.08
32.2	99.66	51.65	99.66
32.4	99.27	51.38	99.27
32.6	98.95	51.18	98.95
32.8	98.79	51.08	98.79
33.0	98.95	51.22	98.95
33.2	99.25	51.45	99.25
33.4	99.68	51.78	99.68
33.6	100.23	52.18	100.23
33.8	100.92	52.69	100.92
34.0	101.79	53.31	101.79
34.2	102.69	53.94	102.69
34.4	103.58	54.55	103.58
34.6	104.42	55.1	104.42
34.8	105.03	55.43	105.03
35.0	105.44	55.59	105.44
35.2	105.76	55.66	105.76
35.4	105.99	55.66	105.99
35.6	106.13	55.62	106.13
35.8	106.21	55.57	106.21
36.0	106.22	55.5	106.22
36.2	106.18	55.41	106.18
36.4	106.08	55.3	106.08
36.6	105.95	55.19	105.95
36.8	105.79	55.12	105.79
37.0	105.61	55.04	105.61
37.2	105.39	54.94	105.39
37.4	105.14	54.82	105.14
37.6	104.87	54.68	104.87
37.8	104.48	54.36	104.48
38.0	104.09	54.04	104.09
38.2	103.72	53.73	103.72
38.4	103.4	53.46	103.4
38.6	103.15	53.27	103.15
38.8	103.11	53.31	103.11
39.0	103.16	53.43	103.16
39.2	103.28	53.63	103.28
39.4	103.47	53.89	103.47
39.6	103.73	54.21	103.73
39.8	104.07	54.62	104.07
40.0	104.44	55.05	104.44
40.2	104.82	55.48	104.82
40.4	105.2	55.89	105.2
40.6	105.54	56.23	105.54
40.8	105.79	56.46	105.79
41.0	106.01	56.64	106.01
41.2	106.21	56.76	106.21
41.4	106.38	56.83	106.38
41.6	106.58	56.84	106.58
41.8	106.8	56.78	106.8
42.0	106.99	56.69	106.99
42.2	107.15	56.57	107.15
42.4	107.24	56.42	107.24
42.6	107.24	56.27	107.24
42.8	107.11	56.12	107.11
43.0	106.92	55.96	106.92
43.2	106.66	55.79	106.66
43.4	106.35	55.61	106.35
43.6	105.94	55.39	105.94
43.8	105.43	55.14	105.43
44.0	104.95	54.92	104.95
44.2	104.52	54.73	104.52
44.4	104.19	54.61	104.19
44.6	104.17	54.64	104.17
44.8	104.37	54.79	104.37
45.0	104.67	55.02	104.67
45.2	105.03	55.31	105.03
45.4	105.42	55.65	105.42
45.6	105.7	56.09	105.7
45.8	105.97	56.56	105.97
46.0	106.24	57.02	106.24
46.2	106.51	57.45	106.51
46.4	106.82	57.78	106.82
46.6	107.19	57.94	107.19
46.8	107.53	58.05	107.53
47.0	107.84	58.11	107.84
47.2	108.09	58.14	108.09
47.4	108.19	58.17	108.19
47.6	108.17	58.21	108.17
47.8	108.07	58.22	108.07
48.0	107.91	58.2	107.91
48.2	107.69	58.15	107.69
48.4	107.48	58.04	107.48
48.6	107.23	57.89	107.23
48.8	106.94	57.69	106.94
49.0	106.59	57.46	106.59
49.2	106.19	57.19	106.19
49.4	105.57	56.75	105.57
49.6	104.86	56.26	104.86
49.8	104.17	55.79	104.17
50.0	103.55	55.4	103.55
50.2	103.05	55.13	103.05
50.4	102.88	55.22	102.88
50.6	102.98	55.57	102.98
50.8	103.22	56.03	103.22
51.0	103.59	56.56	103.59
51.2	104.06	57.14	104.06
51.4	104.66	57.66	104.66
51.6	105.33	58.17	105.33
51.8	106.03	58.64	106.03
52.0	106.72	59.08	106.72
52.2	107.36	59.46	107.36
52.4	107.85	59.71	107.85
52.6	108.28	59.91	108.28
52.8	108.65	60.05	108.65
53.0	108.95	60.14	108.95
53.2	109.18	60.17	109.18
53.4	109.34	60.16	109.34
53.6	109.43	60.11	109.43
53.8	109.47	60.04	109.47
54.0	109.46	59.95	109.46
54.2	109.41	59.89	109.41
54.4	109.33	59.86	109.33
54.6	109.19	59.8	109.19
54.8	108.98	59.73	108.98
55.0	108.71	59.62	108.71
55.2	108.21	59.37	108.21
55.4	107.58	59.03	107.58
55.6	106.97	58.71	106.97
55.8	106.41	58.44	106.41
56.0	105.96	58.27	105.96
56.2	105.88	58.38	105.88
56.4	106.02	58.67	106.02
56.6	106.3	59.05	106.3
56.8	106.67	59.48	106.67
57.0	107.12	59.94	107.12
57.2	107.64	60.35	107.64
57.4	108.18	60.74	108.18
57.6	108.72	61.12	108.72
57.8	109.22	61.47	109.22
58.0	109.6	61.76	109.6
58.2	109.82	61.98	109.82
58.4	109.96	62.15	109.96
58.6	110.05	62.27	110.05
58.8	110.08	62.36	110.08
59.0	110.1	62.41	110.1
59.2	110.1	62.42	110.1
59.4	110.06	62.4	110.06
59.6	109.97	62.36	109.97
59.8	109.84	62.31	109.84
60.0	109.63	62.3	109.63
60.2	109.37	62.31	109.37
60.4	109.04	62.3	109.04
60.6	108.66	62.26	108.66
60.8	108.22	62.18	108.22
61.0	107.65	61.98	107.65
61.2	106.96	61.65	106.96
61.4	106.26	61.29	106.26
61.6	105.58	60.95	105.58
61.8	104.97	60.65	104.97
62.0	104.53	60.44	104.53
62.2	104.31	60.38	104.31
62.4	104.19	60.4	104.19
62.6	104.17	60.51	104.17
62.8	104.24	60.71	104.24
63.0	104.33	61.03	104.33
63.2	104.45	61.46	104.45
63.4	104.7	61.96	104.7
63.6	105.09	62.53	105.09
63.8	105.64	63.15	105.64
64.0	106.67	63.88	106.67
64.2	107.83	64.62	107.83
64.4	109.05	65.34	109.05
64.6	110.27	66.03	110.27
64.8	111.35	66.6	111.35
65.0	112.21	67.02	112.21
65.2	112.95	67.35	112.95
65.4	113.57	67.6	113.57
65.6	114.06	67.75	114.06
65.8	114.36	67.81	114.36
66.0	114.51	67.77	114.51
66.2	114.52	67.65	114.52
66.4	114.4	67.44	114.4
66.6	114.15	67.15	114.15
66.8	113.66	66.67	113.66
67.0	113.08	66.14	113.08
67.2	112.46	65.58	112.46
67.4	111.83	65.03	111.83
67.6	111.27	64.51	111.27
67.8	110.97	64.14	110.97
68.0	110.71	63.82	110.71
68.2	110.48	63.56	110.48
68.4	110.26	63.34	110.26
68.6	110.0	63.19	110.0
68.8	109.62	63.1	109.62
69.0	109.24	63.06	109.24
69.2	108.85	63.03	108.85
69.4	108.48	63.03	108.48
69.6	108.17	63.01	108.17
69.8	107.92	62.97	107.92
70.0	107.7	62.92	107.7
70.2	107.5	62.87	107.5
70.4	107.32	62.8	107.32
70.6	107.18	62.71	107.18
70.8	107.07	62.6	107.07
71.0	106.95	62.47	106.95
71.2	106.8	62.33	106.8
71.4	106.6	62.17	106.6
71.6	106.24	61.95	106.24
71.8	105.76	61.71	105.76
72.0	105.25	61.46	105.25
72.2	104.74	61.24	104.74
72.4	104.25	61.04	104.25
72.6	103.88	60.94	103.88
72.8	103.63	60.94	103.63
73.0	103.43	60.97	103.43
73.2	103.28	61.04	103.28
73.4	103.16	61.12	103.16
73.6	103.03	61.17	103.03
73.8	102.83	61.16	102.83
74.0	102.7	61.17	102.7
74.2	102.68	61.22	102.68
74.4	102.78	61.32	102.78
74.6	103.15	61.51	103.15
74.8	103.8	61.81	103.8
75.0	104.57	62.18	104.57
75.2	105.46	62.63	105.46
75.4	106.42	63.15	106.42
75.6	107.43	63.87	107.43
75.8	108.46	64.63	108.46
76.0	109.49	65.39	109.49
76.2	110.48	66.1	110.48
76.4	111.37	66.66	111.37
76.6	112.17	67.08	112.17
76.8	112.86	67.41	112.86
77.0	113.45	67.62	113.45
77.2	113.9	67.72	113.9
77.4	114.17	67.65	114.17
77.6	114.3	67.49	114.3
77.8	114.32	67.25	114.32
78.0	114.22	66.96	114.22
78.2	114.01	66.68	114.01
78.4	113.71	66.43	113.71
78.6	113.3	66.13	113.3
78.8	112.8	65.79	112.8
79.0	112.22	65.39	112.22
79.2	111.51	64.82	111.51
79.4	110.68	64.08	110.68
79.6	109.81	63.33	109.81
79.8	108.95	62.6	108.95
80.0	108.1	61.93	108.1
80.2	107.36	61.45	107.36
80.4	106.76	61.25	106.76
80.6	106.23	61.13	106.23
80.8	105.79	61.08	105.79
81.0	105.43	61.07	105.43
81.2	105.15	61.01	105.15
81.4	104.97	60.85	104.97
81.6	104.87	60.73	104.87
81.8	104.86	60.67	104.86
82.0	104.93	60.69	104.93
82.2	105.11	60.96	105.11
82.4	105.39	61.43	105.39
82.6	105.73	61.95	105.73
82.8	106.12	62.49	106.12
83.0	106.53	62.99	106.53
83.2	106.89	63.25	106.89
83.4	107.26	63.4	107.26
83.6	107.64	63.5	107.64
83.8	108.05	63.54	108.05
84.0	108.48	63.55	108.48
84.2	109.04	63.42	109.04
84.4	109.61	63.29	109.61
84.6	110.17	63.23	110.17
84.8	110.7	63.28	110.7
85.0	111.19	63.52	111.19
85.2	111.6	64.43	111.6
85.4	111.92	65.39	111.92
85.6	112.14	66.3	112.14
85.8	112.23	67.04	112.23
86.0	112.07	67.19	112.07
86.2	111.7	66.8	111.7
86.4	111.25	66.25	111.25
86.6	110.76	65.64	110.76
86.8	110.3	65.14	110.3
87.0	109.92	64.87	109.92
87.2	109.59	64.66	109.59
87.4	109.34	64.51	109.34
87.6	109.22	64.42	109.22
87.8	109.3	64.37	109.3
88.0	109.45	64.38	109.45
88.2	109.65	64.43	109.65
88.4	109.86	64.56	109.86
88.6	110.04	64.83	110.04
88.8	110.19	65.1	110.19
89.0	110.26	65.35	110.26
89.2	110.23	65.52	110.23
89.4	109.93	65.41	109.93
89.6	109.48	65.17	109.48
89.8	108.95	64.84	108.95
90.0	108.37	64.48	108.37
90.2	107.8	64.12	107.8
90.4	107.32	63.83	107.32
90.6	106.83	63.53	106.83
90.8	106.31	63.22	106.31
91.0	105.76	62.9	105.76
91.2	105.08	62.52	105.08
91.4	104.27	62.09	104.27
91.6	103.44	61.65	103.44
91.8	102.64	61.25	102.64
92.0	101.88	60.88	101.88
92.2	101.22	60.59	101.22
92.4	100.7	60.4	100.7
92.6	100.29	60.29	100.29
92.8	100.02	60.28	100.02
93.0	99.89	60.37	99.89
93.2	100.03	60.62	100.03
93.4	100.39	61.01	100.39
93.6	100.88	61.49	100.88
93.8	101.46	62.04	101.46
94.0	102.12	62.64	102.12
94.2	102.82	63.3	102.82
94.4	103.54	63.97	103.54
94.6	104.24	64.63	104.24
94.8	104.92	65.25	104.92
95.0	105.5	65.77	105.5
95.2	105.93	66.14	105.93
95.4	106.3	66.45	106.3
95.6	106.6	66.68	106.6
95.8	106.84	66.86	106.84
96.0	107.04	67.0	107.04
96.2	107.19	67.08	107.19
96.4	107.29	67.12	107.29
96.6	107.35	67.11	107.35
96.8	107.35	67.04	107.35
97.0	107.26	66.84	107.26
97.2	107.14	66.59	107.14
97.4	107.0	66.35	107.0
97.6	106.87	66.13	106.87
97.8	106.79	65.99	106.79
98.0	106.85	66.1	106.85
98.2	106.94	66.26	106.94
98.4	107.03	66.42	107.03
98.6	107.1	66.55	107.1
98.8	107.07	66.54	107.07
99.0	106.94	66.39	106.94
99.2	106.79	66.19	106.79
99.4	106.64	65.99	106.64
99.6	106.51	65.79	106.51
99.8	106.56	65.74	106.56
100.0	106.67	65.74	106.67
100.2	106.77	65.76	106.77
100.4	106.83	65.77	106.83
100.6	106.84	65.76	106.84
100.8	106.6	65.64	106.6
101.0	106.25	65.47	106.25
101.2	105.83	65.28	105.83
101.4	105.36	65.05	105.36
101.6	104.86	64.81	104.86
101.8	104.39	64.57	104.39
102.0	103.94	64.33	103.94
102.2	103.49	64.08	103.49
102.4	103.05	63.81	103.05
102.6	102.63	63.52	102.63
102.8	102.2	63.14	102.2
103.0	101.76	62.7	101.76
103.2	101.38	62.27	101.38
103.4	101.09	61.9	101.09
103.6	100.92	61.62	100.92
103.8	100.99	61.55	100.99
104.0	101.28	61.67	101.28
104.2	101.68	61.9	101.68
104.4	102.18	62.2	102.18
104.6	102.76	62.56	102.76
104.8	103.38	62.98	103.38
105.0	104.04	63.42	104.04
105.2	104.72	63.86	104.72
105.4	105.4	64.26	105.4
105.6	106.05	64.58	106.05
105.8	106.66	64.74	106.66
106.0	107.21	64.83	107.21
106.2	107.68	64.86	107.68
106.4	108.06	64.84	108.06
106.6	108.28	64.76	108.28
106.8	108.32	64.63	108.32
107.0	108.25	64.46	108.25
107.2	108.1	64.27	108.1
107.4	107.86	64.07	107.86
107.6	107.57	63.88	107.57
107.8	107.23	63.72	107.23
108.0	106.85	63.56	106.85
108.2	106.43	63.37	106.43
108.4	105.97	63.17	105.97
108.6	105.46	62.89	105.46
108.8	104.82	62.41	104.82
109.0	104.22	61.96	104.22
109.2	103.69	61.57	103.69
109.4	103.27	61.29	103.27
109.6	103.03	61.18	103.03
109.8	103.23	61.55	103.23
110.0	103.58	62.06	103.58
110.2	104.06	62.66	104.06
110.4	104.64	63.31	104.64
110.6	105.28	63.92	105.28
110.8	105.94	64.39	105.94
111.0	106.64	64.87	106.64
111.2	107.38	65.35	107.38
111.4	108.13	65.83	108.13
111.6	108.94	66.43	108.94
111.8	109.75	67.08	109.75
112.0	110.52	67.68	110.52
112.2	111.23	68.21	111.23
112.4	111.85	68.64	111.85
112.6	112.27	68.71	112.27
112.8	112.57	68.65	112.57
113.0	112.75	68.49	112.75
113.2	112.83	68.26	112.83
113.4	112.8	67.99	112.8
113.6	112.6	67.79	112.6
113.8	112.31	67.57	112.31
114.0	111.96	67.31	111.96
114.2	111.55	67.02	111.55
114.4	111.1	66.68	111.1
114.6	110.61	66.14	110.61
114.8	110.12	65.6	110.12
115.0	109.67	65.09	109.67
115.2	109.28	64.66	109.28
115.4	109.0	64.36	109.0
115.6	108.99	64.42	108.99
115.8	109.07	64.59	109.07
116.0	109.21	64.84	109.21
116.2	109.39	65.15	109.39
116.4	109.58	65.48	109.58
116.6	109.76	65.8	109.76
116.8	109.92	66.1	109.92
117.0	110.04	66.36	110.04
117.2	110.1	66.54	110.1
117.4	110.01	66.52	110.01
117.6	109.8	66.32	109.8
117.8	109.51	66.06	109.51
118.0	109.17	65.75	109.17
118.2	108.77	65.43	108.77
118.4	108.38	65.21	108.38
118.6	107.98	65.12	107.98
118.8	107.54	65.03	107.54
119.0	107.06	64.91	107.06
119.2	106.51	64.75	106.51
119.4	105.87	64.49	105.87
119.6	104.98	63.91	104.98
119.8	104.07	63.31	104.07
120.0	103.19	62.72	103.19
120.2	102.39	62.19	102.39
120.4	101.71	61.77	101.71
120.6	101.42	61.69	101.42
120.8	101.32	61.78	101.32
121.0	101.36	62.0	101.36
121.2	101.53	62.33	101.53
121.4	101.81	62.76	101.81
121.6	102.15	63.29	102.15
121.8	102.58	63.9	102.58
122.0	103.08	64.55	103.08
122.2	103.68	65.24	103.68
122.4	104.34	65.93	104.34
122.6	105.19	66.58	105.19
122.8	106.07	67.22	106.07
123.0	106.97	67.82	106.97
123.2	107.84	68.37	107.84
123.4	108.64	68.85	108.64
123.6	109.28	69.25	109.28
123.8	109.83	69.56	109.83
124.0	110.3	69.79	110.3
124.2	110.68	69.92	110.68
124.4	110.94	69.92	110.94
124.6	111.07	69.77	111.07
124.8	111.12	69.53	111.12
125.0	111.1	69.23	111.1
125.2	111.03	68.86	111.03
125.4	110.88	68.43	110.88
125.6	110.68	67.94	110.68
125.8	110.47	67.46	110.47
126.0	110.27	67.0	110.27
126.2	110.11	66.59	110.11
126.4	110.09	66.33	110.09
126.6	110.21	66.24	110.21
126.8	110.37	66.21	110.37
127.0	110.54	66.24	110.54
127.2	110.71	66.32	110.71
127.4	110.8	66.4	110.8
127.6	110.84	66.51	110.84
127.8	110.86	66.62	110.86
128.0	110.86	66.73	110.86
128.2	110.85	66.82	110.85
128.4	110.84	66.87	110.84
128.6	110.81	66.89	110.81
128.8	110.75	66.89	110.75
129.0	110.66	66.87	110.66
129.2	110.53	66.81	110.53
129.4	110.34	66.74	110.34
129.6	110.1	66.62	110.1
129.8	109.83	66.48	109.83
130.0	109.51	66.29	109.51
130.2	109.15	66.06	109.15
130.4	108.69	65.7	108.69
130.6	108.22	65.32	108.22
130.8	107.73	64.93	107.73
131.0	107.25	64.56	107.25
131.2	106.79	64.22	106.79
131.4	106.4	64.01	106.4
131.6	106.05	63.85	106.05
131.8	105.75	63.74	105.75
132.0	105.49	63.69	105.49
132.2	105.29	63.7	105.29
132.4	105.15	63.75	105.15
132.6	105.06	63.87	105.06
132.8	105.04	64.05	105.04
133.0	105.08	64.3	105.08
133.2	105.2	64.64	105.2
133.4	105.45	65.14	105.45
133.6	105.72	65.67	105.72
133.8	106.01	66.2	106.01
134.0	106.27	66.68	106.27
134.2	106.43	66.99	106.43
134.4	106.51	67.15	106.51
134.6	106.52	67.26	106.52
134.8	106.49	67.33	106.49
135.0	106.4	67.38	106.4
135.2	106.27	67.56	106.27
135.4	106.09	67.74	106.09
135.6	105.86	67.89	105.86
135.8	105.57	67.97	105.57
136.0	105.22	67.97	105.22
136.2	104.71	67.65	104.71
136.4	104.16	67.26	104.16
136.6	103.62	66.84	103.62
136.8	103.1	66.41	103.1
137.0	102.65	66.04	102.65
137.2	102.41	65.86	102.41
137.4	102.24	65.75	102.24
137.6	102.11	65.69	102.11
137.8	102.03	65.69	102.03
138.0	101.96	65.76	101.96
138.2	101.92	65.91	101.92
138.4	101.87	66.08	101.87
138.6	101.8	66.25	101.8
138.8	101.71	66.4	101.71
139.0	101.52	66.46	101.52
139.2	101.27	66.47	101.27
139.4	101.0	66.43	101.0
139.6	100.71	66.37	100.71
139.8	100.41	66.24	100.41
140.0	100.14	66.04	100.14
140.2	99.87	65.82	99.87
140.4	99.61	65.61	99.61
140.6	99.35	65.43	99.35
140.8	99.13	65.39	99.13
141.0	98.94	65.54	98.94
141.2	98.75	65.71	98.75
141.4	98.54	65.86	98.54
141.6	98.28	65.95	98.28
141.8	97.91	65.86	97.91
142.0	97.36	65.48	97.36
142.2	96.79	65.03	96.79
142.4	96.24	64.55	96.24
142.6	95.74	64.05	95.74
142.8	95.37	63.58	95.37
143.0	95.16	63.18	95.16
143.2	95.06	62.85	95.06
143.4	95.08	62.62	95.08
143.6	95.2	62.52	95.2
143.8	95.5	62.69	95.5
144.0	95.93	63.05	95.93
144.2	96.44	63.51	96.44
144.4	97.04	64.05	97.04
144.6	97.69	64.63	97.69
144.8	98.39	65.19	98.39
145.0	99.11	65.75	99.11
145.2	99.82	66.29	99.82
145.4	100.51	66.79	100.51
145.6	101.11	67.21	101.11
145.8	101.62	67.53	101.62
146.0	102.04	67.79	102.04
146.2	102.38	67.98	102.38
146.4	102.63	68.11	102.63
146.6	102.68	68.17	102.68
146.8	102.61	68.16	102.61
147.0	102.46	68.09	102.46
147.2	102.25	67.98	102.25
147.4	101.99	67.82	101.99
147.6	101.72	67.62	101.72
147.8	101.45	67.39	101.45
148.0	101.17	67.14	101.17
148.2	100.89	66.87	100.89
148.4	100.62	66.59	100.62
148.6	100.35	66.27	100.35
148.8	100.09	65.93	100.09
149.0	99.89	65.63	99.89
149.2	99.75	65.39	99.75
149.4	99.71	65.25	99.71
149.6	99.86	65.33	99.86
149.8	100.18	65.61	100.18
150.0	100.58	65.97	100.58
150.2	101.03	66.38	101.03
150.4	101.52	66.81	101.52
150.6	101.97	67.21	101.97
150.8	102.42	67.57	102.42
151.0	102.86	67.9	102.86
151.2	103.28	68.17	103.28
151.4	103.68	68.36	103.68
151.6	104.07	68.38	104.07
151.8	104.41	68.32	104.41
152.0	104.7	68.2	104.7
152.2	104.93	68.03	104.93
152.4	105.05	67.81	105.05
152.6	105.05	67.57	105.05
152.8	104.97	67.3	104.97
153.0	104.82	67.0	104.82
153.2	104.6	66.67	104.6
153.4	104.29	66.32	104.29
153.6	103.86	65.9	103.86
153.8	103.4	65.51	103.4
154.0	102.97	65.14	102.97
154.2	102.58	64.84	102.58
154.4	102.32	64.63	102.32
154.6	102.34	64.61	102.34
154.8	102.43	64.68	102.43
155.0	102.59	64.81	102.59
155.2	102.79	65.0	102.79
155.4	102.98	65.25	102.98
155.6	103.12	65.55	103.12
155.8	103.28	65.87	103.28
156.0	103.48	66.19	103.48
156.2	103.71	66.51	103.71
156.4	104.05	66.73	104.05
156.6	104.44	66.9	104.44
156.8	104.85	67.07	104.85
157.0	105.27	67.25	105.27
157.2	105.68	67.46	105.68
157.4	106.07	67.79	106.07
157.6	106.42	68.13	106.42
157.8	106.73	68.45	106.73
158.0	106.99	68.73	106.99
158.2	107.15	68.92	107.15
158.4	107.19	68.98	107.19
158.6	107.16	68.98	107.16
158.8	107.08	68.91	107.08
159.0	106.94	68.79	106.94
159.2	106.69	68.53	106.69
159.4	106.37	68.18	106.37
159.6	106.07	67.85	106.07
159.8	105.81	67.56	105.81
160.0	105.64	67.35	105.64
160.2	105.7	67.47	105.7
160.4	105.92	67.75	105.92
160.6	106.26	68.1	106.26
160.8	106.74	68.51	106.74
161.0	107.36	68.92	107.36
161.2	108.18	69.23	108.18
161.4	109.09	69.55	109.09
161.6	110.08	69.87	110.08
161.8	111.11	70.21	111.11
162.0	112.16	70.66	112.16
162.2	113.21	71.15	113.21
162.4	114.21	71.6	114.21
162.6	115.14	71.98	115.14
162.8	115.94	72.2	115.94
163.0	116.58	72.18	116.58
163.2	117.07	72.04	117.07
163.4	117.41	71.81	117.41
163.6	117.57	71.49	117.57
163.8	117.44	71.13	117.44
164.0	117.1	70.73	117.1
164.2	116.62	70.27	116.62
164.4	116.03	69.79	116.03
164.6	115.39	69.27	115.39
164.8	114.81	68.76	114.81
165.0	114.24	68.23	114.24
165.2	113.64	67.7	113.64
165.4	113.03	67.17	113.03
165.6	112.39	66.65	112.39
165.8	111.69	66.11	111.69
166.0	110.94	65.56	110.94
166.2	110.21	65.07	110.21
166.4	109.52	64.66	109.52
166.6	108.89	64.34	108.89
166.8	108.42	64.27	108.42
167.0	108.07	64.38	108.07
167.2	107.8	64.58	107.8
167.4	107.6	64.82	107.6
167.6	107.44	65.09	107.44
167.8	107.36	65.31	107.36
168.0	107.32	65.51	107.32
168.2	107.27	65.66	107.27
168.4	107.22	65.76	107.22
168.6	107.12	65.8	107.12
168.8	106.83	65.62	106.83
169.0	106.51	65.38	106.51
169.2	106.16	65.1	106.16
169.4	105.8	64.81	105.8
169.6	105.46	64.53	105.46
169.8	105.2	64.38	105.2
170.0	104.96	64.26	104.96
170.2	104.74	64.16	104.74
170.4	104.52	64.07	104.52
170.6	104.32	63.98	104.32
170.8	103.99	63.78	103.99
171.0	103.68	63.59	103.68
171.2	103.42	63.47	103.42
171.4	103.25	63.43	103.25
171.6	103.2	63.52	103.2
171.8	103.51	63.98	103.51
172.0	103.94	64.57	103.94
172.2	104.44	65.23	104.44
172.4	104.96	65.94	104.96
172.6	105.44	66.62	105.44
172.8	105.8	67.23	105.8
173.0	106.12	67.8	106.12
173.2	106.4	68.31	106.4
173.4	106.64	68.74	106.64
173.6	106.83	68.98	106.83
173.8	106.97	69.09	106.97
174.0	107.05	69.13	107.05
174.2	107.09	69.12	107.09
174.4	107.07	69.07	107.07
174.6	106.99	69.1	106.99
174.8	106.84	69.13	106.84
175.0	106.65	69.12	106.65
175.2	106.4	69.07	106.4
175.4	106.1	68.97	106.1
175.6	105.66	68.7	105.66
175.8	105.16	68.36	105.16
176.0	104.67	67.98	104.67
176.2	104.2	67.6	104.2
176.4	103.78	67.22	103.78
176.6	103.57	66.9	103.57
176.8	103.48	66.64	103.48
177.0	103.46	66.43	103.46
177.2	103.48	66.28	103.48
177.4	103.52	66.21	103.52
177.6	103.52	66.3	103.52
177.8	103.5	66.48	103.5
178.0	103.5	66.71	103.5
178.2	103.52	66.97	103.52
178.4	103.55	67.24	103.55
178.6	103.66	67.51	103.66
178.8	103.77	67.76	103.77
179.0	103.88	67.95	103.88
179.2	103.97	68.08	103.97
179.4	104.02	68.1	104.02
179.6	103.99	67.9	103.99
179.8	103.92	67.62	103.92
180.0	103.82	67.28	103.82
180.2	103.69	66.9	103.69
180.4	103.53	66.49	103.53
180.6	103.34	66.11	103.34
180.8	103.13	65.72	103.13
181.0	102.9	65.34	102.9
181.2	102.67	64.97	102.67
181.4	102.41	64.61	102.41
181.6	102.07	64.24	102.07
181.8	101.77	63.92	101.77
182.0	101.53	63.68	101.53
182.2	101.38	63.54	101.38
182.4	101.41	63.55	101.41
182.6	101.78	63.83	101.78
182.8	102.23	64.2	102.23
183.0	102.71	64.64	102.71
183.2	103.19	65.11	103.19
183.4	103.5	65.57	103.5
183.6	103.66	66.0	103.66
183.8	103.76	66.39	103.76
184.0	103.8	66.75	103.8
184.2	103.81	67.05	103.81
184.4	103.82	67.19	103.82
184.6	103.81	67.25	103.81
184.8	103.75	67.26	103.75
185.0	103.64	67.22	103.64
185.2	103.47	67.14	103.47
185.4	103.19	67.13	103.19
185.6	102.85	67.08	102.85
185.8	102.46	66.99	102.46
186.0	102.04	66.85	102.04
186.2	101.58	66.65	101.58
186.4	101.03	66.22	101.03
186.6	100.46	65.73	100.46
186.8	99.93	65.23	99.93
187.0	99.45	64.77	99.45
187.2	99.06	64.38	99.06
187.4	98.92	64.22	98.92
187.6	98.94	64.22	98.94
187.8	99.04	64.31	99.04
188.0	99.22	64.5	99.22
188.2	99.44	64.78	99.44
188.4	99.63	65.17	99.63
188.6	99.84	65.63	99.84
188.8	100.1	66.14	100.1
189.0	100.4	66.68	100.4
189.2	100.78	67.23	100.78
189.4	101.31	67.78	101.31
189.6	101.87	68.3	101.87
189.8	102.44	68.78	102.44
190.0	102.98	69.2	102.98
190.2	103.42	69.48	103.42
190.4	103.72	69.61	103.72
190.6	103.97	69.66	103.97
190.8	104.19	69.63	104.19
191.0	104.37	69.55	104.37
191.2	104.54	69.41	104.54
191.4	104.7	69.22	104.7
191.6	104.86	69.01	104.86
191.8	105.0	68.8	105.0
192.0	105.15	68.6	105.15
192.2	105.26	68.45	105.26
192.4	105.39	68.34	105.39
192.6	105.56	68.27	105.56
192.8	105.79	68.27	105.79
193.0	106.14	68.37	106.14
193.2	106.7	68.64	106.7
193.4	107.32	68.95	107.32
193.6	107.96	69.26	107.96
193.8	108.58	69.54	108.58
194.0	109.07	69.62	109.07
194.2	109.48	69.62	109.48
194.4	109.84	69.57	109.84
194.6	110.16	69.5	110.16
194.8	110.46	69.46	110.46
195.0	110.75	69.49	110.75
195.2	110.99	69.51	110.99
195.4	111.19	69.5	111.19
195.6	111.35	69.46	111.35
195.8	111.37	69.26	111.37
196.0	111.31	68.98	111.31
196.2	111.24	68.67	111.24
196.4	111.18	68.37	111.18
196.6	111.14	68.1	111.14
196.8	111.29	67.85	111.29
197.0	111.5	67.67	111.5
197.2	111.73	67.61	111.73
197.4	111.96	67.69	111.96
197.6	112.18	67.94	112.18
197.8	112.48	68.97	112.48
198.0	112.69	70.04	112.69
198.2	112.76	71.0	112.76
198.4	112.63	71.73	112.63
198.6	111.95	71.59	111.95
198.8	110.88	70.79	110.88
199.0	109.75	69.81	109.75
199.2	108.66	68.78	108.66
199.4	107.94	68.04	107.94
199.6	107.64	67.67	107.64
199.8	107.52	67.47	107.52
200.0	107.52	67.41	107.52
200.2	107.63	67.56	107.63
200.4	107.8	67.9	107.8
200.6	107.99	68.31	107.99
200.8	108.14	68.71	108.14
201.0	108.15	68.99	108.15
201.2	107.92	69.02	107.92
201.4	107.6	68.96	107.6
201.6	107.22	68.84	107.22
201.8	106.78	68.67	106.78
202.0	106.37	68.51	106.37
202.2	105.92	68.31	105.92
202.4	105.45	68.07	105.45
202.6	104.95	67.78	104.95
202.8	104.44	67.43	104.44
203.0	103.91	67.03	103.91
203.2	103.35	66.58	103.35
203.4	102.74	66.1	102.74
203.6	102.07	65.57	102.07
203.8	101.14	64.88	101.14
204.0	100.17	64.19	100.17
204.2	99.25	63.55	99.25
204.4	98.44	63.0	98.44
204.6	97.84	62.64	97.84
204.8	97.75	62.67	97.75
205.0	97.83	62.85	97.83
205.2	98.03	63.14	98.03
205.4	98.33	63.51	98.33
205.6	98.61	63.88	98.61
205.8	98.87	64.24	98.87
206.0	99.17	64.63	99.17
206.2	99.51	65.04	99.51
206.4	99.91	65.46	99.91
206.6	100.41	65.93	100.41
206.8	100.93	66.38	100.93
207.0	101.46	66.78	101.46
207.2	101.96	67.12	101.96
207.4	102.35	67.26	102.35
207.6	102.68	67.28	102.68
207.8	102.95	67.24	102.95
208.0	103.17	67.16	103.17
208.2	103.34	67.09	103.34
208.4	103.47	67.18	103.47
208.6	103.55	67.26	103.55
208.8	103.58	67.32	103.58
209.0	103.55	67.34	103.55
209.2	103.44	67.26	103.44
209.4	103.19	66.99	103.19
209.6	102.93	66.7	102.93
209.8	102.71	66.41	102.71
210.0	102.55	66.16	102.55
210.2	102.63	66.08	102.63
210.4	102.9	66.13	102.9
210.6	103.23	66.24	103.23
210.8	103.58	66.4	103.58
211.0	103.91	66.6	103.91
211.2	104.1	66.85	104.1
211.4	104.25	67.11	104.25
211.6	104.36	67.35	104.36
211.8	104.43	67.56	104.43
212.0	104.47	67.62	104.47
212.2	104.47	67.58	104.47
212.4	104.43	67.49	104.43
212.6	104.35	67.38	104.35
212.8	104.22	67.25	104.22
213.0	104.0	67.22	104.0
213.2	103.73	67.22	103.73
213.4	103.43	67.2	103.43
213.6	103.11	67.16	103.11
213.8	102.78	67.1	102.78
214.0	102.5	66.92	102.5
214.2	102.24	66.68	102.24
214.4	101.98	66.41	101.98
214.6	101.72	66.13	101.72
214.8	101.46	65.84	101.46
215.0	101.1	65.5	101.1
215.2	100.67	65.14	100.67
215.4	100.31	64.85	100.31
215.6	100.07	64.65	100.07
215.8	99.98	64.58	99.98
216.0	100.25	64.82	100.25
216.2	100.8	65.29	100.8
216.4	101.52	65.88	101.52
216.6	102.37	66.57	102.37
216.8	103.35	67.32	103.35
217.0	104.45	68.15	104.45
217.2	105.6	68.96	105.6
217.4	106.75	69.72	106.75
217.6	107.85	70.38	107.85
217.8	108.78	70.74	108.78
218.0	109.57	70.91	109.57
218.2	110.26	70.97	110.26
218.4	110.83	70.92	110.83
218.6	111.26	70.81	111.26
218.8	111.56	70.68	111.56
219.0	111.72	70.49	111.72
219.2	111.75	70.26	111.75
219.4	111.66	69.97	111.66
219.6	111.39	69.62	111.39
219.8	110.91	69.2	110.91
220.0	110.36	68.76	110.36
220.2	109.77	68.34	109.77
220.4	109.18	67.95	109.18
220.6	108.72	67.67	108.72
220.8	108.43	67.52	108.43
221.0	108.17	67.41	108.17
221.2	107.93	67.34	107.93
221.4	107.68	67.27	107.68
221.6	107.31	67.14	107.31
221.8	106.87	66.97	106.87
222.0	106.43	66.82	106.43
222.2	106.03	66.7	106.03
222.4	105.67	66.64	105.67
222.6	105.54	66.8	105.54
222.8	105.47	67.01	105.47
223.0	105.43	67.23	105.43
223.2	105.38	67.43	105.38
223.4	105.29	67.56	105.29
223.6	105.01	67.43	105.01
223.8	104.67	67.24	104.67
224.0	104.3	66.99	104.3
224.2	103.91	66.69	103.91
224.4	103.5	66.38	103.5
224.6	103.08	66.07	103.08
224.8	102.67	65.76	102.67
225.0	102.27	65.46	102.27
225.2	101.9	65.18	101.9
225.4	101.57	64.92	101.57
225.6	101.25	64.69	101.25
225.8	101.0	64.51	101.0
226.0	100.82	64.4	100.82
226.2	100.73	64.37	100.73
226.4	100.78	64.45	100.78
226.6	101.06	64.76	101.06
226.8	101.43	65.15	101.43
227.0	101.88	65.6	101.88
227.2	102.37	66.07	102.37
227.4	102.87	66.56	102.87
227.6	103.35	67.02	103.35
227.8	103.83	67.44	103.83
228.0	104.3	67.8	104.3
228.2	104.76	68.07	104.76
228.4	105.22	68.09	105.22
228.6	105.63	68.03	105.63
228.8	105.98	67.89	105.98
229.0	106.26	67.7	106.26
229.2	106.44	67.52	106.44
229.4	106.5	67.39	106.5
229.6	106.45	67.2	106.45
229.8	106.29	66.94	106.29
230.0	105.99	66.59	105.99
230.2	105.4	65.93	105.4
230.4	104.61	65.08	104.61
230.6	103.77	64.21	103.77
230.8	102.97	63.38	102.97
231.0	102.25	62.66	102.25
231.2	101.97	62.35	101.97
231.4	101.88	62.26	101.88
231.6	101.89	62.29	101.89
231.8	101.94	62.4	101.94
232.0	101.98	62.57	101.98
232.2	101.88	62.73	101.88
232.4	101.76	62.9	101.76
232.6	101.62	63.06	101.62
232.8	101.46	63.21	101.46
233.0	101.29	63.27	101.29
233.2	101.11	63.24	101.11
233.4	100.91	63.17	100.91
233.6	100.7	63.1	100.7
233.8	100.48	63.01	100.48
234.0	100.27	63.02	100.27
234.2	100.06	63.05	100.06
234.4	99.82	63.07	99.82
234.6	99.57	63.05	99.57
234.8	99.29	62.99	99.29
235.0	98.89	62.73	98.89
235.2	98.45	62.38	98.45
235.4	98.02	62.02	98.02
235.6	97.62	61.68	97.62
235.8	97.27	61.37	97.27
236.0	97.06	61.2	97.06
236.2	96.94	61.12	96.94
236.4	96.91	61.13	96.91
236.6	96.97	61.25	96.97
236.8	97.11	61.48	97.11
237.0	97.4	62.0	97.4
237.2	97.77	62.6	97.77
237.4	98.21	63.25	98.21
237.6	98.71	63.91	98.71
237.8	99.27	64.48	99.27
238.0	99.86	64.92	99.86
238.2	100.48	65.32	100.48
238.4	101.1	65.68	101.1
238.6	101.71	66.02	101.71
238.8	102.3	66.4	102.3
239.0	102.84	66.76	102.84
239.2	103.33	67.06	103.33
239.4	103.76	67.3	103.76
239.6	104.08	67.43	104.08
239.8	104.22	67.36	104.22
240.0	104.28	67.21	104.28
240.2	104.25	66.99	104.25
240.4	104.16	66.71	104.16
240.6	104.02	66.38	104.02
240.8	103.83	66.03	103.83
241.0	103.61	65.66	103.61
241.2	103.35	65.3	103.35
241.4	103.06	64.97	103.06
241.6	102.76	64.68	102.76
241.8	102.4	64.52	102.4
242.0	102.05	64.42	102.05
242.2	101.73	64.36	101.73
242.4	101.47	64.36	101.47
242.6	101.3	64.39	101.3
242.8	101.32	64.49	101.32
243.0	101.42	64.61	101.42
243.2	101.57	64.76	101.57
243.4	101.77	64.93	101.77
243.6	101.99	65.11	101.99
243.8	102.22	65.29	102.22
244.0	102.46	65.48	102.46
244.2	102.72	65.65	102.72
244.4	102.98	65.82	102.98
244.6	103.25	65.97	103.25
244.8	103.52	66.1	103.52
245.0	103.77	66.19	103.77
245.2	104.0	66.25	104.0
245.4	104.2	66.27	104.2
245.6	104.31	66.14	104.31
245.8	104.36	65.94	104.36
246.0	104.39	65.73	104.39
246.2	104.4	65.53	104.4
246.4	104.39	65.36	104.39
246.6	104.45	65.34	104.45
246.8	104.55	65.44	104.55
247.0	104.61	65.59	104.61
247.2	104.61	65.79	104.61
247.4	104.53	66.01	104.53
247.6	104.18	66.24	104.18
247.8	103.6	66.49	103.6
248.0	103.03	66.73	103.03
248.2	102.53	66.98	102.53
248.4	102.21	67.22	102.21
248.6	102.38	67.39	102.38
248.8	102.71	67.57	102.71
249.0	103.17	67.77	103.17
249.2	103.71	68.02	103.71
249.4	104.34	68.51	104.34
249.6	104.96	69.02	104.96
249.8	105.53	69.49	105.53
250.0	105.98	69.87	105.98
250.2	106.08	69.89	106.08
250.4	105.97	69.73	105.97
250.6	105.73	69.46	105.73
250.8	105.38	69.12	105.38
251.0	104.97	68.78	104.97
251.2	104.52	68.45	104.52
251.4	104.01	68.11	104.01
251.6	103.46	67.75	103.46
251.8	102.88	67.37	102.88
252.0	102.33	67.03	102.33
252.2	101.78	66.69	101.78
252.4	101.2	66.32	101.2
252.6	100.6	65.92	100.6
252.8	99.97	65.47	99.97
253.0	99.21	64.83	99.21
253.2	98.3	63.99	98.3
253.4	97.42	63.16	97.42
253.6	96.63	62.39	96.63
253.8	95.96	61.71	95.96
254.0	95.51	61.26	95.51
254.2	95.51	61.25	95.51
254.4	95.68	61.39	95.68
254.6	95.99	61.65	95.99
254.8	96.43	62.0	96.43
255.0	96.95	62.37	96.95
255.2	97.5	62.71	97.5
255.4	98.12	63.08	98.12
255.6	98.82	63.5	98.82
255.8	99.57	63.97	99.57
256.0	100.44	64.57	100.44
256.2	101.38	65.23	101.38
256.4	102.31	65.9	102.31
256.6	103.21	66.53	103.21
256.8	104.05	67.1	104.05
257.0	104.7	67.41	104.7
257.2	105.23	67.63	105.23
257.4	105.64	67.78	105.64
257.6	105.93	67.85	105.93
257.8	106.06	67.87	106.06
258.0	105.93	67.89	105.93
258.2	105.67	67.86	105.67
258.4	105.31	67.78	105.31
258.6	104.87	67.63	104.87
258.8	104.37	67.42	104.37
259.0	103.8	66.96	103.8
259.2	103.22	66.46	103.22
259.4	102.68	65.96	102.68
259.6	102.22	65.51	102.22
259.8	101.86	65.14	101.86
260.0	101.84	65.07	101.84
260.2	102.05	65.21	102.05
260.4	102.35	65.43	102.35
260.6	102.7	65.7	102.7
260.8	103.07	65.99	103.07
261.0	103.33	66.21	103.33
261.2	103.52	66.37	103.52
261.4	103.69	66.52	103.69
261.6	103.85	66.66	103.85
261.8	104.01	66.8	104.01
262.0	104.19	66.97	104.19
262.2	104.38	67.13	104.38
262.4	104.55	67.28	104.55
262.6	104.69	67.39	104.69
262.8	104.8	67.47	104.8
263.0	104.81	67.4	104.81
263.2	104.77	67.29	104.77
263.4	104.71	67.15	104.71
263.6	104.62	67.01	104.62
263.8	104.51	66.88	104.51
264.0	104.44	66.87	104.44
264.2	104.37	66.9	104.37
264.4	104.27	66.93	104.27
264.6	104.14	66.93	104.14
264.8	103.98	66.91	103.98
265.0	103.66	66.71	103.66
265.2	103.25	66.41	103.25
265.4	102.84	66.09	102.84
265.6	102.47	65.79	102.47
265.8	102.16	65.54	102.16
266.0	102.01	65.42	102.01
266.2	102.06	65.44	102.06
266.4	102.2	65.56	102.2
266.6	102.42	65.75	102.42
266.8	102.72	66.02	102.72
267.0	103.09	66.41	103.09
267.2	103.51	66.92	103.51
267.4	103.98	67.45	103.98
267.6	104.47	67.98	104.47
267.8	104.97	68.49	104.97
268.0	105.46	68.87	105.46
268.2	105.93	69.16	105.93
268.4	106.39	69.4	106.39
268.6	106.83	69.57	106.83
268.8	107.24	69.67	107.24
269.0	107.59	69.67	107.59
269.2	107.91	69.62	107.91
269.4	108.21	69.51	108.21
269.6	108.49	69.36	108.49
269.8	108.77	69.16	108.77
270.0	109.14	68.83	109.14
270.2	109.49	68.51	109.49
270.4	109.79	68.23	109.79
270.6	110.04	68.03	110.04
270.8	110.22	67.94	110.22
271.0	110.24	68.42	110.24
271.2	110.17	68.99	110.17
271.4	110.0	69.56	110.0
271.6	109.75	70.05	109.75
271.8	109.39	70.32	109.39
272.0	108.82	69.94	108.82
272.2	108.21	69.45	108.21
272.4	107.61	68.94	107.61
272.6	107.07	68.48	107.07
272.8	106.86	68.47	106.86
273.0	106.8	68.68	106.8
273.2	106.74	68.92	106.74
273.4	106.62	69.15	106.62
273.6	106.26	69.18	106.26
273.8	105.58	68.95	105.58
274.0	104.81	68.62	104.81
274.2	103.97	68.24	103.97
274.4	103.11	67.82	103.11
274.6	102.41	67.45	102.41
274.8	101.74	67.08	101.74
275.0	101.08	66.72	101.08
275.2	100.42	66.36	100.42
275.4	99.77	66.03	99.77
275.6	99.06	65.79	99.06
275.8	98.36	65.56	98.36
276.0	97.66	65.33	97.66
276.2	96.98	65.1	96.98
276.4	96.31	64.85	96.31
276.6	95.61	64.44	95.61
276.8	94.92	63.99	94.92
277.0	94.3	63.54	94.3
277.2	93.77	63.15	93.77
277.4	93.33	62.82	93.33
277.6	93.07	62.63	93.07
277.8	93.02	62.6	93.02
278.0	93.1	62.7	93.1
278.2	93.3	62.93	93.3
278.4	93.61	63.31	93.61
278.6	94.05	63.95	94.05
278.8	94.62	64.89	94.62
279.0	95.26	65.88	95.26
279.2	95.95	66.88	95.95
279.4	96.68	67.8	96.68
279.6	97.46	68.36	97.46
279.8	98.23	68.7	98.23
280.0	98.96	68.94	98.96
280.2	99.59	69.1	99.59
280.4	100.11	69.22	100.11
280.6	100.24	69.46	100.24
280.8	100.25	69.66	100.25
281.0	100.17	69.81	100.17
281.2	100.02	69.88	100.02
281.4	99.87	69.84	99.87
281.6	99.8	69.59	99.8
281.8	99.71	69.26	99.71
282.0	99.6	68.88	99.6
282.2	99.46	68.47	99.46
282.4	99.27	68.05	99.27
282.6	98.93	67.66	98.93
282.8	98.59	67.29	98.59
283.0	98.29	66.95	98.29
283.2	98.06	66.67	98.06
283.4	97.96	66.48	97.96
283.6	98.1	66.43	98.1
283.8	98.34	66.45	98.34
284.0	98.68	66.51	98.68
284.2	99.1	66.61	99.1
284.4	99.63	66.77	99.63
284.6	100.23	66.96	100.23
284.8	100.87	67.12	100.87
285.0	101.53	67.23	101.53
285.2	102.17	67.27	102.17
285.4	102.79	67.06	102.79
285.6	103.35	66.72	103.35
285.8	103.84	66.29	103.84
286.0	104.24	65.79	104.24
286.2	104.54	65.23	104.54
286.4	104.57	64.69	104.57
286.6	104.46	64.13	104.46
286.8	104.25	63.53	104.25
287.0	103.95	62.9	103.95
287.2	103.58	62.22	103.58
287.4	103.13	61.4	103.13
287.6	102.62	60.47	102.62
287.8	102.11	59.56	102.11
