0.2	101.36	43.94	101.36
0.4	101.09	44.4	101.09
0.6	101.13	44.83	101.13
0.8	101.42	45.23	101.42
1.0	101.92	45.6	101.92
1.2	102.57	45.91	102.57
1.4	103.31	46.17	103.31
1.6	104.08	46.37	104.08
1.8	104.83	46.49	104.83
2.0	105.51	46.54	105.51
2.2	105.97	46.47	105.97
2.4	106.01	46.27	106.01
2.6	105.91	45.98	105.91
2.8	105.72	45.62	105.72
3.0	105.47	45.21	105.47
3.2	105.21	44.69	105.21
3.4	105.02	44.06	105.02
3.6	104.83	43.43	104.83
3.8	104.65	42.86	104.65
4.0	104.5	42.4	104.5
4.2	104.41	42.14	104.41
4.4	104.52	42.43	104.52
4.6	104.63	42.82	104.63
4.8	104.71	43.27	104.71
5.0	104.71	43.7	104.71
5.2	104.6	44.06	104.6
5.4	104.01	43.96	104.01
5.6	103.36	43.78	103.36
5.8	102.7	43.56	102.7
6.0	102.11	43.31	102.11
6.2	101.71	43.09	101.71
6.4	101.58	42.93	101.58
6.6	101.61	42.83	101.61
6.8	101.78	42.8	101.78
7.0	102.11	42.88	102.11
7.2	102.81	43.32	102.81
7.4	103.58	43.81	103.58
7.6	104.34	44.29	104.34
7.8	105.02	44.68	105.02
8.0	105.29	44.7	105.29
8.2	105.27	44.46	105.27
8.4	105.13	44.11	105.13
8.6	104.91	43.69	104.91
8.8	104.69	43.26	104.69
9.0	104.62	42.93	104.62
9.2	104.53	42.6	104.53
9.4	104.39	42.28	104.39
9.6	104.2	41.98	104.2
9.8	103.85	41.68	103.85
10.0	103.31	41.39	103.31
10.2	102.73	41.15	102.73
10.4	102.12	40.95	102.12
10.6	101.5	40.82	101.5
10.8	100.9	40.76	100.9
11.0	100.34	40.79	100.34
11.2	99.88	40.93	99.88
11.4	99.56	41.2	99.56
11.6	99.41	41.63	99.41
11.8	99.7	42.49	99.7
12.0	100.22	43.51	100.22
12.2	100.87	44.57	100.87
12.4	101.64	45.62	101.64
12.6	102.45	46.52	102.45
12.8	103.23	47.07	103.23
13.0	104.04	47.49	104.04
13.2	104.84	47.79	104.84
13.4	105.62	47.97	105.62
13.6	106.34	48.04	106.34
13.8	107.0	48.0	107.0
14.0	107.61	47.86	107.61
14.2	108.15	47.65	108.15
14.4	108.63	47.35	108.63
14.6	109.02	46.97	109.02
14.8	109.32	46.51	109.32
15.0	109.55	46.01	109.55
15.2	109.71	45.49	109.71
15.4	109.78	44.98	109.78
15.6	109.75	44.51	109.75
15.8	109.59	44.1	109.59
16.0	109.39	43.74	109.39
16.2	109.15	43.43	109.15
16.4	108.9	43.18	108.9
16.6	108.66	43.02	108.66
16.8	108.44	42.94	108.44
17.0	108.28	42.96	108.28
17.2	108.18	43.07	108.18
17.4	108.18	43.28	108.18
17.6	108.32	43.6	108.32
17.8	108.76	44.21	108.76
18.0	109.3	44.87	109.3
18.2	109.91	45.54	109.91
18.4	110.55	46.18	110.55
18.6	111.21	46.69	111.21
18.8	111.86	46.99	111.86
19.0	112.46	47.19	112.46
19.2	112.97	47.3	112.97
19.4	113.38	47.33	113.38
19.6	113.51	47.25	113.51
19.8	113.39	47.07	113.39
20.0	113.16	46.84	113.16
20.2	112.82	46.57	112.82
20.4	112.4	46.28	112.4
20.6	111.98	46.0	111.98
20.8	111.55	45.74	111.55
21.0	111.09	45.5	111.09
21.2	110.62	45.27	110.62
21.4	110.15	45.06	110.15
21.6	109.65	44.87	109.65
21.8	109.11	44.67	109.11
22.0	108.6	44.53	108.6
22.2	108.17	44.47	108.17
22.4	107.82	44.48	107.82
22.6	107.58	44.6	107.58
22.8	107.75	45.02	107.75
23.0	108.02	45.52	108.02
23.2	108.34	46.09	108.34
23.4	108.67	46.67	108.67
23.6	108.94	47.25	108.94
23.8	109.0	47.74	109.0
24.0	109.0	48.18	109.0
24.2	108.94	48.58	108.94
24.4	108.82	48.9	108.82
24.6	108.64	49.1	108.64
24.8	108.41	49.12	108.41
25.0	108.12	49.09	108.12
25.2	107.8	49.02	107.8
25.4	107.46	48.93	107.46
25.6	107.08	48.88	107.08
25.8	106.69	48.97	106.69
26.0	106.28	49.07	106.28
26.2	105.88	49.18	105.88
26.4	105.48	49.28	105.48
26.6	105.1	49.36	105.1
26.8	104.63	49.22	104.63
27.0	104.22	49.12	104.22
27.2	103.92	49.09	103.92
27.4	103.77	49.17	103.77
27.6	103.86	49.48	103.86
27.8	104.49	50.34	104.49
28.0	105.26	51.32	105.26
28.2	106.11	52.34	106.11
28.4	106.97	53.35	106.97
28.6	107.68	54.18	107.68
28.8	108.19	54.76	108.19
29.0	108.63	55.22	108.63
29.2	108.99	55.54	108.99
29.4	109.27	55.72	109.27
29.6	109.48	55.62	109.48
29.8	109.62	55.36	109.62
30.0	109.69	55.0	109.69
30.2	109.71	54.58	109.71
30.4	109.68	54.15	109.68
30.6	109.61	53.83	109.61
30.8	109.51	53.59	109.51
31.0	109.36	53.36	109.36
31.2	109.17	53.15	109.17
31.4	108.93	52.95	108.93
31.6	108.58	52.74	108.58
31.8	108.16	52.54	108.16
32.0	107.73	52.36	107.73
32.2	107.33	52.21	107.33
32.4	106.98	52.1	106.98
32.6	106.72	52.03	106.72
32.8	106.57	52.01	106.57
33.0	106.54	52.06	106.54
33.2	106.64	52.2	106.64
33.4	106.89	52.44	106.89
33.6	107.56	52.95	107.56
33.8	108.44	53.61	108.44
34.0	109.36	54.29	109.36
34.2	110.22	54.94	110.22
34.4	110.92	55.48	110.92
34.6	111.05	55.67	111.05
34.8	111.02	55.75	111.02
35.0	110.88	55.73	110.88
35.2	110.66	55.63	110.66
35.4	110.46	55.46	110.46
35.6	110.36	55.24	110.36
35.8	110.24	55.0	110.24
36.0	110.11	54.76	110.11
36.2	109.96	54.54	109.96
36.4	109.77	54.38	109.77
36.6	109.47	54.4	109.47
36.8	109.17	54.46	109.17
37.0	108.87	54.56	108.87
37.2	108.59	54.68	108.59
37.4	108.35	54.81	108.35
37.6	108.03	54.77	108.03
37.8	107.8	54.76	107.8
38.0	107.71	54.83	107.71
38.2	107.81	55.0	107.81
38.4	108.15	55.31	108.15
38.6	109.22	56.14	109.22
38.8	110.47	57.07	110.47
39.0	111.82	58.05	111.82
39.2	113.19	59.0	113.19
39.4	114.39	59.76	114.39
39.6	115.31	60.26	115.31
39.8	116.12	60.65	116.12
40.0	116.82	60.93	116.82
40.2	117.41	61.12	117.41
40.4	117.81	61.19	117.81
40.6	118.1	61.17	118.1
40.8	118.32	61.1	118.32
41.0	118.49	61.01	118.49
41.2	118.65	60.91	118.65
41.4	119.0	60.93	119.0
41.6	119.39	60.99	119.39
41.8	119.73	61.06	119.73
42.0	119.98	61.11	119.98
42.2	120.11	61.15	120.11
42.4	119.83	61.08	119.83
42.6	119.39	60.98	119.39
42.8	118.87	60.87	118.87
43.0	118.33	60.77	118.33
43.2	117.82	60.71	117.82
43.4	117.43	60.71	117.43
43.6	117.1	60.73	117.1
43.8	116.85	60.77	116.85
44.0	116.71	60.8	116.71
44.2	116.95	60.89	116.95
44.4	117.26	60.95	117.26
44.6	117.52	60.95	117.52
44.8	117.67	60.87	117.67
45.0	117.34	60.53	117.34
45.2	116.63	59.99	116.63
45.4	115.77	59.41	115.77
45.6	114.8	58.82	114.8
45.8	113.82	58.31	113.82
46.0	113.02	58.14	113.02
46.2	112.23	58.02	112.23
46.4	111.43	57.94	111.43
46.6	110.62	57.85	110.62
46.8	109.76	57.68	109.76
47.0	108.8	57.26	108.8
47.2	107.84	56.81	107.84
47.4	106.9	56.35	106.9
47.6	105.99	55.92	105.99
47.8	105.14	55.52	105.14
48.0	104.32	55.17	104.32
48.2	103.61	54.93	103.61
48.4	103.06	54.82	103.06
48.6	102.69	54.9	102.69
48.8	102.6	55.25	102.6
49.0	102.97	56.14	102.97
49.2	103.53	57.17	103.53
49.4	104.25	58.28	104.25
49.6	105.08	59.39	105.08
49.8	106.01	60.28	106.01
50.0	106.97	60.98	106.97
50.2	107.92	61.58	107.92
50.4	108.83	62.09	108.83
50.6	109.64	62.52	109.64
50.8	110.11	62.86	110.11
51.0	110.47	63.12	110.47
51.2	110.73	63.28	110.73
51.4	110.91	63.36	110.91
51.6	111.05	63.3	111.05
51.8	111.19	63.08	111.19
52.0	111.28	62.79	111.28
52.2	111.32	62.47	111.32
52.4	111.31	62.16	111.31
52.6	111.18	61.89	111.18
52.8	110.87	61.75	110.87
53.0	110.56	61.66	110.56
53.2	110.29	61.63	110.29
53.4	110.1	61.67	110.1
53.6	110.1	61.78	110.1
53.8	110.4	61.97	110.4
54.0	110.85	62.23	110.85
54.2	111.44	62.59	111.44
54.4	112.17	63.03	112.17
54.6	113.16	63.72	113.16
54.8	114.34	64.59	114.34
55.0	115.53	65.44	115.53
55.2	116.63	66.21	116.63
55.4	117.58	66.81	117.58
55.6	117.87	66.81	117.87
55.8	117.94	66.58	117.94
56.0	117.82	66.16	117.82
56.2	117.58	65.61	117.58
56.4	117.26	64.93	117.26
56.6	117.06	64.17	117.06
56.8	116.8	63.36	116.8
57.0	116.49	62.57	116.49
57.2	116.11	61.82	116.11
57.4	115.67	61.16	115.67
57.6	115.08	60.92	115.08
57.8	114.39	60.89	114.39
58.0	113.67	60.94	113.67
58.2	112.94	61.03	112.94
58.4	112.22	61.13	112.22
58.6	111.53	61.12	111.53
58.8	110.88	60.76	110.88
59.0	110.31	60.38	110.31
59.2	109.85	60.03	109.85
59.4	109.51	59.75	109.51
59.6	109.33	59.57	109.33
59.8	109.62	59.85	109.62
60.0	110.12	60.33	110.12
60.2	110.7	60.87	110.7
60.4	111.28	61.41	111.28
60.6	111.8	61.91	111.8
60.8	111.97	62.11	111.97
61.0	111.96	62.15	111.96
61.2	111.84	62.11	111.84
61.4	111.64	62.01	111.64
61.6	111.36	61.86	111.36
61.8	111.06	61.67	111.06
62.0	110.72	61.47	110.72
62.2	110.34	61.26	110.34
62.4	109.94	61.07	109.94
62.6	109.54	60.9	109.54
62.8	109.15	60.85	109.15
63.0	108.78	60.92	108.78
63.2	108.43	61.02	108.43
63.4	108.08	61.15	108.08
63.6	107.75	61.29	107.75
63.8	107.43	61.43	107.43
64.0	107.02	61.37	107.02
64.2	106.64	61.3	106.64
64.4	106.32	61.26	106.32
64.6	106.09	61.28	106.09
64.8	105.98	61.39	105.98
65.0	106.06	61.68	106.06
65.2	106.38	62.21	106.38
65.4	106.86	62.85	106.86
65.6	107.47	63.57	107.47
65.8	108.22	64.35	108.22
66.0	109.16	65.23	109.16
66.2	110.36	66.21	110.36
66.4	111.59	67.16	111.59
66.6	112.79	68.04	112.79
66.8	113.91	68.78	113.91
67.0	114.67	69.16	114.67
67.2	115.16	69.24	115.16
67.4	115.51	69.17	115.51
67.6	115.74	68.97	115.74
67.8	115.88	68.67	115.88
68.0	115.97	68.24	115.97
68.2	116.01	67.77	116.01
68.4	116.02	67.3	116.02
68.6	116.03	66.88	116.03
68.8	116.04	66.55	116.04
69.0	116.26	66.66	116.26
69.2	116.54	66.96	116.54
69.4	116.78	67.31	116.78
69.6	116.95	67.66	116.95
69.8	116.99	67.95	116.99
70.0	116.57	67.83	116.57
70.2	115.96	67.55	115.96
70.4	115.31	67.25	115.31
70.6	114.71	66.97	114.71
70.8	114.25	66.81	114.25
71.0	114.17	66.93	114.17
71.2	114.24	67.15	114.24
71.4	114.47	67.44	114.47
71.6	114.85	67.79	114.85
71.8	115.68	68.28	115.68
72.0	116.61	68.78	116.61
72.2	117.46	69.19	117.46
72.4	118.11	69.46	118.11
72.6	118.09	69.32	118.09
72.8	117.37	68.78	117.37
73.0	116.4	68.08	116.4
73.2	115.27	67.3	115.27
73.4	114.08	66.52	114.08
73.6	113.28	66.02	113.28
73.8	112.49	65.56	112.49
74.0	111.72	65.15	111.72
74.2	110.95	64.78	110.95
74.4	110.16	64.45	110.16
74.6	109.21	64.15	109.21
74.8	108.24	63.87	108.24
75.0	107.28	63.63	107.28
75.2	106.36	63.42	106.36
75.4	105.5	63.24	105.5
75.6	104.72	63.0	104.72
75.8	104.03	62.75	104.03
76.0	103.48	62.57	103.48
76.2	103.09	62.5	103.09
76.4	102.88	62.55	102.88
76.6	102.99	62.87	102.99
76.8	103.49	63.53	103.49
77.0	104.13	64.3	104.13
77.2	104.88	65.13	104.88
77.4	105.69	65.97	105.69
77.6	106.44	66.69	106.44
77.8	107.12	67.3	107.12
78.0	107.76	67.86	107.76
78.2	108.35	68.37	108.35
78.4	108.86	68.82	108.86
78.6	109.16	69.19	109.16
78.8	109.34	69.5	109.34
79.0	109.47	69.75	109.47
79.2	109.55	69.96	109.55
79.4	109.61	70.13	109.61
79.6	109.8	70.27	109.8
79.8	110.01	70.37	110.01
80.0	110.21	70.44	110.21
80.2	110.37	70.48	110.37
80.4	110.48	70.48	110.48
80.6	110.41	70.45	110.41
80.8	110.18	70.38	110.18
81.0	109.93	70.3	109.93
81.2	109.67	70.22	109.67
81.4	109.45	70.16	109.45
81.6	109.32	70.09	109.32
81.8	109.29	70.03	109.29
82.0	109.38	70.02	109.38
82.2	109.6	70.1	109.6
82.4	109.97	70.28	109.97
82.6	110.62	70.68	110.62
82.8	111.62	71.38	111.62
83.0	112.72	72.14	112.72
83.2	113.87	72.92	113.87
83.4	114.99	73.65	114.99
83.6	115.92	74.16	115.92
83.8	116.68	74.5	116.68
84.0	117.34	74.74	117.34
84.2	117.89	74.87	117.89
84.4	118.31	74.9	118.31
84.6	118.52	74.76	118.52
84.8	118.6	74.54	118.6
85.0	118.59	74.25	118.59
85.2	118.48	73.9	118.48
85.4	118.31	73.52	118.31
85.6	118.14	73.15	118.14
85.8	117.94	72.78	117.94
86.0	117.68	72.4	117.68
86.2	117.36	72.02	117.36
86.4	116.98	71.65	116.98
86.6	116.48	71.3	116.48
86.8	115.86	70.96	115.86
87.0	115.2	70.65	115.2
87.2	114.54	70.37	114.54
87.4	113.91	70.13	113.91
87.6	113.31	69.93	113.31
87.8	112.83	69.75	112.83
88.0	112.43	69.64	112.43
88.2	112.14	69.59	112.14
88.4	111.96	69.63	111.96
88.6	111.91	69.77	111.91
88.8	112.27	70.25	112.27
89.0	112.74	70.8	112.74
89.2	113.24	71.33	113.24
89.4	113.72	71.8	113.72
89.6	114.07	72.09	114.07
89.8	114.07	71.91	114.07
90.0	113.96	71.6	113.96
90.2	113.75	71.21	113.75
90.4	113.46	70.77	113.46
90.6	113.09	70.38	113.09
90.8	112.68	70.11	112.68
91.0	112.21	69.85	112.21
91.2	111.71	69.61	111.71
91.4	111.19	69.39	111.19
91.6	110.66	69.17	110.66
91.8	110.13	68.94	110.13
92.0	109.61	68.74	109.61
92.2	109.12	68.58	109.12
92.4	108.65	68.46	108.65
92.6	108.23	68.41	108.23
92.8	107.76	68.44	107.76
93.0	107.36	68.54	107.36
93.2	107.09	68.73	107.09
93.4	106.98	69.0	106.98
93.6	107.06	69.37	107.06
93.8	107.65	69.92	107.65
94.0	108.49	70.57	108.49
94.2	109.45	71.29	109.45
94.4	110.48	72.05	110.48
94.6	111.49	72.84	111.49
94.8	112.38	73.68	112.38
95.0	113.19	74.49	113.19
95.2	113.9	75.22	113.9
95.4	114.49	75.83	114.49
95.6	114.8	76.11	114.8
95.8	114.85	76.11	114.85
96.0	114.78	75.97	114.78
96.2	114.63	75.74	114.63
96.4	114.42	75.46	114.42
96.6	114.31	75.26	114.31
96.8	114.28	75.15	114.28
97.0	114.23	75.02	114.23
97.2	114.13	74.87	114.13
97.4	113.99	74.71	113.99
97.6	113.71	74.46	113.71
97.8	113.23	74.11	113.23
98.0	112.72	73.74	112.72
98.2	112.19	73.39	112.19
98.4	111.68	73.08	111.68
98.6	111.2	72.81	111.2
98.8	110.76	72.58	110.76
99.0	110.42	72.47	110.42
99.2	110.24	72.48	110.24
99.4	110.26	72.65	110.26
99.6	110.54	73.04	110.54
99.8	111.57	74.05	111.57
100.0	112.74	75.15	112.74
100.2	113.95	76.26	113.95
100.4	115.1	77.28	115.1
100.6	115.9	77.94	115.9
100.8	116.21	78.11	116.21
101.0	116.34	78.08	116.34
101.2	116.31	77.87	116.31
101.4	116.16	77.51	116.16
101.6	115.96	77.03	115.96
101.8	115.7	76.45	115.7
102.0	115.38	75.79	115.38
102.2	114.99	75.08	114.99
102.4	114.55	74.34	114.55
102.6	114.08	73.59	114.08
102.8	113.59	72.87	113.59
103.0	113.07	72.19	113.07
103.2	112.53	71.57	112.53
103.4	111.96	71.02	111.96
103.6	111.37	70.57	111.37
103.8	110.68	70.48	110.68
104.0	109.99	70.48	109.99
104.2	109.33	70.55	109.33
104.4	108.72	70.65	108.72
104.6	108.19	70.76	108.19
104.8	107.71	70.63	107.71
105.0	107.33	70.32	107.33
105.2	107.11	70.07	107.11
105.4	107.08	69.94	107.08
105.6	107.27	69.98	107.27
105.8	107.97	70.54	107.97
106.0	109.17	71.62	109.17
106.2	110.48	72.81	110.48
106.4	111.82	74.04	111.82
106.6	113.09	75.22	113.09
106.8	113.88	75.99	113.88
107.0	114.33	76.46	114.33
107.2	114.61	76.77	114.61
107.4	114.71	76.94	114.71
107.6	114.67	76.96	114.67
107.8	114.42	76.72	114.42
108.0	114.05	76.34	114.05
108.2	113.61	75.9	113.61
108.4	113.12	75.45	113.12
108.6	112.64	75.04	112.64
108.8	112.23	74.77	112.23
109.0	111.98	74.89	111.98
109.2	111.82	75.09	111.82
109.4	111.73	75.38	111.73
109.6	111.74	75.72	111.74
109.8	111.86	76.1	111.86
110.0	112.2	76.51	112.2
110.2	112.76	76.92	112.76
110.4	113.36	77.3	113.36
110.6	113.96	77.63	113.96
110.8	114.52	77.89	114.52
111.0	114.91	77.99	114.91
111.2	115.06	77.9	115.06
111.4	115.11	77.71	115.11
111.6	115.06	77.46	115.06
111.8	114.94	77.14	114.94
112.0	114.74	76.78	114.74
112.2	114.47	76.4	114.47
112.4	114.15	76.0	114.15
112.6	113.78	75.59	113.78
112.8	113.37	75.2	113.37
113.0	112.93	74.84	112.93
113.2	112.46	74.56	112.46
113.4	111.99	74.31	111.99
113.6	111.52	74.11	111.52
113.8	111.08	73.94	111.08
114.0	110.68	73.82	110.68
114.2	110.29	73.73	110.29
114.4	109.97	73.69	109.97
114.6	109.74	73.69	109.74
114.8	109.63	73.75	109.63
115.0	109.66	73.87	109.66
115.2	110.04	74.09	110.04
115.4	110.62	74.39	110.62
115.6	111.29	74.72	111.29
115.8	112.0	75.06	112.0
116.0	112.69	75.41	112.69
116.2	113.22	75.76	113.22
116.4	113.69	76.07	113.69
116.6	114.08	76.35	114.08
116.8	114.4	76.57	114.4
117.0	114.6	76.67	114.6
117.2	114.65	76.6	114.65
117.4	114.62	76.47	114.62
117.6	114.51	76.29	114.51
117.8	114.35	76.07	114.35
118.0	114.16	75.86	114.16
118.2	113.96	75.69	113.96
118.4	113.73	75.52	113.73
118.6	113.46	75.34	113.46
118.8	113.16	75.17	113.16
119.0	112.81	75.0	112.81
119.2	112.34	74.8	112.34
119.4	111.87	74.62	111.87
119.6	111.41	74.46	111.41
119.8	111.0	74.32	111.0
120.0	110.66	74.22	110.66
120.2	110.42	74.11	110.42
120.4	110.3	74.05	110.3
120.6	110.31	74.07	110.31
120.8	110.48	74.19	110.48
121.0	110.81	74.43	110.81
121.2	111.68	75.12	111.68
121.4	112.65	75.87	112.65
121.6	113.66	76.6	113.66
121.8	114.61	77.26	114.61
122.0	115.3	77.62	115.3
122.2	115.61	77.56	115.61
122.4	115.77	77.37	115.77
122.6	115.79	77.06	115.79
122.8	115.69	76.69	115.69
123.0	115.42	76.35	115.42
123.2	115.04	76.05	115.04
123.4	114.61	75.76	114.61
123.6	114.2	75.47	114.2
123.8	113.82	75.2	113.82
124.0	113.63	74.93	113.63
124.2	113.72	74.65	113.72
124.4	113.89	74.44	113.89
124.6	114.14	74.31	114.14
124.8	114.43	74.29	114.43
125.0	114.76	74.42	114.76
125.2	115.1	75.01	115.1
125.4	115.43	75.68	115.43
125.6	115.74	76.37	115.74
125.8	116.0	77.02	116.0
126.0	116.18	77.53	116.18
126.2	116.24	77.68	116.24
126.4	116.22	77.7	116.22
126.6	116.09	77.61	116.09
126.8	115.87	77.42	115.87
127.0	115.43	77.12	115.43
127.2	114.81	76.73	114.81
127.4	114.17	76.31	114.17
127.6	113.53	75.88	113.53
127.8	112.96	75.48	112.96
128.0	112.58	75.11	112.58
128.2	112.34	74.84	112.34
128.4	112.25	74.67	112.25
128.6	112.35	74.65	112.35
128.8	112.86	75.0	112.86
129.0	113.7	75.67	113.7
129.2	114.59	76.38	114.59
129.4	115.43	77.04	115.43
129.6	116.02	77.48	116.02
129.8	116.1	77.45	116.1
130.0	115.99	77.25	115.99
130.2	115.72	76.91	115.72
130.4	115.31	76.47	115.31
130.6	114.83	75.96	114.83
130.8	114.26	75.4	114.26
131.0	113.64	74.81	113.64
131.2	112.98	74.23	112.98
131.4	112.3	73.68	112.3
131.6	111.75	73.32	111.75
131.8	111.2	73.01	111.2
132.0	110.63	72.74	110.63
132.2	110.03	72.5	110.03
132.4	109.4	72.27	109.4
132.6	108.6	71.94	108.6
132.8	107.72	71.58	107.72
133.0	106.84	71.28	106.84
133.2	105.98	71.05	105.98
133.4	105.17	70.93	105.17
133.6	104.42	71.0	104.42
133.8	103.76	71.32	103.76
134.0	103.23	71.76	103.23
134.2	102.87	72.32	102.87
134.4	102.71	72.96	102.71
134.6	102.87	73.7	102.87
134.8	103.63	74.57	103.63
135.0	104.54	75.46	104.54
135.2	105.54	76.33	105.54
135.4	106.54	77.14	106.54
135.6	107.32	77.77	107.32
135.8	107.83	78.18	107.83
136.0	108.24	78.51	108.24
136.2	108.57	78.76	108.57
136.4	108.83	78.95	108.83
136.6	109.06	79.2	109.06
136.8	109.23	79.43	109.23
137.0	109.35	79.6	109.35
137.2	109.42	79.7	109.42
137.4	109.45	79.71	109.45
137.6	109.42	79.5	109.42
137.8	109.36	79.17	109.36
138.0	109.26	78.78	109.26
138.2	109.13	78.35	109.13
138.4	108.97	77.92	108.97
138.6	108.74	77.52	108.74
138.8	108.47	77.16	108.47
139.0	108.22	76.87	108.22
139.2	108.02	76.66	108.02
139.4	107.88	76.56	107.88
139.6	107.84	76.71	107.84
139.8	107.92	77.11	107.92
140.0	108.13	77.58	108.13
140.2	108.49	78.09	108.49
140.4	109.02	78.6	109.02
140.6	109.98	78.98	109.98
140.8	111.19	79.27	111.19
141.0	112.45	79.51	112.45
141.2	113.66	79.68	113.66
141.4	114.71	79.79	114.71
141.6	115.26	79.85	115.26
141.8	115.63	79.83	115.63
142.0	115.84	79.73	115.84
142.2	115.91	79.55	115.91
142.4	115.88	79.23	115.88
142.6	115.77	78.79	115.77
142.8	115.55	78.26	115.55
143.0	115.23	77.65	115.23
143.2	114.82	76.99	114.82
143.4	114.26	76.23	114.26
143.6	113.58	75.4	113.58
143.8	112.85	74.58	112.85
144.0	112.11	73.8	112.11
144.2	111.37	73.1	111.37
144.4	110.69	72.56	110.69
144.6	110.07	72.26	110.07
144.8	109.56	72.09	109.56
145.0	109.16	72.06	109.16
145.2	108.9	72.18	108.9
145.4	108.82	72.45	108.82
145.6	109.24	73.1	109.24
145.8	109.78	73.83	109.78
146.0	110.4	74.57	110.4
146.2	111.03	75.29	111.03
146.4	111.6	75.85	111.6
146.6	111.98	76.12	111.98
146.8	112.29	76.25	112.29
147.0	112.5	76.25	112.5
147.2	112.61	76.13	112.61
147.4	112.54	75.8	112.54
147.6	112.3	75.3	112.3
147.8	111.98	74.73	111.98
148.0	111.6	74.1	111.6
148.2	111.19	73.46	111.19
148.4	110.78	72.88	110.78
148.6	110.43	72.4	110.43
148.8	110.08	71.97	110.08
149.0	109.75	71.62	109.75
149.2	109.44	71.35	109.44
149.4	109.16	71.19	109.16
149.6	108.81	71.18	108.81
149.8	108.53	71.29	108.53
150.0	108.37	71.51	108.37
150.2	108.35	71.85	108.35
150.4	108.51	72.3	108.51
150.6	109.19	73.02	109.19
150.8	110.06	73.83	110.06
151.0	111.03	74.68	111.03
151.2	112.04	75.53	112.04
151.4	113.01	76.32	113.01
151.6	113.81	76.98	113.81
151.8	114.53	77.56	114.53
152.0	115.16	78.03	115.16
152.2	115.68	78.39	115.68
152.4	115.98	78.51	115.98
152.6	116.11	78.46	116.11
152.8	116.12	78.31	116.12
153.0	116.05	78.07	116.05
153.2	115.9	77.78	115.9
153.4	115.72	77.46	115.72
153.6	115.51	77.14	115.51
153.8	115.26	76.83	115.26
154.0	115.01	76.56	115.01
154.2	114.74	76.34	114.74
154.4	114.48	76.25	114.48
154.6	114.19	76.35	114.19
154.8	113.96	76.54	113.96
155.0	113.79	76.82	113.79
155.2	113.71	77.16	113.71
155.4	113.76	77.57	113.76
155.6	114.19	78.14	114.19
155.8	114.73	78.73	114.73
156.0	115.3	79.3	115.3
156.2	115.86	79.8	115.86
156.4	116.35	80.17	116.35
156.6	116.66	80.28	116.66
156.8	116.87	80.28	116.87
157.0	116.99	80.18	116.99
157.2	116.99	79.99	116.99
157.4	116.75	79.7	116.75
157.6	116.32	79.33	116.32
157.8	115.82	78.93	115.82
158.0	115.31	78.52	115.31
158.2	114.82	78.13	114.82
158.4	114.55	77.86	114.55
158.6	114.59	77.77	114.59
158.8	114.68	77.72	114.68
159.0	114.79	77.7	114.79
159.2	114.89	77.71	114.89
159.4	114.94	77.72	114.94
159.6	114.75	77.67	114.75
159.8	114.48	77.63	114.48
160.0	114.15	77.58	114.15
160.2	113.76	77.52	113.76
160.4	113.29	77.44	113.29
160.6	112.58	77.3	112.58
160.8	111.91	77.17	111.91
161.0	111.36	77.09	111.36
161.2	110.99	77.08	110.99
161.4	111.13	77.23	111.13
161.6	111.69	77.52	111.69
161.8	112.43	77.88	112.43
162.0	113.27	78.28	113.27
162.2	114.16	78.71	114.16
162.4	115.02	79.16	115.02
162.6	115.8	79.58	115.8
162.8	116.44	79.94	116.44
163.0	116.89	80.22	116.89
163.2	116.77	80.28	116.77
163.4	116.38	80.21	116.38
163.6	115.81	80.04	115.81
163.8	115.11	79.76	115.11
164.0	114.39	79.37	114.39
164.2	113.79	78.84	113.79
164.4	113.16	78.26	113.16
164.6	112.5	77.67	112.5
164.8	111.82	77.08	111.82
165.0	111.11	76.55	111.11
165.2	110.31	76.27	110.31
165.4	109.51	76.06	109.51
165.6	108.71	75.9	108.71
165.8	107.94	75.77	107.94
166.0	107.21	75.68	107.21
166.2	106.5	75.49	106.5
166.4	105.84	75.29	105.84
166.6	105.31	75.14	105.31
166.8	104.92	75.05	104.92
167.0	104.7	75.06	104.7
167.2	104.81	75.24	104.81
167.4	105.26	75.61	105.26
167.6	105.86	76.08	105.86
167.8	106.6	76.62	106.6
168.0	107.45	77.24	107.45
168.2	108.4	77.98	108.4
168.4	109.39	78.77	109.39
168.6	110.35	79.52	110.35
168.8	111.25	80.21	111.25
169.0	112.01	80.73	112.01
169.2	112.38	80.85	112.38
169.4	112.62	80.85	112.62
169.6	112.76	80.77	112.76
169.8	112.82	80.66	112.82
170.0	112.87	80.61	112.87
170.2	112.97	80.74	112.97
170.4	113.03	80.88	113.03
170.6	113.04	81.01	113.04
170.8	113.0	81.1	113.0
171.0	112.86	81.12	112.86
171.2	112.54	80.96	112.54
171.4	112.18	80.75	112.18
171.6	111.8	80.51	111.8
171.8	111.44	80.26	111.44
172.0	111.12	80.0	111.12
172.2	110.76	79.61	110.76
172.4	110.52	79.3	110.52
172.6	110.47	79.12	110.47
172.8	110.65	79.13	110.65
173.0	111.24	79.5	111.24
173.2	112.61	80.6	112.61
173.4	114.16	81.85	114.16
173.6	115.8	83.14	115.8
173.8	117.4	84.38	117.4
174.0	118.65	85.24	118.65
174.2	119.58	85.78	119.58
174.4	120.33	86.12	120.33
174.6	120.87	86.26	120.87
174.8	121.18	86.18	121.18
175.0	121.13	85.76	121.13
175.2	120.91	85.18	120.91
175.4	120.56	84.49	120.56
175.6	120.11	83.72	120.11
175.8	119.64	82.95	119.64
176.0	119.3	82.3	119.3
176.2	118.94	81.66	118.94
176.4	118.55	81.05	118.55
176.6	118.14	80.47	118.14
176.8	117.7	79.92	117.7
177.0	117.07	79.39	117.07
177.2	116.43	78.92	116.43
177.4	115.84	78.53	115.84
177.6	115.31	78.24	115.31
177.8	114.9	78.08	114.9
178.0	114.81	78.22	114.81
178.2	114.95	78.55	114.95
178.4	115.18	78.95	115.18
178.6	115.48	79.39	115.48
178.8	115.8	79.83	115.8
179.0	116.09	80.14	116.09
179.2	116.36	80.38	116.36
179.4	116.58	80.56	116.58
179.6	116.72	80.68	116.72
179.8	116.74	80.69	116.74
180.0	116.53	80.57	116.53
180.2	116.22	80.37	116.22
180.4	115.83	80.12	115.83
180.6	115.38	79.82	115.38
180.8	114.88	79.48	114.88
181.0	114.36	79.12	114.36
181.2	113.81	78.75	113.81
181.4	113.26	78.4	113.26
181.6	112.72	78.09	112.72
181.8	112.2	77.83	112.2
182.0	111.71	77.75	111.71
182.2	111.27	77.74	111.27
182.4	110.89	77.78	110.89
182.6	110.58	77.88	110.58
182.8	110.37	78.02	110.37
183.0	110.28	78.19	110.28
183.2	110.31	78.38	110.31
183.4	110.46	78.61	110.46
183.6	110.73	78.87	110.73
183.8	111.13	79.15	111.13
184.0	111.83	79.49	111.83
184.2	112.67	79.85	112.67
184.4	113.54	80.21	113.54
184.6	114.37	80.56	114.37
184.8	115.06	80.89	115.06
185.0	115.4	81.21	115.4
185.2	115.6	81.47	115.6
185.4	115.69	81.66	115.69
185.6	115.67	81.75	115.67
185.8	115.53	81.63	115.53
186.0	115.29	81.24	115.29
186.2	114.99	80.76	114.99
186.4	114.66	80.25	114.66
186.6	114.31	79.72	114.31
186.8	113.97	79.24	113.97
187.0	113.67	78.86	113.67
187.2	113.43	78.57	113.43
187.4	113.27	78.4	113.27
187.6	113.21	78.37	113.21
187.8	113.4	78.64	113.4
188.0	113.86	79.25	113.86
188.2	114.39	79.95	114.39
188.4	114.95	80.68	114.95
188.6	115.5	81.38	115.5
188.8	115.9	81.9	115.9
189.0	116.2	82.28	116.2
189.2	116.41	82.52	116.41
189.4	116.5	82.62	116.5
189.6	116.42	82.46	116.42
189.8	116.12	81.95	116.12
190.0	115.7	81.31	115.7
190.2	115.18	80.62	115.18
190.4	114.59	79.91	114.59
190.6	113.96	79.42	113.96
190.8	113.33	79.18	113.33
191.0	112.66	79.0	112.66
191.2	111.96	78.86	111.96
191.4	111.24	78.73	111.24
191.6	110.48	78.58	110.48
191.8	109.63	78.19	109.63
192.0	108.79	77.78	108.79
192.2	107.97	77.41	107.97
192.4	107.21	77.08	107.21
192.6	106.53	76.84	106.53
192.8	106.0	76.78	106.0
193.0	105.64	76.91	105.64
193.2	105.39	77.15	105.39
193.4	105.25	77.49	105.25
193.6	105.21	77.92	105.21
193.8	105.31	78.46	105.31
194.0	105.64	79.22	105.64
194.2	106.01	79.99	106.01
194.4	106.4	80.7	106.4
194.6	106.75	81.32	106.75
194.8	106.93	81.63	106.93
195.0	106.87	81.56	106.87
195.2	106.74	81.35	106.74
195.4	106.55	81.06	106.55
195.6	106.32	80.72	106.32
195.8	106.1	80.46	106.1
196.0	105.9	80.31	105.9
196.2	105.7	80.18	105.7
196.4	105.5	80.07	105.5
196.6	105.3	79.97	105.3
196.8	105.12	79.89	105.12
197.0	104.93	79.83	104.93
197.2	104.78	79.78	104.78
197.4	104.66	79.76	104.66
197.6	104.57	79.75	104.57
197.8	104.53	79.74	104.53
198.0	104.47	79.64	104.47
198.2	104.51	79.6	104.51
198.4	104.66	79.65	104.66
198.6	104.98	79.83	104.98
198.8	105.6	80.27	105.6
199.0	106.75	81.19	106.75
199.2	107.98	82.18	107.98
199.4	109.18	83.15	109.18
199.6	110.25	84.01	110.25
199.8	110.75	84.4	110.75
200.0	110.82	84.43	110.82
200.2	110.71	84.31	110.71
200.4	110.46	84.07	110.46
200.6	110.13	83.76	110.13
200.8	109.95	83.56	109.95
201.0	109.79	83.36	109.79
201.2	109.61	83.15	109.61
201.4	109.41	82.93	109.41
201.6	109.2	82.71	109.2
201.8	108.9	82.44	108.9
202.0	108.52	82.15	108.52
202.2	108.17	81.88	108.17
202.4	107.87	81.65	107.87
202.6	107.66	81.48	107.66
202.8	107.57	81.4	107.57
203.0	107.82	81.5	107.82
203.2	108.19	81.7	108.19
203.4	108.67	81.98	108.67
203.6	109.24	82.34	109.24
203.8	109.89	82.78	109.89
204.0	110.69	83.47	110.69
204.2	111.51	84.18	111.51
204.4	112.31	84.84	112.31
204.6	113.04	85.39	113.04
204.8	113.6	85.68	113.6
205.0	113.84	85.44	113.84
205.2	113.95	85.03	113.95
205.4	113.96	84.52	113.96
205.6	113.89	83.94	113.89
205.8	113.75	83.39	113.75
206.0	113.6	83.04	113.6
206.2	113.41	82.72	113.41
206.4	113.19	82.43	113.19
206.6	112.97	82.18	112.97
206.8	112.74	81.96	112.74
207.0	112.51	81.8	112.51
207.2	112.3	81.68	112.3
207.4	112.13	81.59	112.13
207.6	112.0	81.52	112.0
207.8	111.93	81.48	111.93
208.0	111.92	81.36	111.92
208.2	111.98	81.21	111.98
208.4	112.15	81.13	112.15
208.6	112.43	81.15	112.43
208.8	112.86	81.32	112.86
209.0	113.66	81.94	113.66
209.2	114.64	82.79	114.64
209.4	115.65	83.67	115.65
209.6	116.62	84.5	116.62
209.8	117.41	85.15	117.41
210.0	117.81	85.38	117.81
210.2	118.06	85.44	118.06
210.4	118.18	85.34	118.18
210.6	118.17	85.11	118.17
210.8	118.05	84.69	118.05
211.0	117.82	84.11	117.82
211.2	117.53	83.48	117.53
211.4	117.19	82.84	117.19
211.6	116.82	82.22	116.82
211.8	116.52	81.84	116.52
212.0	116.29	81.67	116.29
212.2	116.05	81.57	116.05
212.4	115.8	81.52	115.8
212.6	115.53	81.49	115.53
212.8	115.18	81.43	115.18
213.0	114.67	81.26	114.67
213.2	114.18	81.09	114.18
213.4	113.72	80.92	113.72
213.6	113.33	80.75	113.33
213.8	113.09	80.59	113.09
214.0	113.13	80.39	113.13
214.2	113.27	80.24	113.27
214.4	113.48	80.15	113.48
214.6	113.74	80.17	113.74
214.8	114.07	80.46	114.07
215.0	114.44	81.02	114.44
215.2	114.75	81.59	114.75
215.4	114.95	82.09	114.95
215.6	115.01	82.46	115.01
215.8	114.51	82.1	114.51
216.0	113.85	81.57	113.85
216.2	113.09	80.94	113.09
216.4	112.28	80.3	112.28
216.6	111.53	79.75	111.53
216.8	111.09	79.68	111.09
217.0	110.71	79.7	110.71
217.2	110.36	79.78	110.36
217.4	110.03	79.89	110.03
217.6	109.7	80.0	109.7
217.8	109.16	79.87	109.16
218.0	108.6	79.69	108.6
218.2	108.09	79.54	108.09
218.4	107.66	79.45	107.66
218.6	107.34	79.44	107.34
218.8	107.23	79.68	107.23
219.0	107.31	80.07	107.31
219.2	107.55	80.55	107.55
219.4	107.97	81.12	107.97
219.6	108.58	81.76	108.58
219.8	109.71	82.52	109.71
220.0	110.97	83.31	110.97
220.2	112.25	84.08	112.25
220.4	113.44	84.79	113.44
220.6	114.27	85.37	114.27
220.8	114.6	85.77	114.6
221.0	114.74	86.05	114.74
221.2	114.75	86.22	114.75
221.4	114.67	86.28	114.67
221.6	114.64	86.11	114.64
221.8	114.62	85.8	114.62
222.0	114.57	85.43	114.57
222.2	114.51	85.05	114.51
222.4	114.42	84.68	114.42
222.6	114.29	84.47	114.29
222.8	114.13	84.38	114.13
223.0	114.0	84.38	114.0
223.2	113.91	84.46	113.91
223.4	113.88	84.64	113.88
223.6	113.97	85.03	113.97
223.8	114.18	85.57	114.18
224.0	114.48	86.14	114.48
224.2	114.86	86.69	114.86
224.4	115.34	87.19	115.34
224.6	116.09	87.48	116.09
224.8	116.89	87.66	116.89
225.0	117.65	87.73	117.65
225.2	118.3	87.69	118.3
225.4	118.59	87.49	118.59
225.6	118.53	87.14	118.53
225.8	118.31	86.71	118.31
226.0	117.98	86.2	117.98
226.2	117.57	85.65	117.57
226.4	117.25	85.1	117.25
226.6	116.93	84.54	116.93
226.8	116.57	83.98	116.57
227.0	116.17	83.42	116.17
227.2	115.74	82.88	115.74
227.4	115.19	82.37	115.19
227.6	114.6	81.89	114.6
227.8	114.01	81.47	114.01
228.0	113.46	81.09	113.46
228.2	112.96	80.79	112.96
228.4	112.54	80.56	112.54
228.6	112.22	80.41	112.22
228.8	112.02	80.36	112.02
229.0	111.98	80.42	111.98
229.2	112.15	80.62	112.15
229.4	112.77	81.1	112.77
229.6	113.47	81.64	113.47
229.8	114.21	82.19	114.21
230.0	114.9	82.71	114.9
230.2	115.3	83.03	115.3
230.4	115.49	83.21	115.49
230.6	115.57	83.31	115.57
230.8	115.55	83.31	115.55
231.0	115.45	83.23	115.45
231.2	115.3	83.06	115.3
231.4	115.08	82.82	115.08
231.6	114.8	82.53	114.8
231.8	114.44	82.18	114.44
232.0	114.0	81.76	114.0
232.2	113.47	81.27	113.47
232.4	112.9	80.78	112.9
232.6	112.31	80.33	112.31
232.8	111.72	79.94	111.72
233.0	111.2	79.75	111.2
233.2	110.76	79.79	110.76
233.4	110.33	79.91	110.33
233.6	109.92	80.05	109.92
233.8	109.51	80.19	109.51
234.0	109.06	80.27	109.06
234.2	108.52	80.13	108.52
234.4	107.99	79.96	107.99
234.6	107.5	79.77	107.5
234.8	107.06	79.57	107.06
235.0	106.69	79.35	106.69
235.2	106.32	78.98	106.32
235.4	106.1	78.7	106.1
235.6	106.09	78.57	106.09
235.8	106.32	78.65	106.32
236.0	107.0	79.19	107.0
236.2	108.33	80.41	108.33
236.4	109.85	81.8	109.85
236.6	111.45	83.23	111.45
236.8	113.02	84.61	113.02
237.0	114.26	85.5	114.26
237.2	115.3	86.16	115.3
237.4	116.16	86.63	116.16
237.6	116.83	86.92	116.83
237.8	117.2	87.0	117.2
238.0	117.21	86.84	117.21
238.2	117.06	86.56	117.06
238.4	116.77	86.2	116.77
238.6	116.39	85.78	116.39
238.8	116.07	85.41	116.07
239.0	115.82	85.1	115.82
239.2	115.56	84.81	115.56
239.4	115.29	84.54	115.29
239.6	115.02	84.31	115.02
239.8	114.75	84.12	114.75
240.0	114.45	84.03	114.45
240.2	114.16	83.98	114.16
240.4	113.91	83.95	113.91
240.6	113.71	83.94	113.71
240.8	113.56	83.94	113.56
241.0	113.42	83.83	113.42
241.2	113.37	83.72	113.37
241.4	113.45	83.67	113.45
241.6	113.67	83.71	113.67
241.8	114.06	83.86	114.06
242.0	114.99	84.52	114.99
242.2	116.07	85.26	116.07
242.4	117.19	85.97	117.19
242.6	118.3	86.56	118.3
242.8	119.21	86.75	119.21
243.0	119.85	86.41	119.85
243.2	120.34	85.91	120.34
243.4	120.69	85.31	120.69
243.6	120.9	84.66	120.9
243.8	120.88	84.27	120.88
244.0	120.72	83.94	120.72
244.2	120.47	83.62	120.47
244.4	120.16	83.31	120.16
244.6	119.8	82.97	119.8
244.8	119.47	82.4	119.47
245.0	119.15	81.84	119.15
245.2	118.86	81.33	118.86
245.4	118.6	80.92	118.6
245.6	118.4	80.66	118.4
245.8	118.52	81.05	118.52
246.0	118.67	81.56	118.67
246.2	118.83	82.13	118.83
246.4	118.94	82.66	118.94
246.6	118.96	83.09	118.96
246.8	118.63	82.98	118.63
247.0	118.18	82.7	118.18
247.2	117.65	82.33	117.65
247.4	117.08	81.9	117.08
247.6	116.45	81.45	116.45
247.8	115.72	80.99	115.72
248.0	115.08	80.61	115.08
248.2	114.56	80.36	114.56
248.4	114.25	80.28	114.25
248.6	114.59	80.81	114.59
248.8	115.22	81.58	115.22
249.0	115.95	82.41	115.95
249.2	116.68	83.18	116.68
249.4	117.21	83.6	117.21
249.6	117.46	83.63	117.46
249.8	117.58	83.53	117.58
250.0	117.55	83.33	117.55
250.2	117.34	83.14	117.34
250.4	116.89	83.04	116.89
250.6	116.31	82.92	116.31
250.8	115.63	82.76	115.63
251.0	114.86	82.55	114.86
251.2	114.07	82.21	114.07
251.4	113.25	81.78	113.25
251.6	112.41	81.32	112.41
251.8	111.56	80.85	111.56
252.0	110.71	80.39	110.71
252.2	109.92	80.02	109.92
252.4	109.17	79.7	109.17
252.6	108.44	79.41	108.44
252.8	107.73	79.16	107.73
253.0	107.03	78.95	107.03
253.2	106.3	78.75	106.3
253.4	105.54	78.57	105.54
253.6	104.82	78.44	104.82
253.8	104.18	78.4	104.18
254.0	103.62	78.44	103.62
254.2	103.17	78.6	103.17
254.4	102.83	78.9	102.83
254.6	102.65	79.33	102.65
254.8	102.67	79.89	102.67
255.0	102.91	80.6	102.91
255.2	103.51	81.52	103.51
255.4	104.67	82.77	104.67
255.6	105.98	84.08	105.98
255.8	107.34	85.4	107.34
256.0	108.69	86.66	108.69
256.2	109.73	87.68	109.73
256.4	110.57	88.51	110.57
256.6	111.27	89.18	111.27
256.8	111.81	89.69	111.81
257.0	112.18	89.97	112.18
257.2	112.3	89.93	112.3
257.4	112.29	89.75	112.29
257.6	112.19	89.46	112.19
257.8	112.01	89.1	112.01
258.0	111.83	88.74	111.83
258.2	111.67	88.43	111.67
258.4	111.5	88.13	111.5
258.6	111.33	87.85	111.33
258.8	111.18	87.61	111.18
259.0	111.09	87.48	111.09
259.2	111.11	87.51	111.11
259.4	111.13	87.56	111.13
259.6	111.13	87.61	111.13
259.8	111.11	87.65	111.11
260.0	110.99	87.61	110.99
260.2	110.61	87.4	110.61
260.4	110.22	87.14	110.22
260.6	109.86	86.83	109.86
260.8	109.57	86.49	109.57
261.0	109.41	86.1	109.41
261.2	109.55	85.58	109.55
261.4	109.81	85.1	109.81
261.6	110.19	84.69	110.19
261.8	110.67	84.42	110.67
262.0	111.32	84.51	111.32
262.2	112.12	85.01	112.12
262.4	112.94	85.6	112.94
262.6	113.72	86.18	113.72
262.8	114.42	86.68	114.42
263.0	114.75	86.68	114.75
263.2	114.94	86.51	114.94
263.4	115.01	86.21	115.01
263.6	114.98	85.81	114.98
263.8	114.87	85.36	114.87
264.0	114.72	84.9	114.72
264.2	114.5	84.41	114.5
264.4	114.22	83.91	114.22
264.6	113.88	83.41	113.88
264.8	113.47	82.94	113.47
265.0	112.93	82.53	112.93
265.2	112.37	82.16	112.37
265.4	111.82	81.84	111.82
265.6	111.3	81.57	111.3
265.8	110.85	81.36	110.85
266.0	110.55	81.19	110.55
266.2	110.35	81.1	110.35
266.4	110.28	81.1	110.28
266.6	110.35	81.22	110.35
266.8	110.59	81.48	110.59
267.0	111.26	82.11	111.26
267.2	112.02	82.81	112.02
267.4	112.83	83.53	112.83
267.6	113.61	84.22	113.61
267.8	114.21	84.71	114.21
268.0	114.6	84.99	114.6
268.2	114.88	85.18	114.88
268.4	115.04	85.28	115.04
268.6	115.07	85.29	115.07
268.8	114.86	85.19	114.86
269.0	114.53	85.03	114.53
269.2	114.12	84.83	114.12
269.4	113.66	84.59	113.66
269.6	113.17	84.33	113.17
269.8	112.83	84.13	112.83
270.0	112.51	83.94	112.51
270.2	112.18	83.75	112.18
270.4	111.82	83.56	111.82
270.6	111.43	83.35	111.43
270.8	110.89	83.08	110.89
271.0	110.23	82.75	110.23
271.2	109.58	82.46	109.58
271.4	108.96	82.22	108.96
271.6	108.4	82.04	108.4
271.8	107.95	81.97	107.95
272.0	107.64	82.04	107.64
272.2	107.49	82.25	107.49
272.4	107.52	82.6	107.52
272.6	107.76	83.12	107.76
272.8	108.26	83.85	108.26
273.0	109.36	85.1	109.36
273.2	110.62	86.45	110.62
273.4	111.96	87.81	111.96
273.6	113.31	89.12	113.31
273.8	114.54	90.16	114.54
274.0	115.56	90.89	115.56
274.2	116.44	91.42	116.44
274.4	117.15	91.77	117.15
274.6	117.64	91.91	117.64
274.8	117.68	91.66	117.68
275.0	117.5	91.25	117.5
275.2	117.16	90.74	117.16
275.4	116.67	90.18	116.67
275.6	116.11	89.69	116.11
275.8	115.56	89.46	115.56
276.0	114.95	89.26	114.95
276.2	114.29	89.09	114.29
276.4	113.61	88.91	113.61
276.6	112.91	88.73	112.91
276.8	112.18	88.35	112.18
277.0	111.45	87.95	111.45
277.2	110.75	87.55	110.75
277.4	110.09	87.19	110.09
277.6	109.47	86.88	109.47
277.8	108.91	86.69	108.91
278.0	108.4	86.67	108.4
278.2	108.0	86.74	108.0
278.4	107.73	86.89	107.73
278.6	107.61	87.12	107.61
278.8	107.68	87.42	107.68
279.0	108.18	87.84	108.18
279.2	108.88	88.32	108.88
279.4	109.7	88.85	109.7
279.6	110.6	89.41	110.6
279.8	111.53	89.99	111.53
280.0	112.47	90.69	112.47
280.2	113.36	91.35	113.36
280.4	114.15	91.9	114.15
280.6	114.79	92.31	114.79
280.8	115.1	92.35	115.1
281.0	115.05	92.0	115.05
281.2	114.82	91.49	114.82
281.4	114.47	90.85	114.47
281.6	114.02	90.13	114.02
281.8	113.62	89.51	113.62
282.0	113.22	88.93	113.22
282.2	112.8	88.35	112.8
282.4	112.35	87.78	112.35
282.6	111.89	87.24	111.89
282.8	111.4	86.71	111.4
283.0	110.87	86.23	110.87
283.2	110.35	85.78	110.35
283.4	109.85	85.37	109.85
283.6	109.37	85.02	109.37
283.8	108.92	84.71	108.92
284.0	108.47	84.46	108.47
284.2	108.06	84.28	108.06
284.4	107.74	84.17	107.74
284.6	107.56	84.15	107.56
284.8	107.53	84.24	107.53
285.0	107.8	84.49	107.8
285.2	108.52	84.97	108.52
285.4	109.36	85.52	109.36
285.6	110.26	86.12	110.26
285.8	111.16	86.73	111.16
286.0	111.91	87.3	111.91
286.2	112.46	87.79	112.46
286.4	112.91	88.23	112.91
286.6	113.26	88.6	113.26
286.8	113.51	88.9	113.51
287.0	113.58	88.98	113.58
287.2	113.54	88.96	113.54
287.4	113.42	88.89	113.42
287.6	113.22	88.77	113.22
287.8	112.95	88.64	112.95
