0.2	134.68	92.64	134.68
0.4	133.87	92.45	133.87
0.6	133.04	92.1	133.04
0.8	132.28	91.67	132.28
1.0	131.67	91.26	131.67
1.2	131.29	90.97	131.29
1.4	131.23	90.91	131.23
1.6	131.56	91.18	131.56
1.8	132.63	92.31	132.63
2.0	134.11	93.69	134.11
2.2	135.89	95.12	135.89
2.4	137.94	96.32	137.94
2.6	140.09	97.22	140.09
2.8	142.21	97.74	142.21
3.0	144.1	97.57	144.1
3.2	145.7	96.83	145.7
3.4	147.01	95.72	147.01
3.6	147.89	94.34	147.89
3.8	148.35	92.77	148.35
4.0	148.45	91.06	148.45
4.2	148.16	89.27	148.16
4.4	147.47	87.47	147.47
4.6	146.6	85.72	146.6
4.8	145.65	84.07	145.65
5.0	145.08	82.69	145.08
5.2	144.59	81.51	144.59
5.4	144.08	80.53	144.08
5.6	143.48	79.73	143.48
5.8	142.54	79.14	142.54
6.0	141.46	78.75	141.46
6.2	140.29	78.53	140.29
6.4	139.04	78.51	139.04
6.6	137.74	78.83	137.74
6.8	136.44	79.19	136.44
7.0	135.19	79.46	135.19
7.2	133.96	79.1	133.96
7.4	132.85	78.35	132.85
7.6	132.0	77.86	132.0
7.8	131.54	78.09	131.54
8.0	131.65	79.73	131.65
8.2	132.16	81.81	132.16
8.4	133.07	84.06	133.07
8.6	134.54	86.0	134.54
8.8	136.21	87.84	136.21
9.0	137.91	89.49	137.91
9.2	139.37	90.78	139.37
9.4	140.63	91.86	140.63
9.6	141.6	92.79	141.6
9.8	142.07	93.81	142.07
10.0	142.25	94.53	142.25
10.2	142.21	94.8	142.21
10.4	142.09	93.86	142.09
10.6	141.81	92.55	141.81
10.8	141.38	91.12	141.38
11.0	140.71	90.16	140.71
11.2	139.91	89.59	139.91
11.4	139.13	89.21	139.13
11.6	138.49	88.99	138.49
11.8	138.12	88.88	138.12
12.0	138.01	88.99	138.01
12.2	138.21	89.38	138.21
12.4	139.03	90.37	139.03
12.6	140.14	91.52	140.14
12.8	141.41	92.65	141.41
13.0	142.68	93.45	142.68
13.2	143.95	93.96	143.95
13.4	145.17	94.12	145.17
13.6	146.31	93.69	146.31
13.8	147.32	92.83	147.32
14.0	148.14	91.75	148.14
14.2	148.66	90.71	148.66
14.4	148.87	89.69	148.87
14.6	148.84	88.58	148.84
14.8	148.57	87.24	148.57
15.0	148.06	85.52	148.06
15.2	147.37	83.82	147.37
15.4	146.56	82.29	146.56
15.6	145.69	81.45	145.69
15.8	144.78	81.1	144.78
16.0	143.84	80.99	143.84
16.2	142.87	81.0	142.87
16.4	141.95	80.94	141.95
16.6	141.02	80.86	141.02
16.8	140.07	80.71	140.07
17.0	139.07	80.39	139.07
17.2	137.95	79.71	137.95
17.4	136.86	79.03	136.86
17.6	135.88	78.46	135.88
17.8	135.05	78.2	135.05
18.0	134.43	78.25	134.43
18.2	134.09	78.64	134.09
18.4	134.18	79.55	134.18
18.6	134.78	81.02	134.78
18.8	135.63	82.69	135.63
19.0	136.64	84.41	136.64
19.2	137.72	85.96	137.72
19.4	138.84	87.4	138.84
19.6	139.97	88.6	139.97
19.8	141.01	89.35	141.01
20.0	141.99	90.0	141.99
20.2	142.92	90.7	142.92
20.4	143.8	91.99	143.8
20.6	144.55	93.08	144.55
20.8	145.09	93.63	145.09
21.0	145.2	92.62	145.2
21.2	145.15	91.18	145.15
21.4	145.03	89.61	145.03
21.6	145.15	88.86	145.15
21.8	145.28	88.32	145.28
22.0	145.36	87.83	145.36
22.2	145.24	87.12	145.24
22.4	144.94	86.22	144.94
22.6	144.53	85.29	144.53
22.8	144.02	84.41	144.02
23.0	143.46	83.71	143.46
23.2	142.82	83.09	142.82
23.4	142.14	82.52	142.14
23.6	141.39	81.94	141.39
23.8	140.6	81.4	140.6
24.0	139.82	81.01	139.82
24.2	139.04	80.88	139.04
24.4	138.24	81.26	138.24
24.6	137.6	81.79	137.6
24.8	137.19	82.37	137.19
25.0	137.37	82.58	137.37
25.2	137.85	82.75	137.85
25.4	138.48	83.07	138.48
25.6	139.02	84.01	139.02
25.8	139.51	85.28	139.51
26.0	140.03	86.5	140.03
26.2	140.7	87.28	140.7
26.4	141.42	87.61	141.42
26.6	142.01	87.64	142.01
26.8	142.18	87.29	142.18
27.0	141.98	86.65	141.98
27.2	141.62	85.94	141.62
27.4	141.24	85.44	141.24
27.6	140.88	85.18	140.88
27.8	140.46	84.91	140.46
28.0	139.99	84.45	139.99
28.2	139.44	83.65	139.44
28.4	138.86	82.83	138.86
28.6	138.23	82.05	138.23
28.8	137.62	81.52	137.62
29.0	136.97	81.18	136.97
29.2	136.27	81.06	136.27
29.4	135.46	81.34	135.46
29.6	134.56	81.94	134.56
29.8	133.71	82.64	133.71
30.0	132.95	83.26	132.95
30.2	132.38	83.64	132.38
30.4	131.96	83.9	131.96
30.6	131.71	84.05	131.71
30.8	131.75	83.87	131.75
31.0	131.94	83.69	131.94
31.2	132.22	83.66	132.22
31.4	132.54	84.1	132.54
31.6	132.89	84.87	132.89
31.8	133.24	85.88	133.24
32.0	133.43	87.2	133.43
32.2	133.62	88.67	133.62
32.4	133.98	90.13	133.98
32.6	134.81	91.33	134.81
32.8	136.0	92.28	136.0
33.0	137.43	92.99	137.43
33.2	139.05	93.31	139.05
33.4	140.77	93.37	140.77
33.6	142.47	93.37	142.47
33.8	143.97	93.59	143.97
34.0	145.3	93.89	145.3
34.2	146.48	94.18	146.48
34.4	147.51	94.56	147.51
34.6	148.36	94.72	148.36
34.8	149.01	94.49	149.01
35.0	149.41	93.1	149.41
35.2	149.6	91.36	149.6
35.4	149.59	89.54	149.59
35.6	149.41	88.45	149.41
35.8	149.04	87.54	149.04
36.0	148.5	86.69	148.5
36.2	147.72	85.57	147.72
36.4	146.74	84.26	146.74
36.6	145.64	83.0	145.64
36.8	144.44	81.89	144.44
37.0	143.24	81.29	143.24
37.2	142.02	80.99	142.02
37.4	140.79	80.89	140.79
37.6	139.56	80.95	139.56
37.8	138.39	81.13	138.39
38.0	137.26	81.37	137.26
38.2	136.13	81.63	136.13
38.4	134.98	81.86	134.98
38.6	133.54	81.64	133.54
38.8	132.17	81.42	132.17
39.0	131.06	81.42	131.06
39.2	130.56	81.99	130.56
39.4	130.82	83.3	130.82
39.6	131.33	84.79	131.33
39.8	131.93	86.24	131.93
40.0	132.33	87.21	132.33
40.2	132.67	88.07	132.67
40.4	132.91	88.85	132.91
40.6	132.87	89.74	132.87
40.8	132.73	90.54	132.73
41.0	132.58	91.17	132.58
41.2	132.57	91.31	132.57
41.4	132.66	91.18	132.66
41.6	132.82	91.03	132.82
41.8	133.05	91.16	133.05
42.0	133.36	91.63	133.36
42.2	133.74	92.24	133.74
42.4	134.1	92.89	134.1
42.6	134.47	93.56	134.47
42.8	135.13	94.42	135.13
43.0	136.38	95.69	136.38
43.2	138.39	97.44	138.39
43.4	140.71	99.27	140.71
43.6	143.18	100.98	143.18
43.8	145.65	102.41	145.65
44.0	147.87	103.37	147.87
44.2	149.7	103.62	149.7
44.4	150.88	103.05	150.88
44.6	151.11	101.58	151.11
44.8	149.31	98.52	149.31
45.0	146.05	94.37	146.05
45.2	142.32	89.92	142.32
45.4	139.63	86.42	139.63
45.6	138.57	84.39	138.57
45.8	138.03	82.99	138.03
46.0	137.84	82.12	137.84
46.2	137.81	81.68	137.81
46.4	137.29	81.56	137.29
46.6	136.46	81.67	136.46
46.8	135.6	81.93	135.6
47.0	134.73	82.24	134.73
47.2	133.9	82.46	133.9
47.4	133.18	82.33	133.18
47.6	132.48	82.13	132.48
47.8	131.78	81.89	131.78
48.0	131.05	81.59	131.05
48.2	130.21	81.14	130.21
48.4	129.41	80.8	129.41
48.6	128.69	80.69	128.69
48.8	128.06	81.06	128.06
49.0	127.59	81.91	127.59
49.2	127.37	83.04	127.37
49.4	127.53	84.38	127.53
49.6	128.24	85.91	128.24
49.8	129.26	87.5	129.26
50.0	130.52	89.06	130.52
50.2	131.95	90.35	131.95
50.4	133.49	91.56	133.49
50.6	135.08	92.76	135.08
50.8	136.61	94.31	136.61
51.0	138.07	95.68	138.07
51.2	139.41	96.66	139.41
51.4	140.63	96.46	140.63
51.6	141.59	95.83	141.59
51.8	142.19	95.01	142.19
52.0	142.01	94.68	142.01
52.2	141.45	94.35	141.45
52.4	140.63	93.92	140.63
52.6	139.79	93.09	139.79
52.8	138.9	92.03	138.9
53.0	137.95	90.89	137.95
53.2	136.99	89.76	136.99
53.4	136.13	88.79	136.13
53.6	135.27	87.95	135.27
53.8	134.42	87.26	134.42
54.0	133.56	86.77	133.56
54.2	132.57	86.66	132.57
54.4	131.64	86.75	131.64
54.6	130.81	86.99	130.81
54.8	130.11	87.29	130.11
55.0	129.58	87.58	129.58
55.2	129.34	88.08	129.34
55.4	129.44	88.84	129.44
55.6	130.19	90.31	130.19
55.8	131.3	91.96	131.3
56.0	132.68	93.59	132.68
56.2	134.3	94.64	134.3
56.4	136.04	95.4	136.04
56.6	137.77	96.13	137.77
56.8	139.32	97.45	139.32
57.0	140.68	98.92	140.68
57.2	141.86	99.95	141.86
57.4	142.84	99.45	142.84
57.6	143.59	97.84	143.59
57.8	144.1	95.86	144.1
58.0	144.24	94.25	144.24
58.2	144.02	93.29	144.02
58.4	143.59	92.44	143.59
58.6	143.03	91.64	143.03
58.8	142.42	90.46	142.42
59.0	141.8	89.33	141.8
59.2	141.24	88.36	141.24
59.4	140.86	87.77	140.86
59.6	140.71	87.63	140.71
59.8	140.68	87.76	140.68
60.0	140.76	88.09	140.76
60.2	141.04	88.72	141.04
60.4	141.35	89.42	141.35
60.6	141.61	90.08	141.61
60.8	141.63	90.5	141.63
61.0	141.47	90.68	141.47
61.2	141.2	90.6	141.2
61.4	140.88	90.13	140.88
61.6	140.52	89.26	140.52
61.8	140.06	88.17	140.06
62.0	139.48	86.98	139.48
62.2	138.7	85.8	138.7
62.4	137.83	84.62	137.83
62.6	136.91	83.46	136.91
62.8	135.99	82.32	135.99
63.0	135.08	81.28	135.08
63.2	134.18	80.42	134.18
63.4	133.28	79.92	133.28
63.6	132.42	80.08	132.42
63.8	131.55	80.32	131.55
64.0	130.66	80.45	130.66
64.2	129.58	79.68	129.58
64.4	128.5	78.62	128.5
64.6	127.55	77.65	127.55
64.8	126.91	77.19	126.91
65.0	126.63	77.36	126.63
65.2	126.61	77.92	126.61
65.4	126.86	78.87	126.86
65.6	127.38	80.21	127.38
65.8	128.07	81.74	128.07
66.0	128.88	83.29	128.88
66.2	129.75	84.69	129.75
66.4	130.65	86.01	130.65
66.6	131.54	87.22	131.54
66.8	132.36	88.36	132.36
67.0	133.14	89.15	133.14
67.2	133.87	89.28	133.87
67.4	134.58	88.35	134.58
67.6	135.12	87.11	135.12
67.8	135.38	85.97	135.38
68.0	135.14	85.47	135.14
68.2	134.72	85.06	134.72
68.4	134.19	84.6	134.19
68.6	133.78	83.57	133.78
68.8	133.36	82.58	133.36
69.0	132.94	81.78	132.94
69.2	132.41	81.67	132.41
69.4	131.92	82.04	131.92
69.6	131.64	82.66	131.64
69.8	131.9	83.44	131.9
70.0	132.69	84.3	132.69
70.2	133.65	85.18	133.65
70.4	134.56	85.99	134.56
70.6	135.27	86.66	135.27
70.8	135.9	87.19	135.9
71.0	136.46	87.47	136.46
71.2	136.97	87.44	136.97
71.4	137.33	87.3	137.33
71.6	137.48	87.2	137.48
71.8	137.3	87.37	137.3
72.0	136.98	87.42	136.98
72.2	136.57	87.19	136.57
72.4	136.19	85.88	136.19
72.6	135.81	84.39	135.81
72.8	135.44	82.97	135.44
73.0	135.19	82.33	135.19
73.2	135.01	82.35	135.01
73.4	134.79	82.6	134.79
73.6	134.45	82.89	134.45
73.8	133.68	82.79	133.68
74.0	132.95	82.75	132.95
74.2	132.39	82.85	132.39
74.4	132.25	83.34	132.25
74.6	132.53	84.07	132.53
74.8	133.28	84.95	133.28
75.0	134.8	85.89	134.8
75.2	136.86	86.92	136.86
75.4	139.19	88.04	139.19
75.6	141.58	89.57	141.58
75.8	143.92	91.06	143.92
76.0	146.1	92.08	146.1
76.2	147.96	91.48	147.96
76.4	149.43	90.31	149.43
76.6	150.43	89.12	150.43
76.8	150.63	89.31	150.63
77.0	150.35	89.65	150.35
77.2	149.68	89.84	149.68
77.4	148.67	88.81	148.67
77.6	147.48	87.45	147.48
77.8	146.21	85.98	146.21
78.0	145.22	84.91	145.22
78.2	144.45	84.24	144.45
78.4	143.7	83.72	143.7
78.6	142.91	83.34	142.91
78.8	141.85	82.96	141.85
79.0	140.71	82.69	140.71
79.2	139.54	82.57	139.54
79.4	138.42	82.72	138.42
79.6	137.39	83.21	137.39
79.8	136.41	83.72	136.41
80.0	135.48	84.14	135.48
80.2	134.43	83.86	134.43
80.4	133.5	83.45	133.5
80.6	132.85	83.19	132.85
80.8	132.75	83.72	132.75
81.0	133.17	84.86	133.17
81.2	133.91	86.05	133.91
81.4	134.89	86.76	134.89
81.6	136.04	86.93	136.04
81.8	137.31	87.05	137.31
82.0	138.64	87.49	138.64
82.2	139.95	88.3	139.95
82.4	141.22	89.15	141.22
82.6	142.37	89.96	142.37
82.8	143.36	90.59	143.36
83.0	144.2	90.91	144.2
83.2	144.88	90.58	144.88
83.4	145.39	89.66	145.39
83.6	145.69	88.42	145.69
83.8	145.74	87.05	145.74
84.0	145.55	85.62	145.55
84.2	145.2	84.19	145.2
84.4	144.73	82.91	144.73
84.6	144.21	81.92	144.21
84.8	143.62	80.99	143.62
85.0	143.0	80.03	143.0
85.2	142.39	78.59	142.39
85.4	141.77	77.15	141.77
85.6	141.12	75.94	141.12
85.8	140.39	75.44	140.39
86.0	139.59	75.72	139.59
86.2	138.89	76.24	138.89
86.4	138.37	76.79	138.37
86.6	138.2	76.82	138.2
86.8	138.29	76.94	138.29
87.0	138.64	77.29	138.64
87.2	139.39	78.38	139.39
87.4	140.35	79.73	140.35
87.6	141.46	81.22	141.46
87.8	142.61	82.65	142.61
88.0	143.79	84.0	143.79
88.2	144.98	85.21	144.98
88.4	146.19	86.14	146.19
88.6	147.32	86.81	147.32
88.8	148.28	87.19	148.28
89.0	148.86	87.06	148.86
89.2	149.21	86.69	149.21
89.4	149.34	86.19	149.34
89.6	149.37	85.79	149.37
89.8	149.24	85.48	149.24
90.0	148.89	85.27	148.89
90.2	148.21	85.28	148.21
90.4	147.2	85.54	147.2
90.6	146.07	85.8	146.07
90.8	144.97	85.92	144.97
91.0	144.17	85.56	144.17
91.2	143.39	85.1	143.39
91.4	142.57	84.65	142.57
91.6	141.36	84.33	141.36
91.8	140.11	84.18	140.11
92.0	139.12	84.25	139.12
92.2	138.83	84.76	138.83
92.4	139.18	85.63	139.18
92.6	139.88	86.61	139.88
92.8	140.82	87.56	140.82
93.0	141.89	88.41	141.89
93.2	142.98	89.09	142.98
93.4	143.92	89.27	143.92
93.6	144.67	89.14	144.67
93.8	145.22	89.16	145.22
94.0	145.44	90.16	145.44
94.2	145.41	91.68	145.41
94.4	145.23	93.06	145.23
94.6	145.14	93.38	145.14
94.8	144.99	92.98	144.99
95.0	144.63	92.13	144.63
95.2	143.72	90.71	143.72
95.4	142.5	89.1	142.5
95.6	141.24	87.75	141.24
95.8	140.2	87.44	140.2
96.0	139.46	88.01	139.46
96.2	139.06	89.01	139.06
96.4	139.29	90.23	139.29
96.6	140.01	91.56	140.01
96.8	140.91	92.92	140.91
97.0	141.75	94.17	141.75
97.2	142.5	95.24	142.5
97.4	143.14	96.08	143.14
97.6	143.62	96.56	143.62
97.8	143.87	96.67	143.87
98.0	143.81	96.4	143.81
98.2	143.08	95.38	143.08
98.4	142.07	94.14	142.07
98.6	140.96	92.95	140.96
98.8	140.02	92.33	140.02
99.0	139.26	92.11	139.26
99.2	138.77	92.31	138.77
99.4	138.94	93.21	138.94
99.6	139.39	94.47	139.39
99.8	139.99	95.93	139.99
100.0	140.55	97.61	140.55
100.2	141.09	99.1	141.09
100.4	141.51	100.06	141.51
100.6	141.67	99.83	141.67
100.8	141.7	99.23	141.7
101.0	141.62	98.59	141.62
101.2	141.46	98.27	141.46
101.4	141.17	98.09	141.17
101.6	140.69	98.21	140.69
101.8	140.01	98.7	140.01
102.0	139.29	99.14	139.29
102.2	138.72	99.08	138.72
102.4	138.33	98.4	138.33
102.6	137.88	97.69	137.88
102.8	137.1	97.52	137.1
103.0	135.98	97.91	135.98
103.2	134.74	98.22	134.74
103.4	133.5	97.71	133.5
103.6	132.33	96.42	132.33
103.8	131.29	95.23	131.29
104.0	130.45	95.02	130.45
104.2	129.87	95.77	129.87
104.4	129.62	96.75	129.62
104.6	129.86	97.29	129.86
104.8	130.52	97.6	130.52
105.0	131.44	98.15	131.44
105.2	132.49	99.87	132.49
105.4	133.63	101.79	133.63
105.6	134.81	103.19	134.81
105.8	135.87	102.75	135.87
106.0	136.94	101.91	136.94
106.2	138.08	101.38	138.08
106.4	139.31	101.66	139.31
106.6	140.52	102.25	140.52
106.8	141.67	103.26	141.67
107.0	142.69	104.49	142.69
107.2	143.47	105.35	143.47
107.4	143.77	104.84	143.77
107.6	143.65	103.22	143.65
107.8	143.31	101.29	143.31
108.0	142.95	99.81	142.95
108.2	142.57	98.75	142.57
108.4	142.08	97.8	142.08
108.6	141.47	96.75	141.47
108.8	140.72	95.63	140.72
109.0	139.87	94.67	139.87
109.2	138.87	94.06	138.87
109.4	137.67	93.99	137.67
109.6	136.54	94.17	136.54
109.8	135.63	94.53	135.63
110.0	135.24	94.93	135.24
110.2	135.15	95.41	135.15
110.4	135.36	95.95	135.36
110.6	135.97	96.47	135.97
110.8	136.77	97.03	136.77
111.0	137.67	97.63	137.67
111.2	138.44	98.38	138.44
111.4	139.21	99.11	139.21
111.6	140.01	99.72	140.01
111.8	140.87	99.88	140.87
112.0	141.78	100.02	141.78
112.2	142.73	100.37	142.73
112.4	143.74	101.34	143.74
112.6	144.79	102.34	144.79
112.8	145.94	103.07	145.94
113.0	147.25	103.2	147.25
113.2	148.43	103.16	148.43
113.4	149.24	103.2	149.24
113.6	149.48	103.47	149.48
113.8	149.47	103.61	149.47
114.0	149.36	103.35	149.36
114.2	149.31	102.42	149.31
114.4	149.12	101.37	149.12
114.6	148.74	100.41	148.74
114.8	147.8	100.21	147.8
115.0	146.82	100.18	146.82
115.2	145.98	100.21	145.98
115.4	145.8	99.89	145.8
115.6	146.04	99.48	146.04
115.8	146.48	99.22	146.48
116.0	146.95	99.47	146.95
116.2	147.38	100.21	147.38
116.4	147.82	101.11	147.82
116.6	148.24	101.98	148.24
116.8	148.62	102.72	148.62
117.0	148.91	103.34	148.91
117.2	149.04	103.81	149.04
117.4	148.98	104.08	148.98
117.6	148.79	104.14	148.79
117.8	148.5	103.9	148.5
118.0	148.12	103.29	148.12
118.2	147.69	102.59	147.69
118.4	147.24	101.94	147.24
118.6	146.91	101.88	146.91
118.8	146.52	101.78	146.52
119.0	146.0	101.48	146.0
119.2	145.15	100.21	145.15
119.4	144.08	98.48	144.08
119.6	142.93	96.82	142.93
119.8	141.76	95.8	141.76
120.0	140.64	95.72	140.64
120.2	139.58	95.98	139.58
120.4	138.62	96.43	138.62
120.6	137.71	96.67	137.71
120.8	137.08	97.07	137.08
121.0	136.83	97.7	136.83
121.2	137.31	98.71	137.31
121.4	138.26	100.0	138.26
121.6	139.59	101.53	139.59
121.8	141.34	103.56	141.34
122.0	143.25	105.58	143.25
122.2	145.1	107.27	145.1
122.4	146.59	108.07	146.59
122.6	147.9	108.51	147.9
122.8	149.03	108.77	149.03
123.0	149.99	109.02	149.99
123.2	150.68	109.11	150.68
123.4	151.01	108.97	151.01
123.6	150.95	108.61	150.95
123.8	150.66	108.14	150.66
124.0	150.22	107.63	150.22
124.2	149.68	107.11	149.68
124.4	149.03	106.56	149.03
124.6	148.25	105.94	148.25
124.8	147.37	105.25	147.37
125.0	146.39	104.56	146.39
125.2	145.3	103.89	145.3
125.4	144.02	103.26	144.02
125.6	142.75	102.72	142.75
125.8	141.57	102.3	141.57
126.0	140.58	101.96	140.58
126.2	139.86	101.85	139.86
126.4	139.5	102.08	139.5
126.6	139.8	103.1	139.8
126.8	140.57	104.56	140.57
127.0	141.54	106.05	141.54
127.2	142.47	106.94	142.47
127.4	143.36	107.49	143.36
127.6	144.26	108.0	144.26
127.8	145.13	108.87	145.13
128.0	145.96	109.8	145.96
128.2	146.75	110.59	146.75
128.4	147.46	110.71	147.46
128.6	148.11	110.71	148.11
128.8	148.68	110.85	148.68
129.0	149.22	111.89	149.22
129.2	149.63	112.96	149.63
129.4	149.86	113.79	149.86
129.6	149.81	113.58	149.81
129.8	149.55	113.06	149.55
130.0	149.1	112.41	149.1
130.2	148.46	112.14	148.46
130.4	147.65	111.83	147.65
130.6	146.69	111.44	146.69
130.8	145.32	110.5	145.32
131.0	143.95	109.54	143.95
131.2	142.81	108.8	142.81
131.4	142.42	108.85	142.42
131.6	142.56	109.44	142.56
131.8	143.09	110.35	143.09
132.0	143.95	111.52	143.95
132.2	145.07	112.81	145.07
132.4	146.34	114.06	146.34
132.6	147.62	115.01	147.62
132.8	148.91	115.71	148.91
133.0	150.21	116.22	150.21
133.2	151.61	116.46	151.61
133.4	152.91	116.56	152.91
133.6	153.96	116.64	153.96
133.8	154.44	117.04	154.44
134.0	154.66	117.28	154.66
134.2	154.75	117.1	154.75
134.4	154.89	115.93	154.89
134.6	154.89	114.53	154.89
134.8	154.66	113.18	154.66
135.0	153.99	112.69	153.99
135.2	153.12	112.34	153.12
135.4	152.12	111.98	152.12
135.6	151.21	111.11	151.21
135.8	150.28	110.01	150.28
136.0	149.27	108.93	149.27
136.2	147.97	108.07	147.97
136.4	146.26	107.63	146.26
136.6	144.7	107.42	144.7
136.8	143.54	107.46	143.54
137.0	143.55	107.78	143.55
137.2	144.1	108.32	144.1
137.4	145.0	109.05	145.0
137.6	146.05	110.0	146.05
137.8	147.21	111.04	147.21
138.0	148.43	112.04	148.43
138.2	149.59	112.73	149.59
138.4	150.69	113.25	150.69
138.6	151.75	113.75	151.75
138.8	152.79	114.6	152.79
139.0	153.72	115.41	153.72
139.2	154.46	115.93	154.46
139.4	154.85	115.51	154.85
139.6	154.97	114.7	154.97
139.8	154.84	113.75	154.84
140.0	154.42	113.18	154.42
140.2	153.79	112.71	153.79
140.4	152.99	112.19	152.99
140.6	152.13	111.36	152.13
140.8	151.22	110.25	151.22
141.0	150.23	109.12	150.23
141.2	149.15	108.09	149.15
141.4	148.01	107.59	148.01
141.6	146.78	107.22	146.78
141.8	145.47	106.91	145.47
142.0	143.93	106.4	143.93
142.2	142.18	105.62	142.18
142.4	140.59	105.04	140.59
142.6	139.35	104.86	139.35
142.8	138.96	105.91	138.96
143.0	139.06	107.34	139.06
143.2	139.59	108.82	139.59
143.4	140.58	109.73	140.58
143.6	141.86	110.31	141.86
143.8	143.28	110.81	143.28
144.0	144.57	111.39	144.57
144.2	145.77	112.04	145.77
144.4	146.91	112.71	146.91
144.6	148.02	113.42	148.02
144.8	149.04	114.14	149.04
145.0	149.94	114.85	149.94
145.2	150.65	115.62	150.65
145.4	151.2	116.29	151.2
145.6	151.61	116.76	151.61
145.8	151.86	116.75	151.86
146.0	151.98	116.48	151.98
146.2	152.02	116.0	152.02
146.4	152.08	115.28	152.08
146.6	152.09	114.46	152.09
146.8	151.98	113.66	151.98
147.0	151.66	113.14	151.66
147.2	151.1	113.03	151.1
147.4	150.4	112.94	150.4
147.6	149.6	112.78	149.6
147.8	148.65	111.96	148.65
148.0	147.69	111.03	147.69
148.2	146.85	110.19	146.85
148.4	146.21	109.71	146.21
148.6	145.88	109.73	145.88
148.8	145.9	110.15	145.9
149.0	146.4	111.03	146.4
149.2	147.76	112.72	147.76
149.4	149.43	114.63	149.43
149.6	151.23	116.57	151.23
149.8	152.87	118.23	152.87
150.0	154.41	119.56	154.41
150.2	155.76	120.43	155.76
150.4	156.77	120.3	156.77
150.6	157.52	119.82	157.52
150.8	157.99	119.26	157.99
151.0	158.08	119.18	158.08
151.2	157.94	119.13	157.94
151.4	157.63	119.02	157.63
151.6	157.32	118.61	157.32
151.8	156.9	118.06	156.9
152.0	156.38	117.4	156.38
152.2	155.73	116.58	155.73
152.4	154.96	115.67	154.96
152.6	154.11	114.74	154.11
152.8	153.2	113.82	153.2
153.0	152.28	113.1	152.28
153.2	151.31	112.46	151.31
153.4	150.27	111.89	150.27
153.6	149.13	111.37	149.13
153.8	147.73	110.88	147.73
154.0	146.32	110.44	146.32
154.2	144.95	110.06	144.95
154.4	143.64	109.67	143.64
154.6	142.45	109.27	142.45
154.8	141.62	109.07	141.62
155.0	141.27	109.18	141.27
155.2	142.0	109.9	142.0
155.4	143.2	110.97	143.2
155.6	144.7	112.32	144.7
155.8	146.18	114.11	146.18
156.0	147.72	115.96	147.72
156.2	149.32	117.61	149.32
156.4	151.01	118.46	151.01
156.6	152.66	118.91	152.66
156.8	154.14	119.11	154.14
157.0	155.25	119.26	155.25
157.2	156.12	119.33	156.12
157.4	156.76	119.38	156.76
157.6	157.24	119.62	157.24
157.8	157.49	119.78	157.49
158.0	157.52	119.73	157.52
158.2	157.18	119.1	157.18
158.4	156.64	118.18	156.64
158.6	155.99	117.08	155.99
158.8	155.43	115.9	155.43
159.0	155.01	114.72	155.01
159.2	154.54	113.59	154.54
159.4	153.96	112.57	153.96
159.6	153.08	111.91	153.08
159.8	151.98	111.51	151.98
160.0	150.79	111.25	150.79
160.2	149.55	111.06	149.55
160.4	148.12	110.62	148.12
160.6	146.83	110.28	146.83
160.8	145.85	110.19	145.85
161.0	145.54	110.73	145.54
161.2	146.02	111.98	146.02
161.4	146.84	113.22	146.84
161.6	147.84	114.03	147.84
161.8	148.8	113.75	148.8
162.0	149.79	113.25	149.79
162.2	150.71	112.8	150.71
162.4	151.43	112.91	151.43
162.6	152.08	113.13	152.08
162.8	152.71	113.35	152.71
163.0	153.38	113.4	153.38
163.2	153.98	113.47	153.98
163.4	154.44	113.64	154.44
163.6	154.71	114.15	154.71
163.8	154.79	114.6	154.79
164.0	154.69	114.82	154.69
164.2	154.31	114.23	154.31
164.4	153.77	113.38	153.77
164.6	153.08	112.38	153.08
164.8	152.32	111.52	152.32
165.0	151.48	110.76	151.48
165.2	150.56	110.05	150.56
165.4	149.56	109.4	149.56
165.6	148.51	108.86	148.51
165.8	147.39	108.39	147.39
166.0	146.2	108.0	146.2
166.2	144.76	107.6	144.76
166.4	143.14	107.23	143.14
166.6	141.72	107.07	141.72
166.8	140.69	107.23	140.69
167.0	140.51	108.07	140.51
167.2	140.84	109.16	140.84
167.4	141.65	110.4	141.65
167.6	143.04	111.56	143.04
167.8	144.8	112.72	144.8
168.0	146.81	113.89	146.81
168.2	148.87	115.07	148.87
168.4	150.97	116.23	150.97
168.6	153.06	117.34	153.06
168.8	155.1	118.47	155.1
169.0	156.97	119.42	156.97
169.2	158.57	120.07	158.57
169.4	159.79	120.28	159.79
169.6	160.6	120.05	160.6
169.8	160.82	119.21	160.82
170.0	160.18	117.44	160.18
170.2	159.19	115.4	159.19
170.4	158.06	113.37	158.06
170.6	157.51	112.36	157.51
170.8	157.15	111.81	157.15
171.0	156.78	111.48	156.78
171.2	156.32	111.27	156.32
171.4	155.39	110.79	155.39
171.6	154.2	110.21	154.2
171.8	152.92	109.65	152.92
172.0	151.58	109.12	151.58
172.2	150.43	108.82	150.43
172.4	149.36	108.63	149.36
172.6	148.25	108.38	148.25
172.8	147.06	107.99	147.06
173.0	145.4	106.88	145.4
173.2	143.54	105.41	143.54
173.4	141.9	104.23	141.9
173.6	140.7	103.63	140.7
173.8	140.56	104.9	140.56
174.0	141.0	106.71	141.0
174.2	141.98	108.72	141.98
174.4	143.59	110.11	143.59
174.6	145.6	111.24	145.6
174.8	147.75	112.51	147.75
175.0	149.75	114.66	149.75
175.2	151.54	117.2	151.54
175.4	153.18	119.32	153.18
175.6	154.65	119.79	154.65
175.8	155.87	119.2	155.87
176.0	156.78	118.22	156.78
176.2	157.18	117.61	157.18
176.4	157.19	117.17	157.19
176.6	156.94	116.79	156.94
176.8	156.51	116.65	156.51
177.0	155.96	116.55	155.96
177.2	155.3	116.31	155.3
177.4	154.65	115.56	154.65
177.6	154.11	114.01	154.11
177.8	153.5	112.32	153.5
178.0	152.79	110.7	152.79
178.2	151.87	109.72	151.87
178.4	150.73	109.36	150.73
178.6	149.47	109.2	149.47
178.8	148.1	109.17	148.1
179.0	146.4	108.84	146.4
179.2	144.73	108.55	144.73
179.4	143.3	108.42	143.3
179.6	142.46	108.61	142.46
179.8	142.44	109.24	142.44
180.0	142.85	110.13	142.85
180.2	143.64	111.26	143.64
180.4	144.8	112.76	144.8
180.6	146.14	114.32	146.14
180.8	147.55	115.79	147.55
181.0	148.65	116.78	148.65
181.2	149.76	117.56	149.76
181.4	150.99	118.24	150.99
181.6	152.7	118.93	152.7
181.8	154.49	119.59	154.49
182.0	156.24	120.22	156.24
182.2	157.7	121.02	157.7
182.4	158.92	121.65	158.92
182.6	159.83	121.89	159.83
182.8	160.29	121.32	160.29
183.0	160.43	120.43	160.43
183.2	160.3	119.39	160.3
183.4	159.92	118.56	159.92
183.6	159.34	117.79	159.34
183.8	158.62	117.09	158.62
184.0	157.83	116.53	157.83
184.2	157.05	116.2	157.05
184.4	156.19	115.93	156.19
184.6	155.24	115.68	155.24
184.8	154.02	115.26	154.02
185.0	152.49	114.61	152.49
185.2	151.08	114.06	151.08
185.4	149.95	113.7	149.95
185.6	149.66	113.99	149.66
185.8	149.98	114.69	149.98
186.0	150.57	115.43	150.57
186.2	151.29	115.96	151.29
186.4	151.98	115.98	151.98
186.6	152.62	115.86	152.62
186.8	153.12	115.67	153.12
187.0	153.27	115.69	153.27
187.2	153.22	115.63	153.22
187.4	152.99	115.45	152.99
187.6	152.5	114.82	152.5
187.8	151.9	114.04	151.9
188.0	151.3	113.27	151.3
188.2	150.97	112.83	150.97
188.4	150.84	112.68	150.84
188.6	150.72	112.59	150.72
188.8	150.46	112.42	150.46
189.0	149.84	111.97	149.84
189.2	149.13	111.46	149.13
189.4	148.38	110.95	148.38
189.6	147.81	110.54	147.81
189.8	147.28	110.21	147.28
190.0	146.68	109.9	146.68
190.2	145.84	109.6	145.84
190.4	144.49	109.24	144.49
190.6	143.2	108.96	143.2
190.8	142.17	108.8	142.17
191.0	141.87	108.83	141.87
191.2	142.12	109.08	142.12
191.4	142.85	109.61	142.85
191.6	144.18	110.66	144.18
191.8	145.99	112.1	145.99
192.0	147.97	113.61	147.97
192.2	149.85	114.81	149.85
192.4	151.56	115.7	151.56
192.6	153.15	116.56	153.15
192.8	154.63	117.73	154.63
193.0	155.94	118.96	155.94
193.2	156.98	119.88	156.98
193.4	157.63	119.85	157.63
193.6	157.95	119.24	157.95
193.8	157.96	118.31	157.96
194.0	157.66	117.33	157.66
194.2	157.11	116.3	157.11
194.4	156.38	115.25	156.38
194.6	155.61	114.3	155.61
194.8	154.79	113.47	154.79
195.0	153.89	112.72	153.89
195.2	152.89	112.07	152.89
195.4	151.72	111.61	151.72
195.6	150.45	111.24	150.45
195.8	149.12	110.93	149.12
196.0	147.77	110.63	147.77
196.2	146.43	110.22	146.43
196.4	145.12	109.77	145.12
196.6	143.86	109.32	143.86
196.8	142.66	108.88	142.66
197.0	141.34	108.31	141.34
197.2	140.19	107.83	140.19
197.4	139.39	107.57	139.39
197.6	139.18	107.74	139.18
197.8	139.87	108.58	139.87
198.0	140.94	109.65	140.94
198.2	142.25	110.82	142.25
198.4	143.56	111.82	143.56
198.6	144.96	112.79	144.96
198.8	146.39	113.7	146.39
199.0	147.82	114.47	147.82
199.2	149.23	115.17	149.23
199.4	150.58	115.83	150.58
199.6	151.85	116.47	151.85
199.8	153.02	117.11	153.02
200.0	154.04	117.77	154.04
200.2	154.91	118.73	154.91
200.4	155.57	119.61	155.57
200.6	156.01	120.21	156.01
200.8	156.07	119.89	156.07
201.0	155.86	119.06	155.86
201.2	155.46	118.02	155.46
201.4	154.99	117.1	154.99
201.6	154.51	116.51	154.51
201.8	153.88	115.95	153.88
202.0	153.08	115.38	153.08
202.2	151.83	114.48	151.83
202.4	150.34	113.5	150.34
202.6	148.91	112.71	148.91
202.8	147.67	112.25	147.67
203.0	147.04	112.95	147.04
203.2	146.74	113.86	146.74
203.4	146.78	114.77	146.78
203.6	147.27	115.04	147.27
203.8	148.13	114.8	148.13
204.0	149.11	114.6	149.11
204.2	150.02	114.93	150.02
204.4	150.74	115.98	150.74
204.6	151.34	117.05	151.34
204.8	151.79	117.76	151.79
205.0	152.04	117.76	152.04
205.2	152.13	117.5	152.13
205.4	152.07	117.1	152.07
205.6	151.83	116.69	151.83
205.8	151.49	116.2	151.49
206.0	151.1	115.64	151.1
206.2	150.73	115.02	150.73
206.4	150.28	114.36	150.28
206.6	149.72	113.67	149.72
206.8	148.9	112.89	148.9
207.0	147.98	112.15	147.98
207.2	147.05	111.51	147.05
207.4	146.28	111.19	146.28
207.6	145.73	111.23	145.73
207.8	145.16	111.28	145.16
208.0	144.51	111.22	144.51
208.2	143.47	110.46	143.47
208.4	142.27	109.48	142.27
208.6	141.04	108.5	141.04
208.8	139.88	107.78	139.88
209.0	138.85	107.45	138.85
209.2	137.96	107.3	137.96
209.4	137.24	107.3	137.24
209.6	136.53	107.22	136.53
209.8	136.23	107.4	136.23
210.0	136.53	107.95	136.53
210.2	138.09	109.22	138.09
210.4	140.3	110.91	140.3
210.6	142.9	112.86	142.9
210.8	145.57	115.09	145.57
211.0	148.29	117.27	148.29
211.2	150.94	119.17	150.94
211.4	153.36	120.47	153.36
211.6	155.53	121.25	155.53
211.8	157.32	121.34	157.32
212.0	158.67	120.65	158.67
212.2	159.6	119.57	159.6
212.4	159.95	118.28	159.95
212.6	159.79	116.94	159.79
212.8	159.33	115.7	159.33
213.0	158.84	114.92	158.84
213.2	158.48	114.87	158.48
213.4	158.01	114.97	158.01
213.6	157.37	115.05	157.37
213.8	156.39	114.54	156.39
214.0	155.1	113.54	155.1
214.2	153.67	112.38	153.67
214.4	152.16	111.16	152.16
214.6	150.75	110.09	150.75
214.8	149.39	109.15	149.39
215.0	147.99	108.28	147.99
215.2	146.54	107.5	146.54
215.4	144.6	106.61	144.6
215.6	142.59	105.85	142.59
215.8	140.95	105.42	140.95
216.0	139.93	105.49	139.93
216.2	140.44	106.64	140.44
216.4	141.61	108.24	141.61
216.6	143.31	110.17	143.31
216.8	145.43	112.35	145.43
217.0	147.79	114.59	147.79
217.2	150.24	116.69	150.24
217.4	152.6	118.27	152.6
217.6	154.75	119.43	154.75
217.8	156.56	120.3	156.56
218.0	157.73	121.09	157.73
218.2	158.37	121.63	158.37
218.4	158.58	121.75	158.58
218.6	158.33	120.87	158.33
218.8	157.77	119.39	157.77
219.0	157.08	117.83	157.08
219.2	156.53	116.83	156.53
219.4	156.41	117.01	156.41
219.6	156.3	117.47	156.3
219.8	156.1	118.01	156.1
220.0	155.63	118.29	155.63
220.2	154.71	118.01	154.71
220.4	153.6	117.53	153.6
220.6	152.34	116.84	152.34
220.8	150.83	115.77	150.83
221.0	149.14	114.38	149.14
221.2	147.58	113.07	147.58
221.4	146.3	112.01	146.3
221.6	145.69	111.72	145.69
221.8	145.64	112.02	145.64
222.0	146.04	112.66	146.04
222.2	146.98	113.61	146.98
222.4	148.54	114.8	148.54
222.6	150.26	116.14	150.26
222.8	151.9	117.54	151.9
223.0	152.98	119.06	152.98
223.2	153.83	120.36	153.83
223.4	154.45	121.22	154.45
223.6	154.78	120.84	154.78
223.8	154.94	120.05	154.94
224.0	154.98	119.14	154.98
224.2	155.07	118.88	155.07
224.4	155.09	118.76	155.09
224.6	155.0	118.57	155.0
224.8	154.68	117.88	154.68
225.0	154.16	116.78	154.16
225.2	153.56	115.64	153.56
225.4	152.94	114.66	152.94
225.6	152.46	114.38	152.46
225.8	151.96	114.26	151.96
226.0	151.41	114.21	151.41
226.2	150.62	113.89	150.62
226.4	149.61	113.29	149.61
226.6	148.75	112.85	148.75
226.8	148.22	112.75	148.22
227.0	148.6	113.62	148.6
227.2	149.3	114.8	149.3
227.4	150.17	116.12	150.17
227.6	150.98	117.46	150.98
227.8	151.75	118.64	151.75
228.0	152.43	119.5	152.43
228.2	153.01	119.56	153.01
228.4	153.4	118.99	153.4
228.6	153.5	118.12	153.5
228.8	153.07	117.13	153.07
229.0	152.13	116.13	152.13
229.2	150.96	115.25	150.96
229.4	149.73	114.69	149.73
229.6	148.58	114.74	148.58
229.8	147.53	114.97	147.53
230.0	146.67	115.27	146.67
230.2	146.17	115.21	146.17
230.4	145.98	115.12	145.98
230.6	146.1	115.2	146.1
230.8	146.79	115.86	146.79
231.0	147.85	116.92	147.85
231.2	148.9	117.96	148.9
231.4	149.53	118.53	149.53
231.6	149.65	118.57	149.65
231.8	149.56	118.4	149.56
232.0	149.36	118.15	149.36
232.2	149.09	117.88	149.09
232.4	148.77	117.58	148.77
232.6	148.43	117.32	148.43
232.8	148.14	117.15	148.14
233.0	147.82	117.0	147.82
233.2	147.44	116.84	147.44
233.4	146.97	116.66	146.97
233.6	146.42	116.45	146.42
233.8	145.78	116.2	145.78
234.0	145.02	115.92	145.02
234.2	144.13	115.58	144.13
234.4	143.18	115.15	143.18
234.6	142.18	114.58	142.18
234.8	141.09	113.51	141.09
235.0	140.04	112.47	140.04
235.2	139.11	111.62	139.11
235.4	138.23	111.24	138.23
235.6	137.6	111.41	137.6
235.8	137.48	112.14	137.48
236.0	138.4	113.94	138.4
236.2	140.32	116.62	140.32
236.4	142.64	119.25	142.64
236.6	144.99	120.76	144.99
236.8	147.19	121.12	147.19
237.0	149.21	121.24	149.21
237.2	150.86	121.93	150.86
237.4	152.1	122.97	152.1
237.6	152.9	123.75	152.9
237.8	153.09	123.57	153.09
238.0	152.77	122.71	152.77
238.2	152.03	121.4	152.03
238.4	150.79	119.68	150.79
238.6	149.25	117.76	149.25
238.8	147.62	115.84	147.62
239.0	146.21	114.27	146.21
239.2	145.37	113.47	145.37
239.4	144.67	112.91	144.67
239.6	144.05	112.52	144.05
239.8	143.39	112.15	143.39
240.0	142.5	111.57	142.5
240.2	141.59	111.01	141.59
240.4	140.69	110.48	140.69
240.6	139.84	110.04	139.84
240.8	139.11	109.77	139.11
241.0	138.4	109.5	138.4
241.2	137.67	109.17	137.67
241.4	136.85	108.68	136.85
241.6	135.9	107.95	135.9
241.8	134.95	107.16	134.95
242.0	134.06	106.36	134.06
242.2	133.21	105.51	133.21
242.4	132.51	104.76	132.51
242.6	132.02	104.22	132.02
242.8	131.78	103.99	131.78
243.0	131.86	104.16	131.86
243.2	132.36	104.74	132.36
243.4	133.43	105.85	133.43
243.6	135.38	107.82	135.38
243.8	137.71	109.98	137.71
244.0	140.25	112.07	140.25
244.2	142.81	113.67	142.81
244.4	145.31	114.89	145.31
244.6	147.69	115.65	147.69
244.8	149.99	115.88	149.99
245.0	151.55	115.4	151.55
245.2	151.6	113.85	151.6
245.4	149.31	110.83	149.31
245.6	146.3	107.38	146.3
245.8	143.43	104.16	143.43
246.0	142.93	102.78	142.93
246.2	143.04	101.97	143.04
246.4	143.57	101.58	143.57
246.6	144.28	101.45	144.28
246.8	144.81	101.31	144.81
247.0	144.62	100.83	144.62
247.2	144.27	100.33	144.27
247.4	143.75	99.8	143.75
247.6	143.05	99.21	143.05
247.8	142.04	98.38	142.04
248.0	140.85	97.48	140.85
248.2	139.58	96.59	139.58
248.4	138.28	95.76	138.28
248.6	136.91	95.04	136.91
248.8	135.61	94.48	135.61
249.0	134.5	94.11	134.5
249.2	133.65	94.0	133.65
249.4	133.23	94.26	133.23
249.6	133.22	94.84	133.22
249.8	133.66	95.72	133.66
250.0	134.72	96.97	134.72
250.2	136.42	98.59	136.42
250.4	138.48	100.43	138.48
250.6	140.8	102.48	140.8
250.8	143.34	104.84	143.34
251.0	145.82	106.95	145.82
251.2	148.05	108.45	148.05
251.4	149.64	108.54	149.64
251.6	150.86	108.04	150.86
251.8	151.73	107.18	151.73
252.0	152.22	106.46	152.22
252.2	152.4	105.59	152.4
252.4	152.31	104.55	152.31
252.6	151.98	103.2	151.98
252.8	151.44	101.63	151.44
253.0	150.76	100.04	150.76
253.2	149.97	98.54	149.97
253.4	149.23	97.5	149.23
253.6	148.5	96.79	148.5
253.8	147.71	96.27	147.71
254.0	146.84	95.89	146.84
254.2	145.88	95.7	145.88
254.4	144.81	95.61	144.81
254.6	143.64	95.5	143.64
254.8	142.37	95.29	142.37
255.0	140.73	94.61	140.73
255.2	138.93	93.62	138.93
255.4	137.33	92.67	137.33
255.6	136.11	91.91	136.11
255.8	135.91	91.64	135.91
256.0	136.26	91.78	136.26
256.2	137.02	92.35	137.02
256.4	138.14	93.67	138.14
256.6	139.52	95.59	139.52
256.8	140.98	97.58	140.98
257.0	142.31	99.24	142.31
257.2	143.38	100.3	143.38
257.4	144.37	100.97	144.37
257.6	145.38	101.16	145.38
257.8	146.44	100.84	146.44
258.0	147.32	100.29	147.32
258.2	147.78	99.71	147.78
258.4	147.69	99.25	147.69
258.6	147.36	98.85	147.36
258.8	146.98	98.65	146.98
259.0	146.74	98.81	146.74
259.2	146.46	98.93	146.46
259.4	146.09	98.88	146.09
259.6	145.58	98.02	145.58
259.8	144.95	96.74	144.95
260.0	144.17	95.36	144.17
260.2	143.22	94.09	143.22
260.4	141.99	93.43	141.99
260.6	140.66	92.87	140.66
260.8	139.26	92.37	139.26
261.0	137.88	91.64	137.88
261.2	136.55	90.73	136.55
261.4	135.28	89.92	135.28
261.6	134.09	89.32	134.09
261.8	132.82	89.31	132.82
262.0	131.77	89.6	131.77
262.2	131.12	90.1	131.12
262.4	131.27	90.7	131.27
262.6	132.18	91.38	132.18
262.8	133.41	92.19	133.41
263.0	134.72	93.19	134.72
263.2	135.93	94.39	135.93
263.4	137.14	95.62	137.14
263.6	138.32	96.83	138.32
263.8	139.46	97.94	139.46
264.0	140.44	98.81	140.44
264.2	141.17	99.14	141.17
264.4	141.58	98.83	141.58
264.6	141.73	98.3	141.73
264.8	141.6	97.93	141.6
265.0	141.2	97.9	141.2
265.2	140.55	97.66	140.55
265.4	139.64	96.8	139.64
265.6	138.44	94.79	138.44
265.8	137.12	92.5	137.12
266.0	135.77	90.23	135.77
266.2	134.66	88.77	134.66
266.4	133.66	87.8	133.66
266.6	132.7	87.13	132.7
266.8	131.74	86.7	131.74
267.0	130.71	86.56	130.71
267.2	129.64	86.53	129.64
267.4	128.54	86.5	128.54
267.6	127.29	86.22	127.29
267.8	125.79	85.46	125.79
268.0	124.46	84.78	124.46
268.2	123.48	84.34	123.48
268.4	123.25	84.44	123.25
268.6	123.58	85.04	123.58
268.8	124.41	86.13	124.41
269.0	125.87	88.16	125.87
269.2	127.77	90.71	127.77
269.4	129.91	93.23	129.91
269.6	132.02	94.97	132.02
269.8	134.08	96.05	134.08
270.0	136.1	96.84	136.1
270.2	138.06	97.57	138.06
270.4	139.88	98.19	139.88
270.6	141.42	98.63	141.42
270.8	142.46	99.02	142.46
271.0	143.15	99.12	143.15
271.2	143.56	98.76	143.56
271.4	143.72	97.21	143.72
271.6	143.68	95.32	143.68
271.8	143.5	93.37	143.5
272.0	143.27	92.16	143.27
272.2	142.97	91.38	142.97
272.4	142.6	90.86	142.6
272.6	142.17	90.57	142.17
272.8	141.74	90.71	141.74
273.0	141.25	90.88	141.25
273.2	140.67	90.92	140.67
273.4	139.98	90.58	139.98
273.6	139.11	89.06	139.11
273.8	138.14	87.42	138.14
274.0	137.1	85.9	137.1
274.2	135.86	85.0	135.86
274.4	134.48	84.93	134.48
274.6	133.26	85.2	133.26
274.8	132.36	85.73	132.36
275.0	132.24	86.38	132.24
275.2	132.55	87.14	132.55
275.4	133.2	87.97	133.2
275.6	134.26	88.82	134.26
275.8	135.51	89.63	135.51
276.0	136.78	90.32	136.78
276.2	137.75	90.65	137.75
276.4	138.49	90.82	138.49
276.6	139.07	91.04	139.07
276.8	139.54	91.92	139.54
277.0	139.86	92.95	139.86
277.2	140.0	93.66	140.0
277.4	139.8	93.1	139.8
277.6	139.44	91.93	139.44
277.8	139.01	90.49	139.01
278.0	138.79	89.33	138.79
278.2	138.64	88.33	138.64
278.4	138.43	87.39	138.43
278.6	138.03	86.53	138.03
278.8	137.33	85.76	137.33
279.0	136.51	85.03	136.51
279.2	135.6	84.32	135.6
279.4	134.69	83.53	134.69
279.6	133.73	82.75	133.73
279.8	132.73	82.03	132.73
280.0	131.68	81.45	131.68
280.2	130.6	81.08	130.6
280.4	129.47	80.78	129.47
280.6	128.32	80.52	128.32
280.8	126.93	80.13	126.93
281.0	125.57	79.75	125.57
281.2	124.46	79.46	124.46
281.4	123.83	79.25	123.83
281.6	123.79	79.2	123.79
281.8	124.21	79.56	124.21
282.0	125.2	80.73	125.2
282.2	126.79	82.92	126.79
282.4	128.57	85.36	128.57
282.6	130.17	87.65	130.17
282.8	131.39	89.47	131.39
283.0	132.51	90.9	132.51
283.2	133.67	91.59	133.67
283.4	134.87	91.56	134.87
283.6	135.97	91.35	135.97
283.8	136.88	91.59	136.88
284.0	137.53	92.21	137.53
284.2	137.93	92.61	137.93
284.4	137.92	92.08	137.92
284.6	137.58	90.77	137.58
284.8	137.01	89.19	137.01
285.0	136.28	87.72	136.28
285.2	135.46	86.49	135.46
285.4	134.53	85.33	134.53
285.6	133.55	84.25	133.55
285.8	132.58	83.27	132.58
286.0	131.59	82.39	131.59
286.2	130.59	81.62	130.59
286.4	129.58	81.03	129.58
286.6	128.57	80.68	128.57
286.8	127.58	80.36	127.58
287.0	126.63	80.0	126.63
287.2	125.76	79.25	125.76
287.4	124.96	78.25	124.96
287.6	124.16	77.37	124.16
287.8	123.32	76.77	123.32
