  0.00000	102.73000	 47.31593	102.73000
  0.20000	102.69000	 47.27546	102.69000
  0.40000	102.59000	 47.20565	102.59000
  0.60000	102.43000	 47.11146	102.43000
  0.80000	102.23000	 47.01002	102.23000
  1.00000	101.99000	 46.90589	101.99000
  1.20000	101.71000	 46.80245	101.71000
  1.40000	101.41000	 46.71339	101.41000
  1.60000	101.10000	 46.64459	101.10000
  1.80000	100.78000	 46.59423	100.78000
  2.00000	100.46000	 46.56502	100.46000
  2.20000	100.14000	 46.55287	100.14000
  2.40000	 99.81000	 46.54762	 99.81000
  2.60000	 99.45000	 46.53405	 99.45000
  2.80000	 99.01000	 46.48170	 99.01000
  3.00000	 98.58000	 46.44444	 98.58000
  3.20000	 98.20000	 46.44534	 98.20000
  3.40000	 97.88000	 46.48671	 97.88000
  3.60000	 97.70000	 46.60823	 97.70000
  3.80000	 97.68000	 46.80965	 97.68000
  4.00000	 97.77000	 47.04687	 97.77000
  4.20000	 97.96000	 47.30015	 97.96000
  4.40000	 98.28000	 47.57560	 98.28000
  4.60000	 98.79000	 47.89793	 98.79000
  4.80000	 99.37000	 48.18751	 99.37000
  5.00000	 99.97000	 48.41133	 99.97000
  5.20000	100.56000	 48.55542	100.56000
  5.40000	101.03000	 48.56656	101.03000
  5.60000	101.45000	 48.50405	101.45000
  5.80000	101.82000	 48.38811	101.82000
  6.00000	102.13000	 48.23203	102.13000
  6.20000	102.34000	 48.02978	102.34000
  6.40000	102.49000	 47.82024	102.49000
  6.60000	102.58000	 47.61507	102.58000
  6.80000	102.61000	 47.42188	102.61000
  7.00000	102.58000	 47.24473	102.58000
  7.20000	102.50000	 47.09058	102.50000
  7.40000	102.35000	 46.94660	102.35000
  7.60000	102.15000	 46.82224	102.15000
  7.80000	101.81000	 46.66266	101.81000
  8.00000	101.36000	 46.48596	101.36000
  8.20000	100.92000	 46.36298	100.92000
  8.40000	100.53000	 46.31303	100.53000
  8.60000	100.27000	 46.37258	100.27000
  8.80000	100.36000	 46.65092	100.36000
  9.00000	100.54000	 46.96725	100.54000
  9.20000	100.79000	 47.28453	100.79000
  9.40000	101.08000	 47.56786	101.08000
  9.60000	101.27000	 47.72803	101.27000
  9.80000	101.47000	 47.83337	101.47000
 10.00000	101.67000	 47.88703	101.67000
 10.20000	101.88000	 47.90576	101.88000
 10.40000	102.19000	 47.95208	102.19000
 10.60000	102.49000	 47.96808	102.49000
 10.80000	102.75000	 47.94294	102.75000
 11.00000	102.92000	 47.85631	102.92000
 11.20000	102.85000	 47.63372	102.85000
 11.40000	102.66000	 47.36444	102.66000
 11.60000	102.39000	 47.08988	102.39000
 11.80000	102.06000	 46.83473	102.06000
 12.00000	101.73000	 46.64059	101.73000
 12.20000	101.40000	 46.50673	101.40000
 12.40000	101.05000	 46.41545	101.05000
 12.60000	100.68000	 46.35840	100.68000
 12.80000	100.30000	 46.33223	100.30000
 13.00000	 99.84000	 46.28767	 99.84000
 13.20000	 99.39000	 46.27153	 99.39000
 13.40000	 98.95000	 46.27788	 98.95000
 13.60000	 98.54000	 46.31194	 98.54000
 13.80000	 98.20000	 46.38970	 98.20000
 14.00000	 97.97000	 46.52523	 97.97000
 14.20000	 97.80000	 46.67842	 97.80000
 14.40000	 97.70000	 46.84546	 97.70000
 14.60000	 97.67000	 47.01849	 97.67000
 14.80000	 97.71000	 47.19160	 97.71000
 15.00000	 97.84000	 47.37220	 97.84000
 15.20000	 98.03000	 47.53971	 98.03000
 15.40000	 98.28000	 47.69308	 98.28000
 15.60000	 98.65000	 47.86734	 98.65000
 15.80000	 99.12000	 48.04967	 99.12000
 16.00000	 99.60000	 48.18690	 99.60000
 16.20000	100.06000	 48.26503	100.06000
 16.40000	100.44000	 48.25744	100.44000
 16.60000	100.70000	 48.15465	100.70000
 16.80000	100.89000	 48.00344	100.89000
 17.00000	101.00000	 47.81517	101.00000
 17.20000	101.02000	 47.59936	101.02000
 17.40000	100.92000	 47.35191	100.92000
 17.60000	100.76000	 47.11907	100.76000
 17.80000	100.55000	 46.91338	100.55000
 18.00000	100.29000	 46.73693	100.29000
 18.20000	100.01000	 46.60550	100.01000
 18.40000	 99.73000	 46.52531	 99.73000
 18.60000	 99.43000	 46.47644	 99.43000
 18.80000	 99.15000	 46.47292	 99.15000
 19.00000	 98.88000	 46.49864	 98.88000
 19.20000	 98.62000	 46.54363	 98.62000
 19.40000	 98.41000	 46.62209	 98.41000
 19.60000	 98.27000	 46.73634	 98.27000
 19.80000	 98.21000	 46.88245	 98.21000
 20.00000	 98.36000	 47.12528	 98.36000
 20.20000	 98.59000	 47.37479	 98.59000
 20.40000	 98.86000	 47.59674	 98.86000
 20.60000	 99.17000	 47.78594	 99.17000
 20.80000	 99.47000	 47.91331	 99.47000
 21.00000	 99.74000	 47.97292	 99.74000
 21.20000	 99.97000	 47.96925	 99.97000
 21.40000	100.13000	 47.89814	100.13000
 21.60000	100.14000	 47.72909	100.14000
 21.80000	100.02000	 47.49328	100.02000
 22.00000	 99.83000	 47.24490	 99.83000
 22.20000	 99.56000	 46.99305	 99.56000
 22.40000	 99.23000	 46.75973	 99.23000
 22.60000	 98.84000	 46.55037	 98.84000
 22.80000	 98.40000	 46.37217	 98.40000
 23.00000	 97.93000	 46.23457	 97.93000
 23.20000	 97.37000	 46.09795	 97.37000
 23.40000	 96.33000	 45.73510	 96.33000
 23.60000	 95.48000	 45.54801	 95.48000
 23.80000	 95.04000	 45.65886	 95.04000
 24.00000	 95.07000	 46.07163	 95.07000
 24.20000	 95.10000	 46.46801	 95.10000
 24.40000	 95.14000	 46.82128	 95.14000
 24.60000	 95.17000	 47.10161	 95.17000
 24.80000	 95.20000	 47.30890	 95.20000
 25.00000	 95.24000	 47.45176	 95.24000
 25.20000	 95.27000	 47.52684	 95.27000
 25.40000	 95.31000	 47.55761	 95.31000
 25.60000	 95.34000	 47.54514	 95.34000
 25.80000	 95.37000	 47.50792	 95.37000
 26.00000	 95.41000	 47.46284	 95.41000
 26.20000	 95.44000	 47.40695	 95.44000
 26.40000	 95.47000	 47.35285	 95.47000
 26.60000	 95.51000	 47.31088	 95.51000
 26.80000	 95.54000	 47.27163	 95.54000
 27.00000	 95.58000	 47.24771	 95.58000
 27.20000	 95.61000	 47.22701	 95.61000
 27.40000	 95.64000	 47.21450	 95.64000
 27.60000	 95.68000	 47.21460	 95.68000
 27.80000	 95.71000	 47.21378	 95.71000
 28.00000	 95.74000	 47.21639	 95.74000
 28.20000	 95.78000	 47.22689	 95.78000
 28.40000	 95.81000	 47.23222	 95.81000
 28.60000	 95.84000	 47.23744	 95.84000
 28.80000	 95.88000	 47.24787	 95.88000
 29.00000	 95.91000	 47.25127	 95.91000
 29.20000	 95.95000	 47.25919	 95.95000
 29.40000	 95.98000	 47.25986	 95.98000
 29.60000	 96.46000	 47.51715	 96.46000
 29.80000	 97.52000	 48.08204	 97.52000
 30.00000	 98.16000	 48.33702	 98.16000
 30.20000	 98.95000	 48.60644	 98.95000
 30.40000	 99.78000	 48.82465	 99.78000
 30.60000	100.57000	 48.94888	100.57000
 30.80000	100.90000	 48.74954	100.90000
 31.00000	101.11000	 48.45908	101.11000
 31.20000	101.20000	 48.11213	101.20000
 31.40000	101.21000	 47.76078	101.21000
 31.60000	101.18000	 47.44845	101.18000
 31.80000	101.10000	 47.17992	101.10000
 32.00000	100.95000	 46.94677	100.95000
 32.20000	100.75000	 46.75914	100.75000
 32.40000	100.43000	 46.57168	100.43000
 32.60000	100.07000	 46.42640	100.07000
 32.80000	 99.72000	 46.34527	 99.72000
 33.00000	 99.42000	 46.34054	 99.42000
 33.20000	 99.24000	 46.43771	 99.24000
 33.40000	 99.23000	 46.64583	 99.23000
 33.60000	 99.31000	 46.89517	 99.31000
 33.80000	 99.46000	 47.15395	 99.46000
 34.00000	 99.68000	 47.40725	 99.68000
 34.20000	 99.98000	 47.65108	 99.98000
 34.40000	100.32000	 47.85679	100.32000
 34.60000	100.66000	 48.00114	100.66000
 34.80000	101.00000	 48.08970	101.00000
 35.00000	101.27000	 48.09155	101.27000
 35.20000	101.52000	 48.04977	101.52000
 35.40000	101.74000	 47.97277	101.74000
 35.60000	101.94000	 47.87936	101.94000
 35.80000	102.12000	 47.78011	102.12000
 36.00000	102.27000	 47.67717	102.27000
 36.20000	102.38000	 47.57057	102.38000
 36.40000	102.45000	 47.46459	102.45000
 36.60000	102.40000	 47.31629	102.40000
 36.80000	102.26000	 47.14870	102.26000
 37.00000	102.12000	 47.01917	102.12000
 37.20000	101.99000	 46.93382	101.99000
 37.40000	101.93000	 46.92313	101.93000
 37.60000	102.03000	 47.02894	102.03000
 37.80000	102.20000	 47.18216	102.20000
 38.00000	102.42000	 47.35475	102.42000
 38.20000	102.68000	 47.52775	102.68000
 38.40000	102.95000	 47.67478	102.95000
 38.60000	103.24000	 47.79771	103.24000
 38.80000	103.56000	 47.90188	103.56000
 39.00000	103.88000	 47.97165	103.88000
 39.20000	104.24000	 48.03426	104.24000
 39.40000	104.60000	 48.07051	104.60000
 39.60000	104.94000	 48.07402	104.94000
 39.80000	105.25000	 48.04564	105.25000
 40.00000	105.48000	 47.96429	105.48000
 40.20000	105.63000	 47.84012	105.63000
 40.40000	105.73000	 47.70131	105.73000
 40.60000	105.77000	 47.55107	105.77000
 40.80000	105.73000	 47.38516	105.73000
 41.00000	105.62000	 47.21570	105.62000
 41.20000	105.45000	 47.05309	105.45000
 41.40000	105.25000	 46.91704	105.25000
 41.60000	105.02000	 46.80677	105.02000
 41.80000	104.75000	 46.71351	104.75000
 42.00000	104.46000	 46.64497	104.46000
 42.20000	104.20000	 46.62483	104.20000
 42.40000	103.98000	 46.65084	103.98000
 42.60000	103.82000	 46.72460	103.82000
 42.80000	103.77000	 46.86347	103.77000
 43.00000	103.80000	 47.03642	103.80000
 43.20000	103.91000	 47.23072	103.91000
 43.40000	104.10000	 47.43562	104.10000
 43.60000	104.42000	 47.67140	104.42000
 43.80000	104.83000	 47.90659	104.83000
 44.00000	105.31000	 48.12394	105.31000
 44.20000	105.86000	 48.32123	105.86000
 44.40000	106.01000	 48.22971	106.01000
 44.60000	106.35000	 48.21448	106.35000
 44.80000	106.21000	 47.90363	106.21000
 45.00000	106.07000	 47.60773	106.07000
 45.20000	105.93000	 47.35004	105.93000
 45.40000	105.79000	 47.14304	105.79000
 45.60000	105.65000	 46.99059	105.65000
 45.80000	105.51000	 46.89018	105.51000
 46.00000	105.37000	 46.83515	105.37000
 46.20000	105.24000	 46.82233	105.24000
 46.40000	105.10000	 46.83010	105.10000
 46.60000	104.96000	 46.85522	104.96000
 46.80000	104.82000	 46.88981	104.82000
 47.00000	104.68000	 46.92753	104.68000
 47.20000	104.54000	 46.96369	104.54000
 47.40000	104.40000	 46.99521	104.40000
 47.60000	104.26000	 47.02037	104.26000
 47.80000	104.12000	 47.03859	104.12000
 48.00000	103.98000	 47.05014	103.98000
 48.20000	103.84000	 47.05581	103.84000
 48.40000	103.70000	 47.05674	103.70000
 48.60000	103.57000	 47.05987	103.57000
 48.80000	103.43000	 47.05438	103.43000
 49.00000	103.29000	 47.04727	103.29000
 49.20000	103.15000	 47.03956	103.15000
 49.40000	103.01000	 47.03200	103.01000
 49.60000	102.87000	 47.02512	102.87000
 49.80000	102.73000	 47.01921	102.73000
 50.00000	102.59000	 47.01437	102.59000
 50.20000	102.45000	 47.01059	102.45000
 50.40000	102.15000	 46.91610	102.15000
 50.60000	101.58000	 46.67624	101.58000
 50.80000	101.04000	 46.48208	101.04000
 51.00000	100.59000	 46.37699	100.59000
 51.20000	100.32000	 46.41043	100.32000
 51.40000	100.29000	 46.60241	100.29000
 51.60000	100.38000	 46.85950	100.38000
 51.80000	100.58000	 47.15285	100.58000
 52.00000	100.90000	 47.46885	100.90000
 52.20000	101.39000	 47.82075	101.39000
 52.40000	101.90000	 48.10877	101.90000
 52.60000	102.38000	 48.30073	102.38000
 52.80000	102.77000	 48.36889	102.77000
 53.00000	102.82000	 48.18627	102.82000
 53.20000	102.72000	 47.89628	102.72000
 53.40000	102.53000	 47.56723	102.53000
 53.60000	102.25000	 47.22623	102.25000
 53.80000	101.86000	 46.88161	101.86000
 54.00000	101.42000	 46.58168	101.42000
 54.20000	101.01000	 46.37761	101.01000
 54.40000	100.69000	 46.29844	100.69000
 54.60000	100.60000	 46.40891	100.60000
 54.80000	100.77000	 46.69784	100.77000
 55.00000	101.08000	 47.06023	101.08000
 55.20000	101.50000	 47.44701	101.50000
 55.40000	102.07000	 47.85679	102.07000
 55.60000	102.77000	 48.25930	102.77000
 55.80000	103.48000	 48.57361	103.48000
 56.00000	104.15000	 48.77100	104.15000
 56.20000	104.64000	 48.78225	104.64000
 56.40000	104.94000	 48.62666	104.94000
 56.60000	105.10000	 48.36576	105.10000
 56.80000	105.13000	 48.03790	105.13000
 57.00000	104.95000	 47.62602	104.95000
 57.20000	104.61000	 47.18640	104.61000
 57.40000	104.17000	 46.77500	104.17000
 57.60000	103.66000	 46.42117	103.66000
 57.80000	103.12000	 46.15071	103.12000
 58.00000	102.58000	 45.97488	102.58000
 58.20000	102.05000	 45.88636	102.05000
 58.40000	101.58000	 45.89648	101.58000
 58.60000	101.19000	 45.99546	101.19000
 58.80000	101.02000	 46.24044	101.02000
 59.00000	100.96000	 46.53888	100.96000
 59.20000	100.98000	 46.84822	100.98000
 59.40000	101.07000	 47.14422	101.07000
 59.60000	101.21000	 47.40393	101.21000
 59.80000	101.40000	 47.62289	101.40000
 60.00000	101.61000	 47.78475	101.61000
 60.20000	101.83000	 47.88978	101.83000
 60.40000	102.08000	 47.95897	102.08000
 60.60000	102.32000	 47.97946	102.32000
 60.80000	102.49000	 47.92841	102.49000
 61.00000	102.56000	 47.80335	102.56000
 61.20000	102.37000	 47.52970	102.37000
 61.40000	102.00000	 47.17889	102.00000
 61.60000	101.55000	 46.83301	101.55000
 61.80000	101.05000	 46.52590	101.05000
 62.00000	100.63000	 46.33981	100.63000
 62.20000	100.30000	 46.27447	100.30000
 62.40000	 99.96000	 46.25716	 99.96000
 62.60000	 99.61000	 46.27261	 99.61000
 62.80000	 99.21000	 46.28421	 99.21000
 63.00000	 98.60000	 46.19118	 98.60000
 63.20000	 98.01000	 46.12858	 98.01000
 63.40000	 97.49000	 46.12449	 97.49000
 63.60000	 97.12000	 46.21888	 97.12000
 63.80000	 97.13000	 46.53028	 97.13000
 64.00000	 97.34000	 46.92631	 97.34000
 64.20000	 97.68000	 47.33883	 97.68000
 64.40000	 98.09000	 47.71262	 98.09000
 64.60000	 98.55000	 48.02553	 98.55000
 64.80000	 99.02000	 48.25307	 99.02000
 65.00000	 99.48000	 48.39079	 99.48000
 65.20000	 99.88000	 48.42338	 99.88000
 65.40000	100.13000	 48.31843	100.13000
 65.60000	100.29000	 48.13638	100.29000
 65.80000	100.36000	 47.90251	100.36000
 66.00000	100.33000	 47.63340	100.33000
 66.20000	100.15000	 47.31907	100.15000
 66.40000	 99.89000	 47.01667	 99.89000
 66.60000	 99.54000	 46.73103	 99.54000
 66.80000	 99.13000	 46.48500	 99.13000
 67.00000	 98.57000	 46.22711	 98.57000
 67.20000	 97.98000	 46.02711	 97.98000
 67.40000	 97.44000	 45.92602	 97.44000
 67.60000	 97.00000	 45.93983	 97.00000
 67.80000	 96.83000	 46.14640	 96.83000
 68.00000	 96.91000	 46.50279	 96.91000
 68.20000	 97.12000	 46.90459	 97.12000
 68.40000	 97.44000	 47.31145	 97.44000
 68.60000	 97.92000	 47.73168	 97.92000
 68.80000	 98.49000	 48.11000	 98.49000
 69.00000	 99.07000	 48.39415	 99.07000
 69.20000	 99.61000	 48.55996	 99.61000
 69.40000	 99.95000	 48.53004	 99.95000
 69.60000	100.11000	 48.34402	100.11000
 69.80000	100.17000	 48.08183	100.17000
 70.00000	100.12000	 47.76843	100.12000
 70.20000	 99.97000	 47.43555	 99.97000
 70.40000	 99.75000	 47.12009	 99.75000
 70.60000	 99.45000	 46.82825	 99.45000
 70.80000	 99.10000	 46.58315	 99.10000
 71.00000	 98.69000	 46.37870	 98.69000
 71.20000	 98.22000	 46.21074	 98.22000
 71.40000	 97.75000	 46.10720	 97.75000
 71.60000	 97.32000	 46.08048	 97.32000
 71.80000	 96.96000	 46.13324	 96.96000
 72.00000	 96.77000	 46.30523	 96.77000
 72.20000	 96.68000	 46.53315	 96.68000
 72.40000	 96.71000	 46.80720	 96.71000
 72.60000	 96.86000	 47.10841	 96.86000
 72.80000	 96.78000	 47.22076	 96.78000
 73.00000	 96.93000	 47.41457	 96.93000
 73.20000	 96.80000	 47.39502	 96.80000
 73.40000	 96.66000	 47.33477	 96.66000
 73.60000	 96.53000	 47.26158	 96.53000
 73.80000	 96.39000	 47.17654	 96.39000
 74.00000	 96.26000	 47.10087	 96.26000
 74.20000	 96.12000	 47.02904	 96.12000
 74.40000	 95.99000	 46.97619	 95.99000
 74.60000	 95.86000	 46.93738	 95.86000
 74.80000	 95.72000	 46.90611	 95.72000
 75.00000	 95.59000	 46.89255	 95.59000
 75.20000	 95.45000	 46.88270	 95.45000
 75.40000	 95.32000	 46.88589	 95.32000
 75.60000	 95.18000	 46.88798	 95.18000
 75.80000	 95.05000	 46.89865	 95.05000
 76.00000	 94.92000	 46.91014	 94.92000
 76.20000	 94.78000	 46.91525	 94.78000
 76.40000	 94.65000	 46.92498	 94.65000
 76.60000	 94.51000	 46.92718	 94.51000
 76.80000	 94.38000	 46.93348	 94.38000
 77.00000	 94.24000	 46.93219	 94.24000
 77.20000	 94.11000	 46.93532	 94.11000
 77.40000	 93.98000	 46.93710	 93.98000
 77.60000	 93.84000	 46.93191	 93.84000
 77.80000	 93.71000	 46.93192	 93.71000
 78.00000	 94.36000	 47.37816	 94.36000
 78.20000	 95.90000	 48.29223	 95.90000
 78.40000	 97.95000	 49.38452	 97.95000
 78.60000	 99.47000	 49.99325	 99.47000
 78.80000	100.62000	 50.20945	100.62000
 79.00000	101.73000	 50.25848	101.73000
 79.20000	102.78000	 50.16984	102.78000
 79.40000	103.74000	 49.96766	103.74000
 79.60000	104.58000	 49.67401	104.58000
 79.80000	105.32000	 49.33607	105.32000
 80.00000	105.96000	 48.98263	105.96000
 80.20000	106.46000	 48.61209	106.46000
 80.40000	106.68000	 48.16047	106.68000
 80.60000	106.86000	 47.78384	106.86000
 80.80000	107.08000	 47.53374	107.08000
 81.00000	107.38000	 47.42512	107.38000
 81.20000	108.18000	 47.67969	108.18000
 81.40000	109.12000	 48.04439	109.12000
 81.60000	110.11000	 48.42497	110.11000
 81.80000	111.07000	 48.74457	111.07000
 82.00000	111.84000	 48.89581	111.84000
 82.20000	112.44000	 48.89498	112.44000
 82.40000	112.89000	 48.77111	112.89000
 82.60000	113.18000	 48.54210	113.18000
 82.80000	113.23000	 48.18829	113.23000
 83.00000	113.06000	 47.75078	113.06000
 83.20000	112.73000	 47.29217	112.73000
 83.40000	112.25000	 46.83954	112.25000
 83.60000	111.63000	 46.41268	111.63000
 83.80000	110.86000	 46.01299	110.86000
 84.00000	110.04000	 45.69996	110.04000
 84.20000	109.20000	 45.48405	109.20000
 84.40000	108.41000	 45.39147	108.41000
 84.60000	107.85000	 45.50407	107.85000
 84.80000	107.40000	 45.71927	107.40000
 85.00000	107.01000	 45.97539	107.01000
 85.20000	106.68000	 46.24572	106.68000
 85.40000	106.40000	 46.50480	106.40000
 85.60000	106.05000	 46.67134	106.05000
 85.80000	105.76000	 46.81979	105.76000
 86.00000	105.55000	 46.96337	105.55000
 86.20000	105.46000	 47.12676	105.46000
 86.40000	105.60000	 47.37245	105.60000
 86.60000	105.94000	 47.67536	105.94000
 86.80000	106.36000	 47.95609	106.36000
 87.00000	106.82000	 48.18653	106.82000
 87.20000	107.26000	 48.33352	107.26000
 87.40000	107.64000	 48.38287	107.64000
 87.60000	107.95000	 48.34405	107.95000
 87.80000	108.18000	 48.23015	108.18000
 88.00000	108.23000	 48.00394	108.23000
 88.20000	108.04000	 47.65534	108.04000
 88.40000	107.76000	 47.29844	107.76000
 88.60000	107.43000	 46.97633	107.43000
 88.80000	107.09000	 46.72253	107.09000
 89.00000	106.89000	 46.62383	106.89000
 89.20000	106.69000	 46.58613	106.69000
 89.40000	106.51000	 46.60546	106.51000
 89.60000	106.33000	 46.65433	106.33000
 89.80000	106.04000	 46.65581	106.04000
 90.00000	105.75000	 46.66766	105.75000
 90.20000	105.54000	 46.73106	105.54000
 90.40000	105.45000	 46.86093	105.45000
 90.60000	105.65000	 47.14293	105.65000
 90.80000	106.10000	 47.53197	106.10000
 91.00000	106.68000	 47.93410	106.68000
 91.20000	107.34000	 48.30212	107.34000
 91.40000	108.10000	 48.63795	108.10000
 91.60000	108.89000	 48.89806	108.89000
 91.80000	109.61000	 49.02999	109.61000
 92.00000	110.21000	 49.02050	110.21000
 92.20000	110.44000	 48.75032	110.44000
 92.40000	110.41000	 48.32330	110.41000
 92.60000	110.22000	 47.83953	110.22000
 92.80000	109.92000	 47.36253	109.92000
 93.00000	109.57000	 46.95001	109.57000
 93.20000	109.19000	 46.62346	109.19000
 93.40000	108.76000	 46.37019	108.76000
 93.60000	108.30000	 46.19380	108.30000
 93.80000	107.80000	 46.07583	107.80000
 94.00000	107.28000	 46.01333	107.28000
 94.20000	106.79000	 46.01970	106.79000
 94.40000	106.35000	 46.08936	106.35000
 94.60000	105.99000	 46.22175	105.99000
 94.80000	105.81000	 46.45602	105.81000
 95.00000	105.75000	 46.73580	105.75000
 95.20000	105.79000	 47.03023	105.79000
 95.40000	105.94000	 47.33032	105.94000
 95.60000	106.21000	 47.63119	106.21000
 95.80000	106.60000	 47.92555	106.60000
 96.00000	107.07000	 48.18620	107.07000
 96.20000	107.60000	 48.40200	107.60000
 96.40000	108.19000	 48.57745	108.19000
 96.60000	108.83000	 48.71384	108.83000
 96.80000	109.45000	 48.77971	109.45000
 97.00000	110.02000	 48.77047	110.02000
 97.20000	110.46000	 48.65610	110.46000
 97.40000	110.70000	 48.41725	110.70000
 97.60000	110.86000	 48.14859	110.86000
 97.80000	110.95000	 47.87651	110.95000
 98.00000	111.00000	 47.63278	111.00000
 98.20000	111.07000	 47.45912	111.07000
 98.40000	111.09000	 47.31391	111.09000
 98.60000	111.04000	 47.18192	111.04000
 98.80000	110.93000	 47.06489	110.93000
 99.00000	110.58000	 46.85553	110.58000
 99.20000	110.16000	 46.65676	110.16000
 99.40000	109.75000	 46.51717	109.75000
 99.60000	109.40000	 46.46170	109.40000
 99.80000	109.25000	 46.56012	109.25000
100.00000	109.31000	 46.79655	109.31000
100.20000	109.47000	 47.08023	109.47000
100.40000	109.71000	 47.37610	109.71000
100.60000	110.02000	 47.66102	110.02000
100.80000	110.39000	 47.91834	110.39000
101.00000	110.76000	 48.10879	110.76000
101.20000	111.11000	 48.22388	111.11000
101.40000	111.38000	 48.23838	111.38000
101.60000	111.56000	 48.16233	111.56000
101.80000	111.65000	 48.01514	111.65000
102.00000	111.64000	 47.81114	111.64000
102.20000	111.43000	 47.51222	111.43000
102.40000	111.09000	 47.18050	111.09000
102.60000	110.69000	 46.87429	110.69000
102.80000	110.25000	 46.61518	110.25000
103.00000	109.89000	 46.47441	109.89000
103.20000	109.60000	 46.43688	109.60000
103.40000	109.29000	 46.43485	109.29000
103.60000	108.95000	 46.44800	108.95000
103.80000	108.52000	 46.43039	108.52000
104.00000	107.92000	 46.33102	107.92000
104.20000	107.31000	 46.24547	107.31000
104.40000	106.73000	 46.19808	106.73000
104.60000	106.23000	 46.21488	106.23000
104.80000	105.94000	 46.36255	105.94000
105.00000	105.77000	 46.57199	105.77000
105.20000	105.71000	 46.81959	105.71000
105.40000	105.76000	 47.08949	105.76000
105.60000	106.00000	 47.41453	106.00000
105.80000	106.34000	 47.72917	106.34000
106.00000	106.73000	 47.99619	106.73000
106.20000	107.11000	 48.17981	107.11000
106.40000	107.37000	 48.22397	107.37000
106.60000	107.56000	 48.17517	107.56000
106.80000	107.70000	 48.06596	107.70000
107.00000	107.79000	 47.91660	107.79000
107.20000	107.83000	 47.74488	107.83000
107.40000	107.81000	 47.55944	107.81000
107.60000	107.75000	 47.38292	107.75000
107.80000	107.63000	 47.21071	107.63000
108.00000	107.45000	 47.04709	107.45000
108.20000	107.22000	 46.89987	107.22000
108.40000	106.95000	 46.77460	106.95000
108.60000	106.66000	 46.68050	106.66000
108.80000	106.39000	 46.63597	106.39000
109.00000	106.13000	 46.62746	106.13000
109.20000	105.85000	 46.62901	105.85000
109.40000	105.52000	 46.61635	105.52000
109.60000	105.11000	 46.56871	105.11000
109.80000	103.82000	 46.02864	103.82000
110.00000	102.79000	 45.69522	102.79000
110.20000	102.29000	 45.73577	102.29000
110.40000	102.17000	 46.03832	102.17000
110.60000	102.06000	 46.34855	102.06000
110.80000	101.94000	 46.62491	101.94000
111.00000	101.83000	 46.86121	101.83000
111.20000	101.72000	 47.04334	101.72000
111.40000	101.60000	 47.16486	101.60000
111.60000	101.49000	 47.24248	101.49000
111.80000	101.38000	 47.27829	101.38000
112.00000	101.26000	 47.27590	101.26000
112.20000	101.15000	 47.25685	101.15000
112.40000	101.04000	 47.22400	101.04000
112.60000	100.92000	 47.17886	100.92000
112.80000	100.81000	 47.13903	100.81000
113.00000	100.70000	 47.10258	100.70000
113.20000	100.58000	 47.06606	100.58000
113.40000	100.47000	 47.04253	100.47000
113.60000	100.36000	 47.02612	100.36000
113.80000	100.24000	 47.01035	100.24000
114.00000	100.13000	 47.00608	100.13000
114.20000	100.02000	 47.00609	100.02000
114.40000	 99.90000	 47.00322	 99.90000
114.60000	 99.79000	 47.00819	 99.79000
114.80000	 99.68000	 47.01402	 99.68000
115.00000	 99.56000	 47.01406	 99.56000
115.20000	 99.45000	 47.01965	 99.45000
115.40000	 99.33000	 47.01874	 99.33000
115.60000	 99.22000	 47.02297	 99.22000
115.80000	 99.16000	 47.05492	 99.16000
116.00000	 99.75000	 47.45541	 99.75000
116.20000	 99.91000	 47.56977	 99.91000
116.40000	100.00000	 47.60580	100.00000
116.60000	100.27000	 47.71512	100.27000
116.80000	100.69000	 47.87967	100.69000
117.00000	101.23000	 48.07659	101.23000
117.20000	101.84000	 48.27036	101.84000
117.40000	102.46000	 48.42224	102.46000
117.60000	103.06000	 48.51600	103.06000
117.80000	103.46000	 48.45467	103.46000
118.00000	103.73000	 48.29707	103.73000
118.20000	103.93000	 48.09949	103.93000
118.40000	104.08000	 47.89226	104.08000
118.60000	104.22000	 47.71224	104.22000
118.80000	104.34000	 47.56075	104.34000
119.00000	104.40000	 47.41707	104.40000
119.20000	104.41000	 47.28760	104.41000
119.40000	104.32000	 47.14280	104.32000
119.60000	104.17000	 47.00629	104.17000
119.80000	103.99000	 46.89487	103.99000
120.00000	103.80000	 46.81736	103.80000
120.20000	103.61000	 46.77441	103.61000
120.40000	103.44000	 46.77071	103.44000
120.60000	103.32000	 46.81505	103.32000
120.80000	103.27000	 46.90859	103.27000
121.00000	103.35000	 47.07398	103.35000
121.20000	103.55000	 47.29072	103.55000
121.40000	103.85000	 47.53240	103.85000
121.60000	104.25000	 47.78641	104.25000
121.80000	104.43000	 47.85970	104.43000
122.00000	104.72000	 47.95136	104.72000
122.20000	104.85000	 47.91211	104.85000
122.40000	104.97000	 47.84382	104.97000
122.60000	105.10000	 47.77170	105.10000
122.80000	105.22000	 47.69421	105.22000
123.00000	105.35000	 47.63016	105.35000
123.20000	105.47000	 47.57193	105.47000
123.40000	105.60000	 47.53306	105.60000
123.60000	105.72000	 47.50173	105.72000
123.80000	105.85000	 47.48840	105.85000
124.00000	105.97000	 47.47924	105.97000
124.20000	106.10000	 47.48366	106.10000
124.40000	106.22000	 47.48752	106.22000
124.60000	106.35000	 47.50044	106.35000
124.80000	106.47000	 47.50886	106.47000
125.00000	106.60000	 47.52319	106.60000
125.20000	106.72000	 47.53070	106.72000
125.40000	106.85000	 47.54261	106.85000
125.60000	106.97000	 47.54688	106.97000
125.80000	107.10000	 47.55528	107.10000
126.00000	107.22000	 47.55619	107.22000
126.20000	107.35000	 47.56165	107.35000
126.40000	107.47000	 47.56020	107.47000
126.60000	107.60000	 47.56392	107.60000
126.80000	107.72000	 47.56132	107.72000
127.00000	107.85000	 47.56440	107.85000
127.20000	107.97000	 47.56159	107.97000
127.40000	108.07000	 47.54759	108.07000
127.60000	107.97000	 47.42068	107.97000
127.80000	107.73000	 47.22661	107.73000
128.00000	107.37000	 46.99095	107.37000
128.20000	106.92000	 46.74445	106.92000
128.40000	106.40000	 46.50889	106.40000
128.60000	105.87000	 46.32467	105.87000
128.80000	105.42000	 46.24264	105.42000
129.00000	104.95000	 46.19547	104.95000
129.20000	104.48000	 46.18430	104.48000
129.40000	103.99000	 46.18717	103.99000
129.60000	103.39000	 46.14387	103.39000
129.80000	102.77000	 46.10422	102.77000
130.00000	102.20000	 46.10675	102.20000
130.20000	101.72000	 46.16934	101.72000
130.40000	101.43000	 46.34019	101.43000
130.60000	101.38000	 46.63163	101.38000
130.80000	101.44000	 46.94674	101.44000
131.00000	101.62000	 47.27359	101.62000
131.20000	101.88000	 47.57604	101.88000
131.40000	102.23000	 47.85309	102.23000
131.60000	102.62000	 48.07392	102.62000
131.80000	103.03000	 48.23093	103.03000
132.00000	103.46000	 48.33288	103.46000
132.20000	103.88000	 48.37385	103.88000
132.40000	104.23000	 48.33307	104.23000
132.60000	104.50000	 48.22186	104.50000
132.80000	104.54000	 47.97271	104.54000
133.00000	104.45000	 47.66843	104.45000
133.20000	104.26000	 47.34898	104.26000
133.40000	104.02000	 47.06007	104.02000
133.60000	103.78000	 46.83921	103.78000
133.80000	103.51000	 46.66895	103.51000
134.00000	103.21000	 46.54425	103.21000
134.20000	102.88000	 46.45728	102.88000
134.40000	102.48000	 46.37612	102.48000
134.60000	102.08000	 46.33399	102.08000
134.80000	101.73000	 46.35106	101.73000
135.00000	101.44000	 46.42167	101.44000
135.20000	101.28000	 46.57300	101.28000
135.40000	101.24000	 46.78290	101.24000
135.60000	101.33000	 47.04031	101.33000
135.80000	101.57000	 47.34069	101.57000
136.00000	102.10000	 47.74927	102.10000
136.20000	102.74000	 48.14266	102.74000
136.40000	103.45000	 48.48545	103.45000
136.60000	104.20000	 48.75669	104.20000
136.80000	104.93000	 48.92621	104.93000
137.00000	105.60000	 48.98362	105.60000
137.20000	106.14000	 48.90805	106.14000
137.40000	106.37000	 48.62214	106.37000
137.60000	106.40000	 48.22631	106.40000
137.80000	106.30000	 47.79673	106.30000
138.00000	106.09000	 47.37290	106.09000
138.20000	105.79000	 46.98501	105.79000
138.40000	105.43000	 46.65973	105.43000
138.60000	105.04000	 46.41480	105.04000
138.80000	104.67000	 46.27162	104.67000
139.00000	104.38000	 46.24992	104.38000
139.20000	104.07000	 46.27088	104.07000
139.40000	103.75000	 46.32127	103.75000
139.60000	103.38000	 46.36224	103.38000
139.80000	102.84000	 46.31487	102.84000
140.00000	102.30000	 46.27764	102.30000
140.20000	101.80000	 46.27329	101.80000
140.40000	101.36000	 46.31007	101.36000
140.60000	100.56000	 46.14139	100.56000
140.80000	100.10000	 46.18304	100.10000
141.00000	100.10000	 46.49451	100.10000
141.20000	100.09000	 46.77517	100.09000
141.40000	100.09000	 47.01760	100.09000
141.60000	100.08000	 47.20093	100.08000
141.80000	100.08000	 47.33567	100.08000
142.00000	100.07000	 47.41432	100.07000
142.20000	100.07000	 47.45636	100.07000
142.40000	100.06000	 47.45940	100.06000
142.60000	100.06000	 47.44483	100.06000
142.80000	100.05000	 47.40975	100.05000
143.00000	100.05000	 47.37348	100.05000
143.20000	100.04000	 47.33012	100.04000
143.40000	100.04000	 47.29565	100.04000
143.60000	100.03000	 47.26089	100.03000
143.80000	100.03000	 47.23891	100.03000
144.00000	100.02000	 47.21817	100.02000
144.20000	100.02000	 47.20993	100.02000
144.40000	100.01000	 47.20143	100.01000
144.60000	100.00000	 47.19751	100.00000
144.80000	100.00000	 47.20285	100.00000
145.00000	 99.99000	 47.20440	 99.99000
145.20000	 99.99000	 47.21286	 99.99000
145.40000	 99.98000	 47.21562	 99.98000
145.60000	 99.98000	 47.22384	 99.98000
145.80000	 99.97000	 47.22538	 99.97000
146.00000	 99.97000	 47.23183	 99.97000
146.20000	 99.96000	 47.23137	 99.96000
146.40000	100.26000	 47.40767	100.26000
146.60000	101.14000	 47.89925	101.14000
146.80000	101.59000	 48.08726	101.59000
147.00000	102.13000	 48.26984	102.13000
147.20000	102.77000	 48.45356	102.77000
147.40000	103.44000	 48.59888	103.44000
147.60000	104.01000	 48.63543	104.01000
147.80000	104.52000	 48.59912	104.52000
148.00000	104.94000	 48.48860	104.94000
148.20000	105.21000	 48.28741	105.21000
148.40000	105.27000	 47.98198	105.27000
148.60000	105.24000	 47.66509	105.24000
148.80000	105.13000	 47.36010	105.13000
149.00000	105.03000	 47.12955	105.03000
149.20000	104.96000	 46.98548	104.96000
149.40000	104.83000	 46.86858	104.83000
149.60000	104.64000	 46.77084	104.64000
149.80000	104.25000	 46.60466	104.25000
150.00000	103.68000	 46.38262	103.68000
150.20000	103.13000	 46.22514	103.13000
150.40000	102.66000	 46.16454	102.66000
150.60000	102.50000	 46.32208	102.50000
150.80000	102.66000	 46.67590	102.66000
151.00000	102.95000	 47.07986	102.95000
151.20000	103.34000	 47.48633	103.34000
151.40000	103.82000	 47.86836	103.82000
151.60000	104.31000	 48.16788	104.31000
151.80000	104.78000	 48.36703	104.78000
152.00000	105.18000	 48.44618	105.18000
152.20000	104.84000	 48.03914	104.84000
152.40000	104.59000	 47.67862	104.59000
152.60000	104.68000	 47.54322	104.68000
152.80000	104.55000	 47.31578	104.55000
153.00000	104.42000	 47.13323	104.42000
153.20000	104.28000	 46.99318	104.28000
153.40000	104.15000	 46.90536	104.15000
153.60000	104.02000	 46.85789	104.02000
153.80000	103.89000	 46.84272	103.89000
154.00000	103.75000	 46.84548	103.75000
154.20000	103.62000	 46.86993	103.62000
154.40000	103.49000	 46.90297	103.49000
154.60000	103.35000	 46.93297	103.35000
154.80000	103.22000	 46.96756	103.22000
155.00000	103.09000	 46.99794	103.09000
155.20000	102.96000	 47.02240	102.96000
155.40000	102.82000	 47.03458	102.82000
155.60000	102.69000	 47.04663	102.69000
155.80000	102.56000	 47.05336	102.56000
156.00000	102.42000	 47.04989	102.42000
156.20000	102.29000	 47.04923	102.29000
156.40000	102.16000	 47.04648	102.16000
156.60000	102.02000	 47.03666	102.02000
156.80000	101.89000	 47.03243	101.89000
157.00000	101.27000	 46.74772	101.27000
157.20000	101.78000	 47.13658	101.78000
157.40000	102.94000	 47.87973	102.94000
157.60000	103.66000	 48.28932	103.66000
157.80000	103.53000	 48.11764	103.53000
158.00000	103.30000	 47.83940	103.30000
158.20000	102.97000	 47.49587	102.97000
158.40000	102.52000	 47.11022	102.52000
158.60000	101.93000	 46.69883	101.93000
158.80000	101.35000	 46.36917	101.35000
159.00000	100.81000	 46.14562	100.81000
159.20000	100.41000	 46.08043	100.41000
159.40000	100.31000	 46.24692	100.31000
159.60000	100.34000	 46.51343	100.34000
159.80000	100.48000	 46.83544	100.48000
160.00000	100.73000	 47.18494	100.73000
160.20000	101.10000	 47.54574	101.10000
160.40000	101.51000	 47.85596	101.51000
160.60000	101.91000	 48.08063	101.91000
160.80000	102.24000	 48.18912	102.24000
161.00000	102.41000	 48.14339	102.41000
161.20000	102.49000	 48.00728	102.49000
161.40000	102.50000	 47.81719	102.50000
161.60000	102.43000	 47.58966	102.43000
161.80000	102.27000	 47.33786	102.27000
162.00000	102.05000	 47.09423	102.05000
162.20000	101.79000	 46.87998	101.79000
162.40000	101.50000	 46.70474	101.50000
162.60000	101.20000	 46.57896	101.20000
162.80000	100.89000	 46.49723	100.89000
163.00000	100.60000	 46.46883	100.60000
163.20000	100.31000	 46.47179	100.31000
163.40000	 99.45000	 46.16941	 99.45000
163.60000	 98.88000	 46.07543	 98.88000
163.80000	 98.88000	 46.34548	 98.88000
164.00000	 98.88000	 46.61598	 98.88000
164.20000	 98.88000	 46.86118	 98.88000
164.40000	 98.88000	 47.06564	 98.88000
164.60000	 98.88000	 47.22255	 98.88000
164.80000	 98.88000	 47.33168	 98.88000
165.00000	 98.88000	 47.39741	 98.88000
165.20000	 98.88000	 47.42686	 98.88000
165.40000	 98.88000	 47.42840	 98.88000
165.60000	 98.87000	 47.40476	 98.87000
165.80000	 98.87000	 47.37560	 98.87000
166.00000	 98.87000	 47.34141	 98.87000
166.20000	 98.87000	 47.30698	 98.87000
166.40000	 98.87000	 47.27564	 98.87000
166.60000	 98.87000	 47.24941	 98.87000
166.80000	 98.87000	 47.22920	 98.87000
167.00000	 98.87000	 47.21507	 98.87000
167.20000	 98.87000	 47.20648	 98.87000
167.40000	 98.87000	 47.20255	 98.87000
167.60000	 98.86000	 47.19649	 98.86000
167.80000	 98.86000	 47.19921	 98.86000
168.00000	 98.86000	 47.20378	 98.86000
168.20000	 98.86000	 47.20920	 98.86000
168.40000	 98.86000	 47.21470	 98.86000
168.60000	 98.86000	 47.21973	 98.86000
168.80000	 98.86000	 47.22396	 98.86000
169.00000	 98.86000	 47.22723	 98.86000
169.20000	 98.86000	 47.22954	 98.86000
169.40000	100.02000	 47.89531	100.02000
169.60000	101.66000	 48.77361	101.66000
169.80000	102.12000	 48.85152	102.12000
170.00000	102.03000	 48.52131	102.03000
170.20000	101.82000	 48.08908	101.82000
170.40000	101.51000	 47.61722	101.51000
170.60000	101.18000	 47.19045	101.18000
170.80000	100.81000	 46.81996	100.81000
171.00000	100.39000	 46.51035	100.39000
171.20000	 99.95000	 46.28010	 99.95000
171.40000	 99.44000	 46.09395	 99.44000
171.60000	 98.84000	 45.93162	 98.84000
171.80000	 98.30000	 45.87055	 98.30000
172.00000	 97.89000	 45.93543	 97.89000
172.20000	 97.66000	 46.13248	 97.66000
172.40000	 97.88000	 46.58847	 97.88000
172.60000	 98.30000	 47.11692	 98.30000
172.80000	 98.90000	 47.66975	 98.90000
173.00000	 99.66000	 48.20803	 99.66000
173.20000	100.58000	 48.71430	100.58000
173.40000	101.59000	 49.13958	101.59000
173.60000	102.65000	 49.46257	102.65000
173.80000	103.72000	 49.67123	103.72000
174.00000	104.76000	 49.76098	104.76000
174.20000	105.74000	 49.73858	105.74000
174.40000	106.62000	 49.60823	106.62000
174.60000	107.34000	 49.36447	107.34000
174.80000	107.83000	 48.99775	107.83000
175.00000	108.18000	 48.59218	108.18000
175.20000	108.41000	 48.18527	108.41000
175.40000	108.29000	 47.66333	108.29000
175.60000	107.79000	 47.03218	107.79000
175.80000	107.49000	 46.64986	107.49000
176.00000	107.26000	 46.43645	107.26000
176.20000	107.03000	 46.33219	107.03000
176.40000	106.81000	 46.31884	106.81000
176.60000	106.58000	 46.35976	106.58000
176.80000	106.35000	 46.43810	106.35000
177.00000	106.12000	 46.53467	106.12000
177.20000	105.89000	 46.63447	105.89000
177.40000	105.66000	 46.72682	105.66000
177.60000	105.43000	 46.80500	105.43000
177.80000	105.20000	 46.86574	105.20000
178.00000	104.97000	 46.90839	104.97000
178.20000	104.74000	 46.93424	104.74000
178.40000	104.51000	 46.94575	104.51000
178.60000	104.28000	 46.94601	104.28000
178.80000	104.05000	 46.93819	104.05000
179.00000	103.82000	 46.92528	103.82000
179.20000	103.59000	 46.90981	103.59000
179.40000	103.36000	 46.89379	103.36000
179.60000	103.13000	 46.87865	103.13000
179.80000	102.90000	 46.86531	102.90000
180.00000	102.67000	 46.85423	102.67000
180.20000	102.44000	 46.84550	102.44000
180.40000	102.21000	 46.83899	102.21000
180.60000	101.98000	 46.83438	101.98000
180.80000	101.75000	 46.83127	101.75000
181.00000	101.52000	 46.82924	101.52000
181.20000	101.79000	 47.11427	101.79000
181.40000	101.49000	 47.04664	101.49000
181.60000	101.20000	 46.97266	101.20000
181.80000	100.93000	 46.90847	100.93000
182.00000	100.69000	 46.86609	100.69000
182.20000	100.42000	 46.81349	100.42000
182.40000	100.21000	 46.80476	100.21000
182.60000	100.08000	 46.84902	100.08000
182.80000	100.05000	 46.95120	100.05000
183.00000	100.25000	 47.17584	100.25000
183.20000	100.62000	 47.47037	100.62000
183.40000	101.08000	 47.76996	101.08000
183.60000	101.61000	 48.04958	101.61000
183.80000	102.21000	 48.30181	102.21000
184.00000	102.84000	 48.50129	102.84000
184.20000	103.45000	 48.62269	103.45000
184.40000	104.01000	 48.65849	104.01000
184.60000	104.42000	 48.56617	104.42000
184.80000	104.70000	 48.37936	104.70000
185.00000	104.89000	 48.14512	104.89000
185.20000	104.98000	 47.87884	104.98000
185.40000	104.95000	 47.58661	104.95000
185.60000	104.82000	 47.29435	104.82000
185.80000	104.63000	 47.03489	104.63000
186.00000	104.40000	 46.82338	104.40000
186.20000	104.15000	 46.66924	104.15000
186.40000	103.91000	 46.58281	103.91000
186.60000	103.69000	 46.55865	103.69000
186.80000	103.52000	 46.60037	103.52000
187.00000	103.41000	 46.69809	103.41000
187.20000	102.90000	 46.57234	102.90000
187.40000	102.70000	 46.63937	102.70000
187.60000	102.37000	 46.63594	102.37000
187.80000	102.03000	 46.62950	102.03000
188.00000	101.70000	 46.63092	101.70000
188.20000	101.37000	 46.63333	101.37000
188.40000	101.04000	 46.63582	101.04000
188.60000	100.71000	 46.63779	100.71000
188.80000	100.37000	 46.63312	100.37000
189.00000	100.04000	 46.63362	100.04000
189.20000	 99.71000	 46.63333	 99.71000
189.40000	 99.38000	 46.63216	 99.38000
189.60000	 99.05000	 46.63014	 99.05000
189.80000	 98.72000	 46.62736	 98.72000
190.00000	 98.38000	 46.61823	 98.38000
190.20000	 98.05000	 46.61489	 98.05000
190.40000	 97.72000	 46.61156	 97.72000
190.60000	 97.39000	 46.60819	 97.39000
190.80000	 97.06000	 46.60476	 97.06000
191.00000	 96.73000	 46.60124	 96.73000
191.20000	 96.39000	 46.59192	 96.39000
191.40000	 96.06000	 46.58878	 96.06000
191.60000	 95.73000	 46.58591	 95.73000
191.80000	 95.40000	 46.58312	 95.40000
192.00000	 95.07000	 46.58030	 95.07000
192.20000	 94.73000	 46.57165	 94.73000
192.40000	 94.40000	 46.56909	 94.40000
192.60000	 95.04000	 47.12222	 95.04000
192.80000	 96.43000	 48.05332	 96.43000
193.00000	 98.12000	 49.03389	 98.12000
193.20000	 98.53000	 49.10566	 98.53000
193.40000	 98.88000	 49.01508	 98.88000
193.60000	 99.15000	 48.79902	 99.15000
193.80000	 99.36000	 48.51421	 99.36000
194.00000	 99.51000	 48.19840	 99.51000
194.20000	 99.60000	 47.88064	 99.60000
194.40000	 99.63000	 47.58112	 99.63000
194.60000	 99.61000	 47.31778	 99.61000
194.80000	 99.48000	 47.06122	 99.48000
195.00000	 99.27000	 46.83131	 99.27000
195.20000	 99.07000	 46.67882	 99.07000
195.40000	 98.94000	 46.63028	 98.94000
195.60000	 98.93000	 46.69914	 98.93000
195.80000	 99.12000	 46.90970	 99.12000
196.00000	 99.47000	 47.21097	 99.47000
196.20000	 99.98000	 47.57510	 99.98000
196.40000	100.69000	 47.99992	100.69000
196.60000	101.65000	 48.49120	101.65000
196.80000	102.78000	 48.98125	102.78000
197.00000	104.05000	 49.43805	104.05000
197.20000	105.50000	 49.87755	105.50000
197.40000	107.16000	 50.31394	107.16000
197.60000	108.79000	 50.60821	108.79000
197.80000	110.30000	 50.72116	110.30000
198.00000	111.41000	 50.51802	111.41000
198.20000	112.07000	 50.01736	112.07000
198.40000	112.50000	 49.40554	112.50000
198.60000	112.75000	 48.76326	112.75000
198.80000	112.91000	 48.18079	112.91000
199.00000	112.99000	 47.68491	112.99000
199.20000	112.97000	 47.27047	112.97000
199.40000	112.85000	 46.93400	112.85000
199.60000	112.62000	 46.65988	112.62000
199.80000	112.24000	 46.41233	112.24000
200.00000	111.83000	 46.24851	111.83000
200.20000	111.43000	 46.17533	111.43000
200.40000	111.08000	 46.19607	111.08000
200.60000	111.03000	 46.43149	111.03000
200.80000	111.06000	 46.72004	111.06000
201.00000	111.11000	 46.99784	111.11000
201.20000	111.14000	 47.22256	111.14000
201.40000	110.92000	 47.25403	110.92000
201.60000	110.58000	 47.17890	110.58000
201.80000	110.25000	 47.09003	110.25000
202.00000	109.98000	 47.03009	109.98000
202.20000	110.01000	 47.14359	110.01000
202.40000	110.29000	 47.39068	110.29000
202.60000	110.61000	 47.63095	110.61000
202.80000	110.92000	 47.82252	110.92000
203.00000	111.05000	 47.86344	111.05000
203.20000	110.97000	 47.74742	110.97000
203.40000	110.85000	 47.59402	110.85000
203.60000	110.70000	 47.42781	110.70000
203.80000	110.66000	 47.34319	110.66000
204.00000	110.70000	 47.32523	110.70000
204.20000	110.73000	 47.31772	110.73000
204.40000	110.73000	 47.30497	110.73000
204.60000	110.56000	 47.20433	110.56000
204.80000	110.26000	 47.04513	110.26000
205.00000	109.97000	 46.91742	109.97000
205.20000	109.71000	 46.83650	109.71000
205.40000	109.65000	 46.89800	109.65000
205.60000	109.77000	 47.07600	109.77000
205.80000	109.97000	 47.29239	109.97000
206.00000	110.21000	 47.50626	110.21000
206.20000	110.49000	 47.70546	110.49000
206.40000	110.77000	 47.86008	110.77000
206.60000	111.02000	 47.95233	111.02000
206.80000	111.18000	 47.95327	111.18000
207.00000	110.74000	 47.58315	110.74000
207.20000	109.74000	 46.90787	109.74000
207.40000	109.23000	 46.58686	109.23000
207.60000	109.04000	 46.52992	109.04000
207.80000	108.85000	 46.53412	108.85000
208.00000	108.65000	 46.57430	108.65000
208.20000	108.46000	 46.64508	108.46000
208.40000	108.27000	 46.72615	108.27000
208.60000	108.07000	 46.80076	108.07000
208.80000	107.88000	 46.87329	107.88000
209.00000	107.68000	 46.92762	107.68000
209.20000	107.49000	 46.97369	107.49000
209.40000	107.30000	 47.00550	107.30000
209.60000	107.10000	 47.01849	107.10000
209.80000	106.91000	 47.02671	106.91000
210.00000	106.72000	 47.02666	106.72000
210.20000	106.52000	 47.01497	106.52000
210.40000	106.27000	 46.97144	106.27000
210.60000	106.02000	 46.92953	106.02000
210.80000	105.76000	 46.88673	105.76000
211.00000	105.51000	 46.85676	105.51000
211.20000	105.26000	 46.83428	105.26000
211.40000	105.00000	 46.81311	105.00000
211.60000	104.75000	 46.80427	104.75000
211.80000	104.50000	 46.80056	104.50000
212.00000	104.25000	 46.80049	104.25000
212.20000	103.99000	 46.79693	103.99000
212.40000	103.74000	 46.80072	103.74000
212.60000	103.49000	 46.80500	103.49000
212.80000	103.23000	 46.80321	103.23000
213.00000	102.98000	 46.80680	102.98000
213.20000	102.73000	 46.80954	102.73000
213.40000	102.47000	 46.80543	102.47000
213.60000	102.22000	 46.80638	102.22000
213.80000	101.97000	 46.80651	101.97000
214.00000	101.72000	 46.80578	101.72000
214.20000	101.46000	 46.79854	101.46000
214.40000	101.90000	 47.19205	101.90000
214.60000	102.00000	 47.35396	102.00000
214.80000	101.62000	 47.20021	101.62000
215.00000	101.05000	 46.92358	101.05000
215.20000	100.36000	 46.59405	100.36000
215.40000	 99.70000	 46.32311	 99.70000
215.60000	 99.21000	 46.20314	 99.21000
215.80000	 98.76000	 46.15401	 98.76000
216.00000	 98.34000	 46.15942	 98.34000
216.20000	 97.97000	 46.21835	 97.97000
216.40000	 97.67000	 46.32863	 97.67000
216.60000	 97.41000	 46.45884	 97.41000
216.80000	 97.18000	 46.59156	 97.18000
217.00000	 96.96000	 46.70703	 96.96000
217.20000	 96.68000	 46.76107	 96.68000
217.40000	 96.37000	 46.77377	 96.37000
217.60000	 96.12000	 46.80256	 96.12000
217.80000	 95.95000	 46.86152	 95.95000
218.00000	 95.96000	 47.00698	 95.96000
218.20000	 96.18000	 47.24747	 96.18000
218.40000	 96.50000	 47.50521	 96.50000
218.60000	 96.89000	 47.75129	 96.89000
218.80000	 97.36000	 47.98448	 97.36000
219.00000	 97.87000	 48.17838	 97.87000
219.20000	 98.36000	 48.29995	 98.36000
219.40000	 98.77000	 48.32258	 98.77000
219.60000	 98.93000	 48.16355	 98.93000
219.80000	 98.89000	 47.87858	 98.89000
220.00000	 98.77000	 47.56682	 98.77000
220.20000	 98.61000	 47.27473	 98.61000
220.40000	 98.51000	 47.07394	 98.51000
220.60000	 98.45000	 46.95440	 98.45000
220.80000	 98.40000	 46.89221	 98.40000
221.00000	 98.37000	 46.88306	 98.37000
221.20000	 98.35000	 46.90925	 98.35000
221.40000	 98.36000	 46.97063	 98.36000
221.60000	 98.37000	 47.03868	 98.37000
221.80000	 98.37000	 47.09918	 98.37000
222.00000	 98.37000	 47.15269	 98.37000
222.20000	 98.36000	 47.19058	 98.36000
222.40000	 98.32000	 47.20082	 98.32000
222.60000	 98.26000	 47.19137	 98.26000
222.80000	 98.17000	 47.15985	 98.17000
223.00000	 97.92000	 47.03620	 97.92000
223.20000	 97.67000	 46.92364	 97.67000
223.40000	 97.46000	 46.85206	 97.46000
223.60000	 97.34000	 46.85108	 97.34000
223.80000	 97.43000	 46.98353	 97.43000
224.00000	 97.67000	 47.19855	 97.67000
224.20000	 98.04000	 47.46562	 98.04000
224.40000	 98.53000	 47.76103	 98.53000
224.60000	 99.33000	 48.17857	 99.33000
224.80000	100.20000	 48.55919	100.20000
225.00000	101.06000	 48.84567	101.06000
225.20000	101.79000	 48.97030	101.79000
225.40000	102.14000	 48.80578	102.14000
225.60000	102.34000	 48.52179	102.34000
225.80000	102.38000	 48.15005	102.38000
226.00000	102.30000	 47.74749	102.30000
226.20000	102.08000	 47.32903	102.08000
226.40000	101.79000	 46.95436	101.79000
226.60000	101.46000	 46.65001	101.46000
226.80000	101.17000	 46.46157	101.17000
227.00000	100.97000	 46.40658	100.97000
227.20000	100.77000	 46.41328	100.77000
227.40000	100.58000	 46.46757	100.58000
227.60000	100.38000	 46.53978	100.38000
227.80000	100.15000	 46.60411	100.15000
228.00000	 99.89000	 46.65136	 99.89000
228.20000	 99.62000	 46.68820	 99.62000
228.40000	 99.32000	 46.70084	 99.32000
228.60000	 98.95000	 46.66700	 98.95000
228.80000	 98.55000	 46.61437	 98.55000
229.00000	 98.14000	 46.55944	 98.14000
229.20000	 97.74000	 46.51736	 97.74000
229.40000	 97.33000	 46.47805	 97.33000
229.60000	 96.92000	 46.44788	 96.92000
229.80000	 96.58000	 46.46656	 96.58000
230.00000	 96.32000	 46.53497	 96.32000
230.20000	 96.24000	 46.70243	 96.24000
230.40000	 96.46000	 47.02296	 96.46000
230.60000	 96.75000	 47.34050	 96.75000
230.80000	 97.06000	 47.60992	 97.06000
231.00000	 97.33000	 47.79002	 97.33000
231.20000	 97.29000	 47.72983	 97.29000
231.40000	 97.19000	 47.59750	 97.19000
231.60000	 97.05000	 47.42853	 97.05000
231.80000	 96.89000	 47.25444	 96.89000
232.00000	 96.72000	 47.09532	 96.72000
232.20000	 96.59000	 46.98831	 96.59000
232.40000	 96.54000	 46.95734	 96.54000
232.60000	 96.59000	 47.00743	 96.59000
232.80000	 96.84000	 47.18385	 96.84000
233.00000	 97.29000	 47.46654	 97.29000
233.20000	 97.86000	 47.78595	 97.86000
233.40000	 98.55000	 48.12232	 98.55000
233.60000	 98.65000	 48.05383	 98.65000
233.80000	 98.75000	 47.94559	 98.75000
234.00000	 98.86000	 47.82591	 98.86000
234.20000	 98.96000	 47.70007	 98.96000
234.40000	 99.06000	 47.58595	 99.06000
234.60000	 99.16000	 47.49086	 99.16000
234.80000	 99.26000	 47.41806	 99.26000
235.00000	 99.36000	 47.36768	 99.36000
235.20000	 99.46000	 47.33771	 99.46000
235.40000	 99.56000	 47.32481	 99.56000
235.60000	 99.66000	 47.32506	 99.66000
235.80000	 99.76000	 47.33450	 99.76000
236.00000	 99.86000	 47.34951	 99.86000
236.20000	 99.97000	 47.37280	 99.97000
236.40000	100.07000	 47.39004	100.07000
236.60000	100.17000	 47.40553	100.17000
236.80000	100.27000	 47.41846	100.27000
237.00000	100.37000	 47.42849	100.37000
237.20000	100.47000	 47.43568	100.47000
237.40000	100.57000	 47.44033	100.57000
237.60000	100.67000	 47.44288	100.67000
237.80000	100.77000	 47.44386	100.77000
238.00000	100.87000	 47.44376	100.87000
238.20000	100.98000	 47.44875	100.98000
238.40000	101.08000	 47.44723	101.08000
238.60000	101.18000	 47.44542	101.18000
238.80000	101.28000	 47.44368	101.28000
239.00000	101.38000	 47.44227	101.38000
239.20000	101.48000	 47.44133	101.48000
239.40000	102.22000	 47.80745	102.22000
239.60000	102.52000	 47.88807	102.52000
239.80000	102.78000	 47.91529	102.78000
240.00000	103.02000	 47.90764	103.02000
240.20000	103.27000	 47.89050	103.27000
240.40000	103.50000	 47.85326	103.50000
240.60000	103.70000	 47.79662	103.70000
240.80000	103.84000	 47.70968	103.84000
241.00000	103.88000	 47.57664	103.88000
241.20000	103.81000	 47.40099	103.81000
241.40000	103.68000	 47.22165	103.68000
241.60000	103.52000	 47.06318	103.52000
241.80000	103.34000	 46.93445	103.34000
242.00000	103.17000	 46.85195	103.17000
242.20000	102.99000	 46.79939	102.99000
242.40000	102.80000	 46.77058	102.80000
242.60000	102.62000	 46.77042	102.62000
242.80000	102.45000	 46.79168	102.45000
243.00000	102.30000	 46.83306	102.30000
243.20000	102.14000	 46.87063	102.14000
243.40000	101.98000	 46.90580	101.98000
243.60000	101.77000	 46.90717	101.77000
243.80000	101.56000	 46.90461	101.56000
244.00000	101.39000	 46.92225	101.39000
244.20000	101.30000	 46.98197	101.30000
244.40000	101.43000	 47.15936	101.43000
244.60000	101.73000	 47.41169	101.73000
244.80000	102.07000	 47.64784	102.07000
245.00000	102.39000	 47.82349	102.39000
245.20000	102.55000	 47.85727	102.55000
245.40000	102.55000	 47.76160	102.55000
245.60000	102.49000	 47.61445	102.49000
245.80000	102.38000	 47.44068	102.38000
246.00000	102.25000	 47.27319	102.25000
246.20000	102.12000	 47.13369	102.12000
246.40000	101.98000	 47.02090	101.98000
246.60000	101.84000	 46.94110	101.84000
246.80000	101.71000	 46.89727	101.71000
247.00000	101.62000	 46.90129	101.62000
247.20000	101.55000	 46.93356	101.55000
247.40000	101.48000	 46.97432	101.48000
247.60000	101.43000	 47.02848	101.43000
247.80000	101.39000	 47.08453	101.39000
248.00000	101.35000	 47.13258	101.35000
248.20000	101.33000	 47.18195	101.33000
248.40000	101.31000	 47.21961	101.31000
248.60000	101.25000	 47.22266	101.25000
248.80000	101.21000	 47.22871	101.21000
249.00000	101.24000	 47.26839	101.24000
249.20000	101.34000	 47.33996	101.34000
249.40000	101.70000	 47.54810	101.70000
249.60000	102.14000	 47.77419	102.14000
249.80000	102.58000	 47.96006	102.58000
250.00000	103.00000	 48.08952	103.00000
250.20000	103.19000	 48.04432	103.19000
250.40000	103.30000	 47.92806	103.30000
250.60000	103.33000	 47.75965	103.33000
250.80000	103.31000	 47.57418	103.31000
251.00000	103.26000	 47.39709	103.26000
251.20000	103.17000	 47.23150	103.17000
251.40000	103.04000	 47.08240	103.04000
251.60000	102.87000	 46.95164	102.87000
251.80000	102.65000	 46.83299	102.65000
252.00000	102.40000	 46.73637	102.40000
252.20000	102.12000	 46.65860	102.12000
252.40000	101.82000	 46.60136	101.82000
252.60000	101.49000	 46.55419	101.49000
252.80000	101.11000	 46.50135	101.11000
253.00000	100.76000	 46.48619	100.76000
253.20000	100.47000	 46.52063	100.47000
253.40000	100.29000	 46.62505	100.29000
253.60000	100.30000	 46.83304	100.30000
253.80000	100.41000	 47.07498	100.41000
254.00000	100.63000	 47.34100	100.63000
254.20000	100.95000	 47.61239	100.95000
254.40000	101.41000	 47.90269	101.41000
254.60000	101.93000	 48.15795	101.93000
254.80000	102.47000	 48.35301	102.47000
255.00000	103.00000	 48.47485	103.00000
255.20000	103.48000	 48.51037	103.48000
255.40000	103.89000	 48.46303	103.89000
255.60000	104.23000	 48.35091	104.23000
255.80000	104.41000	 48.14104	104.41000
256.00000	104.42000	 47.84965	104.42000
256.20000	104.35000	 47.55100	104.35000
256.40000	104.21000	 47.26715	104.21000
256.60000	104.05000	 47.03658	104.05000
256.80000	103.89000	 46.87247	103.89000
257.00000	103.72000	 46.76401	103.72000
257.20000	103.55000	 46.70813	103.55000
257.40000	103.41000	 46.71094	103.41000
257.60000	103.32000	 46.77069	103.32000
257.80000	103.25000	 46.85576	103.25000
258.00000	103.19000	 46.94801	103.19000
258.20000	103.16000	 47.04965	103.16000
258.40000	103.13000	 47.13624	103.13000
258.60000	103.11000	 47.20991	103.11000
258.80000	103.11000	 47.27513	103.11000
259.00000	103.12000	 47.32612	103.12000
259.20000	103.13000	 47.35848	103.13000
259.40000	103.15000	 47.38061	103.15000
259.60000	103.20000	 47.40681	103.20000
259.80000	103.31000	 47.45586	103.31000
260.00000	103.49000	 47.53252	103.49000
260.20000	103.65000	 47.58200	103.65000
260.40000	103.77000	 47.59320	103.77000
260.60000	103.76000	 47.51835	103.76000
260.80000	103.48000	 47.28793	103.48000
261.00000	103.13000	 47.03827	103.13000
261.20000	102.73000	 46.79767	102.73000
261.40000	102.32000	 46.59979	102.32000
261.60000	102.00000	 46.50528	102.00000
261.80000	101.72000	 46.47817	101.72000
262.00000	101.47000	 46.50129	101.47000
262.20000	101.27000	 46.57347	101.27000
262.40000	101.09000	 46.66420	101.09000
262.60000	100.96000	 46.77969	100.96000
262.80000	100.92000	 46.93296	100.92000
263.00000	100.99000	 47.12516	100.99000
263.20000	101.25000	 47.39138	101.25000
263.40000	101.66000	 47.69450	101.66000
263.60000	102.14000	 47.97554	102.14000
263.80000	102.67000	 48.21607	102.67000
264.00000	103.18000	 48.37509	103.18000
264.20000	103.68000	 48.46537	103.68000
264.40000	104.15000	 48.48685	104.15000
264.60000	104.57000	 48.44243	104.57000
264.80000	104.91000	 48.33105	104.91000
265.00000	105.18000	 48.17586	105.18000
265.20000	105.37000	 47.98727	105.37000
265.40000	105.47000	 47.77378	105.47000
265.60000	105.47000	 47.54179	105.47000
265.80000	105.38000	 47.30706	105.38000
266.00000	105.21000	 47.08243	105.21000
266.20000	104.93000	 46.85459	104.93000
266.40000	104.50000	 46.60350	104.50000
266.60000	104.04000	 46.40192	104.04000
266.80000	103.60000	 46.27655	103.60000
267.00000	103.25000	 46.25894	103.25000
267.20000	103.10000	 46.39609	103.10000
267.40000	103.03000	 46.59374	103.03000
267.60000	103.02000	 46.81714	103.02000
267.80000	103.08000	 47.05351	103.08000
268.00000	103.22000	 47.29460	103.22000
268.20000	103.37000	 47.49029	103.37000
268.40000	103.52000	 47.63223	103.52000
268.60000	103.63000	 47.70076	103.63000
268.80000	103.64000	 47.67070	103.64000
269.00000	103.60000	 47.58625	103.60000
269.20000	103.48000	 47.44611	103.48000
269.40000	103.28000	 47.26644	103.28000
269.60000	102.41000	 46.72421	102.41000
269.80000	101.63000	 46.29856	101.63000
270.00000	101.64000	 46.40984	101.64000
270.20000	101.65000	 46.56908	101.65000
270.40000	101.66000	 46.74646	101.66000
270.60000	101.67000	 46.91961	101.67000
270.80000	101.68000	 47.07346	101.68000
271.00000	101.69000	 47.19938	101.69000
271.20000	101.69000	 47.28834	101.69000
271.40000	101.70000	 47.35297	101.70000
271.60000	101.71000	 47.39069	101.71000
271.80000	101.72000	 47.40622	101.72000
272.00000	101.73000	 47.40493	101.73000
272.20000	101.74000	 47.39212	101.74000
272.40000	101.75000	 47.37257	101.75000
272.60000	101.76000	 47.35020	101.76000
272.80000	101.77000	 47.32802	101.77000
273.00000	101.78000	 47.30808	101.78000
273.20000	101.78000	 47.28586	101.78000
273.40000	101.79000	 47.27385	101.79000
273.60000	101.80000	 47.26611	101.80000
273.80000	101.81000	 47.26205	101.81000
274.00000	101.82000	 47.26094	101.82000
274.20000	101.83000	 47.26200	101.83000
274.40000	101.84000	 47.26445	101.84000
274.60000	101.85000	 47.26766	101.85000
274.80000	101.86000	 47.27110	101.86000
275.00000	101.87000	 47.27438	101.87000
275.20000	101.87000	 47.27152	101.87000
275.40000	101.88000	 47.27438	101.88000
275.60000	102.19000	 47.44878	102.19000
275.80000	103.12000	 47.96192	103.12000
276.00000	103.72000	 48.22715	103.72000
276.20000	103.90000	 48.18661	103.90000
276.40000	104.11000	 48.12212	104.11000
276.60000	104.34000	 48.04694	104.34000
276.80000	104.56000	 47.95807	104.56000
277.00000	104.77000	 47.86661	104.77000
277.20000	104.91000	 47.74612	104.91000
277.40000	104.97000	 47.59904	104.97000
277.60000	104.78000	 47.33606	104.78000
277.80000	104.45000	 47.03649	104.45000
278.00000	104.05000	 46.75501	104.05000
278.20000	103.61000	 46.51711	103.61000
278.40000	103.27000	 46.40457	103.27000
278.60000	103.01000	 46.39526	103.01000
278.80000	102.76000	 46.43203	102.76000
279.00000	102.51000	 46.49298	102.51000
279.20000	102.21000	 46.53600	102.21000
279.40000	101.76000	 46.49611	101.76000
279.60000	101.36000	 46.49024	101.36000
279.80000	101.06000	 46.54548	101.06000
280.00000	100.96000	 46.71236	100.96000
280.20000	101.36000	 47.14770	101.36000
280.40000	101.85000	 47.58140	101.85000
280.60000	102.37000	 47.95494	102.37000
280.80000	102.82000	 48.20003	102.82000
281.00000	102.81000	 48.09779	102.81000
281.20000	102.71000	 47.89560	102.71000
281.40000	102.56000	 47.65030	102.56000
281.60000	102.40000	 47.41231	102.40000
281.80000	101.87000	 46.99380	101.87000
282.00000	101.99000	 47.00834	101.99000
282.20000	102.11000	 47.06370	102.11000
282.40000	102.23000	 47.14222	102.23000
282.60000	102.35000	 47.22947	102.35000
282.80000	102.46000	 47.30890	102.46000
283.00000	102.58000	 47.38521	102.58000
283.20000	102.70000	 47.44831	102.70000
283.40000	102.82000	 47.49640	102.82000
283.60000	102.94000	 47.52970	102.94000
283.80000	103.05000	 47.54399	103.05000
284.00000	103.17000	 47.55359	103.17000
284.20000	103.29000	 47.55520	103.29000
284.40000	103.41000	 47.55125	103.41000
284.60000	103.53000	 47.54395	103.53000
284.80000	103.65000	 47.53517	103.65000
285.00000	103.76000	 47.52058	103.76000
285.20000	103.88000	 47.51318	103.88000
285.40000	104.00000	 47.50760	104.00000
285.60000	104.12000	 47.50396	104.12000
285.80000	104.24000	 47.50213	104.24000
286.00000	104.35000	 47.49612	104.35000
286.20000	104.47000	 47.49761	104.47000
286.40000	104.59000	 47.50031	104.59000
286.60000	104.71000	 47.50373	104.71000
286.80000	104.83000	 47.50744	104.83000
287.00000	104.95000	 47.51114	104.95000
287.20000	105.06000	 47.50889	105.06000
287.40000	105.18000	 47.51253	105.18000
287.60000	105.30000	 47.51608	105.30000
