  0.00000	126.09000	 67.15135	126.09000
  0.20000	125.87000	 68.20562	125.87000
  0.40000	125.66000	 69.08209	125.66000
  0.60000	125.46000	 69.75406	125.46000
  0.80000	125.31000	 70.24608	125.31000
  1.00000	125.23000	 70.58770	125.23000
  1.20000	125.22000	 70.80549	125.22000
  1.40000	125.32000	 70.95332	125.32000
  1.60000	125.63000	 71.11796	125.63000
  1.80000	126.10000	 71.28764	126.10000
  2.00000	126.63000	 71.41526	126.63000
  2.20000	127.18000	 71.48953	127.18000
  2.40000	127.59000	 71.42949	127.59000
  2.60000	127.99000	 71.33400	127.99000
  2.80000	128.39000	 71.22755	128.39000
  3.00000	128.83000	 71.14769	128.83000
  3.20000	129.35000	 71.12523	129.35000
  3.40000	129.86000	 71.10654	129.86000
  3.60000	130.33000	 71.07325	130.33000
  3.80000	130.72000	 71.00260	130.72000
  4.00000	131.03000	 70.89867	131.03000
  4.20000	131.24000	 70.75549	131.24000
  4.40000	131.34000	 70.57483	131.34000
  4.60000	131.26000	 70.32403	131.26000
  4.80000	131.08000	 70.06289	131.08000
  5.00000	130.83000	 69.81866	130.83000
  5.20000	130.53000	 69.60806	130.53000
  5.40000	130.22000	 69.45490	130.22000
  5.60000	129.86000	 69.33020	129.86000
  5.80000	129.46000	 69.23341	129.46000
  6.00000	129.03000	 69.16330	129.03000
  6.20000	128.57000	 69.11236	128.57000
  6.40000	128.04000	 69.04989	128.04000
  6.60000	127.45000	 68.97793	127.45000
  6.80000	126.64000	 68.80004	126.64000
  7.00000	125.79000	 68.63115	125.79000
  7.20000	124.98000	 68.52356	124.98000
  7.40000	124.28000	 68.51634	124.28000
  7.60000	123.84000	 68.68722	123.84000
  7.80000	123.53000	 68.93516	123.53000
  8.00000	123.33000	 69.22446	123.33000
  8.20000	123.23000	 69.52888	123.23000
  8.40000	123.22000	 69.82711	123.22000
  8.60000	123.29000	 70.10327	123.29000
  8.80000	123.43000	 70.34673	123.43000
  9.00000	123.66000	 70.56921	123.66000
  9.20000	123.94000	 70.74909	123.94000
  9.40000	124.23000	 70.86821	124.23000
  9.60000	124.48000	 70.90656	124.48000
  9.80000	124.63000	 70.84289	124.63000
 10.00000	124.77000	 70.74982	124.77000
 10.20000	124.90000	 70.64353	124.90000
 10.40000	125.07000	 70.56604	125.07000
 10.60000	125.30000	 70.53513	125.30000
 10.80000	125.51000	 70.50325	125.51000
 11.00000	125.71000	 70.47624	125.71000
 11.20000	125.83000	 70.41217	125.83000
 11.40000	125.90000	 70.33182	125.90000
 11.60000	125.94000	 70.25063	125.94000
 11.80000	125.96000	 70.17703	125.96000
 12.00000	125.99000	 70.12978	125.99000
 12.20000	125.99000	 70.08344	125.99000
 12.40000	125.95000	 70.03076	125.95000
 12.60000	125.82000	 69.94178	125.82000
 12.80000	125.58000	 69.80776	125.58000
 13.00000	125.33000	 69.69409	125.33000
 13.20000	125.08000	 69.60908	125.08000
 13.40000	124.89000	 69.58716	124.89000
 13.60000	124.77000	 69.62760	124.77000
 13.80000	124.72000	 69.71999	124.72000
 14.00000	124.76000	 69.86411	124.76000
 14.20000	124.91000	 70.05863	124.91000
 14.40000	125.17000	 70.28982	125.17000
 14.60000	125.57000	 70.56253	125.57000
 14.80000	126.17000	 70.89958	126.17000
 15.00000	127.01000	 71.30996	127.01000
 15.20000	127.92000	 71.67635	127.92000
 15.40000	128.83000	 71.94996	128.83000
 15.60000	129.55000	 72.02210	129.55000
 15.80000	130.14000	 71.94966	130.14000
 16.00000	130.63000	 71.77873	130.63000
 16.20000	131.03000	 71.54407	131.03000
 16.40000	131.31000	 71.25383	131.31000
 16.60000	131.51000	 70.95473	131.51000
 16.80000	131.65000	 70.67531	131.65000
 17.00000	131.75000	 70.43703	131.75000
 17.20000	131.83000	 70.25445	131.83000
 17.40000	131.86000	 70.10644	131.86000
 17.60000	131.83000	 69.98139	131.83000
 17.80000	131.72000	 69.86130	131.72000
 18.00000	131.55000	 69.75317	131.55000
 18.20000	131.32000	 69.65244	131.32000
 18.40000	131.06000	 69.57294	131.06000
 18.60000	130.78000	 69.51583	130.78000
 18.80000	130.48000	 69.47568	130.48000
 19.00000	130.15000	 69.44117	130.15000
 19.20000	129.78000	 69.40210	129.78000
 19.40000	129.36000	 69.34998	129.36000
 19.60000	128.93000	 69.30782	128.93000
 19.80000	128.49000	 69.27427	128.49000
 20.00000	128.06000	 69.25935	128.06000
 20.20000	127.64000	 69.26009	127.64000
 20.40000	127.27000	 69.29660	127.27000
 20.60000	126.95000	 69.36310	126.95000
 20.80000	126.71000	 69.47054	126.71000
 21.00000	126.56000	 69.61635	126.56000
 21.20000	126.55000	 69.82069	126.55000
 21.40000	126.69000	 70.07757	126.69000
 21.60000	127.11000	 70.45083	127.11000
 21.80000	127.76000	 70.89115	127.76000
 22.00000	128.55000	 71.32558	128.55000
 22.20000	129.44000	 71.71750	129.44000
 22.40000	130.36000	 72.02069	130.36000
 22.60000	131.30000	 72.23432	131.30000
 22.80000	132.21000	 72.34085	132.21000
 23.00000	133.05000	 72.33506	133.05000
 23.20000	133.73000	 72.18704	133.73000
 23.40000	134.33000	 71.97354	134.33000
 23.60000	134.86000	 71.72693	134.86000
 23.80000	135.37000	 71.49818	135.37000
 24.00000	135.84000	 71.28855	135.84000
 24.20000	136.24000	 71.08753	136.24000
 24.40000	136.56000	 70.89328	136.56000
 24.60000	136.72000	 70.66063	136.72000
 24.80000	136.76000	 70.41813	136.76000
 25.00000	136.73000	 70.19955	136.73000
 25.20000	136.66000	 70.02320	136.66000
 25.40000	136.58000	 69.90315	136.58000
 25.60000	136.49000	 69.83155	136.49000
 25.80000	136.37000	 69.78651	136.37000
 26.00000	136.24000	 69.77037	136.24000
 26.20000	136.14000	 69.79744	136.14000
 26.40000	136.00000	 69.81583	136.00000
 26.60000	135.81000	 69.81311	135.81000
 26.80000	135.52000	 69.75717	135.52000
 27.00000	135.01000	 69.58021	135.01000
 27.20000	134.44000	 69.39022	134.44000
 27.40000	133.85000	 69.22131	133.85000
 27.60000	133.27000	 69.09641	133.27000
 27.80000	132.75000	 69.04454	132.75000
 28.00000	132.31000	 69.07030	132.31000
 28.20000	131.98000	 69.17916	131.98000
 28.40000	131.84000	 69.40220	131.84000
 28.60000	131.94000	 69.74714	131.94000
 28.80000	132.18000	 70.12846	132.18000
 29.00000	132.54000	 70.51277	132.54000
 29.20000	133.00000	 70.87319	133.00000
 29.40000	133.54000	 71.18983	133.54000
 29.60000	134.17000	 71.46724	134.17000
 29.80000	134.87000	 71.69650	134.87000
 30.00000	135.66000	 71.89605	135.66000
 30.20000	136.50000	 72.04975	136.50000
 30.40000	137.34000	 72.13763	137.34000
 30.60000	138.14000	 72.14891	138.14000
 30.80000	138.84000	 72.06424	138.84000
 31.00000	139.46000	 71.91557	139.46000
 31.20000	139.99000	 71.71690	139.99000
 31.40000	140.38000	 71.45707	140.38000
 31.60000	140.59000	 71.13083	140.59000
 31.80000	140.71000	 70.81018	140.71000
 32.00000	140.76000	 70.51936	140.76000
 32.20000	140.78000	 70.28770	140.78000
 32.40000	140.78000	 70.11939	140.78000
 32.60000	140.74000	 69.99542	140.74000
 32.80000	140.63000	 69.88882	140.63000
 33.00000	140.43000	 69.77966	140.43000
 33.20000	140.16000	 69.67428	140.16000
 33.40000	139.84000	 69.58029	139.84000
 33.60000	139.46000	 69.48771	139.46000
 33.80000	138.97000	 69.36398	138.97000
 34.00000	138.46000	 69.26303	138.46000
 34.20000	138.00000	 69.22461	138.00000
 34.40000	137.64000	 69.27125	137.64000
 34.60000	137.55000	 69.49067	137.55000
 34.80000	137.62000	 69.79291	137.62000
 35.00000	137.84000	 70.14715	137.84000
 35.20000	138.23000	 70.54322	138.23000
 35.40000	138.86000	 71.00349	138.86000
 35.60000	139.55000	 71.40259	139.55000
 35.80000	140.26000	 71.70957	140.26000
 36.00000	140.86000	 71.85130	140.86000
 36.20000	141.29000	 71.81039	141.29000
 36.40000	141.64000	 71.66966	141.64000
 36.60000	141.91000	 71.45901	141.91000
 36.80000	142.11000	 71.21154	142.11000
 37.00000	142.22000	 70.93767	142.22000
 37.20000	142.25000	 70.66113	142.25000
 37.40000	142.19000	 70.38848	142.19000
 37.60000	142.03000	 70.12198	142.03000
 37.80000	141.78000	 69.87251	141.78000
 38.00000	141.46000	 69.65362	141.46000
 38.20000	141.07000	 69.46354	141.07000
 38.40000	140.64000	 69.31596	140.64000
 38.60000	140.15000	 69.19219	140.15000
 38.80000	139.61000	 69.09107	139.61000
 39.00000	139.00000	 68.99368	139.00000
 39.20000	138.35000	 68.91242	138.35000
 39.40000	137.63000	 68.82426	137.63000
 39.60000	136.85000	 68.73206	136.85000
 39.80000	135.96000	 68.60442	135.96000
 40.00000	134.97000	 68.44925	134.97000
 40.20000	133.98000	 68.32953	133.98000
 40.40000	133.04000	 68.27414	133.04000
 40.60000	132.18000	 68.29432	132.18000
 40.80000	131.46000	 68.41397	131.46000
 41.00000	130.89000	 68.62173	130.89000
 41.20000	130.52000	 68.92703	130.52000
 41.40000	130.53000	 69.41337	130.53000
 41.60000	130.76000	 69.95353	130.76000
 41.80000	131.14000	 70.47870	131.14000
 42.00000	131.61000	 70.93602	131.61000
 42.20000	132.10000	 71.27858	132.10000
 42.40000	132.70000	 71.56666	132.70000
 42.60000	133.42000	 71.81634	133.42000
 42.80000	134.34000	 72.08574	134.34000
 43.00000	135.40000	 72.34523	135.40000
 43.20000	136.50000	 72.54082	136.50000
 43.40000	137.61000	 72.66442	137.61000
 43.60000	138.66000	 72.68816	138.66000
 43.80000	139.64000	 72.62486	139.64000
 44.00000	140.52000	 72.47792	140.52000
 44.20000	141.20000	 72.21065	141.20000
 44.40000	141.68000	 71.84976	141.68000
 44.60000	142.08000	 71.49332	142.08000
 44.80000	142.41000	 71.16552	142.41000
 45.00000	142.79000	 70.94716	142.79000
 45.20000	143.15000	 70.79338	143.15000
 45.40000	143.47000	 70.68381	143.47000
 45.60000	143.77000	 70.62011	143.77000
 45.80000	144.04000	 70.58500	144.04000
 46.00000	144.24000	 70.54419	144.24000
 46.20000	144.33000	 70.46715	144.33000
 46.40000	144.20000	 70.28735	144.20000
 46.60000	143.91000	 70.04875	143.91000
 46.80000	143.52000	 69.79807	143.52000
 47.00000	143.08000	 69.57370	143.08000
 47.20000	142.63000	 69.40284	142.63000
 47.40000	142.18000	 69.28880	142.18000
 47.60000	141.75000	 69.23620	141.75000
 47.80000	141.39000	 69.26386	141.39000
 48.00000	141.12000	 69.36860	141.12000
 48.20000	140.89000	 69.50331	140.89000
 48.40000	140.67000	 69.63529	140.67000
 48.60000	140.44000	 69.74263	140.44000
 48.80000	140.20000	 69.82068	140.20000
 49.00000	139.94000	 69.86305	139.94000
 49.20000	139.64000	 69.86097	139.64000
 49.40000	139.25000	 69.79112	139.25000
 49.60000	138.83000	 69.69964	138.83000
 49.80000	138.37000	 69.59000	138.37000
 50.00000	137.88000	 69.47630	137.88000
 50.20000	137.37000	 69.37045	137.37000
 50.40000	136.84000	 69.27585	136.84000
 50.60000	136.29000	 69.19376	136.29000
 50.80000	135.71000	 69.11793	135.71000
 51.00000	135.11000	 69.05343	135.11000
 51.20000	134.50000	 69.00448	134.50000
 51.40000	133.89000	 68.97434	133.89000
 51.60000	133.33000	 68.98895	133.33000
 51.80000	132.77000	 69.01207	132.77000
 52.00000	132.19000	 69.02644	132.19000
 52.20000	131.55000	 69.00545	131.55000
 52.40000	130.82000	 68.93260	130.82000
 52.60000	130.11000	 68.87859	130.11000
 52.80000	129.47000	 68.87514	129.47000
 53.00000	128.94000	 68.94270	128.94000
 53.20000	128.56000	 69.09609	128.56000
 53.40000	128.31000	 69.30941	128.31000
 53.60000	128.21000	 69.57923	128.21000
 53.80000	128.39000	 69.96665	128.39000
 54.00000	128.70000	 70.36127	128.70000
 54.20000	129.12000	 70.73568	129.12000
 54.40000	129.60000	 71.05158	129.60000
 54.60000	130.10000	 71.28485	130.10000
 54.80000	130.64000	 71.45487	130.64000
 55.00000	131.17000	 71.54332	131.17000
 55.20000	131.70000	 71.57160	131.70000
 55.40000	132.20000	 71.53842	132.20000
 55.60000	132.64000	 71.44318	132.64000
 55.80000	132.97000	 71.27401	132.97000
 56.00000	133.16000	 71.03230	133.16000
 56.20000	133.29000	 70.78529	133.29000
 56.40000	133.41000	 70.57679	133.41000
 56.60000	133.61000	 70.46623	133.61000
 56.80000	133.84000	 70.41914	133.84000
 57.00000	134.08000	 70.41435	134.08000
 57.20000	134.31000	 70.42956	134.31000
 57.40000	134.55000	 70.46744	134.55000
 57.60000	134.75000	 70.48995	134.75000
 57.80000	134.89000	 70.48081	134.89000
 58.00000	134.88000	 70.38665	134.88000
 58.20000	134.68000	 70.19159	134.68000
 58.40000	134.46000	 70.01088	134.46000
 58.60000	134.27000	 69.88288	134.27000
 58.80000	134.26000	 69.89743	134.26000
 59.00000	134.39000	 70.01838	134.39000
 59.20000	134.57000	 70.17394	134.57000
 59.40000	134.79000	 70.34211	134.79000
 59.60000	135.00000	 70.48106	135.00000
 59.80000	135.21000	 70.59095	135.21000
 60.00000	135.39000	 70.65281	135.39000
 60.20000	135.53000	 70.66440	135.53000
 60.40000	135.57000	 70.59749	135.57000
 60.60000	135.59000	 70.51173	135.59000
 60.80000	135.58000	 70.41150	135.58000
 61.00000	135.59000	 70.33483	135.59000
 61.20000	135.60000	 70.27357	135.60000
 61.40000	135.59000	 70.21696	135.59000
 61.60000	135.57000	 70.17119	135.57000
 61.80000	135.50000	 70.11176	135.50000
 62.00000	135.41000	 70.05707	135.41000
 62.20000	135.29000	 70.00118	135.29000
 62.40000	135.16000	 69.95599	135.16000
 62.60000	135.04000	 69.93235	135.04000
 62.80000	134.89000	 69.90389	134.89000
 63.00000	134.70000	 69.86326	134.70000
 63.20000	134.44000	 69.79282	134.44000
 63.40000	134.08000	 69.67764	134.08000
 63.60000	133.69000	 69.56519	133.69000
 63.80000	133.27000	 69.45939	133.27000
 64.00000	132.83000	 69.36818	132.83000
 64.20000	132.41000	 69.31523	132.41000
 64.40000	132.05000	 69.32060	132.05000
 64.60000	131.79000	 69.40001	131.79000
 64.80000	131.81000	 69.64748	131.81000
 65.00000	131.97000	 69.95605	131.97000
 65.20000	132.23000	 70.27972	132.23000
 65.40000	132.57000	 70.58985	132.57000
 65.60000	132.94000	 70.84662	132.94000
 65.80000	133.36000	 71.05983	133.36000
 66.00000	133.79000	 71.20862	133.79000
 66.20000	134.22000	 71.29511	134.22000
 66.40000	134.63000	 71.31893	134.63000
 66.60000	135.02000	 71.29394	135.02000
 66.80000	135.36000	 71.21658	135.36000
 67.00000	135.62000	 71.08384	135.62000
 67.20000	135.80000	 70.91105	135.80000
 67.40000	135.93000	 70.73029	135.93000
 67.60000	136.01000	 70.55217	136.01000
 67.80000	136.03000	 70.37782	136.03000
 68.00000	135.99000	 70.21169	135.99000
 68.20000	135.91000	 70.06785	135.91000
 68.40000	135.79000	 69.94569	135.79000
 68.60000	135.64000	 69.84861	135.64000
 68.80000	135.44000	 69.76063	135.44000
 69.00000	135.18000	 69.67205	135.18000
 69.20000	134.80000	 69.54475	134.80000
 69.40000	134.31000	 69.38635	134.31000
 69.60000	133.78000	 69.24226	133.78000
 69.80000	133.26000	 69.14340	133.26000
 70.00000	132.83000	 69.13375	132.83000
 70.20000	132.47000	 69.19084	132.47000
 70.40000	132.17000	 69.29516	132.17000
 70.60000	131.91000	 69.42104	131.91000
 70.80000	131.73000	 69.58058	131.73000
 71.00000	131.59000	 69.73901	131.59000
 71.20000	131.48000	 69.88289	131.48000
 71.40000	131.38000	 69.99657	131.38000
 71.60000	131.27000	 70.06848	131.27000
 71.80000	131.15000	 70.10271	131.15000
 72.00000	131.01000	 70.09975	131.01000
 72.20000	130.84000	 70.06161	130.84000
 72.40000	130.60000	 69.97343	130.60000
 72.60000	130.32000	 69.86370	130.32000
 72.80000	130.02000	 69.75366	130.02000
 73.00000	129.69000	 69.64394	129.69000
 73.20000	129.33000	 69.53900	129.33000
 73.40000	128.96000	 69.45328	128.96000
 73.60000	128.57000	 69.38082	128.57000
 73.80000	128.20000	 69.34399	128.20000
 74.00000	127.85000	 69.33852	127.85000
 74.20000	127.49000	 69.34081	127.49000
 74.40000	127.12000	 69.34602	127.12000
 74.60000	126.69000	 69.32096	126.69000
 74.80000	126.13000	 69.22453	126.13000
 75.00000	125.60000	 69.15815	125.60000
 75.20000	125.15000	 69.15329	125.15000
 75.40000	124.90000	 69.27647	124.90000
 75.60000	124.95000	 69.57188	124.95000
 75.80000	125.14000	 69.91858	125.14000
 76.00000	125.43000	 70.26999	125.43000
 76.20000	125.81000	 70.60401	125.81000
 76.40000	126.24000	 70.88751	126.24000
 76.60000	126.72000	 71.11877	126.72000
 76.80000	127.25000	 71.30161	127.25000
 77.00000	127.83000	 71.44330	127.83000
 77.20000	128.43000	 71.53510	128.43000
 77.40000	129.00000	 71.55842	129.00000
 77.60000	129.50000	 71.50364	129.50000
 77.80000	129.78000	 71.29912	129.78000
 78.00000	129.93000	 71.02380	129.93000
 78.20000	130.02000	 70.74344	130.02000
 78.40000	130.07000	 70.48714	130.07000
 78.60000	130.22000	 70.34731	130.22000
 78.80000	130.38000	 70.26651	130.38000
 79.00000	130.52000	 70.21849	130.52000
 79.20000	130.61000	 70.17648	130.61000
 79.40000	130.57000	 70.08631	130.57000
 79.60000	130.46000	 69.98312	130.46000
 79.80000	130.31000	 69.88557	130.31000
 80.00000	130.14000	 69.80554	130.14000
 80.20000	130.01000	 69.77685	130.01000
 80.40000	129.89000	 69.77583	129.89000
 80.60000	129.78000	 69.79574	129.78000
 80.80000	129.67000	 69.82403	129.67000
 81.00000	129.54000	 69.84351	129.54000
 81.20000	129.43000	 69.87491	129.43000
 81.40000	129.37000	 69.93283	129.37000
 81.60000	129.39000	 70.03041	129.39000
 81.80000	129.63000	 70.24355	129.63000
 82.00000	129.99000	 70.49769	129.99000
 82.20000	130.39000	 70.73108	130.39000
 82.40000	130.80000	 70.91800	130.80000
 82.60000	131.11000	 70.99229	131.11000
 82.80000	131.37000	 70.99329	131.37000
 83.00000	131.58000	 70.93465	131.58000
 83.20000	131.75000	 70.83732	131.75000
 83.40000	131.81000	 70.67395	131.81000
 83.60000	131.82000	 70.49585	131.82000
 83.80000	131.81000	 70.33308	131.81000
 84.00000	131.80000	 70.20450	131.80000
 84.20000	131.87000	 70.15905	131.87000
 84.40000	131.96000	 70.15462	131.96000
 84.60000	132.03000	 70.15909	132.03000
 84.80000	132.08000	 70.16574	132.08000
 85.00000	131.99000	 70.09873	131.99000
 85.20000	131.83000	 70.00290	131.83000
 85.40000	131.68000	 69.93056	131.68000
 85.60000	131.57000	 69.90074	131.57000
 85.80000	131.62000	 69.98127	131.62000
 86.00000	131.80000	 70.14201	131.80000
 86.20000	132.00000	 70.30186	132.00000
 86.40000	132.21000	 70.44393	132.21000
 86.60000	132.27000	 70.46767	132.27000
 86.80000	132.21000	 70.39778	132.21000
 87.00000	132.19000	 70.34237	132.19000
 87.20000	132.27000	 70.34497	132.27000
 87.40000	132.64000	 70.51812	132.64000
 87.60000	133.29000	 70.84019	133.29000
 87.80000	134.02000	 71.16829	134.02000
 88.00000	134.79000	 71.46123	134.79000
 88.20000	135.46000	 71.62744	135.46000
 88.40000	136.04000	 71.67866	136.04000
 88.60000	136.56000	 71.64744	136.56000
 88.80000	137.00000	 71.53993	137.00000
 89.00000	137.29000	 71.33434	137.29000
 89.20000	137.47000	 71.07699	137.47000
 89.40000	137.60000	 70.82385	137.60000
 89.60000	137.67000	 70.58272	137.67000
 89.80000	137.69000	 70.36781	137.69000
 90.00000	137.70000	 70.20597	137.70000
 90.20000	137.73000	 70.11213	137.73000
 90.40000	137.82000	 70.10157	137.82000
 90.60000	138.10000	 70.23754	138.10000
 90.80000	138.49000	 70.44968	138.49000
 91.00000	138.93000	 70.67942	138.93000
 91.20000	139.41000	 70.90328	139.41000
 91.40000	139.93000	 71.10969	139.93000
 91.60000	140.45000	 71.26868	140.45000
 91.80000	140.92000	 71.35082	140.92000
 92.00000	141.31000	 71.34566	141.31000
 92.20000	141.45000	 71.16592	141.45000
 92.40000	141.43000	 70.89022	141.43000
 92.60000	141.34000	 70.59828	141.34000
 92.80000	141.23000	 70.33945	141.23000
 93.00000	141.20000	 70.18342	141.20000
 93.20000	141.24000	 70.12194	141.24000
 93.40000	141.30000	 70.11496	141.30000
 93.60000	141.39000	 70.15598	141.39000
 93.80000	141.50000	 70.22599	141.50000
 94.00000	141.63000	 70.31322	141.63000
 94.20000	141.74000	 70.38423	141.74000
 94.40000	141.83000	 70.43378	141.83000
 94.60000	141.82000	 70.41294	141.82000
 94.80000	141.75000	 70.35080	141.75000
 95.00000	141.67000	 70.28450	141.67000
 95.20000	141.59000	 70.22561	141.59000
 95.40000	141.59000	 70.22464	141.59000
 95.60000	141.59000	 70.23112	141.59000
 95.80000	141.59000	 70.24213	141.59000
 96.00000	141.54000	 70.22567	141.54000
 96.20000	141.41000	 70.16487	141.41000
 96.40000	141.22000	 70.07625	141.22000
 96.60000	140.97000	 69.96564	140.97000
 96.80000	140.66000	 69.83907	140.66000
 97.00000	140.28000	 69.69626	140.28000
 97.20000	139.84000	 69.54849	139.84000
 97.40000	139.35000	 69.40577	139.35000
 97.60000	138.81000	 69.27041	138.81000
 97.80000	138.07000	 69.05458	138.07000
 98.00000	137.35000	 68.89634	137.35000
 98.20000	136.72000	 68.83716	136.72000
 98.40000	136.26000	 68.91514	136.26000
 98.60000	136.19000	 69.24119	136.19000
 98.80000	136.32000	 69.66664	136.32000
 99.00000	136.63000	 70.14533	136.63000
 99.20000	137.10000	 70.63683	137.10000
 99.40000	137.74000	 71.12621	137.74000
 99.60000	138.48000	 71.55806	138.48000
 99.80000	139.26000	 71.89272	139.26000
100.00000	140.06000	 72.12475	140.06000
100.20000	140.83000	 72.23873	140.83000
100.40000	141.52000	 72.22603	141.52000
100.60000	142.10000	 72.09532	142.10000
100.80000	142.40000	 71.77539	142.40000
101.00000	142.48000	 71.33964	142.48000
101.20000	142.46000	 70.89597	142.46000
101.40000	142.36000	 70.48243	142.36000
101.60000	142.31000	 70.19110	142.31000
101.80000	142.25000	 69.98553	142.25000
102.00000	142.15000	 69.83916	142.15000
102.20000	142.02000	 69.74617	142.02000
102.40000	141.87000	 69.69923	141.87000
102.60000	141.67000	 69.66708	141.67000
102.80000	141.40000	 69.62707	141.40000
103.00000	141.03000	 69.55463	141.03000
103.20000	140.38000	 69.34156	140.38000
103.40000	139.73000	 69.16518	139.73000
103.60000	139.16000	 69.07749	139.16000
103.80000	138.82000	 69.16210	138.82000
104.00000	138.88000	 69.49997	138.88000
104.20000	139.09000	 69.90620	139.09000
104.40000	139.40000	 70.31926	139.40000
104.60000	139.77000	 70.69283	139.77000
104.80000	140.15000	 70.98546	140.15000
105.00000	140.54000	 71.19660	140.54000
105.20000	140.91000	 71.31585	140.91000
105.40000	141.21000	 71.32740	141.21000
105.60000	141.44000	 71.25090	141.44000
105.80000	141.62000	 71.12003	141.62000
106.00000	141.72000	 70.93729	141.72000
106.20000	141.68000	 70.68600	141.68000
106.40000	141.58000	 70.43285	141.58000
106.60000	141.44000	 70.20316	141.44000
106.80000	141.31000	 70.03360	141.31000
107.00000	141.21000	 69.93522	141.21000
107.20000	141.11000	 69.88303	141.11000
107.40000	140.99000	 69.85583	140.99000
107.60000	140.84000	 69.83881	140.84000
107.80000	140.65000	 69.81893	140.65000
108.00000	140.42000	 69.79144	140.42000
108.20000	140.13000	 69.74194	140.13000
108.40000	139.70000	 69.62334	139.70000
108.60000	139.17000	 69.46583	139.17000
108.80000	138.65000	 69.34255	138.65000
109.00000	138.20000	 69.29135	138.20000
109.20000	138.00000	 69.41356	138.00000
109.40000	137.95000	 69.63038	137.95000
109.60000	137.96000	 69.86620	137.96000
109.80000	138.02000	 70.09785	138.02000
110.00000	137.98000	 70.22517	137.98000
110.20000	137.98000	 70.33273	137.98000
110.40000	138.04000	 70.43555	138.04000
110.60000	138.21000	 70.56588	138.21000
110.80000	138.55000	 70.75861	138.55000
111.00000	138.93000	 70.93072	138.93000
111.20000	139.31000	 71.05633	139.31000
111.40000	139.60000	 71.08506	139.60000
111.60000	139.78000	 71.01613	139.78000
111.80000	139.92000	 70.90768	139.92000
112.00000	140.03000	 70.78094	140.03000
112.20000	140.15000	 70.67185	140.15000
112.40000	140.24000	 70.56361	140.24000
112.60000	140.29000	 70.45494	140.29000
112.80000	140.27000	 70.33130	140.27000
113.00000	140.17000	 70.19033	140.17000
113.20000	139.99000	 70.03604	139.99000
113.40000	139.73000	 69.87238	139.73000
113.60000	139.33000	 69.66741	139.33000
113.80000	138.76000	 69.40959	138.76000
114.00000	138.20000	 69.21445	138.20000
114.20000	137.72000	 69.12376	137.72000
114.40000	137.55000	 69.26398	137.55000
114.60000	137.61000	 69.55969	137.61000
114.80000	137.80000	 69.91783	137.80000
115.00000	138.10000	 70.29733	138.10000
115.20000	138.50000	 70.67012	138.50000
115.40000	138.94000	 70.98613	138.94000
115.60000	139.38000	 71.21704	139.38000
115.80000	139.74000	 71.32036	139.74000
116.00000	139.97000	 71.28186	139.97000
116.20000	140.16000	 71.17863	140.16000
116.40000	140.34000	 71.05104	140.34000
116.60000	140.61000	 70.97618	140.61000
116.80000	140.90000	 70.92019	140.90000
117.00000	141.15000	 70.85105	141.15000
117.20000	141.32000	 70.74872	141.32000
117.40000	141.25000	 70.52412	141.25000
117.60000	141.11000	 70.29291	141.11000
117.80000	140.95000	 70.09569	140.95000
118.00000	140.80000	 69.95459	140.80000
118.20000	140.73000	 69.90875	140.73000
118.40000	140.71000	 69.92992	140.71000
118.60000	140.76000	 70.01639	140.76000
118.80000	140.93000	 70.18223	140.93000
119.00000	141.20000	 70.39752	141.20000
119.20000	141.57000	 70.64515	141.57000
119.40000	142.02000	 70.89851	142.02000
119.60000	142.63000	 71.19421	142.63000
119.80000	143.29000	 71.45598	143.29000
120.00000	143.94000	 71.64384	143.94000
120.20000	144.47000	 71.69660	144.47000
120.40000	144.78000	 71.57049	144.78000
120.60000	145.00000	 71.36965	145.00000
120.80000	145.15000	 71.13181	145.15000
121.00000	145.28000	 70.90786	145.28000
121.20000	145.39000	 70.71123	145.39000
121.40000	145.44000	 70.52496	145.44000
121.60000	145.45000	 70.36448	145.45000
121.80000	145.37000	 70.20020	145.37000
122.00000	145.24000	 70.05605	145.24000
122.20000	145.09000	 69.94796	145.09000
122.40000	144.95000	 69.88901	144.95000
122.60000	144.96000	 69.95410	144.96000
122.80000	144.93000	 70.01386	144.93000
123.00000	144.83000	 70.03922	144.83000
123.20000	144.57000	 69.97231	144.57000
123.40000	144.04000	 69.75341	144.04000
123.60000	143.40000	 69.49490	143.40000
123.80000	142.69000	 69.23637	142.69000
124.00000	141.92000	 68.99468	141.92000
124.20000	141.12000	 68.79349	141.12000
124.40000	140.38000	 68.68625	140.38000
124.60000	139.73000	 68.68202	139.73000
124.80000	139.40000	 68.90116	139.40000
125.00000	139.22000	 69.21151	139.22000
125.20000	139.11000	 69.53542	139.11000
125.40000	139.01000	 69.81519	139.01000
125.60000	138.82000	 69.98048	138.82000
125.80000	138.62000	 70.08159	138.62000
126.00000	138.40000	 70.12074	138.40000
126.20000	138.12000	 70.08575	138.12000
126.40000	137.79000	 69.99744	137.79000
126.60000	137.46000	 69.90065	137.46000
126.80000	137.14000	 69.81272	137.14000
127.00000	136.87000	 69.76435	136.87000
127.20000	136.64000	 69.75083	136.64000
127.40000	136.46000	 69.77564	136.46000
127.60000	136.34000	 69.83946	136.34000
127.80000	136.37000	 69.98823	136.37000
128.00000	136.42000	 70.13219	136.42000
128.20000	136.47000	 70.25106	136.47000
128.40000	136.41000	 70.27632	136.41000
128.60000	136.17000	 70.17292	136.17000
128.80000	135.90000	 70.04590	135.90000
129.00000	135.65000	 69.93836	135.65000
129.20000	135.53000	 69.92289	135.53000
129.40000	135.55000	 70.00205	135.55000
129.60000	135.63000	 70.11743	135.63000
129.80000	135.79000	 70.26978	135.79000
130.00000	136.04000	 70.45395	136.04000
130.20000	136.33000	 70.62981	136.33000
130.40000	136.63000	 70.77312	136.63000
130.60000	136.91000	 70.86475	136.91000
130.80000	137.07000	 70.84948	137.07000
131.00000	137.19000	 70.78729	137.19000
131.20000	137.26000	 70.68545	137.26000
131.40000	137.27000	 70.55087	137.27000
131.60000	137.20000	 70.38364	137.20000
131.80000	137.14000	 70.24822	137.14000
132.00000	137.13000	 70.17304	137.13000
132.20000	137.30000	 70.23264	137.30000
132.40000	137.62000	 70.39510	137.62000
132.60000	137.99000	 70.58191	137.99000
132.80000	138.35000	 70.74193	138.35000
133.00000	138.59000	 70.80180	138.59000
133.20000	138.76000	 70.79466	138.76000
133.40000	138.92000	 70.76474	138.92000
133.60000	139.07000	 70.72025	139.07000
133.80000	139.24000	 70.68596	139.24000
134.00000	139.42000	 70.65989	139.42000
134.20000	139.58000	 70.62628	139.58000
134.40000	139.68000	 70.56351	139.68000
134.60000	139.72000	 70.47569	139.72000
134.80000	139.81000	 70.43301	139.81000
135.00000	140.03000	 70.48213	140.03000
135.20000	140.58000	 70.73229	140.58000
135.40000	141.34000	 71.08766	141.34000
135.60000	142.20000	 71.45624	142.20000
135.80000	143.09000	 71.77682	143.09000
136.00000	143.93000	 71.99299	143.93000
136.20000	144.74000	 72.12008	144.74000
136.40000	145.48000	 72.14525	145.48000
136.60000	146.11000	 72.06193	146.11000
136.80000	146.62000	 71.88617	146.62000
137.00000	147.01000	 71.64179	147.01000
137.20000	147.29000	 71.35756	147.29000
137.40000	147.41000	 71.02339	147.41000
137.60000	147.41000	 70.68095	147.41000
137.80000	147.30000	 70.34930	147.30000
138.00000	147.09000	 70.04229	147.09000
138.20000	146.78000	 69.76298	146.78000
138.40000	146.39000	 69.52257	146.39000
138.60000	145.97000	 69.34643	145.97000
138.80000	145.53000	 69.23144	145.53000
139.00000	145.09000	 69.17737	145.09000
139.20000	144.66000	 69.17601	144.66000
139.40000	144.26000	 69.22443	144.26000
139.60000	143.95000	 69.34323	143.95000
139.80000	143.68000	 69.48596	143.68000
140.00000	143.39000	 69.60324	143.39000
140.20000	143.07000	 69.68193	143.07000
140.40000	142.59000	 69.64376	142.59000
140.60000	142.05000	 69.55780	142.05000
140.80000	141.48000	 69.45309	141.48000
141.00000	140.85000	 69.32150	140.85000
141.20000	140.19000	 69.18986	140.19000
141.40000	139.57000	 69.10584	139.57000
141.60000	139.01000	 69.08116	139.01000
141.80000	138.61000	 69.16931	138.61000
142.00000	138.34000	 69.33815	138.34000
142.20000	138.23000	 69.58795	138.23000
142.40000	138.35000	 69.94053	138.35000
142.60000	138.74000	 70.39651	138.74000
142.80000	139.20000	 70.81221	139.20000
143.00000	139.65000	 71.12662	139.65000
143.20000	139.90000	 71.22747	139.90000
143.40000	140.01000	 71.17031	140.01000
143.60000	139.99000	 70.98973	139.99000
143.80000	139.75000	 70.66391	139.75000
144.00000	139.27000	 70.21627	139.27000
144.20000	138.72000	 69.78298	138.72000
144.40000	138.18000	 69.43462	138.18000
144.60000	137.85000	 69.29748	137.85000
144.80000	137.64000	 69.30419	137.64000
145.00000	137.50000	 69.40189	137.50000
145.20000	137.42000	 69.55999	137.42000
145.40000	137.36000	 69.73211	137.36000
145.60000	137.33000	 69.90713	137.33000
145.80000	137.32000	 70.06710	137.32000
146.00000	137.29000	 70.18148	137.29000
146.20000	137.24000	 70.24980	137.24000
146.40000	137.25000	 70.32337	137.25000
146.60000	137.34000	 70.41636	137.34000
146.80000	137.62000	 70.59368	137.62000
147.00000	138.04000	 70.81792	138.04000
147.20000	138.58000	 71.06753	138.58000
147.40000	139.28000	 71.35715	139.28000
147.60000	140.16000	 71.68877	140.16000
147.80000	141.12000	 71.99268	141.12000
148.00000	142.14000	 72.25244	142.14000
148.20000	143.20000	 72.45726	143.20000
148.40000	144.25000	 72.58357	144.25000
148.60000	145.21000	 72.59561	145.21000
148.80000	146.02000	 72.47664	146.02000
149.00000	146.45000	 72.11585	146.45000
149.20000	146.72000	 71.68323	146.72000
149.40000	146.85000	 71.22486	146.85000
149.60000	146.90000	 70.80222	146.90000
149.80000	146.89000	 70.44164	146.89000
150.00000	146.82000	 70.14725	146.82000
150.20000	146.70000	 69.92147	146.70000
150.40000	146.58000	 69.78489	146.58000
150.60000	146.43000	 69.70513	146.43000
150.80000	146.24000	 69.66072	146.24000
151.00000	145.99000	 69.62567	145.99000
151.20000	145.65000	 69.57148	145.65000
151.40000	145.24000	 69.50425	145.24000
151.60000	144.77000	 69.42707	144.77000
151.80000	144.22000	 69.32704	144.22000
152.00000	143.57000	 69.19367	143.57000
152.20000	142.86000	 69.05457	142.86000
152.40000	142.11000	 68.92479	142.11000
152.60000	141.33000	 68.81155	141.33000
152.80000	140.53000	 68.72006	140.53000
153.00000	139.74000	 68.66549	139.74000
153.20000	139.00000	 68.66623	139.00000
153.40000	138.30000	 68.70755	138.30000
153.60000	137.69000	 68.80912	137.69000
153.80000	137.19000	 68.97028	137.19000
154.00000	136.84000	 69.20056	136.84000
154.20000	136.77000	 69.56064	136.77000
154.40000	136.90000	 69.98005	136.90000
154.60000	137.15000	 70.39007	137.15000
154.80000	137.47000	 70.74731	137.47000
155.00000	137.80000	 71.01180	137.80000
155.20000	138.13000	 71.18333	138.13000
155.40000	138.47000	 71.28053	138.47000
155.60000	138.76000	 71.28380	138.76000
155.80000	138.99000	 71.20705	138.99000
156.00000	139.18000	 71.08333	139.18000
156.20000	139.34000	 70.93765	139.34000
156.40000	139.48000	 70.79120	139.48000
156.60000	139.61000	 70.66051	139.61000
156.80000	139.71000	 70.53961	139.71000
157.00000	139.79000	 70.43749	139.79000
157.20000	139.84000	 70.34859	139.84000
157.40000	139.87000	 70.27776	139.87000
157.60000	139.85000	 70.20481	139.85000
157.80000	139.78000	 70.12817	139.78000
158.00000	139.62000	 70.02342	139.62000
158.20000	139.41000	 69.91621	139.41000
158.40000	139.18000	 69.82586	139.18000
158.60000	138.92000	 69.74593	138.92000
158.80000	138.65000	 69.68686	138.65000
159.00000	138.38000	 69.65160	138.38000
159.20000	138.12000	 69.64179	138.12000
159.40000	137.89000	 69.66387	137.89000
159.60000	137.69000	 69.71114	137.69000
159.80000	137.54000	 69.78844	137.54000
160.00000	137.46000	 69.89996	137.46000
160.20000	137.53000	 70.08456	137.53000
160.40000	137.72000	 70.31190	137.72000
160.60000	137.95000	 70.52206	137.95000
160.80000	138.16000	 70.67249	138.16000
161.00000	138.24000	 70.69887	138.24000
161.20000	138.25000	 70.64879	138.25000
161.40000	138.23000	 70.56145	138.23000
161.60000	138.19000	 70.45702	138.19000
161.80000	138.14000	 70.35286	138.14000
162.00000	138.08000	 70.25689	138.08000
162.20000	138.04000	 70.19151	138.04000
162.40000	138.02000	 70.15710	138.02000
162.60000	138.04000	 70.16284	138.04000
162.80000	138.10000	 70.20311	138.10000
163.00000	138.20000	 70.27084	138.20000
163.20000	138.36000	 70.37037	138.36000
163.40000	138.60000	 70.50541	138.60000
163.60000	138.85000	 70.62569	138.85000
163.80000	139.08000	 70.70873	139.08000
164.00000	139.24000	 70.72517	139.24000
164.20000	139.31000	 70.66957	139.31000
164.40000	139.33000	 70.57672	139.33000
164.60000	139.31000	 70.46370	139.31000
164.80000	139.23000	 70.32830	139.23000
165.00000	139.10000	 70.18514	139.10000
165.20000	139.01000	 70.09411	139.01000
165.40000	139.01000	 70.08455	139.01000
165.60000	139.21000	 70.21370	139.21000
165.80000	139.62000	 70.46918	139.62000
166.00000	140.15000	 70.77338	140.15000
166.20000	140.79000	 71.09902	140.79000
166.40000	141.55000	 71.43531	141.55000
166.60000	142.40000	 71.75209	142.40000
166.80000	143.30000	 72.01904	143.30000
167.00000	144.25000	 72.23632	144.25000
167.20000	145.23000	 72.39699	145.23000
167.40000	146.19000	 72.48023	146.19000
167.60000	147.13000	 72.49944	147.13000
167.80000	147.99000	 72.43442	147.99000
168.00000	148.74000	 72.28593	148.74000
168.20000	149.39000	 72.08044	149.39000
168.40000	149.92000	 71.82566	149.92000
168.60000	150.32000	 71.53373	150.32000
168.80000	150.56000	 71.20276	150.56000
169.00000	150.66000	 70.85910	150.66000
169.20000	150.65000	 70.53157	150.65000
169.40000	150.51000	 70.21436	150.51000
169.60000	150.21000	 69.89278	150.21000
169.80000	149.85000	 69.62830	149.85000
170.00000	149.45000	 69.42891	149.45000
170.20000	149.09000	 69.33303	149.09000
170.40000	148.85000	 69.37205	148.85000
170.60000	148.59000	 69.43958	148.59000
170.80000	148.30000	 69.51059	148.30000
171.00000	147.92000	 69.53603	147.92000
171.20000	147.41000	 69.48707	147.41000
171.40000	146.85000	 69.41432	146.85000
171.60000	146.27000	 69.33999	146.27000
171.80000	145.73000	 69.30281	145.73000
172.00000	145.23000	 69.30152	145.23000
172.20000	144.73000	 69.30828	144.73000
172.40000	144.23000	 69.31941	144.23000
172.60000	143.71000	 69.32013	143.71000
172.80000	143.16000	 69.30343	143.16000
173.00000	142.60000	 69.28202	142.60000
173.20000	142.02000	 69.25100	142.02000
173.40000	141.42000	 69.21199	141.42000
173.60000	140.78000	 69.15500	140.78000
173.80000	140.15000	 69.11252	140.15000
174.00000	139.53000	 69.08523	139.53000
174.20000	138.95000	 69.08991	138.95000
174.40000	138.43000	 69.13472	138.43000
174.60000	137.92000	 69.18384	137.92000
174.80000	137.42000	 69.23255	137.42000
175.00000	136.86000	 69.23623	136.86000
175.20000	136.28000	 69.22050	136.28000
175.40000	135.77000	 69.24174	135.77000
175.60000	135.38000	 69.32830	135.38000
175.80000	135.31000	 69.59153	135.31000
176.00000	135.48000	 69.96299	135.48000
176.20000	135.76000	 70.34119	135.76000
176.40000	136.10000	 70.67902	136.10000
176.60000	136.41000	 70.91500	136.41000
176.80000	136.72000	 71.07075	136.72000
177.00000	137.04000	 71.16248	137.04000
177.20000	137.37000	 71.20337	137.37000
177.40000	137.69000	 71.19556	137.69000
177.60000	137.99000	 71.14740	137.99000
177.80000	138.27000	 71.07256	138.27000
178.00000	138.50000	 70.96528	138.50000
178.20000	138.67000	 70.83093	138.67000
178.40000	138.80000	 70.69168	138.80000
178.60000	138.92000	 70.57281	138.92000
178.80000	139.04000	 70.48354	139.04000
179.00000	139.16000	 70.42335	139.16000
179.20000	139.28000	 70.38911	139.28000
179.40000	139.39000	 70.37032	139.39000
179.60000	139.51000	 70.37412	139.51000
179.80000	139.63000	 70.38924	139.63000
180.00000	139.72000	 70.39317	139.72000
180.20000	139.75000	 70.36588	139.75000
180.40000	139.61000	 70.24364	139.61000
180.60000	139.39000	 70.08937	139.39000
180.80000	139.19000	 69.97186	139.19000
181.00000	139.02000	 69.90024	139.02000
181.20000	139.01000	 69.94931	139.01000
181.40000	139.11000	 70.07683	139.11000
181.60000	139.30000	 70.25487	139.30000
181.80000	139.60000	 70.47946	139.60000
182.00000	140.03000	 70.74717	140.03000
182.20000	140.57000	 71.03171	140.57000
182.40000	141.22000	 71.32157	141.22000
182.60000	142.03000	 71.63798	142.03000
182.80000	143.01000	 71.97873	143.01000
183.00000	144.02000	 72.25333	144.02000
183.20000	145.01000	 72.43316	145.01000
183.40000	145.83000	 72.43913	145.83000
183.60000	146.46000	 72.28234	146.46000
183.80000	147.01000	 72.05889	147.01000
184.00000	147.48000	 71.79651	147.48000
184.20000	147.93000	 71.55346	147.93000
184.40000	148.34000	 71.33185	148.34000
184.60000	148.67000	 71.11559	148.67000
184.80000	148.89000	 70.89159	148.89000
185.00000	148.93000	 70.62228	148.93000
185.20000	148.85000	 70.34987	148.85000
185.40000	148.68000	 70.09693	148.68000
185.60000	148.43000	 69.87076	148.43000
185.80000	148.09000	 69.66379	148.09000
186.00000	147.71000	 69.50251	147.71000
186.20000	147.31000	 69.39226	147.31000
186.40000	146.91000	 69.33551	146.91000
186.60000	146.66000	 69.40942	146.66000
186.80000	146.40000	 69.49920	146.40000
187.00000	146.10000	 69.57160	146.10000
187.20000	145.71000	 69.58796	145.71000
187.40000	145.05000	 69.44072	145.05000
187.60000	144.32000	 69.26255	144.32000
187.80000	143.56000	 69.08995	143.56000
188.00000	142.81000	 68.95487	142.81000
188.20000	142.21000	 68.94233	142.21000
188.40000	141.63000	 68.96555	141.63000
188.60000	141.05000	 69.00250	141.05000
188.80000	140.46000	 69.03889	140.46000
189.00000	139.76000	 69.00985	139.76000
189.20000	139.06000	 68.98249	139.06000
189.40000	138.38000	 68.96994	138.38000
189.60000	137.74000	 68.98353	137.74000
189.80000	137.19000	 69.05005	137.19000
190.00000	136.71000	 69.15085	136.71000
190.20000	136.29000	 69.27212	136.29000
190.40000	135.93000	 69.40654	135.93000
190.60000	135.66000	 69.56557	135.66000
190.80000	135.45000	 69.72493	135.45000
191.00000	135.31000	 69.88602	135.31000
191.20000	135.22000	 70.03380	135.22000
191.40000	135.15000	 70.14965	135.15000
191.60000	135.16000	 70.27145	135.16000
191.80000	135.30000	 70.42996	135.30000
192.00000	135.61000	 70.64636	135.61000
192.20000	136.15000	 70.94908	136.15000
192.40000	136.80000	 71.25440	136.80000
192.60000	137.51000	 71.52380	137.51000
192.80000	138.21000	 71.71314	138.21000
193.00000	138.89000	 71.82218	138.89000
193.20000	139.55000	 71.86243	139.55000
193.40000	140.16000	 71.83061	140.16000
193.60000	140.63000	 71.69027	140.63000
193.80000	141.04000	 71.51046	141.04000
194.00000	141.41000	 71.32170	141.41000
194.20000	141.77000	 71.15551	141.77000
194.40000	142.20000	 71.06654	142.20000
194.60000	142.62000	 71.00539	142.62000
194.80000	143.02000	 70.96202	143.02000
195.00000	143.38000	 70.92004	143.38000
195.20000	143.70000	 70.87614	143.70000
195.40000	143.96000	 70.81631	143.96000
195.60000	144.13000	 70.72275	144.13000
195.80000	144.16000	 70.56896	144.16000
196.00000	144.06000	 70.36851	144.06000
196.20000	143.86000	 70.14870	143.86000
196.40000	143.57000	 69.92380	143.57000
196.60000	143.11000	 69.65266	143.11000
196.80000	142.60000	 69.41470	142.60000
197.00000	142.11000	 69.25395	142.11000
197.20000	141.70000	 69.20045	141.70000
197.40000	141.55000	 69.34677	141.55000
197.60000	141.50000	 69.57012	141.50000
197.80000	141.55000	 69.84379	141.55000
198.00000	141.66000	 70.12098	141.66000
198.20000	141.83000	 70.38540	141.83000
198.40000	142.04000	 70.61523	142.04000
198.60000	142.28000	 70.80096	142.28000
198.80000	142.51000	 70.92064	142.51000
199.00000	142.73000	 70.98171	142.73000
199.20000	142.95000	 71.00075	142.95000
199.40000	143.17000	 70.98915	143.17000
199.60000	143.38000	 70.95176	143.38000
199.80000	143.58000	 70.89848	143.58000
200.00000	143.75000	 70.82581	143.75000
200.20000	143.86000	 70.72360	143.86000
200.40000	143.92000	 70.60573	143.92000
200.60000	143.96000	 70.49689	143.96000
200.80000	144.01000	 70.41876	144.01000
201.00000	144.10000	 70.38888	144.10000
201.20000	144.21000	 70.39080	144.21000
201.40000	144.32000	 70.40649	144.32000
201.60000	144.43000	 70.43034	144.43000
201.80000	144.51000	 70.43998	144.51000
202.00000	144.57000	 70.43940	144.57000
202.20000	144.60000	 70.42233	144.60000
202.40000	144.63000	 70.40776	144.63000
202.60000	144.64000	 70.38452	144.64000
202.80000	144.55000	 70.30654	144.55000
203.00000	144.35000	 70.17385	144.35000
203.20000	143.72000	 69.80639	143.72000
203.40000	143.00000	 69.43330	143.00000
203.60000	142.34000	 69.16313	142.34000
203.80000	142.03000	 69.17144	142.03000
204.00000	142.16000	 69.48830	142.16000
204.20000	142.47000	 69.91524	142.47000
204.40000	142.92000	 70.38741	142.92000
204.60000	143.46000	 70.84260	143.46000
204.80000	144.02000	 71.21853	144.02000
205.00000	144.50000	 71.44913	144.50000
205.20000	144.76000	 71.46050	144.76000
205.40000	144.77000	 71.26154	144.77000
205.60000	144.65000	 70.96129	144.65000
205.80000	144.40000	 70.59556	144.40000
206.00000	144.03000	 70.20109	144.03000
206.20000	143.59000	 69.83140	143.59000
206.40000	143.11000	 69.51838	143.11000
206.60000	142.67000	 69.31370	142.67000
206.80000	142.26000	 69.20429	142.26000
207.00000	141.86000	 69.16435	141.86000
207.20000	141.45000	 69.16585	141.45000
207.40000	141.00000	 69.17587	141.00000
207.60000	140.54000	 69.20080	140.54000
207.80000	140.08000	 69.23728	140.08000
208.00000	139.62000	 69.27777	139.62000
208.20000	139.17000	 69.32261	139.17000
208.40000	138.76000	 69.38527	138.76000
208.60000	138.40000	 69.46706	138.40000
208.80000	138.14000	 69.59262	138.14000
209.00000	137.97000	 69.74857	137.97000
209.20000	137.90000	 69.93289	137.90000
209.40000	137.95000	 70.14936	137.95000
209.60000	138.15000	 70.40719	138.15000
209.80000	138.47000	 70.67905	138.47000
210.00000	138.91000	 70.95705	138.91000
210.20000	139.50000	 71.25305	139.50000
210.40000	140.22000	 71.54962	140.22000
210.60000	140.99000	 71.79565	140.99000
210.80000	141.76000	 71.96381	141.76000
211.00000	142.41000	 71.99203	142.41000
211.20000	142.99000	 71.92917	142.99000
211.40000	143.51000	 71.80303	143.51000
211.60000	143.98000	 71.64060	143.98000
211.80000	144.38000	 71.44803	144.38000
212.00000	144.73000	 71.25236	144.73000
212.20000	145.02000	 71.05846	145.02000
212.40000	145.29000	 70.89719	145.29000
212.60000	145.52000	 70.75863	145.52000
212.80000	145.70000	 70.63597	145.70000
213.00000	145.84000	 70.53295	145.84000
213.20000	145.95000	 70.45207	145.95000
213.40000	145.99000	 70.36519	145.99000
213.60000	145.94000	 70.25787	145.94000
213.80000	145.76000	 70.10648	145.76000
214.00000	145.43000	 69.90323	145.43000
214.20000	145.00000	 69.68523	145.00000
214.40000	144.48000	 69.46489	144.48000
214.60000	143.82000	 69.21727	143.82000
214.80000	143.07000	 68.97757	143.07000
215.00000	142.31000	 68.79613	142.31000
215.20000	141.56000	 68.68135	141.56000
215.40000	140.90000	 68.67188	140.90000
215.60000	140.32000	 68.74593	140.32000
215.80000	139.84000	 68.89652	139.84000
216.00000	139.52000	 69.13897	139.52000
216.20000	139.43000	 69.49221	139.43000
216.40000	139.43000	 69.84767	139.43000
216.60000	139.48000	 70.16373	139.48000
216.80000	139.49000	 70.37854	139.49000
217.00000	139.47000	 70.50155	139.47000
217.20000	139.43000	 70.54980	139.43000
217.40000	139.39000	 70.54987	139.39000
217.60000	139.36000	 70.52244	139.36000
217.80000	139.30000	 70.45671	139.30000
218.00000	139.23000	 70.37698	139.23000
218.20000	139.11000	 70.26957	139.11000
218.40000	138.94000	 70.14392	138.94000
218.60000	138.73000	 70.01417	138.73000
218.80000	138.52000	 69.91001	138.52000
219.00000	138.30000	 69.82727	138.30000
219.20000	138.10000	 69.78287	138.10000
219.40000	137.89000	 69.75490	137.89000
219.60000	137.68000	 69.74480	137.68000
219.80000	137.45000	 69.73597	137.45000
220.00000	137.21000	 69.73087	137.21000
220.20000	136.96000	 69.72676	136.96000
220.40000	136.69000	 69.71569	136.69000
220.60000	136.38000	 69.68511	136.38000
220.80000	136.07000	 69.65992	136.07000
221.00000	135.80000	 69.66417	135.80000
221.20000	135.57000	 69.69536	135.57000
221.40000	135.41000	 69.76701	135.41000
221.60000	135.35000	 69.89018	135.35000
221.80000	135.40000	 70.06140	135.40000
222.00000	135.66000	 70.32887	135.66000
222.20000	136.10000	 70.65840	136.10000
222.40000	136.68000	 71.00930	136.68000
222.60000	137.36000	 71.34423	137.36000
222.80000	138.18000	 71.67901	138.18000
223.00000	139.06000	 71.96106	139.06000
223.20000	139.98000	 72.18000	139.98000
223.40000	140.87000	 72.30142	140.87000
223.60000	141.64000	 72.28617	141.64000
223.80000	142.38000	 72.20998	142.38000
224.00000	143.07000	 72.08236	143.07000
224.20000	143.74000	 71.94064	143.74000
224.40000	144.39000	 71.79968	144.39000
224.60000	144.98000	 71.64603	144.98000
224.80000	145.51000	 71.48789	145.51000
225.00000	145.94000	 71.30763	145.94000
225.20000	146.28000	 71.11734	146.28000
225.40000	146.56000	 70.93985	146.56000
225.60000	146.79000	 70.78335	146.79000
225.80000	147.00000	 70.66509	147.00000
226.00000	147.16000	 70.56336	147.16000
226.20000	147.27000	 70.47378	147.27000
226.40000	147.32000	 70.38622	147.32000
226.60000	147.22000	 70.24427	147.22000
226.80000	147.07000	 70.10983	147.07000
227.00000	146.89000	 69.99587	146.89000
227.20000	146.72000	 69.92488	146.72000
227.40000	146.59000	 69.90972	146.59000
227.60000	146.47000	 69.92404	146.47000
227.80000	146.36000	 69.95910	146.36000
228.00000	146.27000	 70.01281	146.27000
228.20000	146.23000	 70.09562	146.23000
228.40000	146.15000	 70.14658	146.15000
228.60000	146.03000	 70.16329	146.03000
228.80000	145.77000	 70.08817	145.77000
229.00000	145.41000	 69.95448	145.41000
229.20000	145.01000	 69.80978	145.01000
229.40000	144.58000	 69.66934	144.58000
229.60000	144.23000	 69.60424	144.23000
229.80000	143.88000	 69.56434	143.88000
230.00000	143.52000	 69.53935	143.52000
230.20000	143.13000	 69.51299	143.13000
230.40000	142.68000	 69.46456	142.68000
230.60000	142.21000	 69.41766	142.21000
230.80000	141.74000	 69.38393	141.74000
231.00000	141.29000	 69.37379	141.29000
231.20000	140.89000	 69.40183	140.89000
231.40000	140.50000	 69.43865	140.50000
231.60000	140.10000	 69.46760	140.10000
231.80000	139.68000	 69.48020	139.68000
232.00000	139.21000	 69.45843	139.21000
232.20000	138.75000	 69.44078	138.75000
232.40000	138.31000	 69.43488	138.31000
232.60000	137.90000	 69.44672	137.90000
232.80000	137.56000	 69.49838	137.56000
233.00000	137.26000	 69.56733	137.26000
233.20000	137.02000	 69.66048	137.02000
233.40000	136.78000	 69.73675	136.78000
233.60000	136.61000	 69.83523	136.61000
233.80000	136.59000	 69.99960	136.59000
234.00000	136.76000	 70.24495	136.76000
234.20000	137.41000	 70.72935	137.41000
234.40000	138.26000	 71.25590	138.26000
234.60000	139.22000	 71.74589	139.22000
234.80000	140.20000	 72.13206	140.20000
235.00000	141.08000	 72.34357	141.08000
235.20000	141.92000	 72.43241	141.92000
235.40000	142.71000	 72.41567	142.71000
235.60000	143.40000	 72.28963	143.40000
235.80000	143.98000	 72.07654	143.98000
236.00000	144.48000	 71.82172	144.48000
236.20000	144.88000	 71.53632	144.88000
236.40000	145.16000	 71.22720	145.16000
236.60000	145.36000	 70.93305	145.36000
236.80000	145.50000	 70.67462	145.50000
237.00000	145.62000	 70.47826	145.62000
237.20000	145.79000	 70.38136	145.79000
237.40000	145.92000	 70.31857	145.92000
237.60000	146.00000	 70.27227	146.00000
237.80000	145.97000	 70.19731	145.97000
238.00000	145.81000	 70.07773	145.81000
238.20000	145.59000	 69.95613	145.59000
238.40000	145.33000	 69.84531	145.33000
238.60000	145.08000	 69.77445	145.08000
238.80000	144.84000	 69.73949	144.84000
239.00000	144.61000	 69.73425	144.61000
239.20000	144.42000	 69.76938	144.42000
239.40000	144.35000	 69.88350	144.35000
239.60000	144.32000	 70.01595	144.32000
239.80000	144.29000	 70.13215	144.29000
240.00000	144.20000	 70.19058	144.20000
240.20000	143.98000	 70.15108	143.98000
240.40000	143.72000	 70.07685	143.72000
240.60000	143.43000	 69.98393	143.43000
240.80000	143.15000	 69.90475	143.15000
241.00000	142.90000	 69.85591	142.90000
241.20000	142.64000	 69.81422	142.64000
241.40000	142.37000	 69.77931	142.37000
241.60000	142.07000	 69.73847	142.07000
241.80000	141.75000	 69.69750	141.75000
242.00000	141.42000	 69.66223	141.42000
242.20000	141.10000	 69.64389	141.10000
242.40000	140.82000	 69.65820	140.82000
242.60000	140.57000	 69.69482	140.57000
242.80000	140.32000	 69.73084	140.32000
243.00000	140.07000	 69.76278	140.07000
243.20000	139.81000	 69.78266	139.81000
243.40000	139.55000	 69.79611	139.55000
243.60000	139.31000	 69.81538	139.31000
243.80000	139.07000	 69.82839	139.07000
244.00000	138.83000	 69.83558	138.83000
244.20000	138.65000	 69.87325	138.65000
244.40000	138.55000	 69.95100	138.55000
244.60000	138.53000	 70.06359	138.53000
244.80000	138.63000	 70.22781	138.63000
245.00000	138.90000	 70.46374	138.90000
245.20000	139.40000	 70.79368	139.40000
245.40000	140.41000	 71.36543	140.41000
245.60000	141.63000	 71.96699	141.63000
245.80000	142.95000	 72.50677	142.95000
246.00000	144.23000	 72.88956	144.23000
246.20000	145.29000	 73.01516	145.29000
246.40000	146.28000	 73.00066	146.28000
246.60000	147.16000	 72.85527	147.16000
246.80000	147.93000	 72.61399	147.93000
247.00000	148.57000	 72.29821	148.57000
247.20000	149.09000	 71.94371	149.09000
247.40000	149.51000	 71.58656	149.51000
247.60000	149.79000	 71.22000	149.79000
247.80000	149.96000	 70.87422	149.96000
248.00000	150.05000	 70.57347	150.05000
248.20000	150.09000	 70.33566	150.09000
248.40000	150.11000	 70.17262	150.11000
248.60000	150.06000	 70.04361	150.06000
248.80000	149.91000	 69.91983	149.91000
249.00000	149.65000	 69.78712	149.65000
249.20000	149.25000	 69.62276	149.25000
249.40000	148.75000	 69.44977	148.75000
249.60000	148.16000	 69.27435	148.16000
249.80000	147.40000	 69.04952	147.40000
250.00000	146.55000	 68.82729	146.55000
250.20000	145.69000	 68.65787	145.69000
250.40000	144.85000	 68.55602	144.85000
250.60000	144.17000	 68.59606	144.17000
250.80000	143.59000	 68.72341	143.59000
251.00000	143.11000	 68.91669	143.11000
251.20000	142.74000	 69.16089	142.74000
251.40000	142.59000	 69.50186	142.59000
251.60000	142.51000	 69.82870	142.51000
251.80000	142.45000	 70.09791	142.45000
252.00000	142.35000	 70.26982	142.35000
252.20000	142.11000	 70.29158	142.11000
252.40000	141.83000	 70.24072	141.83000
252.60000	141.53000	 70.14863	141.53000
252.80000	141.23000	 70.04457	141.23000
253.00000	140.93000	 69.94174	140.93000
253.20000	140.65000	 69.86098	140.65000
253.40000	140.39000	 69.80648	140.39000
253.60000	140.18000	 69.79640	140.18000
253.80000	140.01000	 69.82097	140.01000
254.00000	139.87000	 69.86838	139.87000
254.20000	139.75000	 69.92651	139.75000
254.40000	139.67000	 70.00188	139.67000
254.60000	139.60000	 70.07150	139.60000
254.80000	139.55000	 70.13820	139.55000
255.00000	139.51000	 70.19424	139.51000
255.20000	139.44000	 70.21571	139.44000
255.40000	139.38000	 70.22933	139.38000
255.60000	139.32000	 70.23207	139.32000
255.80000	139.28000	 70.23878	139.28000
256.00000	139.20000	 70.21571	139.20000
256.20000	139.20000	 70.23780	139.20000
256.40000	139.30000	 70.31544	139.30000
256.60000	139.63000	 70.51936	139.63000
256.80000	140.26000	 70.87500	140.26000
257.00000	140.97000	 71.22721	140.97000
257.20000	141.69000	 71.51766	141.69000
257.40000	142.29000	 71.66361	142.29000
257.60000	142.76000	 71.66864	142.76000
257.80000	143.12000	 71.56434	143.12000
258.00000	143.36000	 71.36869	143.36000
258.20000	143.38000	 71.04763	143.38000
258.40000	143.26000	 70.67746	143.26000
258.60000	143.05000	 70.31228	143.05000
258.80000	142.79000	 69.99217	142.79000
259.00000	142.54000	 69.75967	142.54000
259.20000	142.27000	 69.59362	142.27000
259.40000	141.96000	 69.47354	141.96000
259.60000	141.63000	 69.40085	141.63000
259.80000	141.26000	 69.35202	141.26000
260.00000	140.89000	 69.34029	140.89000
260.20000	140.52000	 69.35494	140.52000
260.40000	140.19000	 69.40970	140.19000
260.60000	139.92000	 69.50578	139.92000
260.80000	139.67000	 69.60834	139.67000
261.00000	139.42000	 69.69719	139.42000
261.20000	139.13000	 69.74423	139.13000
261.40000	138.76000	 69.72660	138.76000
261.60000	138.43000	 69.72186	138.43000
261.80000	138.21000	 69.77478	138.21000
262.00000	138.17000	 69.92378	138.17000
262.20000	138.37000	 70.19335	138.37000
262.40000	138.73000	 70.51747	138.73000
262.60000	139.25000	 70.87817	139.25000
262.80000	139.99000	 71.29522	139.99000
263.00000	140.92000	 71.73491	140.92000
263.20000	141.90000	 72.10148	141.90000
263.40000	142.87000	 72.35743	142.87000
263.60000	143.69000	 72.42907	143.69000
263.80000	144.40000	 72.36359	144.40000
264.00000	145.02000	 72.20201	145.02000
264.20000	145.53000	 71.96167	145.53000
264.40000	145.86000	 71.62874	145.86000
264.60000	146.11000	 71.28998	146.11000
264.80000	146.29000	 70.97088	146.29000
265.00000	146.46000	 70.71856	146.46000
265.20000	146.70000	 70.58203	146.70000
265.40000	146.91000	 70.49246	146.91000
265.60000	147.05000	 70.41501	147.05000
265.80000	147.08000	 70.31705	147.08000
266.00000	146.91000	 70.14098	146.91000
266.20000	146.67000	 69.96779	146.67000
266.40000	146.38000	 69.81180	146.38000
266.60000	146.09000	 69.70265	146.09000
266.80000	145.84000	 69.65957	145.84000
267.00000	145.58000	 69.64375	145.58000
267.20000	145.32000	 69.65210	145.32000
267.40000	144.99000	 69.63472	144.99000
267.60000	144.54000	 69.55849	144.54000
267.80000	144.24000	 69.58606	144.24000
268.00000	144.17000	 69.75712	144.17000
268.20000	144.71000	 70.27778	144.71000
268.40000	145.78000	 71.05546	145.78000
268.60000	147.05000	 71.83994	147.05000
268.80000	148.40000	 72.52173	148.40000
269.00000	149.56000	 72.92428	149.56000
269.20000	150.59000	 73.09763	150.59000
269.40000	151.52000	 73.09112	151.52000
269.60000	152.33000	 72.93173	152.33000
269.80000	152.94000	 72.61336	152.94000
270.00000	153.41000	 72.21486	153.41000
270.20000	153.76000	 71.78547	153.76000
270.40000	153.98000	 71.34802	153.98000
270.60000	154.06000	 70.91707	154.06000
270.80000	154.06000	 70.54152	154.06000
271.00000	154.00000	 70.23715	154.00000
271.20000	153.96000	 70.04720	153.96000
271.40000	153.99000	 69.98759	153.99000
271.60000	153.97000	 69.96569	153.97000
271.80000	153.86000	 69.93919	153.86000
272.00000	153.61000	 69.86596	153.61000
272.20000	153.18000	 69.71791	153.18000
272.40000	152.63000	 69.53433	152.63000
272.60000	151.95000	 69.31516	151.95000
272.80000	151.09000	 69.03814	151.09000
273.00000	150.06000	 68.71949	150.06000
273.20000	148.98000	 68.44106	148.98000
273.40000	147.89000	 68.23018	147.89000
273.60000	146.90000	 68.14803	146.90000
273.80000	146.01000	 68.17987	146.01000
274.00000	145.20000	 68.29297	145.20000
274.20000	144.47000	 68.46528	144.47000
274.40000	143.89000	 68.71738	143.89000
274.60000	143.41000	 68.99794	143.41000
274.80000	142.98000	 69.25973	142.98000
275.00000	142.58000	 69.48053	142.58000
275.20000	142.11000	 69.59793	142.11000
275.40000	141.65000	 69.66667	141.65000
275.60000	141.21000	 69.70243	141.21000
275.80000	140.81000	 69.72695	140.81000
276.00000	140.44000	 69.74228	140.44000
276.20000	140.13000	 69.77258	140.13000
276.40000	139.88000	 69.82094	139.88000
276.60000	139.73000	 69.91151	139.73000
276.80000	139.69000	 70.04667	139.69000
277.00000	139.71000	 70.19031	139.71000
277.20000	139.76000	 70.31941	139.76000
277.40000	139.80000	 70.40810	139.80000
277.60000	139.83000	 70.45863	139.83000
277.80000	139.85000	 70.47618	139.85000
278.00000	139.86000	 70.46744	139.86000
278.20000	139.86000	 70.43951	139.86000
278.40000	139.83000	 70.38730	139.83000
278.60000	139.75000	 70.30590	139.75000
278.80000	139.60000	 70.19100	139.60000
279.00000	139.19000	 69.93853	139.19000
279.20000	138.76000	 69.70887	138.76000
279.40000	138.37000	 69.54811	138.37000
279.60000	138.15000	 69.53396	138.15000
279.80000	138.26000	 69.74794	138.26000
280.00000	138.46000	 70.01785	138.46000
280.20000	138.69000	 70.28205	138.69000
280.40000	138.84000	 70.45796	138.84000
280.60000	138.90000	 70.53580	138.90000
280.80000	138.94000	 70.56345	138.94000
281.00000	138.98000	 70.56197	138.98000
281.20000	139.04000	 70.55233	139.04000
281.40000	139.14000	 70.55348	139.14000
281.60000	139.26000	 70.55757	139.26000
281.80000	139.43000	 70.58481	139.43000
282.00000	139.69000	 70.65843	139.69000
282.20000	139.98000	 70.73839	139.98000
282.40000	140.29000	 70.81503	140.29000
282.60000	140.59000	 70.86837	140.59000
282.80000	140.87000	 70.89313	140.87000
283.00000	141.11000	 70.88060	141.11000
283.20000	141.30000	 70.83053	141.30000
283.40000	141.39000	 70.72077	141.39000
283.60000	141.39000	 70.56788	141.39000
283.80000	141.34000	 70.40690	141.34000
284.00000	141.25000	 70.25231	141.25000
284.20000	141.18000	 70.14488	141.18000
284.40000	141.10000	 70.06609	141.10000
284.60000	140.98000	 69.99495	140.98000
284.80000	140.81000	 69.92250	140.81000
285.00000	140.48000	 69.78169	140.48000
285.20000	140.10000	 69.64245	140.10000
285.40000	139.73000	 69.54342	139.73000
285.60000	139.44000	 69.52440	139.44000
285.80000	139.33000	 69.63594	139.33000
286.00000	139.27000	 69.78305	139.27000
286.20000	139.25000	 69.94399	139.25000
286.40000	139.24000	 70.08877	139.24000
286.60000	139.21000	 70.19274	139.21000
286.80000	139.18000	 70.26676	139.18000
287.00000	139.14000	 70.30709	139.14000
287.20000	139.07000	 70.30659	139.07000
287.40000	138.97000	 70.27233	138.97000
287.60000	138.85000	 70.21829	138.85000
