  0.00000	104.87000	 63.52164	104.87000
  0.20000	104.09000	 62.93680	104.09000
  0.40000	103.67000	 62.62255	103.67000
  0.60000	103.55000	 62.53425	103.55000
  0.80000	103.70000	 62.64916	103.70000
  1.00000	104.08000	 62.93673	104.08000
  1.20000	104.63000	 63.35129	104.63000
  1.40000	105.32000	 63.86961	105.32000
  1.60000	106.11000	 64.46103	106.11000
  1.80000	106.91000	 65.05756	106.91000
  2.00000	107.69000	 65.63633	107.69000
  2.20000	108.48000	 66.21958	108.48000
  2.40000	109.26000	 66.79219	109.26000
  2.60000	110.10000	 67.40651	110.10000
  2.80000	110.91000	 67.99508	110.91000
  3.00000	111.60000	 68.49057	111.60000
  3.20000	112.09000	 68.83331	112.09000
  3.40000	112.12000	 68.82918	112.12000
  3.60000	111.82000	 68.57652	111.82000
  3.80000	111.30000	 68.15889	111.30000
  4.00000	110.62000	 67.62235	110.62000
  4.20000	109.80000	 66.98291	109.80000
  4.40000	108.89000	 66.27885	108.89000
  4.60000	107.95000	 65.55581	107.95000
  4.80000	107.03000	 64.85170	107.03000
  5.00000	106.18000	 64.20420	106.18000
  5.20000	105.73000	 63.86036	105.73000
  5.40000	105.40000	 63.60998	105.40000
  5.60000	105.15000	 63.42249	105.15000
  5.80000	104.98000	 63.29729	104.98000
  6.00000	104.87000	 63.21888	104.87000
  6.20000	104.58000	 63.00714	104.58000
  6.40000	104.32000	 62.81920	104.32000
  6.60000	104.15000	 62.69985	104.15000
  6.80000	104.13000	 62.69378	104.13000
  7.00000	104.29000	 62.82308	104.29000
  7.20000	104.98000	 63.34916	104.98000
  7.40000	105.86000	 64.01640	105.86000
  7.60000	106.84000	 64.75635	106.84000
  7.80000	107.86000	 65.52327	107.86000
  8.00000	108.80000	 66.22672	108.80000
  8.20000	109.53000	 66.76914	109.53000
  8.40000	110.25000	 67.30042	110.25000
  8.60000	110.96000	 67.82071	110.96000
  8.80000	111.71000	 68.36761	111.71000
  9.00000	112.57000	 68.99360	112.57000
  9.20000	113.44000	 69.62377	113.44000
  9.40000	114.30000	 70.24310	114.30000
  9.60000	115.13000	 70.83666	115.13000
  9.80000	115.91000	 71.38958	115.91000
 10.00000	116.62000	 71.88704	116.62000
 10.20000	117.24000	 72.31435	117.24000
 10.40000	117.79000	 72.68680	117.79000
 10.60000	118.23000	 72.97481	118.23000
 10.80000	118.49000	 73.12642	118.49000
 11.00000	118.54000	 73.11974	118.54000
 11.20000	118.16000	 72.79083	118.16000
 11.40000	117.38000	 72.16328	117.38000
 11.60000	116.41000	 71.39563	116.41000
 11.80000	115.30000	 70.52650	115.30000
 12.00000	114.12000	 69.60927	114.12000
 12.20000	113.14000	 68.84676	113.14000
 12.40000	112.19000	 68.11189	112.19000
 12.60000	111.29000	 67.41962	111.29000
 12.80000	110.45000	 66.77731	110.45000
 13.00000	109.70000	 66.20720	109.70000
 13.20000	109.10000	 65.75386	109.10000
 13.40000	108.72000	 65.46918	108.72000
 13.60000	108.42000	 65.24767	108.42000
 13.80000	108.18000	 65.07373	108.18000
 14.00000	107.99000	 64.93932	107.99000
 14.20000	107.83000	 64.82901	107.83000
 14.40000	107.56000	 64.63762	107.56000
 14.60000	107.28000	 64.43990	107.28000
 14.80000	107.03000	 64.26572	107.03000
 15.00000	106.84000	 64.13743	106.84000
 15.20000	106.72000	 64.06235	106.72000
 15.40000	106.79000	 64.13007	106.79000
 15.60000	106.95000	 64.26529	106.95000
 15.80000	107.16000	 64.43764	107.16000
 16.00000	107.40000	 64.63178	107.40000
 16.20000	107.61000	 64.80250	107.61000
 16.40000	107.68000	 64.86733	107.68000
 16.60000	107.78000	 64.95363	107.78000
 16.80000	107.95000	 65.09140	107.95000
 17.00000	108.21000	 65.29555	108.21000
 17.20000	108.74000	 65.70062	108.74000
 17.40000	109.38000	 66.18637	109.38000
 17.60000	110.11000	 66.73732	110.11000
 17.80000	110.91000	 67.33806	110.91000
 18.00000	111.74000	 67.95827	111.74000
 18.20000	112.60000	 68.59767	112.60000
 18.40000	113.45000	 69.22611	113.45000
 18.60000	114.32000	 69.86598	114.32000
 18.80000	115.20000	 70.50973	115.20000
 19.00000	115.93000	 71.03759	115.93000
 19.20000	116.42000	 71.38244	116.42000
 19.40000	116.33000	 71.29036	116.33000
 19.60000	115.73000	 70.81502	115.73000
 19.80000	114.92000	 70.18263	114.92000
 20.00000	113.99000	 69.46197	113.99000
 20.20000	113.26000	 68.89371	113.26000
 20.40000	112.83000	 68.55314	112.83000
 20.60000	112.45000	 68.25297	112.45000
 20.80000	112.13000	 68.00045	112.13000
 21.00000	111.83000	 67.76538	111.83000
 21.20000	111.55000	 67.54751	111.55000
 21.40000	111.21000	 67.28676	111.21000
 21.60000	110.87000	 67.02796	110.87000
 21.80000	110.51000	 66.75607	110.51000
 22.00000	110.14000	 66.47853	110.14000
 22.20000	109.74000	 66.18034	109.74000
 22.40000	109.27000	 65.83158	109.27000
 22.60000	108.76000	 65.45479	108.76000
 22.80000	108.24000	 65.07253	108.24000
 23.00000	107.72000	 64.69234	107.72000
 23.20000	107.20000	 64.31425	107.20000
 23.40000	106.71000	 63.96072	106.71000
 23.60000	106.24000	 63.62418	106.24000
 23.80000	105.79000	 63.30454	105.79000
 24.00000	105.34000	 62.98671	105.34000
 24.20000	104.91000	 62.68557	104.91000
 24.40000	104.44000	 62.35610	104.44000
 24.60000	103.98000	 62.03568	103.98000
 24.80000	103.56000	 61.74672	103.56000
 25.00000	103.18000	 61.48910	103.18000
 25.20000	102.85000	 61.27017	102.85000
 25.40000	102.71000	 61.19452	102.71000
 25.60000	102.61000	 61.14945	102.61000
 25.80000	102.54000	 61.12713	102.54000
 26.00000	102.48000	 61.11229	102.48000
 26.20000	102.39000	 61.07479	102.39000
 26.40000	102.06000	 60.85735	102.06000
 26.60000	101.74000	 60.64738	101.74000
 26.80000	101.49000	 60.48998	101.49000
 27.00000	101.33000	 60.40014	101.33000
 27.20000	101.46000	 60.52744	101.46000
 27.40000	101.89000	 60.87885	101.89000
 27.60000	102.42000	 61.30386	102.42000
 27.80000	102.99000	 61.75689	102.99000
 28.00000	103.55000	 62.20001	103.55000
 28.20000	103.92000	 62.49819	103.92000
 28.40000	104.26000	 62.77130	104.26000
 28.60000	104.55000	 63.00451	104.55000
 28.80000	104.81000	 63.21298	104.81000
 29.00000	105.07000	 63.41938	105.07000
 29.20000	105.29000	 63.59391	105.29000
 29.40000	105.48000	 63.74426	105.48000
 29.60000	105.62000	 63.85564	105.62000
 29.80000	105.70000	 63.92078	105.70000
 30.00000	105.69000	 63.91748	105.69000
 30.20000	105.65000	 63.89097	105.65000
 30.40000	105.59000	 63.84901	105.59000
 30.60000	105.52000	 63.79928	105.52000
 30.80000	105.52000	 63.80184	105.52000
 31.00000	105.53000	 63.81179	105.53000
 31.20000	105.52000	 63.80667	105.52000
 31.40000	105.48000	 63.77900	105.48000
 31.60000	105.37000	 63.69893	105.37000
 31.80000	105.18000	 63.55910	105.18000
 32.00000	104.95000	 63.38969	104.95000
 32.20000	104.69000	 63.19837	104.69000
 32.40000	104.40000	 62.98533	104.40000
 32.60000	104.07000	 62.74325	104.07000
 32.80000	103.73000	 62.49473	103.73000
 33.00000	103.41000	 62.26235	103.41000
 33.20000	103.12000	 62.05362	103.12000
 33.40000	102.89000	 61.89096	102.89000
 33.60000	102.72000	 61.77426	102.72000
 33.80000	102.65000	 61.73326	102.65000
 34.00000	102.70000	 61.78266	102.70000
 34.20000	102.90000	 61.94453	102.90000
 34.40000	103.28000	 62.24084	103.28000
 34.60000	103.82000	 62.65602	103.82000
 34.80000	104.52000	 63.18945	104.52000
 35.00000	105.44000	 63.88536	105.44000
 35.20000	106.56000	 64.72805	106.56000
 35.40000	107.81000	 65.66432	107.81000
 35.60000	109.18000	 66.68601	109.18000
 35.80000	110.76000	 67.85988	110.76000
 36.00000	112.38000	 69.05801	112.38000
 36.20000	113.92000	 70.19011	113.92000
 36.40000	115.26000	 71.16623	115.26000
 36.60000	116.08000	 71.74714	116.08000
 36.80000	116.69000	 72.16587	116.69000
 37.00000	117.12000	 72.44596	117.12000
 37.20000	117.47000	 72.66327	117.47000
 37.40000	117.75000	 72.82614	117.75000
 37.60000	117.93000	 72.91282	117.93000
 37.80000	117.99000	 72.90898	117.99000
 38.00000	117.91000	 72.80027	117.91000
 38.20000	117.67000	 72.57235	117.67000
 38.40000	117.35000	 72.28577	117.35000
 38.60000	116.96000	 71.94858	116.96000
 38.80000	116.52000	 71.57621	116.52000
 39.00000	116.15000	 71.25885	116.15000
 39.20000	115.77000	 70.93674	115.77000
 39.40000	115.35000	 70.58750	115.35000
 39.60000	114.88000	 70.20372	114.88000
 39.80000	114.37000	 69.79299	114.37000
 40.00000	113.65000	 69.22816	113.65000
 40.20000	112.91000	 68.65179	112.91000
 40.40000	112.16000	 68.07161	112.16000
 40.60000	111.43000	 67.51020	111.43000
 40.80000	110.78000	 67.01250	110.78000
 41.00000	110.38000	 66.70561	110.38000
 41.20000	110.03000	 66.43933	110.03000
 41.40000	109.72000	 66.20572	109.72000
 41.60000	109.43000	 65.98942	109.43000
 41.80000	109.13000	 65.76764	109.13000
 42.00000	108.65000	 65.41293	108.65000
 42.20000	108.15000	 65.04515	108.15000
 42.40000	107.66000	 64.68681	107.66000
 42.60000	107.19000	 64.34544	107.19000
 42.80000	106.76000	 64.03596	106.76000
 43.00000	106.38000	 63.76575	106.38000
 43.20000	106.07000	 63.54962	106.07000
 43.40000	105.86000	 63.40978	105.86000
 43.60000	105.76000	 63.35341	105.76000
 43.80000	105.88000	 63.46243	105.88000
 44.00000	106.24000	 63.75122	106.24000
 44.20000	106.69000	 64.10673	106.69000
 44.40000	107.20000	 64.50584	107.20000
 44.60000	107.72000	 64.91062	107.72000
 44.80000	108.09000	 65.20095	108.09000
 45.00000	108.43000	 65.46667	108.43000
 45.20000	108.75000	 65.71531	108.75000
 45.40000	109.05000	 65.94700	109.05000
 45.60000	109.36000	 66.18429	109.36000
 45.80000	109.66000	 66.41231	109.66000
 46.00000	109.93000	 66.61617	109.93000
 46.20000	110.16000	 66.78850	110.16000
 46.40000	110.33000	 66.91451	110.33000
 46.60000	110.43000	 66.98692	110.43000
 46.80000	110.49000	 67.02844	110.49000
 47.00000	110.50000	 67.03184	110.50000
 47.20000	110.46000	 66.99736	110.46000
 47.40000	110.42000	 66.96268	110.42000
 47.60000	110.33000	 66.89054	110.33000
 47.80000	110.18000	 66.77366	110.18000
 48.00000	109.97000	 66.61226	109.97000
 48.20000	109.67000	 66.38410	109.67000
 48.40000	109.28000	 66.08948	109.28000
 48.60000	108.83000	 65.75118	108.83000
 48.80000	108.32000	 65.36949	108.32000
 49.00000	107.76000	 64.95218	107.76000
 49.20000	107.13000	 64.48451	107.13000
 49.40000	106.48000	 64.00417	106.48000
 49.60000	105.84000	 63.53378	105.84000
 49.80000	105.22000	 63.08091	105.22000
 50.00000	104.67000	 62.68299	104.67000
 50.20000	104.19000	 62.33988	104.19000
 50.40000	103.76000	 62.03641	103.76000
 50.60000	103.39000	 61.77979	103.39000
 50.80000	103.09000	 61.57726	103.09000
 51.00000	102.85000	 61.42101	102.85000
 51.20000	102.71000	 61.34066	102.71000
 51.40000	102.70000	 61.35831	102.70000
 51.60000	102.86000	 61.50342	102.86000
 51.80000	103.22000	 61.79790	103.22000
 52.00000	103.71000	 62.18867	103.71000
 52.20000	104.29000	 62.64513	104.29000
 52.40000	104.96000	 63.16673	104.96000
 52.60000	105.70000	 63.73801	105.70000
 52.80000	106.45000	 64.31365	106.45000
 53.00000	107.16000	 64.85595	107.16000
 53.20000	107.79000	 65.33490	107.79000
 53.40000	108.31000	 65.72813	108.31000
 53.60000	108.70000	 66.02093	108.70000
 53.80000	108.92000	 66.18378	108.92000
 54.00000	108.74000	 66.04507	108.74000
 54.20000	108.38000	 65.77048	108.38000
 54.40000	107.92000	 65.42085	107.92000
 54.60000	107.42000	 65.04188	107.42000
 54.80000	107.05000	 64.76143	107.05000
 55.00000	106.87000	 64.62460	106.87000
 55.20000	106.69000	 64.48902	106.69000
 55.40000	106.50000	 64.34708	106.50000
 55.60000	106.28000	 64.18374	106.28000
 55.80000	105.94000	 63.93161	105.94000
 56.00000	105.47000	 63.58336	105.47000
 56.20000	104.95000	 63.19916	104.95000
 56.40000	104.39000	 62.78675	104.39000
 56.60000	103.78000	 62.33886	103.78000
 56.80000	103.11000	 61.84821	103.11000
 57.00000	102.40000	 61.32998	102.40000
 57.20000	101.71000	 60.82926	101.71000
 57.40000	101.06000	 60.36107	101.06000
 57.60000	100.48000	 59.94784	100.48000
 57.80000	100.07000	 59.66424	100.07000
 58.00000	 99.84000	 59.51739	 99.84000
 58.20000	 99.69000	 59.43187	 99.69000
 58.40000	 99.62000	 59.40719	 99.62000
 58.60000	 99.63000	 59.44285	 99.63000
 58.80000	 99.67000	 59.50100	 99.67000
 59.00000	 99.77000	 59.60373	 99.77000
 59.20000	 99.91000	 59.73574	 99.91000
 59.40000	100.09000	 59.89678	100.09000
 59.60000	100.32000	 60.09408	100.32000
 59.80000	100.58000	 60.31245	100.58000
 60.00000	100.87000	 60.55171	100.87000
 60.20000	101.20000	 60.81918	101.20000
 60.40000	101.57000	 61.11472	101.57000
 60.60000	102.02000	 61.46813	102.02000
 60.80000	102.52000	 61.85676	102.52000
 61.00000	103.01000	 62.23551	103.01000
 61.20000	103.47000	 62.58932	103.47000
 61.40000	103.77000	 62.82090	103.77000
 61.60000	103.97000	 62.97544	103.97000
 61.80000	104.15000	 63.11316	104.15000
 62.00000	104.38000	 63.28675	104.38000
 62.20000	104.77000	 63.57869	104.77000
 62.40000	105.28000	 63.95890	105.28000
 62.60000	105.84000	 64.37474	105.84000
 62.80000	106.45000	 64.82597	106.45000
 63.00000	107.11000	 65.31239	107.11000
 63.20000	107.77000	 65.79637	107.77000
 63.40000	108.39000	 66.24787	108.39000
 63.60000	108.92000	 66.62947	108.92000
 63.80000	109.34000	 66.92637	109.34000
 64.00000	109.62000	 67.11643	109.62000
 64.20000	109.74000	 67.18509	109.74000
 64.40000	109.61000	 67.06557	109.61000
 64.60000	109.11000	 66.66878	109.11000
 64.80000	108.46000	 66.16049	108.46000
 65.00000	107.72000	 65.58654	107.72000
 65.20000	106.96000	 65.00008	106.96000
 65.40000	106.38000	 64.55135	106.38000
 65.60000	105.87000	 64.15807	105.87000
 65.80000	105.43000	 63.82013	105.43000
 66.00000	105.07000	 63.54482	105.07000
 66.20000	104.79000	 63.33186	104.79000
 66.40000	104.67000	 63.24080	104.67000
 66.60000	104.64000	 63.21874	104.64000
 66.80000	104.70000	 63.26520	104.70000
 67.00000	104.83000	 63.36473	104.83000
 67.20000	105.02000	 63.50942	105.02000
 67.40000	105.27000	 63.69889	105.27000
 67.60000	105.56000	 63.91779	105.56000
 67.80000	105.91000	 64.18082	105.91000
 68.00000	106.32000	 64.48769	106.32000
 68.20000	106.79000	 64.83812	106.79000
 68.40000	107.33000	 65.23935	107.33000
 68.60000	107.89000	 65.65367	107.89000
 68.80000	108.45000	 66.06594	108.45000
 69.00000	108.98000	 66.45358	108.98000
 69.20000	109.48000	 66.81659	109.48000
 69.40000	109.91000	 67.12509	109.91000
 69.60000	110.23000	 67.34930	110.23000
 69.80000	110.42000	 67.47456	110.42000
 70.00000	110.24000	 67.32163	110.24000
 70.20000	109.94000	 67.07850	109.94000
 70.40000	109.57000	 66.78334	109.57000
 70.60000	109.19000	 66.48168	109.19000
 70.80000	109.02000	 66.33862	109.02000
 71.00000	108.93000	 66.25681	108.93000
 71.20000	108.83000	 66.16873	108.83000
 71.40000	108.70000	 66.05931	108.70000
 71.60000	108.38000	 65.80873	108.38000
 71.80000	107.91000	 65.44720	107.91000
 72.00000	107.43000	 65.07988	107.43000
 72.20000	107.01000	 64.75942	107.01000
 72.40000	106.79000	 64.59068	106.79000
 72.60000	106.80000	 64.59583	106.80000
 72.80000	106.92000	 64.68451	106.92000
 73.00000	107.14000	 64.84868	107.14000
 73.20000	107.42000	 65.05788	107.42000
 73.40000	107.75000	 65.30416	107.75000
 73.60000	108.12000	 65.57966	108.12000
 73.80000	108.51000	 65.86910	108.51000
 74.00000	108.87000	 66.13483	108.87000
 74.20000	109.21000	 66.38424	109.21000
 74.40000	109.54000	 66.62478	109.54000
 74.60000	109.85000	 66.84898	109.85000
 74.80000	110.13000	 67.04941	110.13000
 75.00000	110.39000	 67.23365	110.39000
 75.20000	110.60000	 67.37935	110.60000
 75.40000	110.79000	 67.50912	110.79000
 75.60000	110.98000	 67.63807	110.98000
 75.80000	111.08000	 67.69896	111.08000
 76.00000	111.07000	 67.67702	111.07000
 76.20000	110.85000	 67.49773	110.85000
 76.40000	110.31000	 67.07928	110.31000
 76.60000	109.65000	 66.57221	109.65000
 76.80000	108.92000	 66.01467	108.92000
 77.00000	108.16000	 65.43719	108.16000
 77.20000	107.57000	 64.98989	107.57000
 77.40000	107.02000	 64.57547	107.02000
 77.60000	106.50000	 64.18635	106.50000
 77.80000	106.03000	 63.83737	106.03000
 78.00000	105.59000	 63.51337	105.59000
 78.20000	105.19000	 63.22162	105.19000
 78.40000	104.85000	 62.97688	104.85000
 78.60000	104.57000	 62.77890	104.57000
 78.80000	104.36000	 62.63486	104.36000
 79.00000	104.26000	 62.57439	104.26000
 79.20000	104.27000	 62.59711	104.27000
 79.40000	104.37000	 62.68760	104.37000
 79.60000	104.54000	 62.83046	104.54000
 79.80000	104.80000	 63.04025	104.80000
 80.00000	105.16000	 63.32406	105.16000
 80.20000	105.60000	 63.66650	105.60000
 80.40000	106.09000	 64.04472	106.09000
 80.60000	106.61000	 64.44344	106.61000
 80.80000	107.14000	 64.84743	107.14000
 81.00000	107.67000	 65.24906	107.67000
 81.20000	108.18000	 65.63326	108.18000
 81.40000	108.65000	 65.98507	108.65000
 81.60000	109.06000	 66.28960	109.06000
 81.80000	109.34000	 66.49461	109.34000
 82.00000	109.55000	 66.64536	109.55000
 82.20000	109.70000	 66.74968	109.70000
 82.40000	109.78000	 66.80042	109.78000
 82.60000	109.80000	 66.80542	109.80000
 82.80000	109.76000	 66.76502	109.76000
 83.00000	109.67000	 66.68701	109.67000
 83.20000	109.53000	 66.57171	109.53000
 83.40000	109.27000	 66.36699	109.27000
 83.60000	108.97000	 66.13309	108.97000
 83.80000	108.70000	 65.92270	108.70000
 84.00000	108.48000	 65.75095	108.48000
 84.20000	108.45000	 65.72263	108.45000
 84.40000	108.57000	 65.80753	108.57000
 84.60000	108.79000	 65.96777	108.79000
 84.80000	109.08000	 66.18047	109.08000
 85.00000	109.44000	 66.44521	109.44000
 85.20000	109.86000	 66.75413	109.86000
 85.40000	110.30000	 67.07695	110.30000
 85.60000	110.75000	 67.40593	110.75000
 85.80000	111.25000	 67.77084	111.25000
 86.00000	111.71000	 68.10415	111.71000
 86.20000	112.08000	 68.36837	112.08000
 86.40000	112.32000	 68.53370	112.32000
 86.60000	112.22000	 68.44324	112.22000
 86.80000	111.98000	 68.24741	111.98000
 87.00000	111.63000	 67.96938	111.63000
 87.20000	111.20000	 67.63224	111.20000
 87.40000	110.76000	 67.28894	110.76000
 87.60000	110.28000	 66.91739	110.28000
 87.80000	109.76000	 66.51790	109.76000
 88.00000	109.22000	 66.10568	109.22000
 88.20000	108.64000	 65.66593	108.64000
 88.40000	108.04000	 65.21377	108.04000
 88.60000	107.45000	 64.77177	107.45000
 88.80000	106.89000	 64.35492	106.89000
 89.00000	106.37000	 63.97068	106.37000
 89.20000	105.93000	 63.64884	105.93000
 89.40000	105.57000	 63.38919	105.57000
 89.60000	105.28000	 63.18395	105.28000
 89.80000	105.08000	 63.04775	105.08000
 90.00000	104.96000	 62.97273	104.96000
 90.20000	104.97000	 62.99595	104.97000
 90.40000	105.08000	 63.09446	105.08000
 90.60000	105.27000	 63.25284	105.27000
 90.80000	105.55000	 63.47813	105.55000
 91.00000	105.91000	 63.76240	105.91000
 91.20000	106.41000	 64.15018	106.41000
 91.40000	106.95000	 64.56613	106.95000
 91.60000	107.50000	 64.98744	107.50000
 91.80000	108.01000	 65.37645	108.01000
 92.00000	108.43000	 65.69565	108.43000
 92.20000	108.75000	 65.93767	108.75000
 92.40000	108.99000	 66.11771	108.99000
 92.60000	109.13000	 66.22111	109.13000
 92.80000	109.13000	 66.21831	109.13000
 93.00000	108.95000	 66.07986	108.95000
 93.20000	108.70000	 65.88868	108.70000
 93.40000	108.40000	 65.66027	108.40000
 93.60000	108.09000	 65.42499	108.09000
 93.80000	107.84000	 65.23554	107.84000
 94.00000	107.59000	 65.04711	107.59000
 94.20000	107.35000	 64.86725	107.35000
 94.40000	107.11000	 64.68849	107.11000
 94.60000	106.82000	 64.47339	106.82000
 94.80000	106.55000	 64.27443	106.55000
 95.00000	106.34000	 64.12154	106.34000
 95.20000	106.22000	 64.03707	106.22000
 95.40000	106.34000	 64.13309	106.34000
 95.60000	106.60000	 64.33424	106.60000
 95.80000	106.92000	 64.58006	106.92000
 96.00000	107.27000	 64.84765	107.27000
 96.20000	107.60000	 65.09921	107.60000
 96.40000	107.91000	 65.33455	107.91000
 96.60000	108.17000	 65.53111	108.17000
 96.80000	108.36000	 65.67394	108.36000
 97.00000	108.48000	 65.76319	108.48000
 97.20000	108.49000	 65.76912	108.49000
 97.40000	108.39000	 65.69205	108.39000
 97.60000	108.10000	 65.47248	108.10000
 97.80000	107.58000	 65.08102	107.58000
 98.00000	106.95000	 64.60821	106.95000
 98.20000	106.24000	 64.07715	106.24000
 98.40000	105.48000	 63.51082	105.48000
 98.60000	104.71000	 62.93960	104.71000
 98.80000	103.95000	 62.37871	103.95000
 99.00000	103.22000	 61.84329	103.22000
 99.20000	102.54000	 61.34831	102.54000
 99.40000	101.98000	 60.94608	101.98000
 99.60000	101.56000	 60.65131	101.56000
 99.80000	101.24000	 60.43363	101.24000
100.00000	101.02000	 60.29259	101.02000
100.20000	100.89000	 60.22022	100.89000
100.40000	100.88000	 60.23850	100.88000
100.60000	101.02000	 60.36939	101.02000
100.80000	101.24000	 60.55990	101.24000
101.00000	101.51000	 60.78708	101.51000
101.20000	101.83000	 61.05051	101.83000
101.40000	102.15000	 61.31243	102.15000
101.60000	102.44000	 61.55016	102.44000
101.80000	102.76000	 61.80853	102.76000
102.00000	103.11000	 62.08745	103.11000
102.20000	103.51000	 62.40181	103.51000
102.40000	104.04000	 62.81137	104.04000
102.60000	104.59000	 63.23354	104.59000
102.80000	105.14000	 63.65320	105.14000
103.00000	105.65000	 64.04029	105.65000
103.20000	106.11000	 64.38735	106.11000
103.40000	106.48000	 64.66457	106.48000
103.60000	106.76000	 64.87218	106.76000
103.80000	106.91000	 64.98056	106.91000
104.00000	106.82000	 64.90780	106.82000
104.20000	106.55000	 64.69949	106.55000
104.40000	106.18000	 64.41623	106.18000
104.60000	105.73000	 64.07364	105.73000
104.80000	105.22000	 63.68725	105.22000
105.00000	104.69000	 63.28746	104.69000
105.20000	104.21000	 62.92697	104.21000
105.40000	103.83000	 62.64335	103.83000
105.60000	103.68000	 62.53380	103.68000
105.80000	103.80000	 62.62787	103.80000
106.00000	104.03000	 62.80507	104.03000
106.20000	104.34000	 63.04230	104.34000
106.40000	104.68000	 63.30157	104.68000
106.60000	105.03000	 63.56749	105.03000
106.80000	105.38000	 63.83228	105.38000
107.00000	105.72000	 64.08826	105.72000
107.20000	106.03000	 64.32037	106.03000
107.40000	106.30000	 64.52110	106.30000
107.60000	106.50000	 64.66807	106.50000
107.80000	106.61000	 64.74648	106.61000
108.00000	106.53000	 64.68173	106.53000
108.20000	106.35000	 64.54166	106.35000
108.40000	106.09000	 64.34172	106.09000
108.60000	105.77000	 64.09731	105.77000
108.80000	105.42000	 63.83127	105.42000
109.00000	105.03000	 63.53643	105.03000
109.20000	104.61000	 63.22051	104.61000
109.40000	104.18000	 62.89868	104.18000
109.60000	103.74000	 62.57110	103.74000
109.80000	103.30000	 62.24532	103.30000
110.00000	102.87000	 61.92888	102.87000
110.20000	102.46000	 61.62927	102.46000
110.40000	102.08000	 61.35391	102.08000
110.60000	101.76000	 61.12515	101.76000
110.80000	101.48000	 60.92787	101.48000
111.00000	101.26000	 60.77683	101.26000
111.20000	101.09000	 60.66432	101.09000
111.40000	100.99000	 60.60506	100.99000
111.60000	101.00000	 60.62871	101.00000
111.80000	101.06000	 60.69000	101.06000
112.00000	101.16000	 60.78112	101.16000
112.20000	101.30000	 60.90180	101.30000
112.40000	101.46000	 61.03681	101.46000
112.60000	101.64000	 61.18597	101.64000
112.80000	101.81000	 61.32668	101.81000
113.00000	101.96000	 61.45137	101.96000
113.20000	102.07000	 61.54505	102.07000
113.40000	102.00000	 61.50300	102.00000
113.60000	101.88000	 61.42286	101.88000
113.80000	101.75000	 61.33484	101.75000
114.00000	101.67000	 61.28410	101.67000
114.20000	101.73000	 61.33807	101.73000
114.40000	101.98000	 61.53401	101.98000
114.60000	102.29000	 61.77425	102.29000
114.80000	102.62000	 62.02848	102.62000
115.00000	102.93000	 62.26653	102.93000
115.20000	103.10000	 62.39842	103.10000
115.40000	103.31000	 62.55904	103.31000
115.60000	103.57000	 62.75589	103.57000
115.80000	103.96000	 63.04884	103.96000
116.00000	104.55000	 63.49006	104.55000
116.20000	105.25000	 64.01177	105.25000
116.40000	106.04000	 64.59857	106.04000
116.60000	106.92000	 65.25004	106.92000
116.80000	107.87000	 65.95083	107.87000
117.00000	108.84000	 66.66319	108.84000
117.20000	109.80000	 67.36442	109.80000
117.40000	110.81000	 68.09935	110.81000
117.60000	111.72000	 68.75559	111.72000
117.80000	112.43000	 69.25840	112.43000
118.00000	112.80000	 69.50341	112.80000
118.20000	112.56000	 69.28936	112.56000
118.40000	112.07000	 68.88720	112.07000
118.60000	111.41000	 68.35822	111.41000
118.80000	110.74000	 67.82337	110.74000
119.00000	110.16000	 67.35832	110.16000
119.20000	109.56000	 66.88114	109.56000
119.40000	108.96000	 66.40706	108.96000
119.60000	108.38000	 65.95122	108.38000
119.80000	107.85000	 65.53611	107.85000
120.00000	107.39000	 65.17661	107.39000
120.20000	106.94000	 64.82763	106.94000
120.40000	106.51000	 64.49648	106.51000
120.60000	106.07000	 64.16052	106.07000
120.80000	105.60000	 63.80465	105.60000
121.00000	105.09000	 63.42133	105.09000
121.20000	104.58000	 63.04046	104.58000
121.40000	104.08000	 62.66951	104.08000
121.60000	103.58000	 62.30093	103.58000
121.80000	103.10000	 61.94962	103.10000
122.00000	102.65000	 61.62296	102.65000
122.20000	102.22000	 61.31335	102.22000
122.40000	101.83000	 61.03561	101.83000
122.60000	101.49000	 60.79705	101.49000
122.80000	101.26000	 60.64236	101.26000
123.00000	101.10000	 60.54129	101.10000
123.20000	100.97000	 60.46355	100.97000
123.40000	100.86000	 60.40138	100.86000
123.60000	100.75000	 60.33958	100.75000
123.80000	100.58000	 60.23308	100.58000
124.00000	100.39000	 60.11180	100.39000
124.20000	100.18000	 59.97576	100.18000
124.40000	 99.97000	 59.83996	 99.97000
124.60000	 99.75000	 59.69694	 99.75000
124.80000	 99.34000	 59.41200	 99.34000
125.00000	 98.98000	 59.16508	 98.98000
125.20000	 98.74000	 59.00869	 98.74000
125.40000	 98.68000	 58.98765	 98.68000
125.60000	 99.02000	 59.26627	 99.02000
125.80000	 99.80000	 59.87366	 99.80000
126.00000	100.72000	 60.58405	100.72000
126.20000	101.73000	 61.35899	101.73000
126.40000	102.74000	 62.13032	102.74000
126.60000	103.59000	 62.77777	103.59000
126.80000	104.41000	 63.39858	104.41000
127.00000	105.18000	 63.97781	105.18000
127.20000	105.87000	 64.49317	105.87000
127.40000	106.46000	 64.92993	106.46000
127.60000	106.97000	 65.30343	106.97000
127.80000	107.41000	 65.62157	107.41000
128.00000	107.79000	 65.89221	107.79000
128.20000	108.10000	 66.10829	108.10000
128.40000	108.35000	 66.27766	108.35000
128.60000	108.55000	 66.40821	108.55000
128.80000	108.71000	 66.50774	108.71000
129.00000	108.85000	 66.59154	108.85000
129.20000	108.95000	 66.64488	108.95000
129.40000	109.01000	 66.66799	109.01000
129.60000	109.03000	 66.66110	109.03000
129.80000	109.05000	 66.65435	109.05000
130.00000	109.02000	 66.61046	109.02000
130.20000	108.92000	 66.51463	108.92000
130.40000	108.71000	 66.33713	108.71000
130.60000	108.26000	 65.98096	108.26000
130.80000	107.60000	 65.46914	107.60000
131.00000	106.89000	 64.92210	106.89000
131.20000	106.18000	 64.37778	106.18000
131.40000	105.59000	 63.92631	105.59000
131.60000	105.17000	 63.60514	105.17000
131.80000	104.86000	 63.36908	104.86000
132.00000	104.64000	 63.20276	104.64000
132.20000	104.53000	 63.12075	104.53000
132.40000	104.55000	 63.13755	104.55000
132.60000	104.67000	 63.23016	104.67000
132.80000	104.90000	 63.40557	104.90000
133.00000	105.26000	 63.67821	105.26000
133.20000	105.75000	 64.04753	105.75000
133.40000	106.33000	 64.48304	106.33000
133.60000	106.98000	 64.96927	106.98000
133.80000	107.67000	 65.48331	107.67000
134.00000	108.38000	 66.00988	108.38000
134.20000	109.12000	 66.55623	109.12000
134.40000	109.87000	 67.10721	109.87000
134.60000	110.69000	 67.70762	110.69000
134.80000	111.50000	 68.29744	111.50000
135.00000	112.22000	 68.81674	112.22000
135.20000	112.78000	 69.21324	112.78000
135.40000	112.96000	 69.32265	112.96000
135.60000	112.99000	 69.31795	112.99000
135.80000	112.88000	 69.20744	112.88000
136.00000	112.68000	 69.02932	112.68000
136.20000	112.47000	 68.84413	112.47000
136.40000	112.20000	 68.61491	112.20000
136.60000	111.89000	 68.35702	111.89000
136.80000	111.54000	 68.07078	111.54000
137.00000	111.20000	 67.79387	111.20000
137.20000	110.85000	 67.51146	110.85000
137.40000	110.49000	 67.22365	110.49000
137.60000	110.12000	 66.93049	110.12000
137.80000	109.74000	 66.63201	109.74000
138.00000	109.37000	 66.34321	109.37000
138.20000	108.98000	 66.04159	108.98000
138.40000	108.60000	 65.74961	108.60000
138.60000	108.22000	 65.45973	108.22000
138.80000	107.86000	 65.18687	107.86000
139.00000	107.51000	 64.92347	107.51000
139.20000	107.16000	 64.66195	107.16000
139.40000	106.80000	 64.39474	106.80000
139.60000	106.40000	 64.09933	106.40000
139.80000	105.88000	 63.71584	105.88000
140.00000	105.28000	 63.27438	105.28000
140.20000	104.70000	 62.85000	104.70000
140.40000	104.17000	 62.46526	104.17000
140.60000	103.73000	 62.15006	103.73000
140.80000	103.50000	 61.99404	103.50000
141.00000	103.38000	 61.92189	103.38000
141.20000	103.39000	 61.94811	103.39000
141.40000	103.51000	 62.05716	103.51000
141.60000	103.79000	 62.28596	103.79000
141.80000	104.25000	 62.64885	104.25000
142.00000	104.78000	 63.06284	104.78000
142.20000	105.36000	 63.51240	105.36000
142.40000	105.95000	 63.96716	105.95000
142.60000	106.45000	 64.35199	106.45000
142.80000	106.92000	 64.71177	106.92000
143.00000	107.37000	 65.05403	107.37000
143.20000	107.79000	 65.37137	107.79000
143.40000	108.19000	 65.67141	108.19000
143.60000	108.56000	 65.94681	108.56000
143.80000	108.90000	 66.19771	108.90000
144.00000	109.23000	 66.43928	109.23000
144.20000	109.57000	 66.68664	109.57000
144.40000	109.93000	 66.94737	109.93000
144.60000	110.23000	 67.16166	110.23000
144.80000	110.46000	 67.32217	110.46000
145.00000	110.55000	 67.37671	110.55000
145.20000	110.43000	 67.27326	110.43000
145.40000	110.22000	 67.10222	110.22000
145.60000	109.93000	 66.87159	109.93000
145.80000	109.59000	 66.60431	109.59000
146.00000	109.27000	 66.35317	109.27000
146.20000	108.91000	 66.07346	108.91000
146.40000	108.53000	 65.78038	108.53000
146.60000	108.11000	 65.45908	108.11000
146.80000	107.63000	 65.09475	107.63000
147.00000	107.10000	 64.69504	107.10000
147.20000	106.59000	 64.31251	106.59000
147.40000	106.09000	 63.93974	106.09000
147.60000	105.64000	 63.60669	105.64000
147.80000	105.25000	 63.32072	105.25000
148.00000	104.94000	 63.09665	104.94000
148.20000	104.75000	 62.96416	104.75000
148.40000	104.68000	 62.92286	104.68000
148.60000	104.77000	 63.00225	104.77000
148.80000	105.03000	 63.20926	105.03000
149.00000	105.48000	 63.55823	105.48000
149.20000	106.19000	 64.10083	106.19000
149.40000	107.30000	 64.94101	107.30000
149.60000	108.54000	 65.87548	108.54000
149.80000	109.83000	 66.84342	109.83000
150.00000	111.01000	 67.72437	111.01000
150.20000	111.99000	 68.45072	111.99000
150.40000	112.88000	 69.10498	112.88000
150.60000	113.69000	 69.69492	113.69000
150.80000	114.48000	 70.26584	114.48000
151.00000	115.20000	 70.78062	115.20000
151.20000	115.78000	 71.18723	115.78000
151.40000	116.19000	 71.46371	116.19000
151.60000	116.19000	 71.43102	116.19000
151.80000	115.99000	 71.24742	115.99000
152.00000	115.65000	 70.95884	115.65000
152.20000	115.23000	 70.61110	115.23000
152.40000	114.94000	 70.36212	114.94000
152.60000	114.69000	 70.14481	114.69000
152.80000	114.42000	 69.91440	114.42000
153.00000	114.12000	 69.66348	114.12000
153.20000	113.78000	 69.38466	113.78000
153.40000	113.35000	 69.04062	113.35000
153.60000	112.85000	 68.64650	112.85000
153.80000	112.31000	 68.22497	112.31000
154.00000	111.71000	 67.76123	111.71000
154.20000	111.06000	 67.26294	111.06000
154.40000	110.32000	 66.70034	110.32000
154.60000	109.52000	 66.09610	109.52000
154.80000	108.71000	 65.48785	108.71000
155.00000	107.88000	 64.86822	107.88000
155.20000	107.05000	 64.25226	107.05000
155.40000	106.30000	 63.69987	106.30000
155.60000	105.56000	 63.15850	105.56000
155.80000	104.84000	 62.63549	104.84000
156.00000	104.15000	 62.13816	104.15000
156.20000	103.46000	 61.64387	103.46000
156.40000	102.75000	 61.13748	102.75000
156.60000	102.06000	 60.64882	102.06000
156.80000	101.42000	 60.20023	101.42000
157.00000	100.84000	 59.79899	100.84000
157.20000	100.35000	 59.46732	100.35000
157.40000	100.03000	 59.26477	100.03000
157.60000	 99.80000	 59.13098	 99.80000
157.80000	 99.62000	 59.03551	 99.62000
158.00000	 99.50000	 58.98545	 99.50000
158.20000	 99.39000	 58.94298	 99.39000
158.40000	 99.27000	 58.89288	 99.27000
158.60000	 99.19000	 58.87240	 99.19000
158.80000	 99.14000	 58.87387	 99.14000
159.00000	 99.14000	 58.91212	 99.14000
159.20000	 99.20000	 58.99446	 99.20000
159.40000	 99.32000	 59.12068	 99.32000
159.60000	 99.47000	 59.26811	 99.47000
159.80000	 99.66000	 59.44407	 99.66000
160.00000	 99.90000	 59.65586	 99.90000
160.20000	100.18000	 59.89583	100.18000
160.40000	100.46000	 60.13389	100.46000
160.60000	100.73000	 60.36244	100.73000
160.80000	100.97000	 60.56651	100.97000
161.00000	101.17000	 60.73865	101.17000
161.20000	101.34000	 60.88646	101.34000
161.40000	101.48000	 61.01008	101.48000
161.60000	101.59000	 61.10967	101.59000
161.80000	101.69000	 61.20036	101.69000
162.00000	101.74000	 61.25236	101.74000
162.20000	101.74000	 61.26585	101.74000
162.40000	101.68000	 61.23357	101.68000
162.60000	101.44000	 61.06592	101.44000
162.80000	101.15000	 60.86067	101.15000
163.00000	100.86000	 60.65560	100.86000
163.20000	100.59000	 60.46594	100.59000
163.40000	100.41000	 60.34423	100.41000
163.60000	100.34000	 60.30539	100.34000
163.80000	100.35000	 60.32676	100.35000
164.00000	100.47000	 60.43053	100.47000
164.20000	100.74000	 60.64631	100.74000
164.40000	101.16000	 60.97364	101.16000
164.60000	101.68000	 61.37456	101.68000
164.80000	102.28000	 61.83362	102.28000
165.00000	102.95000	 62.34289	102.95000
165.20000	103.67000	 62.88701	103.67000
165.40000	104.39000	 63.42826	104.39000
165.60000	105.08000	 63.94400	105.08000
165.80000	105.70000	 64.40424	105.70000
166.00000	106.23000	 64.79412	106.23000
166.20000	106.67000	 65.11386	106.67000
166.40000	106.99000	 65.34135	106.99000
166.60000	107.13000	 65.43208	107.13000
166.80000	107.13000	 65.41658	107.13000
167.00000	106.99000	 65.29547	106.99000
167.20000	106.71000	 65.06938	106.71000
167.40000	106.23000	 64.69405	106.23000
167.60000	105.62000	 64.22260	105.62000
167.80000	104.92000	 63.68566	104.92000
168.00000	104.16000	 63.10626	104.16000
168.20000	103.40000	 62.52977	103.40000
168.40000	102.65000	 61.96395	102.65000
168.60000	101.91000	 61.40896	101.91000
168.80000	101.15000	 60.84239	101.15000
169.00000	100.41000	 60.29420	100.41000
169.20000	 99.67000	 59.74940	 99.67000
169.40000	 98.96000	 59.23035	 98.96000
169.60000	 98.27000	 58.72947	 98.27000
169.80000	 97.60000	 58.24661	 97.60000
170.00000	 96.98000	 57.80406	 96.98000
170.20000	 96.38000	 57.37916	 96.38000
170.40000	 95.83000	 56.99416	 95.83000
170.60000	 95.32000	 56.64134	 95.32000
170.80000	 94.88000	 56.34291	 94.88000
171.00000	 94.50000	 56.09111	 94.50000
171.20000	 94.20000	 55.90058	 94.20000
171.40000	 93.98000	 55.77100	 93.98000
171.60000	 93.84000	 55.70200	 93.84000
171.80000	 93.81000	 55.71566	 93.81000
172.00000	 93.89000	 55.81156	 93.89000
172.20000	 94.08000	 55.98926	 94.08000
172.40000	 94.48000	 56.32313	 94.48000
172.60000	 95.00000	 56.74519	 95.00000
172.80000	 95.60000	 57.22491	 95.60000
173.00000	 96.28000	 57.76180	 96.28000
173.20000	 97.01000	 58.33298	 97.01000
173.40000	 97.78000	 58.93062	 97.78000
173.60000	 98.56000	 59.53201	 98.56000
173.80000	 99.35000	 60.13702	 99.35000
174.00000	100.09000	 60.70064	100.09000
174.20000	100.70000	 61.16306	100.70000
174.40000	101.35000	 61.65179	101.35000
174.60000	102.08000	 62.19695	102.08000
174.80000	103.04000	 62.91084	103.04000
175.00000	104.31000	 63.85303	104.31000
175.20000	105.64000	 64.83578	105.64000
175.40000	106.97000	 65.81370	106.97000
175.60000	108.13000	 66.65930	108.13000
175.80000	109.14000	 67.38764	109.14000
176.00000	110.03000	 68.02155	110.03000
176.20000	110.81000	 68.56897	110.81000
176.40000	111.44000	 69.00050	111.44000
176.60000	111.94000	 69.33171	111.94000
176.80000	112.33000	 69.57822	112.33000
177.00000	112.59000	 69.72570	112.59000
177.20000	112.73000	 69.78225	112.73000
177.40000	112.76000	 69.75600	112.76000
177.60000	112.66000	 69.63256	112.66000
177.80000	112.45000	 69.42750	112.45000
178.00000	112.06000	 69.08900	112.06000
178.20000	111.55000	 68.66260	111.55000
178.40000	110.96000	 68.17883	110.96000
178.60000	110.29000	 67.63820	110.29000
178.80000	109.57000	 67.06360	109.57000
179.00000	108.83000	 66.47780	108.83000
179.20000	108.06000	 65.87354	108.06000
179.40000	107.28000	 65.26594	107.28000
179.60000	106.50000	 64.66257	106.50000
179.80000	105.74000	 64.07841	105.74000
180.00000	105.02000	 63.52836	105.02000
180.20000	104.33000	 63.00479	104.33000
180.40000	103.67000	 62.50752	103.67000
180.60000	103.06000	 62.05130	103.06000
180.80000	102.50000	 61.63589	102.50000
181.00000	102.01000	 61.27597	102.01000
181.20000	101.57000	 60.95625	101.57000
181.40000	101.21000	 60.69886	101.21000
181.60000	100.93000	 60.50343	100.93000
181.80000	100.79000	 60.41448	100.79000
182.00000	100.85000	 60.47644	100.85000
182.20000	100.95000	 60.56889	100.95000
182.40000	101.06000	 60.66888	101.06000
182.60000	101.15000	 60.75359	101.15000
182.80000	101.13000	 60.75546	101.13000
183.00000	100.86000	 60.56971	100.86000
183.20000	100.55000	 60.35394	100.55000
183.40000	100.23000	 60.13091	100.23000
183.60000	 99.92000	 59.91585	 99.92000
183.80000	 99.69000	 59.76129	 99.69000
184.00000	 99.55000	 59.67468	 99.55000
184.20000	 99.48000	 59.64089	 99.48000
184.40000	 99.47000	 59.65222	 99.47000
184.60000	 99.53000	 59.71592	 99.53000
184.80000	 99.71000	 59.86913	 99.71000
185.00000	 99.97000	 60.08157	 99.97000
185.20000	100.29000	 60.33790	100.29000
185.40000	100.64000	 60.61535	100.64000
185.60000	101.01000	 60.90619	101.01000
185.80000	101.38000	 61.19525	101.38000
186.00000	101.76000	 61.48991	101.76000
186.20000	102.14000	 61.78263	102.14000
186.40000	102.51000	 62.06588	102.51000
186.60000	102.87000	 62.33969	102.87000
186.80000	103.24000	 62.61906	103.24000
187.00000	103.62000	 62.90404	103.62000
187.20000	104.09000	 63.25453	104.09000
187.40000	104.61000	 63.64049	104.61000
187.60000	105.08000	 63.98695	105.08000
187.80000	105.46000	 64.26399	105.46000
188.00000	105.62000	 64.37447	105.62000
188.20000	105.58000	 64.33381	105.58000
188.40000	105.41000	 64.19504	105.41000
188.60000	105.12000	 63.96627	105.12000
188.80000	104.68000	 63.62566	104.68000
189.00000	104.11000	 63.18880	104.11000
189.20000	103.48000	 62.70872	103.48000
189.40000	102.82000	 62.20834	102.82000
189.60000	102.14000	 61.69553	102.14000
189.80000	101.56000	 61.26034	101.56000
190.00000	101.03000	 60.86533	101.03000
190.20000	100.55000	 60.51042	100.55000
190.40000	100.12000	 60.19540	100.12000
190.60000	 99.74000	 59.92008	 99.74000
190.80000	 99.48000	 59.73659	 99.48000
191.00000	 99.30000	 59.61463	 99.30000
191.20000	 99.18000	 59.53884	 99.18000
191.40000	 99.11000	 59.50137	 99.11000
191.60000	 99.09000	 59.50190	 99.09000
191.80000	 99.09000	 59.51765	 99.09000
192.00000	 99.13000	 59.56337	 99.13000
192.20000	 99.22000	 59.64630	 99.22000
192.40000	 99.38000	 59.78120	 99.38000
192.60000	 99.62000	 59.97530	 99.62000
192.80000	 99.96000	 60.24327	 99.96000
193.00000	100.38000	 60.56983	100.38000
193.20000	100.85000	 60.93217	100.85000
193.40000	101.38000	 61.33750	101.38000
193.60000	102.03000	 61.83046	102.03000
193.80000	102.71000	 62.34336	102.71000
194.00000	103.35000	 62.82354	103.35000
194.20000	103.92000	 63.24847	103.92000
194.40000	104.17000	 63.43110	104.17000
194.60000	104.26000	 63.49176	104.26000
194.80000	104.34000	 63.54336	104.34000
195.00000	104.45000	 63.61630	104.45000
195.20000	104.77000	 63.84560	104.77000
195.40000	105.23000	 64.17875	105.23000
195.60000	105.78000	 64.57805	105.78000
195.80000	106.42000	 65.04319	106.42000
196.00000	107.25000	 65.64869	107.25000
196.20000	108.11000	 66.27429	108.11000
196.40000	108.95000	 66.88223	108.95000
196.60000	109.66000	 67.38997	109.66000
196.80000	110.17000	 67.74522	110.17000
197.00000	110.57000	 68.01574	110.57000
197.20000	110.87000	 68.20948	110.87000
197.40000	111.10000	 68.34936	111.10000
197.60000	111.24000	 68.42086	111.24000
197.80000	111.26000	 68.40198	111.26000
198.00000	111.15000	 68.28572	111.15000
198.20000	110.80000	 67.99027	110.80000
198.40000	110.29000	 67.57623	110.29000
198.60000	109.66000	 67.07425	109.66000
198.80000	108.94000	 66.50743	108.94000
199.00000	108.18000	 65.91375	108.18000
199.20000	107.41000	 65.31605	107.41000
199.40000	106.59000	 64.68467	106.59000
199.60000	105.74000	 64.03476	105.74000
199.80000	104.87000	 63.37398	104.87000
200.00000	103.98000	 62.70241	103.98000
200.20000	103.08000	 62.02758	103.08000
200.40000	102.19000	 61.36446	102.19000
200.60000	101.31000	 60.71302	101.31000
200.80000	100.46000	 60.08811	100.46000
201.00000	 99.66000	 59.50457	 99.66000
201.20000	 98.92000	 58.96967	 98.92000
201.40000	 98.23000	 58.47564	 98.23000
201.60000	 97.60000	 58.02967	 97.60000
201.80000	 97.06000	 57.65390	 97.06000
202.00000	 96.59000	 57.33297	 96.59000
202.20000	 96.24000	 57.10393	 96.24000
202.40000	 95.98000	 56.94384	 95.98000
202.60000	 95.81000	 56.85225	 95.81000
202.80000	 95.74000	 56.83618	 95.74000
203.00000	 95.77000	 56.89514	 95.77000
203.20000	 95.96000	 57.07359	 95.96000
203.40000	 96.24000	 57.31857	 96.24000
203.60000	 96.60000	 57.62208	 96.60000
203.80000	 97.02000	 57.96872	 97.02000
204.00000	 97.49000	 58.35060	 97.49000
204.20000	 98.07000	 58.81235	 98.07000
204.40000	 98.65000	 59.27126	 98.65000
204.60000	 99.20000	 59.70467	 99.20000
204.80000	 99.69000	 60.09007	 99.69000
205.00000	 99.96000	 60.30776	 99.96000
205.20000	100.09000	 60.41805	100.09000
205.40000	100.17000	 60.48880	100.17000
205.60000	100.25000	 60.55789	100.25000
205.80000	100.40000	 60.67803	100.40000
206.00000	100.63000	 60.85683	100.63000
206.20000	100.93000	 61.08679	100.93000
206.40000	101.32000	 61.38277	101.32000
206.60000	101.90000	 61.81943	101.90000
206.80000	102.62000	 62.35893	102.62000
207.00000	103.35000	 62.90352	103.35000
207.20000	104.06000	 63.43042	104.06000
207.40000	104.58000	 63.81226	104.58000
207.60000	104.98000	 64.10162	104.98000
207.80000	105.31000	 64.33629	105.31000
208.00000	105.58000	 64.52412	105.58000
208.20000	105.83000	 64.69540	105.83000
208.40000	106.03000	 64.82797	106.03000
208.60000	106.19000	 64.92960	106.19000
208.80000	106.29000	 64.98557	106.29000
209.00000	106.34000	 65.00365	106.34000
209.20000	106.35000	 64.99160	106.35000
209.40000	106.30000	 64.93468	106.30000
209.60000	106.20000	 64.84065	106.20000
209.80000	106.07000	 64.72470	106.07000
210.00000	105.88000	 64.56459	105.88000
210.20000	105.61000	 64.34558	105.61000
210.40000	105.26000	 64.06793	105.26000
210.60000	104.75000	 63.67204	104.75000
210.80000	104.13000	 63.19576	104.13000
211.00000	103.44000	 62.66945	103.44000
211.20000	102.69000	 62.10097	102.69000
211.40000	101.91000	 61.51310	101.91000
211.60000	101.08000	 60.89109	101.08000
211.80000	100.25000	 60.27257	100.25000
212.00000	 99.45000	 59.68009	 99.45000
212.20000	 98.68000	 59.11364	 98.68000
212.40000	 97.98000	 58.60306	 97.98000
212.60000	 97.45000	 58.22301	 97.45000
212.80000	 97.03000	 57.92815	 97.03000
213.00000	 96.70000	 57.70304	 96.70000
213.20000	 96.46000	 57.54718	 96.46000
213.40000	 96.31000	 57.46009	 96.31000
213.60000	 96.22000	 57.41885	 96.22000
213.80000	 96.19000	 57.42302	 96.19000
214.00000	 96.25000	 57.49467	 96.25000
214.20000	 96.43000	 57.65587	 96.43000
214.40000	 96.73000	 57.90617	 96.73000
214.60000	 97.22000	 58.29749	 97.22000
214.80000	 97.94000	 58.85917	 97.94000
215.00000	 98.74000	 59.47820	 98.74000
215.20000	 99.57000	 60.11657	 99.57000
215.40000	100.41000	 60.75889	100.41000
215.60000	101.16000	 61.33006	101.16000
215.80000	101.84000	 61.84502	101.84000
216.00000	102.45000	 62.30393	102.45000
216.20000	102.96000	 62.68456	102.96000
216.40000	103.29000	 62.92738	103.29000
216.60000	103.38000	 62.98802	103.38000
216.80000	103.42000	 63.00943	103.42000
217.00000	103.48000	 63.04460	103.48000
217.20000	103.64000	 63.15383	103.64000
217.40000	104.09000	 63.47943	104.09000
217.60000	104.64000	 63.87885	104.64000
217.80000	105.25000	 64.32178	105.25000
218.00000	105.91000	 64.80041	105.91000
218.20000	106.62000	 65.31446	106.62000
218.40000	107.32000	 65.81877	107.32000
218.60000	108.00000	 66.30572	108.00000
218.80000	108.58000	 66.71540	108.58000
219.00000	109.04000	 67.03299	109.04000
219.20000	109.42000	 67.28874	109.42000
219.40000	109.74000	 67.49797	109.74000
219.60000	109.99000	 67.65352	109.99000
219.80000	110.18000	 67.76323	110.18000
220.00000	110.33000	 67.84242	110.33000
220.20000	110.44000	 67.89137	110.44000
220.40000	110.57000	 67.95527	110.57000
220.60000	110.67000	 67.99682	110.67000
220.80000	110.72000	 68.00122	110.72000
221.00000	110.70000	 67.95365	110.70000
221.20000	110.56000	 67.81692	110.56000
221.40000	110.31000	 67.59882	110.31000
221.60000	109.95000	 67.29974	109.95000
221.80000	109.50000	 66.93504	109.50000
222.00000	108.88000	 66.44524	108.88000
222.20000	108.13000	 65.86078	108.13000
222.40000	107.32000	 65.23456	107.32000
222.60000	106.47000	 64.58196	106.47000
222.80000	105.62000	 63.93320	105.62000
223.00000	104.89000	 63.37829	104.89000
223.20000	104.18000	 62.84225	104.18000
223.40000	103.48000	 62.31747	103.48000
223.60000	102.79000	 61.80379	102.79000
223.80000	102.08000	 61.27861	102.08000
224.00000	101.30000	 60.70438	101.30000
224.20000	100.55000	 60.15597	100.55000
224.40000	 99.86000	 59.65574	 99.86000
224.60000	 99.25000	 59.21849	 99.25000
224.80000	 98.79000	 58.89634	 98.79000
225.00000	 98.55000	 58.74124	 98.55000
225.20000	 98.42000	 58.67022	 98.42000
225.40000	 98.39000	 58.67516	 98.39000
225.60000	 98.46000	 58.75548	 98.46000
225.80000	 98.60000	 58.88816	 98.60000
226.00000	 98.82000	 59.08022	 98.82000
226.20000	 99.09000	 59.30876	 99.09000
226.40000	 99.43000	 59.58838	 99.43000
226.60000	 99.82000	 59.90378	 99.82000
226.80000	100.27000	 60.26213	100.27000
227.00000	100.77000	 60.65571	100.77000
227.20000	101.28000	 61.05432	101.28000
227.40000	101.78000	 61.44286	101.78000
227.60000	102.23000	 61.79131	102.23000
227.80000	102.56000	 62.04735	102.56000
228.00000	102.86000	 62.27858	102.86000
228.20000	103.14000	 62.49274	103.14000
228.40000	103.42000	 62.70498	103.42000
228.60000	103.71000	 62.92298	103.71000
228.80000	104.04000	 63.16929	104.04000
229.00000	104.42000	 63.45143	104.42000
229.20000	104.93000	 63.82924	104.93000
229.40000	105.62000	 64.33995	105.62000
229.60000	106.34000	 64.87090	106.34000
229.80000	107.04000	 65.38436	107.04000
230.00000	107.63000	 65.81285	107.63000
230.20000	108.10000	 66.14896	108.10000
230.40000	108.49000	 66.42291	108.49000
230.60000	108.80000	 66.63502	108.80000
230.80000	109.07000	 66.81560	109.07000
231.00000	109.25000	 66.92754	109.25000
231.20000	109.30000	 66.94126	109.30000
231.40000	109.21000	 66.84975	109.21000
231.60000	108.89000	 66.58614	108.89000
231.80000	108.44000	 66.22600	108.44000
232.00000	107.87000	 65.77747	107.87000
232.20000	107.19000	 65.24865	107.19000
232.40000	106.42000	 64.65506	106.42000
232.60000	105.59000	 64.01967	105.59000
232.80000	104.72000	 63.35782	104.72000
233.00000	103.83000	 62.68479	103.83000
233.20000	102.99000	 62.05315	102.99000
233.40000	102.21000	 61.47041	102.21000
233.60000	101.45000	 60.90651	101.45000
233.80000	100.71000	 60.36130	100.71000
234.00000	100.01000	 59.84958	100.01000
234.20000	 99.33000	 59.35617	 99.33000
234.40000	 98.68000	 58.88834	 98.68000
234.60000	 98.07000	 58.45338	 98.07000
234.80000	 97.51000	 58.05851	 97.51000
235.00000	 97.01000	 57.71098	 97.01000
235.20000	 96.58000	 57.41796	 96.58000
235.40000	 96.24000	 57.19411	 96.24000
235.60000	 95.95000	 57.00911	 95.95000
235.80000	 95.72000	 56.87011	 95.72000
236.00000	 95.53000	 56.76179	 95.53000
236.20000	 95.40000	 56.69884	 95.40000
236.40000	 95.31000	 56.66599	 95.31000
236.60000	 95.25000	 56.65550	 95.25000
236.80000	 95.22000	 56.66713	 95.22000
237.00000	 95.20000	 56.68573	 95.20000
237.20000	 95.15000	 56.68123	 95.15000
237.40000	 95.10000	 56.67602	 95.10000
237.60000	 95.06000	 56.67757	 95.06000
237.80000	 95.03000	 56.68586	 95.03000
238.00000	 94.99000	 56.68590	 94.99000
238.20000	 94.93000	 56.67020	 94.93000
238.40000	 94.90000	 56.67624	 94.90000
238.60000	 94.94000	 56.73394	 94.94000
238.80000	 95.05000	 56.84319	 95.05000
239.00000	 95.21000	 56.98888	 95.21000
239.20000	 95.51000	 57.23817	 95.51000
239.40000	 95.96000	 57.59823	 95.96000
239.60000	 96.62000	 58.11356	 96.62000
239.80000	 97.73000	 58.96319	 97.73000
240.00000	 99.02000	 59.94400	 99.02000
240.20000	100.41000	 60.99515	100.41000
240.40000	101.82000	 62.05602	101.82000
240.60000	103.17000	 63.06625	103.17000
240.80000	104.45000	 64.01817	104.45000
241.00000	105.62000	 64.88187	105.62000
241.20000	106.65000	 65.63515	106.65000
241.40000	107.49000	 66.24103	107.49000
241.60000	108.12000	 66.68516	108.12000
241.80000	108.51000	 66.94589	108.51000
242.00000	108.48000	 66.88941	108.48000
242.20000	108.17000	 66.62182	108.17000
242.40000	107.67000	 66.21178	107.67000
242.60000	107.02000	 65.69042	107.02000
242.80000	106.40000	 65.19347	106.40000
243.00000	105.74000	 64.66919	105.74000
243.20000	105.02000	 64.10305	105.02000
243.40000	104.27000	 63.51788	104.27000
243.60000	103.51000	 62.92892	103.51000
243.80000	102.78000	 62.36627	102.78000
244.00000	102.05000	 61.80748	102.05000
244.20000	101.33000	 61.26004	101.33000
244.40000	100.61000	 60.71637	100.61000
244.60000	 99.89000	 60.17640	 99.89000
244.80000	 99.18000	 59.64752	 99.18000
245.00000	 98.48000	 59.12960	 98.48000
245.20000	 97.80000	 58.63002	 97.80000
245.40000	 97.15000	 58.15610	 97.15000
245.60000	 96.56000	 57.73012	 96.56000
245.80000	 96.03000	 57.35183	 96.03000
246.00000	 95.61000	 57.05838	 95.61000
246.20000	 95.23000	 56.79699	 95.23000
246.40000	 94.89000	 56.56733	 94.89000
246.60000	 94.57000	 56.35411	 94.57000
246.80000	 94.25000	 56.14210	 94.25000
247.00000	 93.92000	 55.92364	 93.92000
247.20000	 93.60000	 55.71357	 93.60000
247.40000	 93.33000	 55.54174	 93.33000
247.60000	 93.09000	 55.39300	 93.09000
247.80000	 92.96000	 55.32709	 92.96000
248.00000	 92.89000	 55.30631	 92.89000
248.20000	 92.83000	 55.29294	 92.83000
248.40000	 92.77000	 55.27931	 92.77000
248.60000	 92.62000	 55.19790	 92.62000
248.80000	 92.37000	 55.04128	 92.37000
249.00000	 92.17000	 54.92191	 92.17000
249.20000	 92.06000	 54.86979	 92.06000
249.40000	 92.17000	 54.98211	 92.17000
249.60000	 92.52000	 55.27345	 92.52000
249.80000	 92.97000	 55.63840	 92.97000
250.00000	 93.49000	 56.05396	 93.49000
250.20000	 94.05000	 56.49719	 94.05000
250.40000	 94.61000	 56.93780	 94.61000
250.60000	 95.15000	 57.36061	 95.15000
250.80000	 95.62000	 57.72811	 95.62000
251.00000	 95.93000	 57.97300	 95.93000
251.20000	 96.16000	 58.15548	 96.16000
251.40000	 96.30000	 58.26843	 96.30000
251.60000	 96.37000	 58.32722	 96.37000
251.80000	 96.37000	 58.33225	 96.37000
252.00000	 96.30000	 58.28390	 96.30000
252.20000	 96.19000	 58.20501	 96.19000
252.40000	 96.05000	 58.10339	 96.05000
252.60000	 95.90000	 57.99427	 95.90000
252.80000	 95.71000	 57.85539	 95.71000
253.00000	 95.48000	 57.68695	 95.48000
253.20000	 95.19000	 57.47417	 95.19000
253.40000	 94.81000	 57.19479	 94.81000
253.60000	 94.39000	 56.88652	 94.39000
253.80000	 93.98000	 56.58701	 93.98000
254.00000	 93.58000	 56.29640	 93.58000
254.20000	 93.26000	 56.06714	 93.26000
254.40000	 93.01000	 55.89164	 93.01000
254.60000	 92.82000	 55.76225	 92.82000
254.80000	 92.67000	 55.66377	 92.67000
255.00000	 92.58000	 55.61094	 92.58000
255.20000	 92.53000	 55.58855	 92.53000
255.40000	 92.55000	 55.61881	 92.55000
255.60000	 92.61000	 55.67900	 92.61000
255.80000	 92.73000	 55.78386	 92.73000
256.00000	 92.90000	 55.92565	 92.90000
256.20000	 93.16000	 56.13406	 93.16000
256.40000	 93.46000	 56.37139	 93.46000
256.60000	 93.79000	 56.62989	 93.79000
256.80000	 94.13000	 56.89440	 94.13000
257.00000	 94.46000	 57.14981	 94.46000
257.20000	 94.80000	 57.41103	 94.80000
257.40000	 95.14000	 57.67054	 95.14000
257.60000	 95.48000	 57.92832	 95.48000
257.80000	 95.82000	 58.18438	 95.82000
258.00000	 96.16000	 58.43875	 96.16000
258.20000	 96.47000	 58.66901	 96.47000
258.40000	 96.76000	 58.88273	 96.76000
258.60000	 97.00000	 59.05755	 97.00000
258.80000	 97.20000	 59.20112	 97.20000
259.00000	 97.34000	 59.29865	 97.34000
259.20000	 97.43000	 59.35785	 97.43000
259.40000	 97.36000	 59.29663	 97.36000
259.60000	 97.24000	 59.19771	 97.24000
259.80000	 97.15000	 59.12135	 97.15000
260.00000	 97.13000	 59.09767	 97.13000
260.20000	 97.36000	 59.26142	 97.36000
260.40000	 97.71000	 59.51494	 97.71000
260.60000	 98.15000	 59.83536	 98.15000
260.80000	 98.65000	 60.19980	 98.65000
261.00000	 99.21000	 60.60789	 99.21000
261.20000	 99.79000	 61.02936	 99.79000
261.40000	100.36000	 61.44154	100.36000
261.60000	100.85000	 61.79189	100.85000
261.80000	101.24000	 62.06550	101.24000
262.00000	101.63000	 62.33743	101.63000
262.20000	102.04000	 62.62279	102.04000
262.40000	102.64000	 63.04892	102.64000
262.60000	103.30000	 63.51832	103.30000
262.80000	103.92000	 63.95592	103.92000
263.00000	104.44000	 64.31674	104.44000
263.20000	104.68000	 64.46617	104.68000
263.40000	104.79000	 64.51701	104.79000
263.60000	104.77000	 64.46983	104.77000
263.80000	104.62000	 64.32520	104.62000
264.00000	104.33000	 64.07623	104.33000
264.20000	103.96000	 63.76845	103.96000
264.40000	103.53000	 63.41734	103.53000
264.60000	103.06000	 63.03830	103.06000
264.80000	102.63000	 62.69155	102.63000
265.00000	102.21000	 62.35477	102.21000
265.20000	101.81000	 62.03551	101.81000
265.40000	101.42000	 61.72626	101.42000
265.60000	101.09000	 61.46439	101.09000
265.80000	100.85000	 61.27221	100.85000
266.00000	100.64000	 61.10456	100.64000
266.20000	100.45000	 60.95370	100.45000
266.40000	100.28000	 60.81942	100.28000
266.60000	100.07000	 60.65662	100.07000
266.80000	 99.80000	 60.45025	 99.80000
267.00000	 99.58000	 60.28266	 99.58000
267.20000	 99.42000	 60.16126	 99.42000
267.40000	 99.35000	 60.10835	 99.35000
267.60000	 99.52000	 60.23595	 99.52000
267.80000	 99.79000	 60.43874	 99.79000
268.00000	100.14000	 60.70123	100.14000
268.20000	100.54000	 61.00049	100.54000
268.40000	101.01000	 61.35110	101.01000
268.60000	101.51000	 61.72277	101.51000
268.80000	101.97000	 62.06283	101.97000
269.00000	102.36000	 62.34870	102.36000
269.20000	102.54000	 62.47566	102.54000
269.40000	102.50000	 62.43657	102.50000
269.60000	102.37000	 62.32934	102.37000
269.80000	102.20000	 62.19193	102.20000
270.00000	102.04000	 62.06220	102.04000
270.20000	101.92000	 61.96288	101.92000
270.40000	101.85000	 61.90157	101.85000
270.60000	101.83000	 61.87830	101.83000
270.80000	101.94000	 61.95284	101.94000
271.00000	102.21000	 62.14742	102.21000
271.20000	102.55000	 62.39423	102.55000
271.40000	102.94000	 62.67795	102.94000
271.60000	103.35000	 62.97576	103.35000
271.80000	103.76000	 63.27247	103.76000
272.00000	104.17000	 63.56791	104.17000
272.20000	104.56000	 63.84702	104.56000
272.40000	104.93000	 64.10977	104.93000
272.60000	105.26000	 64.34124	105.26000
272.80000	105.54000	 64.53402	105.54000
273.00000	105.74000	 64.66582	105.74000
273.20000	105.82000	 64.70693	105.82000
273.40000	105.80000	 64.67266	105.80000
273.60000	105.67000	 64.55592	105.67000
273.80000	105.44000	 64.36463	105.44000
274.00000	105.01000	 64.02438	105.01000
274.20000	104.48000	 63.61062	104.48000
274.40000	103.92000	 63.17626	103.92000
274.60000	103.33000	 62.72171	103.33000
274.80000	102.82000	 62.32959	102.82000
275.00000	102.37000	 61.98498	102.37000
275.20000	101.98000	 61.68780	101.98000
275.40000	101.66000	 61.44537	101.66000
275.60000	101.41000	 61.25744	101.41000
275.80000	101.39000	 61.24347	101.39000
276.00000	101.44000	 61.28315	101.44000
276.20000	101.54000	 61.36101	101.54000
276.40000	101.63000	 61.43173	101.63000
276.60000	101.67000	 61.46507	101.67000
276.80000	101.55000	 61.37860	101.55000
277.00000	101.42000	 61.28476	101.42000
277.20000	101.28000	 61.18367	101.28000
277.40000	101.16000	 61.09788	101.16000
277.60000	101.15000	 61.09478	101.15000
277.80000	101.16000	 61.10688	101.16000
278.00000	101.18000	 61.12655	101.18000
278.20000	101.18000	 61.13123	101.18000
278.40000	101.12000	 61.09095	101.12000
278.60000	101.03000	 61.02821	101.03000
278.80000	100.91000	 60.94311	100.91000
279.00000	100.77000	 60.84324	100.77000
279.20000	100.63000	 60.74366	100.63000
279.40000	100.46000	 60.62197	100.46000
279.60000	100.27000	 60.48577	100.27000
279.80000	100.05000	 60.32763	100.05000
280.00000	 99.77000	 60.12520	 99.77000
280.20000	 99.37000	 59.83372	 99.37000
280.40000	 98.95000	 59.52832	 98.95000
280.60000	 98.54000	 59.23164	 98.54000
280.80000	 98.17000	 58.96627	 98.17000
281.00000	 97.86000	 58.74718	 97.86000
281.20000	 97.64000	 58.59670	 97.64000
281.40000	 97.51000	 58.51464	 97.51000
281.60000	 97.49000	 58.51567	 97.49000
281.80000	 97.64000	 58.64432	 97.64000
282.00000	 97.96000	 58.90008	 97.96000
282.20000	 98.38000	 59.22997	 98.38000
282.40000	 98.89000	 59.62594	 98.89000
282.60000	 99.48000	 60.08001	 99.48000
282.80000	100.12000	 60.56929	100.12000
283.00000	100.79000	 61.07846	100.79000
283.20000	101.47000	 61.59229	101.47000
283.40000	102.11000	 62.07320	102.11000
283.60000	102.72000	 62.52864	102.72000
283.80000	103.27000	 62.93622	103.27000
284.00000	103.74000	 63.28113	103.74000
284.20000	104.11000	 63.54867	104.11000
284.40000	104.38000	 63.73918	104.38000
284.60000	104.52000	 63.83061	104.52000
284.80000	104.45000	 63.76358	104.45000
285.00000	104.23000	 63.58366	104.23000
285.20000	103.91000	 63.32895	103.91000
285.40000	103.53000	 63.03000	103.53000
285.60000	103.18000	 62.75467	103.18000
285.80000	102.83000	 62.48081	102.83000
286.00000	102.48000	 62.20857	102.48000
286.20000	102.11000	 61.92310	102.11000
286.40000	101.75000	 61.64693	101.75000
286.60000	101.38000	 61.36512	101.38000
286.80000	101.03000	 61.10014	101.03000
287.00000	100.68000	 60.83697	100.68000
287.20000	100.36000	 60.59803	100.36000
287.40000	100.06000	 60.37574	100.06000
287.60000	 99.78000	 60.16998	 99.78000
