  0.00000	125.42000	 57.81581	125.42000
  0.20000	125.49000	 57.64011	125.49000
  0.40000	125.53000	 57.47959	125.53000
  0.60000	125.54000	 57.33969	125.54000
  0.80000	125.52000	 57.22219	125.52000
  1.00000	125.48000	 57.13174	125.48000
  1.20000	125.41000	 57.05954	125.41000
  1.40000	125.32000	 57.00717	125.32000
  1.60000	125.21000	 56.96997	125.21000
  1.80000	125.08000	 56.94325	125.08000
  2.00000	124.94000	 56.92833	124.94000
  2.20000	124.78000	 56.91556	124.78000
  2.40000	124.60000	 56.90191	124.60000
  2.60000	124.42000	 56.89644	124.42000
  2.80000	124.23000	 56.89141	124.23000
  3.00000	124.03000	 56.88525	124.03000
  3.20000	123.84000	 56.88808	123.84000
  3.40000	123.63000	 56.88171	123.63000
  3.60000	123.43000	 56.88260	123.43000
  3.80000	123.25000	 56.89550	123.25000
  4.00000	123.09000	 56.91872	123.09000
  4.20000	122.97000	 56.96126	122.97000
  4.40000	122.93000	 57.04212	122.93000
  4.60000	122.96000	 57.14992	122.96000
  4.80000	123.04000	 57.26706	123.04000
  5.00000	123.14000	 57.37154	123.14000
  5.20000	123.27000	 57.46644	123.27000
  5.40000	123.42000	 57.54544	123.42000
  5.60000	123.59000	 57.60953	123.59000
  5.80000	123.76000	 57.64971	123.76000
  6.00000	123.92000	 57.66415	123.92000
  6.20000	124.05000	 57.64674	124.05000
  6.40000	124.16000	 57.60949	124.16000
  6.60000	124.15000	 57.50313	124.15000
  6.80000	124.10000	 57.38293	124.10000
  7.00000	124.01000	 57.25764	124.01000
  7.20000	123.91000	 57.15042	123.91000
  7.40000	123.80000	 57.06405	123.80000
  7.60000	123.69000	 57.00402	123.69000
  7.80000	123.59000	 56.97336	123.59000
  8.00000	123.50000	 56.96754	123.50000
  8.20000	123.42000	 56.98109	123.42000
  8.40000	123.36000	 57.01394	123.36000
  8.60000	123.31000	 57.05485	123.31000
  8.80000	123.30000	 57.11580	123.30000
  9.00000	123.32000	 57.18613	123.32000
  9.20000	123.35000	 57.25033	123.35000
  9.40000	123.39000	 57.30595	123.39000
  9.60000	123.45000	 57.35767	123.45000
  9.80000	123.52000	 57.39973	123.52000
 10.00000	123.61000	 57.43846	123.61000
 10.20000	123.69000	 57.45805	123.69000
 10.40000	123.78000	 57.47203	123.78000
 10.60000	123.85000	 57.46593	123.85000
 10.80000	123.90000	 57.44315	123.90000
 11.00000	123.93000	 57.40762	123.93000
 11.20000	123.94000	 57.36324	123.94000
 11.40000	123.93000	 57.31351	123.93000
 11.60000	123.91000	 57.26692	123.91000
 11.80000	123.88000	 57.22518	123.88000
 12.00000	123.83000	 57.18345	123.83000
 12.20000	123.76000	 57.14220	123.76000
 12.40000	123.67000	 57.10169	123.67000
 12.60000	123.57000	 57.06758	123.57000
 12.80000	123.45000	 57.03375	123.45000
 13.00000	123.29000	 56.98864	123.29000
 13.20000	123.11000	 56.94411	123.11000
 13.40000	122.91000	 56.90058	122.91000
 13.60000	122.72000	 56.87492	122.72000
 13.80000	122.55000	 56.87112	122.55000
 14.00000	122.40000	 56.88607	122.40000
 14.20000	122.29000	 56.92696	122.29000
 14.40000	122.22000	 56.98867	122.22000
 14.60000	122.18000	 57.06016	122.18000
 14.80000	122.17000	 57.13674	122.17000
 15.00000	122.19000	 57.21472	122.19000
 15.20000	122.28000	 57.31368	122.28000
 15.40000	122.41000	 57.41318	122.41000
 15.60000	122.56000	 57.49950	122.56000
 15.80000	122.72000	 57.56655	122.72000
 16.00000	122.88000	 57.61021	122.88000
 16.20000	123.01000	 57.61705	123.01000
 16.40000	123.11000	 57.59274	123.11000
 16.60000	123.21000	 57.56083	123.21000
 16.80000	123.29000	 57.51567	123.29000
 17.00000	123.36000	 57.46782	123.36000
 17.20000	123.42000	 57.42101	123.42000
 17.40000	123.47000	 57.37770	123.47000
 17.60000	123.50000	 57.33370	123.50000
 17.80000	123.51000	 57.28999	123.51000
 18.00000	123.48000	 57.23609	123.48000
 18.20000	123.43000	 57.18449	123.43000
 18.40000	123.28000	 57.09141	123.28000
 18.60000	123.09000	 56.99451	123.09000
 18.80000	122.88000	 56.90822	122.88000
 19.00000	122.66000	 56.83937	122.66000
 19.20000	122.45000	 56.79829	122.45000
 19.40000	122.27000	 56.79292	122.27000
 19.60000	122.13000	 56.82330	122.13000
 19.80000	122.02000	 56.87669	122.02000
 20.00000	121.93000	 56.94040	121.93000
 20.20000	121.87000	 57.01412	121.87000
 20.40000	121.85000	 57.09841	121.85000
 20.60000	121.91000	 57.21112	121.91000
 20.80000	122.00000	 57.31876	122.00000
 21.00000	122.09000	 57.40127	122.09000
 21.20000	122.18000	 57.45864	122.18000
 21.40000	122.27000	 57.49329	122.27000
 21.60000	122.27000	 57.45897	122.27000
 21.80000	122.25000	 57.40368	122.25000
 22.00000	122.21000	 57.33566	122.21000
 22.20000	122.16000	 57.26737	122.16000
 22.40000	122.10000	 57.20359	122.10000
 22.60000	122.05000	 57.15831	122.05000
 22.80000	122.01000	 57.13180	122.01000
 23.00000	121.97000	 57.11689	121.97000
 23.20000	121.93000	 57.11138	121.93000
 23.40000	121.90000	 57.11843	121.90000
 23.60000	121.88000	 57.13517	121.88000
 23.80000	121.86000	 57.15318	121.86000
 24.00000	121.85000	 57.17589	121.85000
 24.20000	121.86000	 57.20697	121.86000
 24.40000	121.88000	 57.23877	121.88000
 24.60000	121.92000	 57.27536	121.92000
 24.80000	122.05000	 57.35418	122.05000
 25.00000	122.20000	 57.43139	122.20000
 25.20000	122.34000	 57.48707	122.34000
 25.40000	122.45000	 57.50989	122.45000
 25.60000	122.53000	 57.50279	122.53000
 25.80000	122.47000	 57.40943	122.47000
 26.00000	122.32000	 57.26897	122.32000
 26.20000	122.13000	 57.12146	122.13000
 26.40000	121.90000	 56.97599	121.90000
 26.60000	121.64000	 56.84416	121.64000
 26.80000	121.37000	 56.73999	121.37000
 27.00000	121.10000	 56.66839	121.10000
 27.20000	120.84000	 56.63139	120.84000
 27.40000	120.58000	 56.61773	120.58000
 27.60000	120.34000	 56.63236	120.34000
 27.80000	120.11000	 56.66281	120.11000
 28.00000	119.95000	 56.73615	119.95000
 28.20000	119.82000	 56.82181	119.82000
 28.40000	119.72000	 56.91289	119.72000
 28.60000	119.65000	 57.00411	119.65000
 28.80000	119.60000	 57.08631	119.60000
 29.00000	119.60000	 57.17453	119.60000
 29.20000	119.62000	 57.25042	119.62000
 29.40000	119.67000	 57.31962	119.67000
 29.60000	119.74000	 57.37724	119.74000
 29.80000	119.83000	 57.42489	119.83000
 30.00000	119.91000	 57.44796	119.91000
 30.20000	119.95000	 57.43353	119.95000
 30.40000	120.00000	 57.41550	120.00000
 30.60000	120.09000	 57.41512	120.09000
 30.80000	120.22000	 57.43395	120.22000
 31.00000	120.39000	 57.47127	120.39000
 31.20000	120.68000	 57.56936	120.68000
 31.40000	121.03000	 57.68771	121.03000
 31.60000	121.44000	 57.81951	121.44000
 31.80000	121.90000	 57.95329	121.90000
 32.00000	122.41000	 58.08481	122.41000
 32.20000	123.06000	 58.26145	123.06000
 32.40000	123.78000	 58.43831	123.78000
 32.60000	124.48000	 58.56128	124.48000
 32.80000	125.13000	 58.61593	125.13000
 33.00000	125.69000	 58.58799	125.69000
 33.20000	125.96000	 58.37951	125.96000
 33.40000	126.00000	 58.04980	126.00000
 33.60000	125.96000	 57.71148	125.96000
 33.80000	125.87000	 57.40219	125.87000
 34.00000	125.76000	 57.15029	125.76000
 34.20000	125.77000	 57.03630	125.77000
 34.40000	125.83000	 57.01018	125.83000
 34.60000	125.91000	 57.03931	125.91000
 34.80000	126.00000	 57.10188	126.00000
 35.00000	126.12000	 57.19460	126.12000
 35.20000	126.29000	 57.31579	126.29000
 35.40000	126.48000	 57.43728	126.48000
 35.60000	126.67000	 57.53997	126.67000
 35.80000	126.85000	 57.61456	126.85000
 36.00000	127.03000	 57.66668	127.03000
 36.20000	127.16000	 57.67069	127.16000
 36.40000	127.25000	 57.63816	127.25000
 36.60000	127.32000	 57.58778	127.32000
 36.80000	127.35000	 57.51535	127.35000
 37.00000	127.35000	 57.43326	127.35000
 37.20000	127.31000	 57.34156	127.31000
 37.40000	127.22000	 57.23944	127.22000
 37.60000	127.11000	 57.14780	127.11000
 37.80000	126.97000	 57.06301	126.97000
 38.00000	126.81000	 56.99126	126.81000
 38.20000	126.64000	 56.93730	126.64000
 38.40000	126.49000	 56.91556	126.49000
 38.60000	126.31000	 56.89364	126.31000
 38.80000	126.10000	 56.86836	126.10000
 39.00000	125.84000	 56.82666	125.84000
 39.20000	125.53000	 56.76872	125.53000
 39.40000	125.09000	 56.65165	125.09000
 39.60000	124.61000	 56.53208	124.61000
 39.80000	124.10000	 56.42030	124.10000
 40.00000	123.57000	 56.32439	123.57000
 40.20000	123.04000	 56.25569	123.04000
 40.40000	122.55000	 56.23401	122.55000
 40.60000	122.07000	 56.23658	122.07000
 40.80000	121.62000	 56.26803	121.62000
 41.00000	121.21000	 56.32671	121.21000
 41.20000	120.83000	 56.39954	120.83000
 41.40000	120.48000	 56.48000	120.48000
 41.60000	120.18000	 56.57402	120.18000
 41.80000	119.94000	 56.68231	119.94000
 42.00000	119.79000	 56.81693	119.79000
 42.20000	119.74000	 56.97783	119.74000
 42.40000	119.83000	 57.18099	119.83000
 42.60000	120.14000	 57.46271	120.14000
 42.80000	120.55000	 57.74337	120.55000
 43.00000	121.04000	 58.00316	121.04000
 43.20000	121.59000	 58.22699	121.59000
 43.40000	122.17000	 58.39888	122.17000
 43.60000	122.74000	 58.50206	122.74000
 43.80000	123.32000	 58.55790	123.32000
 44.00000	123.91000	 58.57800	123.91000
 44.20000	124.49000	 58.56267	124.49000
 44.40000	125.06000	 58.52317	125.06000
 44.60000	125.63000	 58.47511	125.63000
 44.80000	126.16000	 58.40404	126.16000
 45.00000	126.64000	 58.31193	126.64000
 45.20000	127.07000	 58.20591	127.07000
 45.40000	127.42000	 58.07553	127.42000
 45.60000	127.64000	 57.89950	127.64000
 45.80000	127.78000	 57.71433	127.78000
 46.00000	127.85000	 57.53237	127.85000
 46.20000	127.85000	 57.35797	127.85000
 46.40000	127.77000	 57.18778	127.77000
 46.60000	127.61000	 57.02284	127.61000
 46.80000	127.38000	 56.86885	127.38000
 47.00000	127.11000	 56.74149	127.11000
 47.20000	126.81000	 56.64306	126.81000
 47.40000	126.48000	 56.56852	126.48000
 47.60000	126.13000	 56.51766	126.13000
 47.80000	125.78000	 56.49534	125.78000
 48.00000	125.44000	 56.50008	125.44000
 48.20000	125.12000	 56.53003	125.12000
 48.40000	124.83000	 56.58323	124.83000
 48.60000	124.62000	 56.68012	124.62000
 48.80000	124.52000	 56.82824	124.52000
 49.00000	124.47000	 56.98314	124.47000
 49.20000	124.47000	 57.13659	124.47000
 49.40000	124.51000	 57.27749	124.51000
 49.60000	124.60000	 57.40881	124.60000
 49.80000	124.76000	 57.54084	124.76000
 50.00000	124.94000	 57.64519	124.94000
 50.20000	125.13000	 57.71857	125.13000
 50.40000	125.29000	 57.74321	125.29000
 50.60000	125.43000	 57.73239	125.43000
 50.80000	125.45000	 57.63915	125.45000
 51.00000	125.41000	 57.51054	125.41000
 51.20000	125.33000	 57.37043	125.33000
 51.40000	125.21000	 57.22870	125.21000
 51.60000	125.04000	 57.08673	125.04000
 51.80000	124.83000	 56.95486	124.83000
 52.00000	124.58000	 56.83541	124.58000
 52.20000	124.30000	 56.73431	124.30000
 52.40000	123.98000	 56.64451	123.98000
 52.60000	123.63000	 56.56941	123.63000
 52.80000	123.25000	 56.50610	123.25000
 53.00000	122.83000	 56.44584	122.83000
 53.20000	122.40000	 56.40280	122.40000
 53.40000	121.96000	 56.37360	121.96000
 53.60000	121.53000	 56.36568	121.53000
 53.80000	121.11000	 56.37451	121.11000
 54.00000	120.72000	 56.40648	120.72000
 54.20000	120.36000	 56.45618	120.36000
 54.40000	120.04000	 56.52375	120.04000
 54.60000	119.75000	 56.59824	119.75000
 54.80000	119.50000	 56.68087	119.50000
 55.00000	119.31000	 56.77900	119.31000
 55.20000	119.18000	 56.88864	119.18000
 55.40000	119.10000	 57.00044	119.10000
 55.60000	119.07000	 57.11161	119.07000
 55.80000	119.08000	 57.21480	119.08000
 56.00000	119.19000	 57.34289	119.19000
 56.20000	119.36000	 57.47109	119.36000
 56.40000	119.55000	 57.57543	119.55000
 56.60000	119.74000	 57.64587	119.74000
 56.80000	119.91000	 57.67525	119.91000
 57.00000	119.98000	 57.62570	119.98000
 57.20000	119.94000	 57.50361	119.94000
 57.40000	119.87000	 57.36846	119.87000
 57.60000	119.77000	 57.23188	119.77000
 57.80000	119.65000	 57.10754	119.65000
 58.00000	119.53000	 57.01104	119.53000
 58.20000	119.42000	 56.94837	119.42000
 58.40000	119.32000	 56.91665	119.32000
 58.60000	119.21000	 56.89985	119.21000
 58.80000	119.12000	 56.90982	119.12000
 59.00000	119.05000	 56.94071	119.05000
 59.20000	119.00000	 56.98651	119.00000
 59.40000	118.97000	 57.04165	118.97000
 59.60000	118.97000	 57.10701	118.97000
 59.80000	119.00000	 57.17837	119.00000
 60.00000	119.05000	 57.24674	119.05000
 60.20000	119.17000	 57.33784	119.17000
 60.40000	119.32000	 57.42591	119.32000
 60.60000	119.50000	 57.50885	119.50000
 60.80000	119.70000	 57.58013	119.70000
 61.00000	119.90000	 57.62911	119.90000
 61.20000	120.10000	 57.65822	120.10000
 61.40000	120.29000	 57.66547	120.29000
 61.60000	120.50000	 57.67208	120.50000
 61.80000	120.71000	 57.67013	120.71000
 62.00000	120.92000	 57.66266	120.92000
 62.20000	121.21000	 57.69679	121.21000
 62.40000	121.50000	 57.72599	121.50000
 62.60000	121.77000	 57.73820	121.77000
 62.80000	121.99000	 57.71767	121.99000
 63.00000	122.16000	 57.66809	122.16000
 63.20000	122.14000	 57.51689	122.14000
 63.40000	122.02000	 57.32715	122.02000
 63.60000	121.85000	 57.13927	121.85000
 63.80000	121.63000	 56.96172	121.63000
 64.00000	121.38000	 56.81048	121.38000
 64.20000	121.14000	 56.70861	121.14000
 64.40000	120.89000	 56.64090	120.89000
 64.60000	120.64000	 56.60684	120.64000
 64.80000	120.38000	 56.59347	120.38000
 65.00000	120.11000	 56.59372	120.11000
 65.20000	119.81000	 56.59024	119.81000
 65.40000	119.48000	 56.57908	119.48000
 65.60000	119.18000	 56.59152	119.18000
 65.80000	118.92000	 56.62952	118.92000
 66.00000	118.71000	 56.69373	118.71000
 66.20000	118.63000	 56.82283	118.63000
 66.40000	118.70000	 57.01791	118.70000
 66.60000	118.84000	 57.22145	118.84000
 66.80000	119.03000	 57.41258	119.03000
 67.00000	119.27000	 57.58578	119.27000
 67.20000	119.54000	 57.72786	119.54000
 67.40000	119.84000	 57.84035	119.84000
 67.60000	120.14000	 57.91048	120.14000
 67.80000	120.43000	 57.93940	120.43000
 68.00000	120.71000	 57.93564	120.71000
 68.20000	120.91000	 57.86928	120.91000
 68.40000	121.03000	 57.75238	121.03000
 68.60000	121.11000	 57.62025	121.11000
 68.80000	121.16000	 57.48888	121.16000
 69.00000	121.16000	 57.35427	121.16000
 69.20000	121.13000	 57.23273	121.13000
 69.40000	121.08000	 57.13214	121.08000
 69.60000	120.99000	 57.04099	120.99000
 69.80000	120.87000	 56.96362	120.87000
 70.00000	120.71000	 56.89229	120.71000
 70.20000	120.51000	 56.82489	120.51000
 70.40000	120.23000	 56.73730	120.23000
 70.60000	119.93000	 56.66340	119.93000
 70.80000	119.64000	 56.61891	119.64000
 71.00000	119.37000	 56.60598	119.37000
 71.20000	119.13000	 56.62480	119.13000
 71.40000	119.00000	 56.71319	119.00000
 71.60000	118.91000	 56.82114	118.91000
 71.80000	118.87000	 56.94471	118.87000
 72.00000	118.87000	 57.07036	118.87000
 72.20000	118.90000	 57.18683	118.90000
 72.40000	118.96000	 57.29108	118.96000
 72.60000	119.07000	 57.39332	119.07000
 72.80000	119.22000	 57.48760	119.22000
 73.00000	119.42000	 57.58000	119.42000
 73.20000	119.70000	 57.68780	119.70000
 73.40000	120.13000	 57.84896	120.13000
 73.60000	120.59000	 57.99120	120.59000
 73.80000	121.07000	 58.10692	121.07000
 74.00000	121.52000	 58.16946	121.52000
 74.20000	121.91000	 58.16792	121.91000
 74.40000	122.14000	 58.05670	122.14000
 74.60000	122.31000	 57.90856	122.31000
 74.80000	122.44000	 57.74990	122.44000
 75.00000	122.51000	 57.58117	122.51000
 75.20000	122.55000	 57.42792	122.55000
 75.40000	122.57000	 57.30037	122.57000
 75.60000	122.55000	 57.18817	122.55000
 75.80000	122.49000	 57.09035	122.49000
 76.00000	122.41000	 57.01596	122.41000
 76.20000	122.29000	 56.95021	122.29000
 76.40000	122.10000	 56.87302	122.10000
 76.60000	121.90000	 56.81639	121.90000
 76.80000	121.68000	 56.77189	121.68000
 77.00000	121.47000	 56.75301	121.47000
 77.20000	121.25000	 56.74404	121.25000
 77.40000	121.07000	 56.76863	121.07000
 77.60000	120.91000	 56.80967	120.91000
 77.80000	120.78000	 56.86701	120.78000
 78.00000	120.69000	 56.94077	120.69000
 78.20000	120.63000	 57.02011	120.63000
 78.40000	120.66000	 57.13422	120.66000
 78.60000	120.73000	 57.24924	120.73000
 78.80000	120.85000	 57.36647	120.85000
 79.00000	121.00000	 57.47169	121.00000
 79.20000	121.19000	 57.56949	121.19000
 79.40000	121.44000	 57.67105	121.44000
 79.60000	121.71000	 57.75390	121.71000
 79.80000	121.99000	 57.81408	121.99000
 80.00000	122.26000	 57.84377	122.26000
 80.20000	122.52000	 57.84810	122.52000
 80.40000	122.74000	 57.81635	122.74000
 80.60000	122.94000	 57.76714	122.94000
 80.80000	123.10000	 57.69617	123.10000
 81.00000	123.24000	 57.62129	123.24000
 81.20000	123.34000	 57.53641	123.34000
 81.40000	123.39000	 57.44033	123.39000
 81.60000	123.41000	 57.34823	123.41000
 81.80000	123.39000	 57.25691	123.39000
 82.00000	123.33000	 57.16793	123.33000
 82.20000	123.24000	 57.08764	123.24000
 82.40000	123.09000	 56.99906	123.09000
 82.60000	122.92000	 56.92495	122.92000
 82.80000	122.73000	 56.86426	122.73000
 83.00000	122.52000	 56.81500	122.52000
 83.20000	122.31000	 56.78579	122.31000
 83.40000	122.10000	 56.77300	122.10000
 83.60000	121.90000	 56.77813	121.90000
 83.80000	121.72000	 56.80225	121.72000
 84.00000	121.56000	 56.84045	121.56000
 84.20000	121.46000	 56.91029	121.46000
 84.40000	121.45000	 57.02225	121.45000
 84.60000	121.46000	 57.12925	121.46000
 84.80000	121.49000	 57.22611	121.49000
 85.00000	121.53000	 57.30467	121.53000
 85.20000	121.53000	 57.33708	121.53000
 85.40000	121.50000	 57.33319	121.50000
 85.60000	121.46000	 57.31049	121.46000
 85.80000	121.41000	 57.27516	121.41000
 86.00000	121.37000	 57.24380	121.37000
 86.20000	121.35000	 57.22537	121.35000
 86.40000	121.35000	 57.22105	121.35000
 86.60000	121.34000	 57.21365	121.34000
 86.80000	121.32000	 57.20308	121.32000
 87.00000	121.27000	 57.17848	121.27000
 87.20000	121.17000	 57.13019	121.17000
 87.40000	121.04000	 57.07252	121.04000
 87.60000	120.88000	 57.00856	120.88000
 87.80000	120.71000	 56.95211	120.71000
 88.00000	120.51000	 56.89319	120.51000
 88.20000	120.24000	 56.81057	120.24000
 88.40000	119.96000	 56.74045	119.96000
 88.60000	119.69000	 56.69475	119.69000
 88.80000	119.45000	 56.68282	119.45000
 89.00000	119.25000	 56.70584	119.25000
 89.20000	119.14000	 56.78532	119.14000
 89.40000	119.10000	 56.90052	119.10000
 89.60000	119.15000	 57.05259	119.15000
 89.80000	119.27000	 57.22013	119.27000
 90.00000	119.49000	 57.41129	119.49000
 90.20000	119.91000	 57.67366	119.91000
 90.40000	120.42000	 57.93398	120.42000
 90.60000	120.99000	 58.16749	120.99000
 90.80000	121.59000	 58.35451	121.59000
 91.00000	122.20000	 58.48629	122.20000
 91.20000	122.76000	 58.53634	122.76000
 91.40000	123.30000	 58.53378	123.30000
 91.60000	123.81000	 58.48664	123.81000
 91.80000	124.27000	 58.39737	124.27000
 92.00000	124.64000	 58.25707	124.64000
 92.20000	124.89000	 58.06305	124.89000
 92.40000	125.09000	 57.86885	125.09000
 92.60000	125.25000	 57.69014	125.25000
 92.80000	125.38000	 57.53795	125.38000
 93.00000	125.53000	 57.44133	125.53000
 93.20000	125.71000	 57.40148	125.71000
 93.40000	125.89000	 57.39334	125.89000
 93.60000	126.05000	 57.39699	126.05000
 93.80000	126.21000	 57.41634	126.21000
 94.00000	126.34000	 57.42819	126.34000
 94.20000	126.44000	 57.42875	126.44000
 94.40000	126.52000	 57.42196	126.52000
 94.60000	126.59000	 57.41296	126.59000
 94.80000	126.63000	 57.39051	126.63000
 95.00000	126.64000	 57.35580	126.64000
 95.20000	126.63000	 57.31631	126.63000
 95.40000	126.60000	 57.27383	126.60000
 95.60000	126.56000	 57.23540	126.56000
 95.80000	126.51000	 57.20167	126.51000
 96.00000	126.49000	 57.19485	126.49000
 96.20000	126.49000	 57.20687	126.49000
 96.40000	126.47000	 57.21197	126.47000
 96.60000	126.42000	 57.20279	126.42000
 96.80000	126.33000	 57.17386	126.33000
 97.00000	126.13000	 57.08812	126.13000
 97.20000	125.85000	 56.96882	125.85000
 97.40000	125.53000	 56.84585	125.53000
 97.60000	125.19000	 56.73592	125.19000
 97.80000	124.82000	 56.63607	124.82000
 98.00000	124.45000	 56.56383	124.45000
 98.20000	124.09000	 56.52271	124.09000
 98.40000	123.73000	 56.50279	123.73000
 98.60000	123.36000	 56.49350	123.36000
 98.80000	123.00000	 56.50147	123.00000
 99.00000	122.62000	 56.50528	122.62000
 99.20000	122.23000	 56.50760	122.23000
 99.40000	121.86000	 56.52321	121.86000
 99.60000	121.53000	 56.56071	121.53000
 99.80000	121.25000	 56.62187	121.25000
100.00000	121.05000	 56.71855	121.05000
100.20000	120.97000	 56.86640	120.97000
100.40000	120.96000	 57.02831	120.96000
100.60000	121.01000	 57.19104	121.01000
100.80000	121.12000	 57.34924	121.12000
101.00000	121.29000	 57.49971	121.29000
101.20000	121.52000	 57.64104	121.52000
101.40000	121.79000	 57.76203	121.79000
101.60000	122.09000	 57.85906	122.09000
101.80000	122.40000	 57.92464	122.40000
102.00000	122.71000	 57.95872	122.71000
102.20000	123.01000	 57.96253	123.01000
102.40000	123.30000	 57.94363	123.30000
102.60000	123.58000	 57.90939	123.58000
102.80000	123.84000	 57.86079	123.84000
103.00000	124.08000	 57.80371	124.08000
103.20000	124.29000	 57.73743	124.29000
103.40000	124.47000	 57.66614	124.47000
103.60000	124.61000	 57.58764	124.61000
103.80000	124.70000	 57.49931	124.70000
104.00000	124.71000	 57.38740	124.71000
104.20000	124.63000	 57.25053	124.63000
104.40000	124.50000	 57.11609	124.50000
104.60000	124.35000	 57.00405	124.35000
104.80000	124.19000	 56.92011	124.19000
105.00000	124.03000	 56.86726	124.03000
105.20000	123.88000	 56.84631	123.88000
105.40000	123.76000	 56.86211	123.76000
105.60000	123.66000	 56.90131	123.66000
105.80000	123.61000	 56.97299	123.61000
106.00000	123.62000	 57.07443	123.62000
106.20000	123.75000	 57.23051	123.75000
106.40000	123.91000	 57.38027	123.91000
106.60000	124.09000	 57.51120	124.09000
106.80000	124.27000	 57.60921	124.27000
107.00000	124.43000	 57.66421	124.43000
107.20000	124.56000	 57.67541	124.56000
107.40000	124.67000	 57.65579	124.67000
107.60000	124.75000	 57.60783	124.75000
107.80000	124.79000	 57.53418	124.79000
108.00000	124.78000	 57.43736	124.78000
108.20000	124.72000	 57.32509	124.72000
108.40000	124.63000	 57.21526	124.63000
108.60000	124.49000	 57.10118	124.49000
108.80000	124.32000	 56.99736	124.32000
109.00000	124.10000	 56.89405	124.10000
109.20000	123.85000	 56.80321	123.85000
109.40000	123.57000	 56.72420	123.57000
109.60000	123.25000	 56.64988	123.25000
109.80000	122.91000	 56.58978	122.91000
110.00000	122.51000	 56.51919	122.51000
110.20000	122.06000	 56.44290	122.06000
110.40000	121.62000	 56.39422	121.62000
110.60000	121.18000	 56.36495	121.18000
110.80000	120.77000	 56.36810	120.77000
111.00000	120.40000	 56.40367	120.40000
111.20000	120.08000	 56.47032	120.08000
111.40000	119.83000	 56.57152	119.83000
111.60000	119.67000	 56.70990	119.67000
111.80000	119.59000	 56.87057	119.59000
112.00000	119.68000	 57.09512	119.68000
112.20000	119.95000	 57.37737	119.95000
112.40000	120.31000	 57.65389	120.31000
112.60000	120.72000	 57.89379	120.72000
112.80000	121.18000	 58.09461	121.18000
113.00000	121.63000	 58.22504	121.63000
113.20000	122.05000	 58.28204	122.05000
113.40000	122.47000	 58.29479	122.47000
113.60000	122.86000	 58.25946	122.86000
113.80000	123.23000	 58.19503	123.23000
114.00000	123.56000	 58.10240	123.56000
114.20000	123.83000	 57.98140	123.83000
114.40000	124.05000	 57.84779	124.05000
114.60000	124.22000	 57.70979	124.22000
114.80000	124.33000	 57.56786	124.33000
115.00000	124.34000	 57.40427	124.34000
115.20000	124.24000	 57.21851	124.24000
115.40000	124.11000	 57.06054	124.11000
115.60000	123.96000	 56.93707	123.96000
115.80000	123.80000	 56.85114	123.80000
116.00000	123.68000	 56.82527	123.68000
116.20000	123.62000	 56.86125	123.62000
116.40000	123.57000	 56.91906	123.57000
116.60000	123.55000	 56.99928	123.55000
116.80000	123.54000	 57.08142	123.54000
117.00000	123.58000	 57.18104	123.58000
117.20000	123.66000	 57.28638	123.66000
117.40000	123.73000	 57.36482	123.73000
117.60000	123.80000	 57.42115	123.80000
117.80000	123.85000	 57.44578	123.85000
118.00000	123.84000	 57.42052	123.84000
118.20000	123.78000	 57.35841	123.78000
118.40000	123.68000	 57.27360	123.68000
118.60000	123.53000	 57.16860	123.53000
118.80000	123.35000	 57.06197	123.35000
119.00000	123.09000	 56.93118	123.09000
119.20000	122.78000	 56.79877	122.78000
119.40000	122.43000	 56.67445	122.43000
119.60000	122.07000	 56.57698	122.07000
119.80000	121.68000	 56.49410	121.68000
120.00000	121.29000	 56.44032	121.29000
120.20000	120.91000	 56.41692	120.91000
120.40000	120.52000	 56.40696	120.52000
120.60000	120.15000	 56.42180	120.15000
120.80000	119.80000	 56.45545	119.80000
121.00000	119.47000	 56.50198	119.47000
121.20000	119.18000	 56.56722	119.18000
121.40000	118.92000	 56.64021	118.92000
121.60000	118.70000	 56.72208	118.70000
121.80000	118.54000	 56.82008	118.54000
122.00000	118.46000	 56.94118	118.46000
122.20000	118.45000	 57.07485	118.45000
122.40000	118.49000	 57.20542	118.49000
122.60000	118.58000	 57.33008	118.58000
122.80000	118.72000	 57.44748	118.72000
123.00000	118.94000	 57.57414	118.94000
123.20000	119.19000	 57.68132	119.19000
123.40000	119.46000	 57.76471	119.46000
123.60000	119.71000	 57.80521	119.71000
123.80000	119.93000	 57.80344	119.93000
124.00000	119.98000	 57.68985	119.98000
124.20000	120.01000	 57.56396	120.01000
124.40000	120.04000	 57.44921	120.04000
124.60000	120.07000	 57.35306	120.07000
124.80000	120.16000	 57.31230	120.16000
125.00000	120.40000	 57.37413	120.40000
125.20000	120.68000	 57.46589	120.68000
125.40000	120.98000	 57.56571	120.98000
125.60000	121.28000	 57.65426	121.28000
125.80000	121.56000	 57.71583	121.56000
126.00000	121.75000	 57.71084	121.75000
126.20000	121.93000	 57.68953	121.93000
126.40000	122.11000	 57.66297	122.11000
126.60000	122.29000	 57.63549	122.29000
126.80000	122.48000	 57.61572	122.48000
127.00000	122.70000	 57.61619	122.70000
127.20000	122.94000	 57.63043	122.94000
127.40000	123.20000	 57.65654	123.20000
127.60000	123.49000	 57.69764	123.49000
127.80000	123.86000	 57.77847	123.86000
128.00000	124.30000	 57.88767	124.30000
128.20000	124.73000	 57.97413	124.73000
128.40000	125.12000	 58.01871	125.12000
128.60000	125.45000	 58.01254	125.45000
128.80000	125.56000	 57.87293	125.56000
129.00000	125.58000	 57.68891	125.58000
129.20000	125.53000	 57.48732	125.53000
129.40000	125.41000	 57.28061	125.41000
129.60000	125.24000	 57.08896	125.24000
129.80000	125.07000	 56.94494	125.07000
130.00000	124.85000	 56.81955	124.85000
130.20000	124.60000	 56.72126	124.60000
130.40000	124.32000	 56.64565	124.32000
130.60000	124.01000	 56.58746	124.01000
130.80000	123.62000	 56.51359	123.62000
131.00000	123.22000	 56.46068	123.22000
131.20000	122.83000	 56.43627	122.83000
131.40000	122.47000	 56.44634	122.47000
131.60000	122.15000	 56.48962	122.15000
131.80000	122.00000	 56.63060	122.00000
132.00000	121.88000	 56.77695	121.88000
132.20000	121.80000	 56.92373	121.80000
132.40000	121.72000	 57.04143	121.72000
132.60000	121.62000	 57.11664	121.62000
132.80000	121.46000	 57.12956	121.46000
133.00000	121.28000	 57.10993	121.28000
133.20000	121.08000	 57.06601	121.08000
133.40000	120.87000	 57.01137	120.87000
133.60000	120.63000	 56.94143	120.63000
133.80000	120.35000	 56.85656	120.35000
134.00000	120.06000	 56.77894	120.06000
134.20000	119.77000	 56.71723	119.77000
134.40000	119.49000	 56.67764	119.49000
134.60000	119.24000	 56.66964	119.24000
134.80000	119.03000	 56.69470	119.03000
135.00000	118.86000	 56.74689	118.86000
135.20000	118.71000	 56.80848	118.71000
135.40000	118.60000	 56.88512	118.60000
135.60000	118.52000	 56.96609	118.52000
135.80000	118.51000	 57.06969	118.51000
136.00000	118.54000	 57.17443	118.54000
136.20000	118.58000	 57.26024	118.58000
136.40000	118.64000	 57.33212	118.64000
136.60000	118.72000	 57.39105	118.72000
136.80000	118.82000	 57.43894	118.82000
137.00000	118.91000	 57.46149	118.91000
137.20000	118.99000	 57.46276	118.99000
137.40000	119.06000	 57.44754	119.06000
137.60000	119.08000	 57.39847	119.08000
137.80000	119.04000	 57.31651	119.04000
138.00000	118.98000	 57.23149	118.98000
138.20000	118.91000	 57.15446	118.91000
138.40000	118.83000	 57.08848	118.83000
138.60000	118.76000	 57.04571	118.76000
138.80000	118.70000	 57.02471	118.70000
139.00000	118.66000	 57.02797	118.66000
139.20000	118.65000	 57.05666	118.65000
139.40000	118.68000	 57.11091	118.68000
139.60000	118.75000	 57.18461	118.75000
139.80000	118.87000	 57.27727	118.87000
140.00000	119.05000	 57.38852	119.05000
140.20000	119.29000	 57.51257	119.29000
140.40000	119.61000	 57.65537	119.61000
140.60000	120.05000	 57.83390	120.05000
140.80000	120.67000	 58.07462	120.67000
141.00000	121.34000	 58.29476	121.34000
141.20000	122.04000	 58.47797	122.04000
141.40000	122.74000	 58.60743	122.74000
141.60000	123.40000	 58.66594	123.40000
141.80000	123.97000	 58.63583	123.97000
142.00000	124.48000	 58.54910	124.48000
142.20000	124.94000	 58.42722	124.94000
142.40000	125.33000	 58.27335	125.33000
142.60000	125.61000	 58.07810	125.61000
142.80000	125.74000	 57.83191	125.74000
143.00000	125.81000	 57.59829	125.81000
143.20000	125.83000	 57.39085	125.83000
143.40000	125.82000	 57.22376	125.82000
143.60000	125.81000	 57.11198	125.81000
143.80000	125.82000	 57.06016	125.82000
144.00000	125.83000	 57.04708	125.83000
144.20000	125.84000	 57.06207	125.84000
144.40000	125.85000	 57.09509	125.85000
144.60000	125.90000	 57.15970	125.90000
144.80000	125.98000	 57.24142	125.98000
145.00000	126.05000	 57.31021	126.05000
145.20000	126.10000	 57.35634	126.10000
145.40000	126.10000	 57.36237	126.10000
145.60000	126.01000	 57.30926	126.01000
145.80000	125.81000	 57.19364	125.81000
146.00000	125.56000	 57.06001	125.56000
146.20000	125.27000	 56.92331	125.27000
146.40000	124.95000	 56.79583	124.95000
146.60000	124.61000	 56.68690	124.61000
146.80000	124.24000	 56.59179	124.24000
147.00000	123.88000	 56.53196	123.88000
147.20000	123.52000	 56.49800	123.52000
147.40000	123.18000	 56.49590	123.18000
147.60000	122.89000	 56.53580	122.89000
147.80000	122.65000	 56.60926	122.65000
148.00000	122.46000	 56.70729	122.46000
148.20000	122.30000	 56.81028	122.30000
148.40000	122.20000	 56.92861	122.20000
148.60000	122.17000	 57.06207	122.17000
148.80000	122.20000	 57.19976	122.20000
149.00000	122.28000	 57.33207	122.28000
149.20000	122.38000	 57.44009	122.38000
149.40000	122.49000	 57.51904	122.49000
149.60000	122.59000	 57.56108	122.59000
149.80000	122.68000	 57.57200	122.68000
150.00000	122.77000	 57.56428	122.77000
150.20000	122.84000	 57.53335	122.84000
150.40000	122.91000	 57.49707	122.91000
150.60000	122.92000	 57.42722	122.92000
150.80000	122.91000	 57.35273	122.91000
151.00000	122.90000	 57.28977	122.90000
151.20000	122.89000	 57.24074	122.89000
151.40000	122.91000	 57.22268	122.91000
151.60000	122.98000	 57.24402	122.98000
151.80000	123.09000	 57.29371	123.09000
152.00000	123.24000	 57.36527	123.24000
152.20000	123.43000	 57.45219	123.43000
152.40000	123.67000	 57.55413	123.67000
152.60000	124.00000	 57.68786	124.00000
152.80000	124.38000	 57.82445	124.38000
153.00000	124.79000	 57.94791	124.79000
153.20000	125.20000	 58.03949	125.20000
153.40000	125.60000	 58.09518	125.60000
153.60000	125.93000	 58.08612	125.93000
153.80000	126.22000	 58.03812	126.22000
154.00000	126.47000	 57.96119	126.47000
154.20000	126.69000	 57.87048	126.69000
154.40000	126.88000	 57.77393	126.88000
154.60000	127.02000	 57.66641	127.02000
154.80000	127.13000	 57.56420	127.13000
155.00000	127.19000	 57.45920	127.19000
155.20000	127.20000	 57.35371	127.20000
155.40000	127.17000	 57.25490	127.17000
155.60000	127.03000	 57.12427	127.03000
155.80000	126.85000	 57.00392	126.85000
156.00000	126.64000	 56.90062	126.64000
156.20000	126.40000	 56.81355	126.40000
156.40000	126.14000	 56.74612	126.14000
156.60000	125.87000	 56.70056	125.87000
156.80000	125.61000	 56.68356	125.61000
157.00000	125.35000	 56.68383	125.35000
157.20000	125.10000	 56.70131	125.10000
157.40000	124.89000	 56.74718	124.89000
157.60000	124.76000	 56.83722	124.76000
157.80000	124.67000	 56.94064	124.67000
158.00000	124.60000	 57.03915	124.60000
158.20000	124.55000	 57.12828	124.55000
158.40000	124.52000	 57.20585	124.52000
158.60000	124.52000	 57.27702	124.52000
158.80000	124.52000	 57.32548	124.52000
159.00000	124.51000	 57.34806	124.51000
159.20000	124.49000	 57.34887	124.49000
159.40000	124.43000	 57.31612	124.43000
159.60000	124.30000	 57.23965	124.30000
159.80000	124.14000	 57.15027	124.14000
160.00000	123.95000	 57.05512	123.95000
160.20000	123.74000	 56.96522	123.74000
160.40000	123.51000	 56.88381	123.51000
160.60000	123.25000	 56.80676	123.25000
160.80000	122.98000	 56.74575	122.98000
161.00000	122.70000	 56.69962	122.70000
161.20000	122.42000	 56.67171	122.42000
161.40000	122.13000	 56.65320	122.13000
161.60000	121.85000	 56.65206	121.85000
161.80000	121.58000	 56.66447	121.58000
162.00000	121.32000	 56.68651	121.32000
162.20000	121.09000	 56.72568	121.09000
162.40000	120.88000	 56.77235	120.88000
162.60000	120.74000	 56.85078	120.74000
162.80000	120.63000	 56.93336	120.63000
163.00000	120.55000	 57.01602	120.55000
163.20000	120.50000	 57.09596	120.50000
163.40000	120.48000	 57.17152	120.48000
163.60000	120.51000	 57.25313	120.51000
163.80000	120.55000	 57.31754	120.55000
164.00000	120.60000	 57.36571	120.60000
164.20000	120.66000	 57.39983	120.66000
164.40000	120.70000	 57.40609	120.70000
164.60000	120.69000	 57.37241	120.69000
164.80000	120.65000	 57.31682	120.65000
165.00000	120.61000	 57.26283	120.61000
165.20000	120.55000	 57.20390	120.55000
165.40000	120.48000	 57.14921	120.48000
165.60000	120.39000	 57.09528	120.39000
165.80000	120.30000	 57.05458	120.30000
166.00000	120.20000	 57.02125	120.20000
166.20000	120.12000	 57.01104	120.12000
166.40000	120.04000	 57.01002	120.04000
166.60000	120.00000	 57.03761	120.00000
166.80000	119.99000	 57.08364	119.99000
167.00000	119.99000	 57.13208	119.99000
167.20000	120.02000	 57.19043	120.02000
167.40000	120.06000	 57.24417	120.06000
167.60000	120.15000	 57.31361	120.15000
167.80000	120.26000	 57.37933	120.26000
168.00000	120.37000	 57.42866	120.37000
168.20000	120.47000	 57.45652	120.47000
168.40000	120.54000	 57.45417	120.54000
168.60000	120.51000	 57.38714	120.51000
168.80000	120.43000	 57.29233	120.43000
169.00000	120.33000	 57.19532	120.33000
169.20000	120.22000	 57.10799	120.22000
169.40000	120.10000	 57.03381	120.10000
169.60000	120.00000	 56.99061	120.00000
169.80000	119.91000	 56.97069	119.91000
170.00000	119.85000	 56.98151	119.85000
170.20000	119.81000	 57.01211	119.81000
170.40000	119.82000	 57.07355	119.82000
170.60000	119.91000	 57.17578	119.91000
170.80000	120.10000	 57.32148	120.10000
171.00000	120.31000	 57.45629	120.31000
171.20000	120.53000	 57.56889	120.53000
171.40000	120.76000	 57.65739	120.76000
171.60000	120.94000	 57.68943	120.94000
171.80000	121.08000	 57.67653	121.08000
172.00000	121.18000	 57.62705	121.18000
172.20000	121.25000	 57.55575	121.25000
172.40000	121.28000	 57.46548	121.28000
172.60000	121.23000	 57.34156	121.23000
172.80000	121.10000	 57.19235	121.10000
173.00000	120.94000	 57.05372	120.94000
173.20000	120.76000	 56.93581	120.76000
173.40000	120.56000	 56.83979	120.56000
173.60000	120.38000	 56.78663	120.38000
173.80000	120.21000	 56.76584	120.21000
174.00000	120.06000	 56.77653	120.06000
174.20000	119.94000	 56.81682	119.94000
174.40000	119.86000	 56.88435	119.86000
174.60000	119.83000	 56.97667	119.83000
174.80000	119.92000	 57.12486	119.92000
175.00000	120.04000	 57.26828	120.04000
175.20000	120.18000	 57.39452	120.18000
175.40000	120.34000	 57.50047	120.34000
175.60000	120.49000	 57.56927	120.49000
175.80000	120.60000	 57.58759	120.60000
176.00000	120.71000	 57.58475	120.71000
176.20000	120.81000	 57.56208	120.81000
176.40000	120.90000	 57.52623	120.90000
176.60000	120.97000	 57.47746	120.97000
176.80000	121.00000	 57.40990	121.00000
177.00000	121.02000	 57.34560	121.02000
177.20000	121.04000	 57.29351	121.04000
177.40000	121.05000	 57.24927	121.05000
177.60000	121.06000	 57.21851	121.06000
177.80000	121.05000	 57.18889	121.05000
178.00000	121.05000	 57.17610	121.05000
178.20000	121.08000	 57.18902	121.08000
178.40000	121.13000	 57.21811	121.13000
178.60000	121.23000	 57.27579	121.23000
178.80000	121.49000	 57.41764	121.49000
179.00000	121.78000	 57.55969	121.78000
179.20000	122.08000	 57.68274	122.08000
179.40000	122.35000	 57.76078	122.35000
179.60000	122.58000	 57.78986	122.58000
179.80000	122.64000	 57.70341	122.64000
180.00000	122.64000	 57.57729	122.64000
180.20000	122.59000	 57.43096	122.59000
180.40000	122.50000	 57.28143	122.50000
180.60000	122.37000	 57.13691	122.37000
180.80000	122.19000	 56.99700	122.19000
181.00000	121.99000	 56.88147	121.99000
181.20000	121.78000	 56.79567	121.78000
181.40000	121.58000	 56.74778	121.58000
181.60000	121.38000	 56.72660	121.38000
181.80000	121.24000	 56.75907	121.24000
182.00000	121.14000	 56.82460	121.14000
182.20000	121.07000	 56.90801	121.07000
182.40000	121.04000	 57.00650	121.04000
182.60000	121.06000	 57.11849	121.06000
182.80000	121.19000	 57.27115	121.19000
183.00000	121.38000	 57.42868	121.38000
183.20000	121.59000	 57.56289	121.59000
183.40000	121.81000	 57.66632	121.81000
183.60000	122.02000	 57.72949	122.02000
183.80000	122.15000	 57.71837	122.15000
184.00000	122.22000	 57.65447	122.22000
184.20000	122.28000	 57.57766	122.28000
184.40000	122.32000	 57.49200	122.32000
184.60000	122.36000	 57.41605	122.36000
184.80000	122.40000	 57.35407	122.40000
185.00000	122.45000	 57.31321	122.45000
185.20000	122.52000	 57.29818	122.52000
185.40000	122.59000	 57.29483	122.59000
185.60000	122.69000	 57.31663	122.69000
185.80000	122.84000	 57.37014	122.84000
186.00000	123.06000	 57.46037	123.06000
186.20000	123.27000	 57.53521	123.27000
186.40000	123.48000	 57.59637	123.48000
186.60000	123.65000	 57.62025	123.65000
186.80000	123.74000	 57.58716	123.74000
187.00000	123.70000	 57.47637	123.70000
187.20000	123.64000	 57.36115	123.64000
187.40000	123.55000	 57.24473	123.55000
187.60000	123.47000	 57.15551	123.47000
187.80000	123.41000	 57.10076	123.41000
188.00000	123.41000	 57.10066	123.41000
188.20000	123.44000	 57.13198	123.44000
188.40000	123.49000	 57.18169	123.49000
188.60000	123.56000	 57.24291	123.56000
188.80000	123.65000	 57.30980	123.65000
189.00000	123.79000	 57.39446	123.79000
189.20000	123.94000	 57.46989	123.94000
189.40000	124.10000	 57.53364	124.10000
189.60000	124.27000	 57.58516	124.27000
189.80000	124.42000	 57.60854	124.42000
190.00000	124.54000	 57.60140	124.54000
190.20000	124.65000	 57.57992	124.65000
190.40000	124.75000	 57.54896	124.75000
190.60000	124.83000	 57.50719	124.83000
190.80000	124.89000	 57.45856	124.89000
191.00000	124.90000	 57.38974	124.90000
191.20000	124.89000	 57.32160	124.89000
191.40000	124.89000	 57.27363	124.89000
191.60000	124.89000	 57.24031	124.89000
191.80000	124.91000	 57.23142	124.91000
192.00000	125.03000	 57.28820	125.03000
192.20000	125.18000	 57.36338	125.18000
192.40000	125.33000	 57.43280	125.33000
192.60000	125.46000	 57.48069	125.46000
192.80000	125.56000	 57.50029	125.56000
193.00000	125.56000	 57.45451	125.56000
193.20000	125.50000	 57.37293	125.50000
193.40000	125.40000	 57.27508	125.40000
193.60000	125.25000	 57.16272	125.25000
193.80000	125.06000	 57.04780	125.06000
194.00000	124.76000	 56.89603	124.76000
194.20000	124.41000	 56.74733	124.41000
194.40000	124.06000	 56.63372	124.06000
194.60000	123.72000	 56.56035	123.72000
194.80000	123.42000	 56.53982	123.42000
195.00000	123.24000	 56.60883	123.24000
195.20000	123.17000	 56.74807	123.17000
195.40000	123.16000	 56.91369	123.16000
195.60000	123.19000	 57.08103	123.19000
195.80000	123.27000	 57.24616	123.27000
196.00000	123.41000	 57.40832	123.41000
196.20000	123.61000	 57.56348	123.61000
196.40000	123.80000	 57.67066	123.80000
196.60000	123.98000	 57.73297	123.98000
196.80000	124.11000	 57.73455	124.11000
197.00000	124.10000	 57.63548	124.10000
197.20000	123.96000	 57.45770	123.96000
197.40000	123.76000	 57.25879	123.76000
197.60000	123.55000	 57.08142	123.55000
197.80000	123.32000	 56.92826	123.32000
198.00000	123.12000	 56.83049	123.12000
198.20000	122.97000	 56.79638	122.97000
198.40000	122.85000	 56.80683	122.85000
198.60000	122.76000	 56.85216	122.76000
198.80000	122.71000	 56.92794	122.71000
199.00000	122.72000	 57.03554	122.72000
199.20000	122.83000	 57.18750	122.83000
199.40000	122.96000	 57.32852	122.96000
199.60000	123.11000	 57.45218	123.11000
199.80000	123.25000	 57.53901	123.25000
200.00000	123.35000	 57.57387	123.35000
200.20000	123.38000	 57.54605	123.38000
200.40000	123.39000	 57.49331	123.39000
200.60000	123.39000	 57.43046	123.39000
200.80000	123.39000	 57.37042	123.39000
201.00000	123.37000	 57.30689	123.37000
201.20000	123.36000	 57.26019	123.36000
201.40000	123.35000	 57.22570	123.35000
201.60000	123.37000	 57.21961	123.37000
201.80000	123.41000	 57.23334	123.41000
202.00000	123.50000	 57.27964	123.50000
202.20000	123.67000	 57.36944	123.67000
202.40000	123.89000	 57.47804	123.89000
202.60000	124.14000	 57.58703	124.14000
202.80000	124.44000	 57.70249	124.44000
203.00000	124.77000	 57.80925	124.77000
203.20000	125.17000	 57.92761	125.17000
203.40000	125.59000	 58.02737	125.59000
203.60000	126.01000	 58.09757	126.01000
203.80000	126.42000	 58.13554	126.42000
204.00000	126.79000	 58.12963	126.79000
204.20000	127.10000	 58.07633	127.10000
204.40000	127.36000	 57.99090	127.36000
204.60000	127.58000	 57.88858	127.58000
204.80000	127.74000	 57.76653	127.74000
205.00000	127.84000	 57.63227	127.84000
205.20000	127.85000	 57.47544	127.85000
205.40000	127.81000	 57.32468	127.81000
205.60000	127.73000	 57.18935	127.73000
205.80000	127.63000	 57.08172	127.63000
206.00000	127.50000	 56.99437	127.50000
206.20000	127.35000	 56.92961	127.35000
206.40000	127.20000	 56.89417	127.20000
206.60000	127.05000	 56.88222	127.05000
206.80000	126.91000	 56.89307	126.91000
207.00000	126.82000	 56.94249	126.82000
207.20000	126.81000	 57.03906	126.81000
207.40000	126.82000	 57.13945	126.82000
207.60000	126.83000	 57.22529	126.83000
207.80000	126.83000	 57.28738	126.83000
208.00000	126.79000	 57.30877	126.79000
208.20000	126.68000	 57.27637	126.68000
208.40000	126.53000	 57.21440	126.53000
208.60000	126.36000	 57.14195	126.36000
208.80000	126.15000	 57.05437	126.15000
209.00000	125.91000	 56.96310	125.91000
209.20000	125.63000	 56.86699	125.63000
209.40000	125.33000	 56.78059	125.33000
209.60000	125.01000	 56.70537	125.01000
209.80000	124.69000	 56.65236	124.69000
210.00000	124.37000	 56.61942	124.37000
210.20000	124.06000	 56.60871	124.06000
210.40000	123.76000	 56.61579	123.76000
210.60000	123.48000	 56.64147	123.48000
210.80000	123.23000	 56.68629	123.23000
211.00000	123.02000	 56.75054	123.02000
211.20000	122.91000	 56.86214	122.91000
211.40000	122.82000	 56.96847	122.82000
211.60000	122.76000	 57.06998	122.76000
211.80000	122.70000	 57.14692	122.70000
212.00000	122.64000	 57.19950	122.64000
212.20000	122.55000	 57.21351	122.55000
212.40000	122.44000	 57.19981	122.44000
212.60000	122.33000	 57.17580	122.33000
212.80000	122.20000	 57.13571	122.20000
213.00000	122.06000	 57.09027	122.06000
213.20000	121.85000	 57.01021	121.85000
213.40000	121.63000	 56.93493	121.63000
213.60000	121.40000	 56.86814	121.40000
213.80000	121.19000	 56.82828	121.19000
214.00000	120.99000	 56.80848	120.99000
214.20000	120.86000	 56.83931	120.86000
214.40000	120.77000	 56.89742	120.77000
214.60000	120.69000	 56.95898	120.69000
214.80000	120.63000	 57.02430	120.63000
215.00000	120.59000	 57.08939	120.59000
215.20000	120.56000	 57.14598	120.56000
215.40000	120.53000	 57.18745	120.53000
215.60000	120.51000	 57.22005	120.51000
215.80000	120.49000	 57.23955	120.49000
216.00000	120.48000	 57.25368	120.48000
216.20000	120.44000	 57.24221	120.44000
216.40000	120.40000	 57.22561	120.40000
216.60000	120.37000	 57.21255	120.37000
216.80000	120.36000	 57.21041	120.36000
217.00000	120.37000	 57.21945	120.37000
217.20000	120.47000	 57.27773	120.47000
217.40000	120.62000	 57.35784	120.62000
217.60000	120.80000	 57.44307	120.80000
217.80000	120.99000	 57.51798	120.99000
218.00000	121.18000	 57.57500	121.18000
218.20000	121.33000	 57.59220	121.33000
218.40000	121.44000	 57.57352	121.44000
218.60000	121.55000	 57.54727	121.55000
218.80000	121.66000	 57.51839	121.66000
219.00000	121.77000	 57.49054	121.77000
219.20000	121.87000	 57.46059	121.87000
219.40000	121.96000	 57.43042	121.96000
219.60000	122.09000	 57.42914	122.09000
219.80000	122.26000	 57.45496	122.26000
220.00000	122.50000	 57.52080	122.50000
220.20000	122.89000	 57.66483	122.89000
220.40000	123.45000	 57.88654	123.45000
220.60000	124.07000	 58.10956	124.07000
220.80000	124.70000	 58.29548	124.70000
221.00000	125.34000	 58.44049	125.34000
221.20000	125.90000	 58.49580	125.90000
221.40000	126.38000	 58.47066	126.38000
221.60000	126.81000	 58.39571	126.81000
221.80000	127.20000	 58.29084	127.20000
222.00000	127.52000	 58.15206	127.52000
222.20000	127.75000	 57.98018	127.75000
222.40000	127.88000	 57.78095	127.88000
222.60000	127.96000	 57.59247	127.96000
222.80000	128.02000	 57.43750	128.02000
223.00000	128.07000	 57.32258	128.07000
223.20000	128.16000	 57.27244	128.16000
223.40000	128.31000	 57.28993	128.31000
223.60000	128.46000	 57.32965	128.46000
223.80000	128.60000	 57.37561	128.60000
224.00000	128.72000	 57.41440	128.72000
224.20000	128.81000	 57.43571	128.81000
224.40000	128.86000	 57.43229	128.86000
224.60000	128.87000	 57.40529	128.87000
224.80000	128.86000	 57.36881	128.86000
225.00000	128.83000	 57.32579	128.83000
225.20000	128.77000	 57.27329	128.77000
225.40000	128.69000	 57.21957	128.69000
225.60000	128.58000	 57.16103	128.58000
225.80000	128.44000	 57.09944	128.44000
226.00000	128.27000	 57.03629	128.27000
226.20000	128.05000	 56.96161	128.05000
226.40000	127.77000	 56.87166	127.77000
226.60000	127.48000	 56.79691	127.48000
226.80000	127.18000	 56.73774	127.18000
227.00000	126.88000	 56.69849	126.88000
227.20000	126.62000	 56.69867	126.62000
227.40000	126.43000	 56.74939	126.43000
227.60000	126.27000	 56.81982	126.27000
227.80000	126.12000	 56.89108	126.12000
228.00000	125.99000	 56.96328	125.99000
228.20000	125.88000	 57.03258	125.88000
228.40000	125.77000	 57.08549	125.77000
228.60000	125.68000	 57.13306	125.68000
228.80000	125.59000	 57.16463	125.59000
229.00000	125.50000	 57.18203	125.50000
229.20000	125.42000	 57.19346	125.42000
229.40000	125.35000	 57.20128	125.35000
229.60000	125.28000	 57.20195	125.28000
229.80000	125.20000	 57.19197	125.20000
230.00000	125.12000	 57.17932	125.12000
230.20000	125.03000	 57.16039	125.03000
230.40000	124.88000	 57.10928	124.88000
230.60000	124.72000	 57.05812	124.72000
230.80000	124.58000	 57.02656	124.58000
231.00000	124.46000	 57.01485	124.46000
231.20000	124.36000	 57.02127	124.36000
231.40000	124.36000	 57.08744	124.36000
231.60000	124.39000	 57.16689	124.39000
231.80000	124.45000	 57.25319	124.45000
232.00000	124.53000	 57.33568	124.53000
232.20000	124.63000	 57.41124	124.63000
232.40000	124.77000	 57.48950	124.77000
232.60000	124.91000	 57.54696	124.91000
232.80000	125.04000	 57.57917	125.04000
233.00000	125.16000	 57.58927	125.16000
233.20000	125.25000	 57.57042	125.25000
233.40000	125.27000	 57.50601	125.27000
233.60000	125.26000	 57.42646	125.26000
233.80000	125.21000	 57.33325	125.21000
234.00000	125.13000	 57.23807	125.13000
234.20000	125.02000	 57.14532	125.02000
234.40000	124.81000	 57.01886	124.81000
234.60000	124.59000	 56.91376	124.59000
234.80000	124.36000	 56.83145	124.36000
235.00000	124.16000	 56.79299	124.16000
235.20000	123.98000	 56.78790	123.98000
235.40000	123.92000	 56.86523	123.92000
235.60000	123.90000	 56.96828	123.90000
235.80000	123.92000	 57.08620	123.92000
236.00000	123.99000	 57.21568	123.99000
236.20000	124.12000	 57.35509	124.12000
236.40000	124.35000	 57.52083	124.35000
236.60000	124.61000	 57.66752	124.61000
236.80000	124.86000	 57.77031	124.86000
237.00000	125.09000	 57.82596	125.09000
237.20000	125.25000	 57.81273	125.25000
237.40000	125.30000	 57.71901	125.30000
237.60000	125.29000	 57.58749	125.29000
237.80000	125.23000	 57.43752	125.23000
238.00000	125.13000	 57.28592	125.13000
238.20000	124.97000	 57.12949	124.97000
238.40000	124.75000	 56.97407	124.75000
238.60000	124.50000	 56.84027	124.50000
238.80000	124.25000	 56.74537	124.25000
239.00000	124.00000	 56.68613	124.00000
239.20000	123.79000	 56.67917	123.79000
239.40000	123.64000	 56.72680	123.64000
239.60000	123.52000	 56.80115	123.52000
239.80000	123.42000	 56.88639	123.42000
240.00000	123.35000	 56.97998	123.35000
240.20000	123.32000	 57.08112	123.32000
240.40000	123.33000	 57.18471	123.33000
240.60000	123.35000	 57.27037	123.35000
240.80000	123.37000	 57.33168	123.37000
241.00000	123.38000	 57.36478	123.38000
241.20000	123.33000	 57.34572	123.33000
241.40000	123.24000	 57.29316	123.24000
241.60000	123.14000	 57.23212	123.14000
241.80000	123.01000	 57.15805	123.01000
242.00000	122.85000	 57.07671	122.85000
242.20000	122.66000	 56.99273	122.66000
242.40000	122.45000	 56.91511	122.45000
242.60000	122.23000	 56.85114	122.23000
242.80000	122.01000	 56.80632	122.01000
243.00000	121.77000	 56.76763	121.77000
243.20000	121.54000	 56.74986	121.54000
243.40000	121.30000	 56.73860	121.30000
243.60000	121.09000	 56.75319	121.09000
243.80000	120.89000	 56.77810	120.89000
244.00000	120.73000	 56.82596	120.73000
244.20000	120.65000	 56.91410	120.65000
244.40000	120.59000	 57.00202	120.59000
244.60000	120.55000	 57.08483	120.55000
244.80000	120.53000	 57.15964	120.53000
245.00000	120.51000	 57.21410	120.51000
245.20000	120.48000	 57.24374	120.48000
245.40000	120.46000	 57.26277	120.46000
245.60000	120.46000	 57.27990	120.46000
245.80000	120.47000	 57.29196	120.47000
246.00000	120.51000	 57.31221	120.51000
246.20000	120.58000	 57.34138	120.58000
246.40000	120.65000	 57.36249	120.65000
246.60000	120.73000	 57.38167	120.73000
246.80000	120.80000	 57.38835	120.80000
247.00000	120.81000	 57.35632	120.81000
247.20000	120.77000	 57.29583	120.77000
247.40000	120.73000	 57.24056	120.73000
247.60000	120.70000	 57.19966	120.70000
247.80000	120.71000	 57.19094	120.71000
248.00000	120.80000	 57.23442	120.80000
248.20000	120.96000	 57.31814	120.96000
248.40000	121.15000	 57.41170	121.15000
248.60000	121.35000	 57.49742	121.35000
248.80000	121.55000	 57.56597	121.55000
249.00000	121.72000	 57.59966	121.72000
249.20000	121.87000	 57.60664	121.87000
249.40000	122.01000	 57.59676	122.01000
249.60000	122.12000	 57.56347	122.12000
249.80000	122.21000	 57.51765	122.21000
250.00000	122.21000	 57.42526	122.21000
250.20000	122.19000	 57.33289	122.19000
250.40000	122.16000	 57.25140	122.16000
250.60000	122.12000	 57.18342	122.12000
250.80000	122.09000	 57.14059	122.09000
251.00000	122.11000	 57.14315	122.11000
251.20000	122.15000	 57.16879	122.15000
251.40000	122.21000	 57.21144	122.21000
251.60000	122.31000	 57.27643	122.31000
251.80000	122.43000	 57.34657	122.43000
252.00000	122.62000	 57.44498	122.62000
252.20000	122.84000	 57.54358	122.84000
252.40000	123.07000	 57.62722	123.07000
252.60000	123.31000	 57.69454	123.31000
252.80000	123.54000	 57.73502	123.54000
253.00000	123.74000	 57.74052	123.74000
253.20000	123.93000	 57.72746	123.93000
253.40000	124.09000	 57.69016	124.09000
253.60000	124.24000	 57.64577	124.24000
253.80000	124.35000	 57.58244	124.35000
254.00000	124.43000	 57.51082	124.43000
254.20000	124.47000	 57.42964	124.47000
254.40000	124.49000	 57.35384	124.49000
254.60000	124.48000	 57.27999	124.48000
254.80000	124.45000	 57.21489	124.45000
255.00000	124.39000	 57.15300	124.39000
255.20000	124.31000	 57.09955	124.31000
255.40000	124.21000	 57.05351	124.21000
255.60000	124.10000	 57.01898	124.10000
255.80000	123.97000	 56.98831	123.97000
256.00000	123.81000	 56.95409	123.81000
256.20000	123.64000	 56.92648	123.64000
256.40000	123.48000	 56.91528	123.48000
256.60000	123.35000	 56.92917	123.35000
256.80000	123.24000	 56.95855	123.24000
257.00000	123.21000	 57.03254	123.21000
257.20000	123.23000	 57.12739	123.23000
257.40000	123.29000	 57.23071	123.29000
257.60000	123.39000	 57.33701	123.39000
257.80000	123.51000	 57.43116	123.51000
258.00000	123.72000	 57.55043	123.72000
258.20000	123.96000	 57.65808	123.96000
258.40000	124.20000	 57.73618	124.20000
258.60000	124.43000	 57.78113	124.43000
258.80000	124.64000	 57.79184	124.64000
259.00000	124.74000	 57.72459	124.74000
259.20000	124.81000	 57.63550	124.81000
259.40000	124.84000	 57.52911	124.84000
259.60000	124.84000	 57.41956	124.84000
259.80000	124.82000	 57.31862	124.82000
260.00000	124.79000	 57.23532	124.79000
260.20000	124.73000	 57.15926	124.73000
260.40000	124.67000	 57.10688	124.67000
260.60000	124.59000	 57.06469	124.59000
260.80000	124.51000	 57.04115	124.51000
261.00000	124.43000	 57.03267	124.43000
261.20000	124.35000	 57.03534	124.35000
261.40000	124.28000	 57.05094	124.28000
261.60000	124.20000	 57.06455	124.20000
261.80000	124.13000	 57.08480	124.13000
262.00000	124.10000	 57.12606	124.10000
262.20000	124.07000	 57.16252	124.07000
262.40000	124.03000	 57.18663	124.03000
262.60000	123.96000	 57.18701	123.96000
262.80000	123.85000	 57.16018	123.85000
263.00000	123.62000	 57.06560	123.62000
263.20000	123.34000	 56.95122	123.34000
263.40000	123.02000	 56.83068	123.02000
263.60000	122.68000	 56.72122	122.68000
263.80000	122.34000	 56.63713	122.34000
264.00000	121.98000	 56.56710	121.98000
264.20000	121.62000	 56.52075	121.62000
264.40000	121.30000	 56.51703	121.30000
264.60000	121.02000	 56.54970	121.02000
264.80000	120.79000	 56.61658	120.79000
265.00000	120.66000	 56.73691	120.66000
265.20000	120.65000	 56.91095	120.65000
265.40000	120.72000	 57.10399	120.72000
265.60000	120.85000	 57.29453	120.85000
265.80000	121.05000	 57.48127	121.05000
266.00000	121.35000	 57.67656	121.35000
266.20000	121.78000	 57.89340	121.78000
266.40000	122.24000	 58.07171	122.24000
266.60000	122.70000	 58.19540	122.70000
266.80000	123.12000	 58.24782	123.12000
267.00000	123.46000	 58.21728	123.46000
267.20000	123.65000	 58.07995	123.65000
267.40000	123.75000	 57.88959	123.75000
267.60000	123.78000	 57.67637	123.78000
267.80000	123.74000	 57.45556	123.74000
268.00000	123.57000	 57.20502	123.57000
268.20000	123.30000	 56.95189	123.30000
268.40000	122.98000	 56.73132	122.98000
268.60000	122.64000	 56.56198	122.64000
268.80000	122.31000	 56.45704	122.31000
269.00000	122.07000	 56.45246	122.07000
269.20000	121.88000	 56.51070	121.88000
269.40000	121.73000	 56.60971	121.73000
269.60000	121.61000	 56.72869	121.61000
269.80000	121.52000	 56.85525	121.52000
270.00000	121.45000	 56.97455	121.45000
270.20000	121.41000	 57.08643	121.41000
270.40000	121.40000	 57.18768	121.40000
270.60000	121.44000	 57.28823	121.44000
270.80000	121.51000	 57.37624	121.51000
271.00000	121.63000	 57.46357	121.63000
271.20000	121.81000	 57.55640	121.81000
271.40000	122.03000	 57.64359	122.03000
271.60000	122.29000	 57.72569	122.29000
271.80000	122.60000	 57.80917	122.60000
272.00000	123.00000	 57.91683	123.00000
272.20000	123.45000	 58.02461	123.45000
272.40000	123.92000	 58.11461	123.92000
272.60000	124.39000	 58.17659	124.39000
272.80000	124.84000	 58.20267	124.84000
273.00000	125.22000	 58.17068	125.22000
273.20000	125.54000	 58.09550	125.54000
273.40000	125.81000	 57.99316	125.81000
273.60000	126.02000	 57.86789	126.02000
273.80000	126.16000	 57.72299	126.16000
274.00000	126.17000	 57.53303	126.17000
274.20000	126.06000	 57.31319	126.06000
274.40000	125.91000	 57.11732	125.91000
274.60000	125.74000	 56.96069	125.74000
274.80000	125.57000	 56.85359	125.57000
275.00000	125.47000	 56.82966	125.47000
275.20000	125.47000	 56.89413	125.47000
275.40000	125.49000	 56.98631	125.49000
275.60000	125.50000	 57.07572	125.50000
275.80000	125.51000	 57.15861	125.51000
276.00000	125.48000	 57.20689	125.48000
276.20000	125.38000	 57.20310	125.38000
276.40000	125.26000	 57.17934	125.26000
276.60000	125.10000	 57.12932	125.10000
276.80000	124.92000	 57.06998	124.92000
277.00000	124.71000	 57.00063	124.71000
277.20000	124.45000	 56.91443	124.45000
277.40000	124.17000	 56.83260	124.17000
277.60000	123.88000	 56.76337	123.88000
277.80000	123.59000	 56.71296	123.59000
278.00000	123.31000	 56.68562	123.31000
278.20000	123.08000	 56.70049	123.08000
278.40000	122.87000	 56.73480	122.87000
278.60000	122.67000	 56.77697	122.67000
278.80000	122.48000	 56.82209	122.48000
279.00000	122.31000	 56.87204	122.31000
279.20000	122.15000	 56.91830	122.15000
279.40000	122.00000	 56.95916	122.00000
279.60000	121.87000	 56.99953	121.87000
279.80000	121.74000	 57.02790	121.74000
280.00000	121.61000	 57.04515	121.61000
280.20000	121.47000	 57.04736	121.47000
280.40000	121.32000	 57.03709	121.32000
280.60000	121.18000	 57.02841	121.18000
280.80000	121.07000	 57.03433	121.07000
281.00000	120.99000	 57.05482	120.99000
281.20000	120.97000	 57.10519	120.97000
281.40000	121.02000	 57.18727	121.02000
281.60000	121.11000	 57.27889	121.11000
281.80000	121.23000	 57.36982	121.23000
282.00000	121.38000	 57.45691	121.38000
282.20000	121.56000	 57.53840	121.56000
282.40000	121.76000	 57.60805	121.76000
282.60000	121.97000	 57.66099	121.97000
282.80000	122.19000	 57.69927	122.19000
283.00000	122.40000	 57.71461	122.40000
283.20000	122.59000	 57.70556	122.59000
283.40000	122.74000	 57.66614	122.74000
283.60000	122.87000	 57.61386	122.87000
283.80000	123.00000	 57.56547	123.00000
284.00000	123.12000	 57.51892	123.12000
284.20000	123.23000	 57.47647	123.23000
284.40000	123.34000	 57.44485	123.34000
284.60000	123.45000	 57.42383	123.45000
284.80000	123.59000	 57.42894	123.59000
285.00000	123.75000	 57.45137	123.75000
285.20000	123.98000	 57.51506	123.98000
285.40000	124.31000	 57.63019	124.31000
285.60000	124.68000	 57.75412	124.68000
285.80000	125.05000	 57.85741	125.05000
286.00000	125.42000	 57.93701	125.42000
286.20000	125.74000	 57.96527	125.74000
286.40000	126.00000	 57.94152	126.00000
286.60000	126.23000	 57.89072	126.23000
286.80000	126.41000	 57.80998	126.41000
287.00000	126.54000	 57.70779	126.54000
287.20000	126.61000	 57.58645	126.61000
287.40000	126.59000	 57.43647	126.59000
287.60000	126.54000	 57.29880	126.54000
