  0.00000	 84.14000	 65.74661	 84.14000
  0.20000	 84.18000	 65.78965	 84.18000
  0.40000	 84.17000	 65.78143	 84.17000
  0.60000	 84.13000	 65.74245	 84.13000
  0.80000	 84.07000	 65.68303	 84.07000
  1.00000	 83.99000	 65.60325	 83.99000
  1.20000	 83.92000	 65.53395	 83.92000
  1.40000	 83.84000	 65.45469	 83.84000
  1.60000	 83.79000	 65.40650	 83.79000
  1.80000	 83.76000	 65.37910	 83.76000
  2.00000	 83.76000	 65.38269	 83.76000
  2.20000	 83.86000	 65.48888	 83.86000
  2.40000	 84.06000	 65.69742	 84.06000
  2.60000	 84.28000	 65.92589	 84.28000
  2.80000	 84.51000	 66.16376	 84.51000
  3.00000	 84.73000	 66.39031	 84.73000
  3.20000	 84.91000	 66.57466	 84.91000
  3.40000	 85.02000	 66.68608	 85.02000
  3.60000	 85.08000	 66.74525	 85.08000
  3.80000	 85.10000	 66.76262	 85.10000
  4.00000	 85.09000	 66.74870	 85.09000
  4.20000	 85.01000	 66.66272	 85.01000
  4.40000	 84.83000	 66.47423	 84.83000
  4.60000	 84.62000	 66.25540	 84.62000
  4.80000	 84.39000	 66.01681	 84.39000
  5.00000	 84.15000	 65.76897	 84.15000
  5.20000	 83.92000	 65.53257	 83.92000
  5.40000	 83.81000	 65.42046	 83.81000
  5.60000	 83.74000	 65.35044	 83.74000
  5.80000	 83.67000	 65.28129	 83.67000
  6.00000	 83.59000	 65.20260	 83.59000
  6.20000	 83.50000	 65.11428	 83.50000
  6.40000	 83.33000	 64.94452	 83.33000
  6.60000	 83.08000	 64.69345	 83.08000
  6.80000	 82.81000	 64.42281	 82.81000
  7.00000	 82.54000	 64.15330	 82.54000
  7.20000	 82.26000	 63.87477	 82.26000
  7.40000	 82.00000	 63.61809	 82.00000
  7.60000	 81.80000	 63.42424	 81.80000
  7.80000	 81.62000	 63.25211	 81.62000
  8.00000	 81.45000	 63.09129	 81.45000
  8.20000	 81.29000	 62.94167	 81.29000
  8.40000	 81.14000	 62.80312	 81.14000
  8.60000	 80.94000	 62.61404	 80.94000
  8.80000	 80.76000	 62.44619	 80.76000
  9.00000	 80.62000	 62.32005	 80.62000
  9.20000	 80.53000	 62.24575	 80.53000
  9.40000	 80.51000	 62.24360	 80.51000
  9.60000	 80.67000	 62.42608	 80.67000
  9.80000	 80.89000	 62.66964	 80.89000
 10.00000	 81.16000	 62.96353	 81.16000
 10.20000	 81.48000	 63.30731	 81.48000
 10.40000	 81.82000	 63.66987	 81.82000
 10.60000	 82.12000	 63.98941	 82.12000
 10.80000	 82.44000	 64.32734	 82.44000
 11.00000	 82.78000	 64.68359	 82.78000
 11.20000	 83.14000	 65.05807	 83.14000
 11.40000	 83.52000	 65.45072	 83.52000
 11.60000	 83.96000	 65.90247	 83.96000
 11.80000	 84.42000	 66.37219	 84.42000
 12.00000	 84.89000	 66.84950	 84.89000
 12.20000	 85.36000	 67.32409	 85.36000
 12.40000	 85.83000	 67.79593	 85.83000
 12.60000	 86.29000	 68.25480	 86.29000
 12.80000	 86.72000	 68.68024	 86.72000
 13.00000	 87.13000	 69.08264	 87.13000
 13.20000	 87.50000	 69.44165	 87.50000
 13.40000	 87.83000	 69.75747	 87.83000
 13.60000	 88.10000	 70.00986	 88.10000
 13.80000	 88.29000	 70.17862	 88.29000
 14.00000	 88.44000	 70.30515	 88.44000
 14.20000	 88.53000	 70.36931	 88.53000
 14.40000	 88.56000	 70.37147	 88.56000
 14.60000	 88.55000	 70.33252	 88.55000
 14.80000	 88.48000	 70.23229	 88.48000
 15.00000	 88.36000	 70.08141	 88.36000
 15.20000	 88.19000	 69.88020	 88.19000
 15.40000	 87.96000	 69.61873	 87.96000
 15.60000	 87.67000	 69.29735	 87.67000
 15.80000	 87.24000	 68.83437	 87.24000
 16.00000	 86.77000	 68.33280	 86.77000
 16.20000	 86.29000	 67.82378	 86.29000
 16.40000	 85.81000	 67.31780	 85.81000
 16.60000	 85.36000	 66.84578	 85.36000
 16.80000	 85.03000	 66.49996	 85.03000
 17.00000	 84.74000	 66.19807	 84.74000
 17.20000	 84.49000	 65.93982	 84.49000
 17.40000	 84.28000	 65.72489	 84.28000
 17.60000	 84.09000	 65.53247	 84.09000
 17.80000	 83.93000	 65.37252	 83.93000
 18.00000	 83.80000	 65.24479	 83.80000
 18.20000	 83.68000	 65.12852	 83.68000
 18.40000	 83.57000	 65.02350	 83.57000
 18.60000	 83.47000	 64.92956	 83.47000
 18.80000	 83.34000	 64.80554	 83.34000
 19.00000	 83.20000	 64.67192	 83.20000
 19.20000	 83.05000	 64.52867	 83.05000
 19.40000	 82.91000	 64.39630	 82.91000
 19.60000	 82.78000	 64.27478	 82.78000
 19.80000	 82.66000	 64.16406	 82.66000
 20.00000	 82.56000	 64.07435	 82.56000
 20.20000	 82.47000	 63.99531	 82.47000
 20.40000	 82.37000	 63.90635	 82.37000
 20.60000	 82.26000	 63.80744	 82.26000
 20.80000	 82.13000	 63.68833	 82.13000
 21.00000	 81.98000	 63.54903	 81.98000
 21.20000	 81.81000	 63.38962	 81.81000
 21.40000	 81.62000	 63.21018	 81.62000
 21.60000	 81.42000	 63.02103	 81.42000
 21.80000	 81.19000	 62.80175	 81.19000
 22.00000	 80.91000	 62.53197	 80.91000
 22.20000	 80.62000	 62.25283	 80.62000
 22.40000	 80.32000	 61.96447	 80.32000
 22.60000	 80.02000	 61.67723	 80.02000
 22.80000	 79.72000	 61.39116	 79.72000
 23.00000	 79.42000	 61.10629	 79.42000
 23.20000	 79.15000	 60.85338	 79.15000
 23.40000	 78.89000	 60.61185	 78.89000
 23.60000	 78.66000	 60.40212	 78.66000
 23.80000	 78.46000	 60.22407	 78.46000
 24.00000	 78.31000	 60.09804	 78.31000
 24.20000	 78.20000	 60.01357	 78.20000
 24.40000	 78.13000	 59.97041	 78.13000
 24.60000	 78.11000	 59.97858	 78.11000
 24.80000	 78.15000	 60.04805	 78.15000
 25.00000	 78.31000	 60.24001	 78.31000
 25.20000	 78.53000	 60.49253	 78.53000
 25.40000	 78.77000	 60.76418	 78.77000
 25.60000	 79.00000	 61.02390	 79.00000
 25.80000	 79.22000	 61.27153	 79.22000
 26.00000	 79.31000	 61.38397	 79.31000
 26.20000	 79.30000	 61.39223	 79.30000
 26.40000	 79.27000	 61.37866	 79.27000
 26.60000	 79.21000	 61.33333	 79.21000
 26.80000	 79.13000	 61.26678	 79.13000
 27.00000	 79.05000	 61.19975	 79.05000
 27.20000	 78.97000	 61.13240	 78.97000
 27.40000	 78.91000	 61.08536	 78.91000
 27.60000	 78.87000	 61.05866	 78.87000
 27.80000	 78.86000	 61.06255	 78.86000
 28.00000	 78.93000	 61.14819	 78.93000
 28.20000	 79.09000	 61.32564	 79.09000
 28.40000	 79.28000	 61.53308	 79.28000
 28.60000	 79.50000	 61.77023	 79.50000
 28.80000	 79.73000	 62.01636	 79.73000
 29.00000	 79.95000	 62.25080	 79.95000
 29.20000	 80.14000	 62.45297	 80.14000
 29.40000	 80.32000	 62.64340	 80.32000
 29.60000	 80.49000	 62.82212	 80.49000
 29.80000	 80.64000	 62.97898	 80.64000
 30.00000	 80.76000	 63.10381	 80.76000
 30.20000	 80.86000	 63.20700	 80.86000
 30.40000	 80.93000	 63.27847	 80.93000
 30.60000	 80.98000	 63.32863	 80.98000
 30.80000	 81.00000	 63.34740	 81.00000
 31.00000	 80.99000	 63.33497	 80.99000
 31.20000	 80.92000	 63.26076	 80.92000
 31.40000	 80.83000	 63.16604	 80.83000
 31.60000	 80.72000	 63.05102	 80.72000
 31.80000	 80.60000	 62.92614	 80.60000
 32.00000	 80.46000	 62.78128	 80.46000
 32.20000	 80.35000	 62.66782	 80.35000
 32.40000	 80.23000	 62.54480	 80.23000
 32.60000	 80.11000	 62.42249	 80.11000
 32.80000	 79.98000	 62.29064	 79.98000
 33.00000	 79.83000	 62.13904	 79.83000
 33.20000	 79.65000	 61.95749	 79.65000
 33.40000	 79.45000	 61.75631	 79.45000
 33.60000	 79.24000	 61.54585	 79.24000
 33.80000	 79.02000	 61.32618	 79.02000
 34.00000	 78.79000	 61.09737	 78.79000
 34.20000	 78.54000	 60.84920	 78.54000
 34.40000	 78.23000	 60.54075	 78.23000
 34.60000	 77.95000	 60.26442	 77.95000
 34.80000	 77.70000	 60.02024	 77.70000
 35.00000	 77.51000	 59.83889	 77.51000
 35.20000	 77.40000	 59.74071	 77.40000
 35.40000	 77.50000	 59.85865	 77.50000
 35.60000	 77.70000	 60.07932	 77.70000
 35.80000	 77.97000	 60.37133	 77.97000
 36.00000	 78.31000	 60.73410	 78.31000
 36.20000	 78.71000	 61.15686	 78.71000
 36.40000	 79.10000	 61.56740	 79.10000
 36.60000	 79.54000	 62.02694	 79.54000
 36.80000	 80.03000	 62.53520	 80.03000
 37.00000	 80.57000	 63.09194	 80.57000
 37.20000	 81.18000	 63.71740	 81.18000
 37.40000	 81.94000	 64.49330	 81.94000
 37.60000	 82.76000	 65.32691	 82.76000
 37.80000	 83.61000	 66.18708	 83.61000
 38.00000	 84.48000	 67.06328	 84.48000
 38.20000	 85.34000	 67.92456	 85.34000
 38.40000	 86.20000	 68.78110	 86.20000
 38.60000	 87.02000	 69.59191	 87.02000
 38.80000	 87.78000	 70.33661	 87.78000
 39.00000	 88.44000	 70.97448	 88.44000
 39.20000	 89.00000	 71.50592	 89.00000
 39.40000	 89.27000	 71.73674	 89.27000
 39.60000	 89.34000	 71.76016	 89.34000
 39.80000	 89.33000	 71.70030	 89.33000
 40.00000	 89.26000	 71.57858	 89.26000
 40.20000	 89.16000	 71.42650	 89.16000
 40.40000	 89.19000	 71.40864	 89.19000
 40.60000	 89.29000	 71.46362	 89.29000
 40.80000	 89.39000	 71.51960	 89.39000
 41.00000	 89.46000	 71.54578	 89.46000
 41.20000	 89.50000	 71.54216	 89.50000
 41.40000	 89.45000	 71.44731	 89.45000
 41.60000	 89.31000	 71.26145	 89.31000
 41.80000	 89.11000	 71.01563	 89.11000
 42.00000	 88.86000	 70.72043	 88.86000
 42.20000	 88.55000	 70.36591	 88.55000
 42.40000	 88.18000	 69.95237	 88.18000
 42.60000	 87.67000	 69.39812	 87.67000
 42.80000	 87.13000	 68.81639	 87.13000
 43.00000	 86.58000	 68.22801	 86.58000
 43.20000	 86.06000	 67.67420	 86.06000
 43.40000	 85.57000	 67.15501	 85.57000
 43.60000	 85.30000	 66.86513	 85.30000
 43.80000	 85.08000	 66.62977	 85.08000
 44.00000	 84.90000	 66.43818	 84.90000
 44.20000	 84.74000	 66.26943	 84.74000
 44.40000	 84.58000	 66.10263	 84.58000
 44.60000	 84.34000	 65.85552	 84.34000
 44.80000	 84.05000	 65.55881	 84.05000
 45.00000	 83.76000	 65.26382	 83.76000
 45.20000	 83.48000	 64.98081	 83.48000
 45.40000	 83.22000	 64.72002	 83.22000
 45.60000	 83.00000	 64.50187	 83.00000
 45.80000	 82.86000	 64.36720	 82.86000
 46.00000	 82.74000	 64.25425	 82.74000
 46.20000	 82.64000	 64.16278	 82.64000
 46.40000	 82.55000	 64.08230	 82.55000
 46.60000	 82.48000	 64.02291	 82.48000
 46.80000	 82.43000	 63.98443	 82.43000
 47.00000	 82.37000	 63.93596	 82.37000
 47.20000	 82.31000	 63.88765	 82.31000
 47.40000	 82.23000	 63.81895	 82.23000
 47.60000	 82.13000	 63.72986	 82.13000
 47.80000	 81.92000	 63.52816	 81.92000
 48.00000	 81.66000	 63.27560	 81.66000
 48.20000	 81.41000	 63.03395	 81.41000
 48.40000	 81.17000	 62.80337	 81.17000
 48.60000	 80.96000	 62.60442	 80.96000
 48.80000	 80.91000	 62.57035	 80.91000
 49.00000	 80.98000	 62.65979	 80.98000
 49.20000	 81.08000	 62.78002	 81.08000
 49.40000	 81.20000	 62.92039	 81.20000
 49.60000	 81.32000	 63.06010	 81.32000
 49.80000	 81.37000	 63.12720	 81.37000
 50.00000	 81.32000	 63.09095	 81.32000
 50.20000	 81.24000	 63.02333	 81.24000
 50.40000	 81.15000	 62.94505	 81.15000
 50.60000	 81.05000	 62.85630	 81.05000
 50.80000	 80.95000	 62.76746	 80.95000
 51.00000	 80.90000	 62.72987	 80.90000
 51.20000	 80.85000	 62.69226	 80.85000
 51.40000	 80.80000	 62.65459	 80.80000
 51.60000	 80.76000	 62.62710	 80.76000
 51.80000	 80.71000	 62.58926	 80.71000
 52.00000	 80.66000	 62.55132	 80.66000
 52.20000	 80.61000	 62.51328	 80.61000
 52.40000	 80.55000	 62.46490	 80.55000
 52.60000	 80.48000	 62.40619	 80.48000
 52.80000	 80.40000	 62.33720	 80.40000
 53.00000	 80.31000	 62.25796	 80.31000
 53.20000	 80.20000	 62.15829	 80.20000
 53.40000	 80.07000	 62.03825	 80.07000
 53.60000	 79.92000	 61.89794	 79.92000
 53.80000	 79.76000	 61.74771	 79.76000
 54.00000	 79.53000	 61.52615	 79.53000
 54.20000	 79.23000	 61.23344	 79.23000
 54.40000	 78.94000	 60.95187	 78.94000
 54.60000	 78.66000	 60.68159	 78.66000
 54.80000	 78.43000	 60.46367	 78.43000
 55.00000	 78.30000	 60.34929	 78.30000
 55.20000	 78.30000	 60.36895	 78.30000
 55.40000	 78.37000	 60.46070	 78.37000
 55.60000	 78.50000	 60.61384	 78.50000
 55.80000	 78.67000	 60.80743	 78.67000
 56.00000	 78.90000	 61.06161	 78.90000
 56.20000	 79.18000	 61.36576	 79.18000
 56.40000	 79.48000	 61.68880	 79.48000
 56.60000	 79.79000	 62.02023	 79.79000
 56.80000	 80.09000	 62.33936	 80.09000
 57.00000	 80.34000	 62.60512	 80.34000
 57.20000	 80.50000	 62.77659	 80.50000
 57.40000	 80.63000	 62.91551	 80.63000
 57.60000	 80.76000	 63.05289	 80.76000
 57.80000	 80.90000	 63.19916	 80.90000
 58.00000	 81.06000	 63.36469	 81.06000
 58.20000	 81.31000	 63.62128	 81.31000
 58.40000	 81.57000	 63.88680	 81.57000
 58.60000	 81.85000	 64.17140	 81.85000
 58.80000	 82.15000	 64.47498	 82.15000
 59.00000	 82.45000	 64.77695	 82.45000
 59.20000	 82.79000	 65.11827	 82.79000
 59.40000	 83.12000	 65.44758	 83.12000
 59.60000	 83.44000	 65.76487	 83.44000
 59.80000	 83.72000	 66.03941	 83.72000
 60.00000	 83.97000	 66.28155	 83.97000
 60.20000	 84.08000	 66.37871	 84.08000
 60.40000	 84.11000	 66.39279	 84.11000
 60.60000	 84.12000	 66.38574	 84.12000
 60.80000	 84.14000	 66.38866	 84.14000
 61.00000	 84.20000	 66.43252	 84.20000
 61.20000	 84.44000	 66.66090	 84.44000
 61.40000	 84.76000	 66.97097	 84.76000
 61.60000	 85.11000	 67.31110	 85.11000
 61.80000	 85.45000	 67.63999	 85.45000
 62.00000	 85.76000	 67.93695	 85.76000
 62.20000	 85.95000	 68.10969	 85.95000
 62.40000	 86.04000	 68.17892	 86.04000
 62.60000	 86.09000	 68.20652	 86.09000
 62.80000	 86.09000	 68.18258	 86.09000
 63.00000	 86.05000	 68.11766	 86.05000
 63.20000	 85.99000	 68.03260	 85.99000
 63.40000	 85.92000	 67.93788	 85.92000
 63.60000	 85.82000	 67.81318	 85.82000
 63.80000	 85.68000	 67.64845	 85.68000
 64.00000	 85.51000	 67.45411	 85.51000
 64.20000	 85.31000	 67.23036	 85.31000
 64.40000	 85.06000	 66.95686	 85.06000
 64.60000	 84.78000	 66.65432	 84.78000
 64.80000	 84.47000	 66.32292	 84.47000
 65.00000	 84.13000	 65.96282	 84.13000
 65.20000	 83.76000	 65.57420	 83.76000
 65.40000	 83.27000	 65.06493	 83.27000
 65.60000	 82.77000	 64.54809	 82.77000
 65.80000	 82.30000	 64.06489	 82.30000
 66.00000	 81.87000	 63.62563	 81.87000
 66.20000	 81.50000	 63.25073	 81.50000
 66.40000	 81.38000	 63.13474	 81.38000
 66.60000	 81.35000	 63.11299	 81.35000
 66.80000	 81.38000	 63.15405	 81.38000
 67.00000	 81.44000	 63.22660	 81.44000
 67.20000	 81.52000	 63.31992	 81.52000
 67.40000	 81.55000	 63.36189	 81.55000
 67.60000	 81.57000	 63.39338	 81.57000
 67.80000	 81.59000	 63.42455	 81.59000
 68.00000	 81.60000	 63.44510	 81.60000
 68.20000	 81.61000	 63.46530	 81.61000
 68.40000	 81.60000	 63.46462	 81.60000
 68.60000	 81.58000	 63.45336	 81.58000
 68.80000	 81.54000	 63.42133	 81.54000
 69.00000	 81.49000	 63.37886	 81.49000
 69.20000	 81.43000	 63.32602	 81.43000
 69.40000	 81.32000	 63.22189	 81.32000
 69.60000	 81.19000	 63.09737	 81.19000
 69.80000	 81.05000	 62.96285	 81.05000
 70.00000	 80.91000	 62.82870	 80.91000
 70.20000	 80.76000	 62.68475	 80.76000
 70.40000	 80.65000	 62.58231	 80.65000
 70.60000	 80.58000	 62.52134	 80.58000
 70.80000	 80.50000	 62.45048	 80.50000
 71.00000	 80.40000	 62.35941	 80.40000
 71.20000	 80.27000	 62.23788	 80.27000
 71.40000	 80.06000	 62.03471	 80.06000
 71.60000	 79.68000	 61.65783	 79.68000
 71.80000	 79.29000	 61.27173	 79.29000
 72.00000	 78.90000	 60.88699	 78.90000
 72.20000	 78.55000	 60.54483	 78.55000
 72.40000	 78.28000	 60.28628	 78.28000
 72.60000	 78.26000	 60.28544	 78.26000
 72.80000	 78.31000	 60.35720	 78.31000
 73.00000	 78.41000	 60.48048	 78.41000
 73.20000	 78.53000	 60.62403	 78.53000
 73.40000	 78.66000	 60.77721	 78.66000
 73.60000	 78.64000	 60.77578	 78.64000
 73.80000	 78.62000	 60.77359	 78.62000
 74.00000	 78.62000	 60.79126	 78.62000
 74.20000	 78.63000	 60.81855	 78.63000
 74.40000	 78.68000	 60.88624	 78.68000
 74.60000	 78.84000	 61.06598	 78.84000
 74.80000	 79.05000	 61.29602	 79.05000
 75.00000	 79.30000	 61.56584	 79.30000
 75.20000	 79.57000	 61.85467	 79.57000
 75.40000	 79.86000	 62.16233	 79.86000
 75.60000	 80.16000	 62.47839	 80.16000
 75.80000	 80.45000	 62.78224	 80.45000
 76.00000	 80.75000	 63.09436	 80.75000
 76.20000	 81.04000	 63.39422	 81.04000
 76.40000	 81.31000	 63.67158	 81.31000
 76.60000	 81.54000	 63.90604	 81.54000
 76.80000	 81.72000	 64.08748	 81.72000
 77.00000	 81.90000	 64.26740	 81.90000
 77.20000	 82.09000	 64.45619	 82.09000
 77.40000	 82.30000	 64.66422	 82.30000
 77.60000	 82.60000	 64.96329	 82.60000
 77.80000	 82.95000	 65.31225	 82.95000
 78.00000	 83.30000	 65.65966	 83.30000
 78.20000	 83.64000	 65.99517	 83.64000
 78.40000	 83.94000	 66.28800	 83.94000
 78.60000	 84.16000	 66.49720	 84.16000
 78.80000	 84.31000	 66.63327	 84.31000
 79.00000	 84.40000	 66.70677	 84.40000
 79.20000	 84.45000	 66.73854	 84.45000
 79.40000	 84.43000	 66.69817	 84.43000
 79.60000	 84.34000	 66.58601	 84.34000
 79.80000	 84.18000	 66.40246	 84.18000
 80.00000	 83.98000	 66.17869	 83.98000
 80.20000	 83.73000	 65.90478	 83.73000
 80.40000	 83.44000	 65.59133	 83.44000
 80.60000	 83.09000	 65.21813	 83.09000
 80.80000	 82.71000	 64.81622	 82.71000
 81.00000	 82.30000	 64.38586	 82.30000
 81.20000	 81.89000	 63.95801	 81.89000
 81.40000	 81.48000	 63.53277	 81.48000
 81.60000	 81.09000	 63.13070	 81.09000
 81.80000	 80.76000	 62.79277	 80.76000
 82.00000	 80.45000	 62.47781	 80.45000
 82.20000	 80.15000	 62.17538	 80.15000
 82.40000	 79.86000	 61.88532	 79.86000
 82.60000	 79.58000	 61.60747	 79.58000
 82.80000	 79.31000	 61.34169	 79.31000
 83.00000	 79.05000	 61.08784	 79.05000
 83.20000	 78.79000	 60.83554	 78.79000
 83.40000	 78.53000	 60.58469	 78.53000
 83.60000	 78.27000	 60.33519	 78.27000
 83.80000	 77.91000	 59.98448	 77.91000
 84.00000	 77.54000	 59.62496	 77.54000
 84.20000	 77.23000	 59.32846	 77.23000
 84.40000	 76.98000	 59.09493	 76.98000
 84.60000	 76.85000	 58.98568	 76.85000
 84.80000	 77.01000	 59.17457	 77.01000
 85.00000	 77.34000	 59.53773	 77.34000
 85.20000	 77.75000	 59.98198	 77.75000
 85.40000	 78.22000	 60.48604	 78.22000
 85.60000	 78.72000	 61.01851	 78.72000
 85.80000	 79.19000	 61.51741	 79.19000
 86.00000	 79.64000	 61.99277	 79.64000
 86.20000	 80.07000	 62.44449	 80.07000
 86.40000	 80.48000	 62.87258	 80.48000
 86.60000	 80.83000	 63.23614	 80.83000
 86.80000	 81.05000	 63.46361	 81.05000
 87.00000	 81.21000	 63.62719	 81.21000
 87.20000	 81.34000	 63.75806	 81.34000
 87.40000	 81.43000	 63.84636	 81.43000
 87.60000	 81.51000	 63.92320	 81.51000
 87.80000	 81.58000	 63.98885	 81.58000
 88.00000	 81.64000	 64.04353	 81.64000
 88.20000	 81.71000	 64.10792	 81.71000
 88.40000	 81.79000	 64.18212	 81.79000
 88.60000	 81.89000	 64.27642	 81.89000
 88.80000	 82.07000	 64.45234	 82.07000
 89.00000	 82.29000	 64.66872	 82.29000
 89.20000	 82.50000	 64.87411	 82.50000
 89.40000	 82.72000	 65.08893	 82.72000
 89.60000	 82.93000	 65.29258	 82.93000
 89.80000	 83.11000	 65.46456	 83.11000
 90.00000	 83.26000	 65.60491	 83.26000
 90.20000	 83.38000	 65.71374	 83.38000
 90.40000	 83.46000	 65.78094	 83.46000
 90.60000	 83.50000	 65.80671	 83.50000
 90.80000	 83.46000	 65.75024	 83.46000
 91.00000	 83.35000	 65.62211	 83.35000
 91.20000	 83.20000	 65.45341	 83.20000
 91.40000	 83.02000	 65.25472	 83.02000
 91.60000	 82.80000	 65.01605	 82.80000
 91.80000	 82.56000	 64.75816	 82.56000
 92.00000	 82.27000	 64.45050	 82.27000
 92.20000	 81.99000	 64.15479	 81.99000
 92.40000	 81.73000	 63.88141	 81.73000
 92.60000	 81.49000	 63.63036	 81.49000
 92.80000	 81.32000	 63.45285	 81.32000
 93.00000	 81.28000	 63.41019	 81.28000
 93.20000	 81.27000	 63.39947	 81.27000
 93.40000	 81.30000	 63.43058	 81.30000
 93.60000	 81.36000	 63.49293	 81.36000
 93.80000	 81.42000	 63.55550	 81.42000
 94.00000	 81.44000	 63.57708	 81.44000
 94.20000	 81.48000	 63.61910	 81.48000
 94.40000	 81.55000	 63.69176	 81.55000
 94.60000	 81.65000	 63.79493	 81.65000
 94.80000	 81.80000	 63.94897	 81.80000
 95.00000	 82.09000	 64.24594	 82.09000
 95.20000	 82.42000	 64.58294	 82.42000
 95.40000	 82.77000	 64.93910	 82.77000
 95.60000	 83.13000	 65.30393	 83.13000
 95.80000	 83.48000	 65.65672	 83.48000
 96.00000	 83.78000	 65.95640	 83.78000
 96.20000	 84.01000	 66.18252	 84.01000
 96.40000	 84.22000	 66.38653	 84.22000
 96.60000	 84.40000	 66.55839	 84.40000
 96.80000	 84.55000	 66.69830	 84.55000
 97.00000	 84.67000	 66.80648	 84.67000
 97.20000	 84.77000	 66.89339	 84.77000
 97.40000	 84.83000	 66.93873	 84.83000
 97.60000	 84.86000	 66.95296	 84.86000
 97.80000	 84.86000	 66.93632	 84.86000
 98.00000	 84.82000	 66.87875	 84.82000
 98.20000	 84.71000	 66.74974	 84.71000
 98.40000	 84.56000	 66.58032	 84.56000
 98.60000	 84.38000	 66.38101	 84.38000
 98.80000	 84.16000	 66.14181	 84.16000
 99.00000	 83.92000	 65.88346	 83.92000
 99.20000	 83.64000	 65.58563	 83.64000
 99.40000	 83.34000	 65.26902	 83.34000
 99.60000	 83.02000	 64.93380	 83.02000
 99.80000	 82.70000	 64.60057	 82.70000
100.00000	 82.38000	 64.26942	 82.38000
100.20000	 82.07000	 63.95061	 82.07000
100.40000	 81.81000	 63.68512	 81.81000
100.60000	 81.56000	 63.43182	 81.56000
100.80000	 81.33000	 63.20080	 81.33000
101.00000	 81.11000	 62.98169	 81.11000
101.20000	 80.90000	 62.77433	 80.90000
101.40000	 80.69000	 62.56835	 80.69000
101.60000	 80.50000	 62.38414	 80.50000
101.80000	 80.32000	 62.21132	 80.32000
102.00000	 80.17000	 62.07030	 80.17000
102.20000	 80.03000	 61.94040	 80.03000
102.40000	 79.93000	 61.85226	 79.93000
102.60000	 79.86000	 61.79544	 79.86000
102.80000	 79.81000	 61.75950	 79.81000
103.00000	 79.79000	 61.75451	 79.79000
103.20000	 79.80000	 61.78031	 79.80000
103.40000	 79.87000	 61.86745	 79.87000
103.60000	 79.98000	 61.99518	 79.98000
103.80000	 80.11000	 62.14276	 80.11000
104.00000	 80.25000	 62.29974	 80.25000
104.20000	 80.39000	 62.45572	 80.39000
104.40000	 80.48000	 62.55936	 80.48000
104.60000	 80.52000	 62.61071	 80.52000
104.80000	 80.57000	 62.67142	 80.57000
105.00000	 80.65000	 62.76206	 80.65000
105.20000	 80.77000	 62.89291	 80.77000
105.40000	 80.96000	 63.09464	 80.96000
105.60000	 81.34000	 63.49007	 81.34000
105.80000	 81.77000	 63.93519	 81.77000
106.00000	 82.26000	 64.43982	 82.26000
106.20000	 82.78000	 64.97283	 82.78000
106.40000	 83.32000	 65.52366	 83.32000
106.60000	 83.86000	 66.07158	 83.86000
106.80000	 84.40000	 66.61648	 84.40000
107.00000	 84.93000	 67.14805	 84.93000
107.20000	 85.44000	 67.65606	 85.44000
107.40000	 85.93000	 68.14059	 85.93000
107.60000	 86.38000	 68.58126	 86.38000
107.80000	 86.77000	 68.95778	 86.77000
108.00000	 87.12000	 69.29092	 87.12000
108.20000	 87.42000	 69.57074	 87.42000
108.40000	 87.65000	 69.77706	 87.65000
108.60000	 87.82000	 69.92052	 87.82000
108.80000	 87.90000	 69.97076	 87.90000
109.00000	 87.91000	 69.94875	 87.91000
109.20000	 87.85000	 69.85495	 87.85000
109.40000	 87.72000	 69.68981	 87.72000
109.60000	 87.52000	 69.45380	 87.52000
109.80000	 87.19000	 69.08586	 87.19000
110.00000	 86.79000	 68.64803	 86.79000
110.20000	 86.35000	 68.17158	 86.35000
110.40000	 85.88000	 67.66714	 85.88000
110.60000	 85.41000	 67.16577	 85.41000
110.80000	 84.98000	 66.70865	 84.98000
111.00000	 84.61000	 66.31628	 84.61000
111.20000	 84.25000	 65.93726	 84.25000
111.40000	 83.91000	 65.58169	 83.91000
111.60000	 83.59000	 65.24939	 83.59000
111.80000	 83.31000	 64.96068	 83.31000
112.00000	 83.07000	 64.71531	 83.07000
112.20000	 82.85000	 64.49252	 82.85000
112.40000	 82.64000	 64.28182	 82.64000
112.60000	 82.45000	 64.09326	 82.45000
112.80000	 82.27000	 63.91639	 82.27000
113.00000	 82.08000	 63.73054	 82.08000
113.20000	 81.90000	 63.55611	 81.90000
113.40000	 81.73000	 63.39299	 81.73000
113.60000	 81.55000	 63.22057	 81.55000
113.80000	 81.37000	 63.04906	 81.37000
114.00000	 81.18000	 62.86815	 81.18000
114.20000	 80.97000	 62.66757	 80.97000
114.40000	 80.77000	 62.47809	 80.77000
114.60000	 80.55000	 62.26894	 80.55000
114.80000	 80.34000	 62.07089	 80.34000
115.00000	 80.10000	 61.84293	 80.10000
115.20000	 79.85000	 61.60561	 79.85000
115.40000	 79.60000	 61.36921	 79.60000
115.60000	 79.36000	 61.14399	 79.36000
115.80000	 79.13000	 60.92996	 79.13000
116.00000	 78.93000	 60.74755	 78.93000
116.20000	 78.81000	 60.64793	 78.81000
116.40000	 78.71000	 60.56935	 78.71000
116.60000	 78.62000	 60.50136	 78.62000
116.80000	 78.56000	 60.46429	 78.56000
117.00000	 78.50000	 60.42721	 78.50000
117.20000	 78.46000	 60.41051	 78.46000
117.40000	 78.41000	 60.38331	 78.41000
117.60000	 78.37000	 60.36606	 78.37000
117.80000	 78.33000	 60.34845	 78.33000
118.00000	 78.28000	 60.32018	 78.28000
118.20000	 78.17000	 60.23002	 78.17000
118.40000	 78.02000	 60.09859	 78.02000
118.60000	 77.89000	 59.98756	 77.89000
118.80000	 77.80000	 59.91751	 77.80000
119.00000	 77.78000	 59.91915	 77.78000
119.20000	 77.93000	 60.09481	 77.93000
119.40000	 78.23000	 60.42354	 78.23000
119.60000	 78.58000	 60.80224	 78.58000
119.80000	 78.98000	 61.23039	 78.98000
120.00000	 79.40000	 61.67683	 79.40000
120.20000	 79.77000	 62.06948	 79.77000
120.40000	 80.11000	 62.42877	 80.11000
120.60000	 80.43000	 62.76498	 80.43000
120.80000	 80.73000	 63.07820	 80.73000
121.00000	 81.02000	 63.37880	 81.02000
121.20000	 81.26000	 63.62592	 81.26000
121.40000	 81.46000	 63.83001	 81.46000
121.60000	 81.65000	 64.02207	 81.65000
121.80000	 81.85000	 64.22281	 81.85000
122.00000	 82.06000	 64.43236	 82.06000
122.20000	 82.31000	 64.68156	 82.31000
122.40000	 82.59000	 64.96015	 82.59000
122.60000	 82.92000	 65.28858	 82.92000
122.80000	 83.29000	 65.65646	 83.29000
123.00000	 83.73000	 66.09439	 83.73000
123.20000	 84.26000	 66.62265	 84.26000
123.40000	 84.95000	 67.31266	 84.95000
123.60000	 85.70000	 68.06140	 85.70000
123.80000	 86.47000	 68.82742	 86.47000
124.00000	 87.27000	 69.62065	 87.27000
124.20000	 88.06000	 70.39985	 88.06000
124.40000	 88.80000	 71.12392	 88.80000
124.60000	 89.52000	 71.82368	 89.52000
124.80000	 90.19000	 72.46851	 90.19000
125.00000	 90.80000	 73.04838	 90.80000
125.20000	 91.34000	 73.55334	 91.34000
125.40000	 91.72000	 73.89156	 91.72000
125.60000	 92.01000	 74.13537	 92.01000
125.80000	 92.21000	 74.28543	 92.21000
126.00000	 92.36000	 74.38334	 92.36000
126.20000	 92.44000	 74.40914	 92.44000
126.40000	 92.49000	 74.40436	 92.49000
126.60000	 92.50000	 74.35914	 92.50000
126.80000	 92.47000	 74.27383	 92.47000
127.00000	 92.40000	 74.14876	 92.40000
127.20000	 92.30000	 73.99446	 92.30000
127.40000	 92.17000	 73.81115	 92.17000
127.60000	 92.02000	 73.60931	 92.02000
127.80000	 91.84000	 73.37884	 91.84000
128.00000	 91.65000	 73.14039	 91.65000
128.20000	 91.45000	 72.89406	 91.45000
128.40000	 91.25000	 72.65017	 91.25000
128.60000	 91.09000	 72.44973	 91.09000
128.80000	 90.92000	 72.24140	 90.92000
129.00000	 90.76000	 72.04562	 90.76000
129.20000	 90.58000	 71.83154	 90.58000
129.40000	 90.41000	 71.62988	 90.41000
129.60000	 90.22000	 71.40982	 90.22000
129.80000	 90.02000	 71.18157	 90.02000
130.00000	 89.81000	 70.94512	 89.81000
130.20000	 89.59000	 70.70046	 89.59000
130.40000	 89.37000	 70.45783	 89.37000
130.60000	 89.13000	 70.19669	 89.13000
130.80000	 88.87000	 69.91706	 88.87000
131.00000	 88.61000	 69.63946	 88.61000
131.20000	 88.34000	 69.35363	 88.34000
131.40000	 88.08000	 69.08007	 88.08000
131.60000	 87.83000	 68.81874	 87.83000
131.80000	 87.59000	 68.56956	 87.59000
132.00000	 87.36000	 68.33246	 87.36000
132.20000	 87.15000	 68.11758	 87.15000
132.40000	 86.96000	 67.92479	 86.96000
132.60000	 86.79000	 67.75396	 86.79000
132.80000	 86.67000	 67.63569	 86.67000
133.00000	 86.62000	 67.59025	 86.62000
133.20000	 86.58000	 67.55584	 86.58000
133.40000	 86.56000	 67.54248	 86.56000
133.60000	 86.54000	 67.52946	 86.54000
133.80000	 86.52000	 67.51664	 86.52000
134.00000	 86.46000	 67.46292	 86.46000
134.20000	 86.38000	 67.38882	 86.38000
134.40000	 86.29000	 67.30463	 86.29000
134.60000	 86.20000	 67.22065	 86.20000
134.80000	 86.11000	 67.13692	 86.11000
135.00000	 86.02000	 67.05346	 86.02000
135.20000	 85.94000	 66.98052	 85.94000
135.40000	 85.85000	 66.89760	 85.85000
135.60000	 85.75000	 66.80470	 85.75000
135.80000	 85.63000	 66.69159	 85.63000
136.00000	 85.48000	 66.54808	 85.48000
136.20000	 85.29000	 66.36401	 85.29000
136.40000	 85.09000	 66.17028	 85.09000
136.60000	 84.88000	 65.96699	 84.88000
136.80000	 84.66000	 65.75423	 84.66000
137.00000	 84.44000	 65.54232	 84.44000
137.20000	 84.17000	 65.28007	 84.17000
137.40000	 83.93000	 65.04958	 83.93000
137.60000	 83.75000	 64.88162	 83.75000
137.80000	 83.63000	 64.77607	 83.63000
138.00000	 83.62000	 64.78394	 83.62000
138.20000	 83.83000	 65.01761	 83.83000
138.40000	 84.14000	 65.35337	 84.14000
138.60000	 84.55000	 65.79053	 84.55000
138.80000	 85.03000	 66.29769	 85.03000
139.00000	 85.61000	 66.90502	 85.61000
139.20000	 86.29000	 67.61194	 86.29000
139.40000	 87.01000	 68.35639	 87.01000
139.60000	 87.74000	 69.10720	 87.74000
139.80000	 88.46000	 69.84359	 88.46000
140.00000	 89.13000	 70.52442	 89.13000
140.20000	 89.70000	 71.09853	 89.70000
140.40000	 90.21000	 71.60719	 90.21000
140.60000	 90.65000	 72.04052	 90.65000
140.80000	 91.01000	 72.38868	 91.01000
141.00000	 91.25000	 72.61116	 91.25000
141.20000	 91.34000	 72.67782	 91.34000
141.40000	 91.35000	 72.66114	 91.35000
141.60000	 91.29000	 72.57204	 91.29000
141.80000	 91.18000	 72.43165	 91.18000
142.00000	 91.02000	 72.24047	 91.02000
142.20000	 90.89000	 72.08096	 90.89000
142.40000	 90.73000	 71.89185	 90.73000
142.60000	 90.54000	 71.67335	 90.54000
142.80000	 90.33000	 71.43591	 90.33000
143.00000	 90.10000	 71.17968	 90.10000
143.20000	 89.83000	 70.88429	 89.83000
143.40000	 89.53000	 70.56014	 89.53000
143.60000	 89.22000	 70.22788	 89.22000
143.80000	 88.91000	 69.89785	 88.91000
144.00000	 88.61000	 69.58034	 88.61000
144.20000	 88.34000	 69.29585	 88.34000
144.40000	 88.12000	 69.06477	 88.12000
144.60000	 87.93000	 68.86643	 87.93000
144.80000	 87.76000	 68.69036	 87.76000
145.00000	 87.61000	 68.53636	 87.61000
145.20000	 87.48000	 68.40424	 87.48000
145.40000	 87.40000	 68.32456	 87.40000
145.60000	 87.34000	 68.26633	 87.34000
145.80000	 87.28000	 68.20884	 87.28000
146.00000	 87.22000	 68.15194	 87.22000
146.20000	 87.16000	 68.09550	 87.16000
146.40000	 87.05000	 67.98822	 87.05000
146.60000	 86.82000	 67.75838	 86.82000
146.80000	 86.60000	 67.53950	 86.60000
147.00000	 86.40000	 67.34199	 86.40000
147.20000	 86.25000	 67.19666	 86.25000
147.40000	 86.18000	 67.13417	 86.18000
147.60000	 86.35000	 67.31830	 86.35000
147.80000	 86.59000	 67.57417	 86.59000
148.00000	 86.89000	 67.89092	 86.89000
148.20000	 87.22000	 68.23731	 87.22000
148.40000	 87.57000	 68.60268	 87.57000
148.60000	 87.86000	 68.90474	 87.86000
148.80000	 88.14000	 69.19466	 88.14000
149.00000	 88.41000	 69.47246	 88.41000
149.20000	 88.67000	 69.73817	 88.67000
149.40000	 88.94000	 70.01235	 88.94000
149.60000	 89.22000	 70.29504	 89.22000
149.80000	 89.50000	 70.57602	 89.50000
150.00000	 89.77000	 70.84507	 89.77000
150.20000	 90.01000	 71.08175	 90.01000
150.40000	 90.22000	 71.28619	 90.22000
150.60000	 90.37000	 71.42778	 90.37000
150.80000	 90.45000	 71.49654	 90.45000
151.00000	 90.48000	 71.51326	 90.48000
151.20000	 90.47000	 71.48854	 90.47000
151.40000	 90.42000	 71.42267	 90.42000
151.60000	 90.33000	 71.31596	 90.33000
151.80000	 90.16000	 71.12769	 90.16000
152.00000	 89.97000	 70.91970	 89.97000
152.20000	 89.77000	 70.70252	 89.77000
152.40000	 89.57000	 70.48658	 89.57000
152.60000	 89.39000	 70.29252	 89.39000
152.80000	 89.34000	 70.23309	 89.34000
153.00000	 89.32000	 70.20554	 89.32000
153.20000	 89.32000	 70.19938	 89.32000
153.40000	 89.31000	 70.18363	 89.31000
153.60000	 89.30000	 70.16840	 89.30000
153.80000	 89.24000	 70.10235	 89.24000
154.00000	 89.14000	 69.99577	 89.14000
154.20000	 89.01000	 69.85899	 89.01000
154.40000	 88.84000	 69.68190	 88.84000
154.60000	 88.62000	 69.45439	 88.62000
154.80000	 88.32000	 69.14594	 88.32000
155.00000	 87.89000	 68.70557	 87.89000
155.20000	 87.44000	 68.24649	 87.44000
155.40000	 87.00000	 67.79977	 87.00000
155.60000	 86.60000	 67.39635	 86.60000
155.80000	 86.31000	 67.10799	 86.31000
156.00000	 86.22000	 67.02670	 86.22000
156.20000	 86.19000	 67.00840	 86.19000
156.40000	 86.19000	 67.02180	 86.19000
156.60000	 86.20000	 67.04596	 86.20000
156.80000	 86.18000	 67.03956	 86.18000
157.00000	 86.08000	 66.95120	 86.08000
157.20000	 85.96000	 66.84241	 85.96000
157.40000	 85.83000	 66.72354	 85.83000
157.60000	 85.68000	 66.58440	 85.68000
157.80000	 85.53000	 66.44558	 85.53000
158.00000	 85.38000	 66.30713	 85.38000
158.20000	 85.22000	 66.15884	 85.22000
158.40000	 85.06000	 66.01101	 85.06000
158.60000	 84.90000	 65.86364	 84.90000
158.80000	 84.74000	 65.71676	 84.74000
159.00000	 84.60000	 65.59086	 84.60000
159.20000	 84.47000	 65.47565	 84.47000
159.40000	 84.33000	 65.35058	 84.33000
159.60000	 84.20000	 65.23613	 84.20000
159.80000	 84.06000	 65.11175	 84.06000
160.00000	 83.93000	 64.99793	 83.93000
160.20000	 83.79000	 64.87416	 83.79000
160.40000	 83.65000	 64.75068	 83.65000
160.60000	 83.50000	 64.61722	 83.50000
160.80000	 83.33000	 64.46356	 83.33000
161.00000	 83.13000	 64.27950	 83.13000
161.20000	 82.89000	 64.05487	 82.89000
161.40000	 82.64000	 63.82057	 82.64000
161.60000	 82.37000	 63.56645	 82.37000
161.80000	 82.10000	 63.31313	 82.10000
162.00000	 81.83000	 63.06066	 81.83000
162.20000	 81.56000	 62.80908	 81.56000
162.40000	 81.30000	 62.56867	 81.30000
162.60000	 81.04000	 62.32914	 81.04000
162.80000	 80.80000	 62.11099	 80.80000
163.00000	 80.58000	 61.91414	 80.58000
163.20000	 80.37000	 61.72825	 80.37000
163.40000	 80.20000	 61.58398	 80.20000
163.60000	 80.05000	 61.46067	 80.05000
163.80000	 79.93000	 61.36845	 79.93000
164.00000	 79.85000	 61.31737	 79.85000
164.20000	 79.80000	 61.29701	 79.80000
164.40000	 79.80000	 61.32767	 79.80000
164.60000	 79.85000	 61.40911	 79.85000
164.80000	 79.95000	 61.54107	 79.95000
165.00000	 80.10000	 61.72330	 80.10000
165.20000	 80.33000	 61.98625	 80.33000
165.40000	 80.62000	 62.30910	 80.62000
165.60000	 80.98000	 62.70176	 80.98000
165.80000	 81.40000	 63.15362	 81.40000
166.00000	 81.88000	 63.66434	 81.88000
166.20000	 82.50000	 64.31559	 82.50000
166.40000	 83.19000	 65.03515	 83.19000
166.60000	 83.90000	 65.77132	 83.90000
166.80000	 84.62000	 66.51357	 84.62000
167.00000	 85.31000	 67.22071	 85.31000
167.20000	 85.92000	 67.84147	 85.92000
167.40000	 86.46000	 68.38631	 86.46000
167.60000	 86.94000	 68.86578	 86.94000
167.80000	 87.36000	 69.28026	 87.36000
168.00000	 87.70000	 69.60968	 87.70000
168.20000	 87.94000	 69.83400	 87.94000
168.40000	 88.07000	 69.94354	 88.07000
168.60000	 88.13000	 69.97992	 88.13000
168.80000	 88.13000	 69.95396	 88.13000
169.00000	 88.07000	 69.86620	 88.07000
169.20000	 87.96000	 69.72737	 87.96000
169.40000	 87.82000	 69.55839	 87.82000
169.60000	 87.64000	 69.34937	 87.64000
169.80000	 87.41000	 69.09036	 87.41000
170.00000	 87.15000	 68.80217	 87.15000
170.20000	 86.85000	 68.47479	 86.85000
170.40000	 86.50000	 68.09821	 86.50000
170.60000	 86.11000	 67.68292	 86.11000
170.80000	 85.69000	 67.23939	 85.69000
171.00000	 85.27000	 66.79856	 85.27000
171.20000	 84.84000	 66.35028	 84.84000
171.40000	 84.43000	 65.92536	 84.43000
171.60000	 84.05000	 65.53402	 84.05000
171.80000	 83.68000	 65.15566	 83.68000
172.00000	 83.30000	 64.76965	 83.30000
172.20000	 82.92000	 64.38615	 82.92000
172.40000	 82.52000	 63.98458	 82.52000
172.60000	 82.02000	 63.48290	 82.02000
172.80000	 81.54000	 63.00426	 81.54000
173.00000	 81.08000	 62.54869	 81.08000
173.20000	 80.68000	 62.15716	 80.68000
173.40000	 80.34000	 61.82949	 80.34000
173.60000	 80.25000	 61.76016	 80.25000
173.80000	 80.24000	 61.77419	 80.24000
174.00000	 80.27000	 61.82995	 80.27000
174.20000	 80.35000	 61.93712	 80.35000
174.40000	 80.45000	 62.06450	 80.45000
174.60000	 80.50000	 62.13998	 80.50000
174.80000	 80.55000	 62.21466	 80.55000
175.00000	 80.60000	 62.28847	 80.60000
175.20000	 80.65000	 62.36136	 80.65000
175.40000	 80.69000	 62.42305	 80.69000
175.60000	 80.69000	 62.44281	 80.69000
175.80000	 80.69000	 62.46174	 80.69000
176.00000	 80.69000	 62.47991	 80.69000
176.20000	 80.70000	 62.50764	 80.70000
176.40000	 80.74000	 62.56545	 80.74000
176.60000	 80.82000	 62.66355	 80.82000
176.80000	 80.94000	 62.80185	 80.94000
177.00000	 81.09000	 62.96995	 81.09000
177.20000	 81.28000	 63.17795	 81.28000
177.40000	 81.50000	 63.41544	 81.50000
177.60000	 81.81000	 63.74374	 81.81000
177.80000	 82.19000	 64.14208	 82.19000
178.00000	 82.58000	 64.54863	 82.58000
178.20000	 82.97000	 64.95293	 82.97000
178.40000	 83.35000	 65.34460	 83.35000
178.60000	 83.67000	 65.67236	 83.67000
178.80000	 83.92000	 65.92608	 83.92000
179.00000	 84.13000	 66.13675	 84.13000
179.20000	 84.30000	 66.30464	 84.30000
179.40000	 84.45000	 66.45054	 84.45000
179.60000	 84.56000	 66.55420	 84.56000
179.80000	 84.64000	 66.62613	 84.64000
180.00000	 84.70000	 66.67682	 84.70000
180.20000	 84.73000	 66.69626	 84.73000
180.40000	 84.75000	 66.70515	 84.75000
180.60000	 84.75000	 66.69341	 84.75000
180.80000	 84.75000	 66.68171	 84.75000
181.00000	 84.73000	 66.64965	 84.73000
181.20000	 84.70000	 66.60758	 84.70000
181.40000	 84.64000	 66.53512	 84.64000
181.60000	 84.54000	 66.42212	 84.54000
181.80000	 84.37000	 66.23800	 84.37000
182.00000	 84.18000	 66.03426	 84.18000
182.20000	 84.01000	 65.85209	 84.01000
182.40000	 83.85000	 65.68133	 83.85000
182.60000	 83.75000	 65.57325	 83.75000
182.80000	 83.72000	 65.53798	 83.72000
183.00000	 83.74000	 65.55479	 83.74000
183.20000	 83.81000	 65.62341	 83.81000
183.40000	 83.92000	 65.73330	 83.92000
183.60000	 84.10000	 65.91492	 84.10000
183.80000	 84.34000	 66.15769	 84.34000
184.00000	 84.62000	 66.44075	 84.62000
184.20000	 84.92000	 66.74331	 84.92000
184.40000	 85.23000	 67.05487	 85.23000
184.60000	 85.51000	 67.33425	 85.51000
184.80000	 85.75000	 67.57117	 85.75000
185.00000	 86.01000	 67.82719	 86.01000
185.20000	 86.30000	 68.11258	 86.30000
185.40000	 86.62000	 68.42730	 86.62000
185.60000	 86.99000	 68.79179	 86.99000
185.80000	 87.42000	 69.21615	 87.42000
186.00000	 87.91000	 69.70019	 87.91000
186.20000	 88.48000	 70.26417	 88.48000
186.40000	 89.12000	 70.89753	 89.12000
186.60000	 89.97000	 71.74343	 89.97000
186.80000	 90.92000	 72.68851	 90.92000
187.00000	 91.90000	 73.66042	 91.90000
187.20000	 92.87000	 74.61772	 92.87000
187.40000	 93.81000	 75.53971	 93.81000
187.60000	 94.58000	 76.28282	 94.58000
187.80000	 95.25000	 76.91918	 95.25000
188.00000	 95.82000	 77.44927	 95.82000
188.20000	 96.29000	 77.87368	 96.29000
188.40000	 96.63000	 78.16228	 96.63000
188.60000	 96.69000	 78.16206	 96.69000
188.80000	 96.66000	 78.06884	 96.66000
189.00000	 96.57000	 77.91429	 96.57000
189.20000	 96.44000	 77.71966	 96.44000
189.40000	 96.36000	 77.57780	 96.36000
189.60000	 96.41000	 77.57096	 96.41000
189.80000	 96.48000	 77.58632	 96.48000
190.00000	 96.53000	 77.58276	 96.53000
190.20000	 96.57000	 77.57046	 96.57000
190.40000	 96.55000	 77.49814	 96.55000
190.60000	 96.46000	 77.35565	 96.46000
190.80000	 96.32000	 77.16365	 96.32000
191.00000	 96.13000	 76.92238	 96.13000
191.20000	 95.89000	 76.63204	 95.89000
191.40000	 95.54000	 76.23138	 95.54000
191.60000	 95.09000	 75.73102	 95.09000
191.80000	 94.62000	 75.21336	 94.62000
192.00000	 94.15000	 74.69921	 94.15000
192.20000	 93.70000	 74.20922	 93.70000
192.40000	 93.37000	 73.84594	 93.37000
192.60000	 93.16000	 73.60910	 93.16000
192.80000	 92.99000	 73.41625	 92.99000
193.00000	 92.84000	 73.24646	 92.84000
193.20000	 92.70000	 73.08914	 92.70000
193.40000	 92.53000	 72.90300	 92.53000
193.60000	 92.29000	 72.64690	 92.29000
193.80000	 92.04000	 72.38234	 92.04000
194.00000	 91.79000	 72.11961	 91.79000
194.20000	 91.52000	 71.83820	 91.52000
194.40000	 91.26000	 71.56888	 91.26000
194.60000	 91.01000	 71.31161	 91.01000
194.80000	 90.76000	 71.05609	 90.76000
195.00000	 90.49000	 70.78178	 90.49000
195.20000	 90.21000	 70.49889	 90.21000
195.40000	 89.87000	 70.15619	 89.87000
195.60000	 89.39000	 69.67177	 89.39000
195.80000	 88.93000	 69.20998	 88.93000
196.00000	 88.53000	 68.81196	 88.53000
196.20000	 88.23000	 68.51870	 88.23000
196.40000	 88.16000	 68.46318	 88.16000
196.60000	 88.37000	 68.69600	 88.37000
196.80000	 88.71000	 69.06237	 88.71000
197.00000	 89.17000	 69.55107	 89.17000
197.20000	 89.71000	 70.12020	 89.71000
197.40000	 90.34000	 70.77925	 90.34000
197.60000	 91.03000	 71.49678	 91.03000
197.80000	 91.73000	 72.22100	 91.73000
198.00000	 92.41000	 72.92080	 92.41000
198.20000	 93.03000	 73.55500	 93.03000
198.40000	 93.49000	 74.02117	 93.49000
198.60000	 93.87000	 74.40171	 93.87000
198.80000	 94.17000	 74.69709	 94.17000
199.00000	 94.40000	 74.91808	 94.40000
199.20000	 94.54000	 75.04470	 94.54000
199.40000	 94.61000	 75.09800	 94.61000
199.60000	 94.59000	 75.05805	 94.59000
199.80000	 94.50000	 74.94588	 94.50000
200.00000	 94.34000	 74.76204	 94.34000
200.20000	 94.09000	 74.48653	 94.09000
200.40000	 93.74000	 74.10962	 93.74000
200.60000	 93.35000	 73.69336	 93.35000
200.80000	 92.91000	 73.22793	 92.91000
201.00000	 92.45000	 72.74447	 92.45000
201.20000	 91.98000	 72.25349	 91.98000
201.40000	 91.54000	 71.79618	 91.54000
201.60000	 91.09000	 71.33157	 91.09000
201.80000	 90.65000	 70.88017	 90.65000
202.00000	 90.22000	 70.44194	 90.22000
202.20000	 89.81000	 70.02706	 89.81000
202.40000	 89.42000	 69.63539	 89.42000
202.60000	 89.05000	 69.26679	 89.05000
202.80000	 88.69000	 68.91083	 88.69000
203.00000	 88.35000	 68.57762	 88.35000
203.20000	 88.03000	 68.26696	 88.03000
203.40000	 87.65000	 67.89670	 87.65000
203.60000	 87.31000	 67.56931	 87.31000
203.80000	 87.04000	 67.31543	 87.04000
204.00000	 86.85000	 67.14506	 86.85000
204.20000	 86.79000	 67.10911	 86.79000
204.40000	 86.94000	 67.28908	 86.94000
204.60000	 87.19000	 67.57143	 87.19000
204.80000	 87.53000	 67.94517	 87.53000
205.00000	 87.94000	 68.38913	 87.94000
205.20000	 88.43000	 68.91297	 88.43000
205.40000	 88.96000	 69.47515	 88.96000
205.60000	 89.52000	 70.06500	 89.52000
205.80000	 90.07000	 70.64118	 90.07000
206.00000	 90.60000	 71.19331	 90.60000
206.20000	 91.02000	 71.62908	 91.02000
206.40000	 91.37000	 71.98975	 91.37000
206.60000	 91.66000	 72.28590	 91.66000
206.80000	 91.91000	 72.53841	 91.91000
207.00000	 92.10000	 72.72715	 92.10000
207.20000	 92.24000	 72.86277	 92.24000
207.40000	 92.32000	 72.93541	 92.32000
207.60000	 92.35000	 72.95572	 92.35000
207.80000	 92.33000	 72.92410	 92.33000
208.00000	 92.23000	 72.81016	 92.23000
208.20000	 92.05000	 72.61433	 92.05000
208.40000	 91.82000	 72.36780	 91.82000
208.60000	 91.57000	 72.10173	 91.57000
208.80000	 91.29000	 71.80617	 91.29000
209.00000	 91.02000	 71.52238	 91.02000
209.20000	 90.79000	 71.28124	 90.79000
209.40000	 90.55000	 71.03151	 90.55000
209.60000	 90.31000	 70.78342	 90.31000
209.80000	 90.06000	 70.52672	 90.06000
210.00000	 89.80000	 70.26141	 89.80000
210.20000	 89.51000	 69.96697	 89.51000
210.40000	 89.21000	 69.66396	 89.21000
210.60000	 88.90000	 69.35241	 88.90000
210.80000	 88.57000	 69.02209	 88.57000
211.00000	 88.20000	 68.65255	 88.20000
211.20000	 87.78000	 68.23364	 87.78000
211.40000	 87.38000	 67.83724	 87.38000
211.60000	 87.02000	 67.48390	 87.02000
211.80000	 86.71000	 67.18378	 86.71000
212.00000	 86.54000	 67.02896	 86.54000
212.20000	 86.50000	 67.00877	 86.50000
212.40000	 86.53000	 67.06114	 86.53000
212.60000	 86.62000	 67.17528	 86.62000
212.80000	 86.77000	 67.35071	 86.77000
213.00000	 86.94000	 67.54596	 86.94000
213.20000	 87.15000	 67.78120	 87.15000
213.40000	 87.39000	 68.04586	 87.39000
213.60000	 87.67000	 68.34995	 87.67000
213.80000	 87.97000	 68.67271	 87.97000
214.00000	 88.32000	 69.04473	 88.32000
214.20000	 88.68000	 69.42477	 88.68000
214.40000	 89.02000	 69.78197	 89.02000
214.60000	 89.33000	 70.10604	 89.33000
214.80000	 89.59000	 70.37653	 89.59000
215.00000	 89.77000	 70.56288	 89.77000
215.20000	 89.89000	 70.68588	 89.89000
215.40000	 89.96000	 70.75613	 89.96000
215.60000	 89.96000	 70.75348	 89.96000
215.80000	 89.83000	 70.61683	 89.83000
216.00000	 89.61000	 70.38772	 89.61000
216.20000	 89.34000	 70.10770	 89.34000
216.40000	 89.04000	 69.79775	 89.04000
216.60000	 88.74000	 69.48900	 88.74000
216.80000	 88.50000	 69.24319	 88.50000
217.00000	 88.30000	 69.03985	 88.30000
217.20000	 88.12000	 68.85840	 88.12000
217.40000	 87.96000	 68.69873	 87.96000
217.60000	 87.81000	 68.55047	 87.81000
217.80000	 87.69000	 68.43401	 87.69000
218.00000	 87.59000	 68.33893	 87.59000
218.20000	 87.48000	 68.23433	 87.48000
218.40000	 87.35000	 68.10988	 87.35000
218.60000	 87.19000	 67.95530	 87.19000
218.80000	 86.86000	 67.62713	 86.86000
219.00000	 86.42000	 67.18723	 86.42000
219.20000	 86.00000	 66.76931	 86.00000
219.40000	 85.63000	 66.40439	 85.63000
219.60000	 85.35000	 66.13352	 85.35000
219.80000	 85.38000	 66.18202	 85.38000
220.00000	 85.56000	 66.38514	 85.56000
220.20000	 85.82000	 66.67030	 85.82000
220.40000	 86.15000	 67.02651	 86.15000
220.60000	 86.50000	 67.40189	 86.50000
220.80000	 86.84000	 67.76524	 86.84000
221.00000	 87.20000	 68.14703	 87.20000
221.20000	 87.55000	 68.51630	 87.55000
221.40000	 87.89000	 68.87295	 87.89000
221.60000	 88.19000	 69.18622	 88.19000
221.80000	 88.45000	 69.45620	 88.45000
222.00000	 88.68000	 69.69330	 88.68000
222.20000	 88.87000	 69.88747	 88.87000
222.40000	 89.03000	 70.04919	 89.03000
222.60000	 89.14000	 70.15820	 89.14000
222.80000	 89.21000	 70.22504	 89.21000
223.00000	 89.25000	 70.26022	 89.25000
223.20000	 89.25000	 70.25378	 89.25000
223.40000	 89.22000	 70.21622	 89.22000
223.60000	 89.13000	 70.11704	 89.13000
223.80000	 89.02000	 69.99754	 89.02000
224.00000	 88.89000	 69.85794	 88.89000
224.20000	 88.74000	 69.69846	 88.74000
224.40000	 88.59000	 69.53976	 88.59000
224.60000	 88.50000	 69.44344	 88.50000
224.80000	 88.40000	 69.33770	 88.40000
225.00000	 88.27000	 69.20201	 88.27000
225.20000	 88.11000	 69.03640	 88.11000
225.40000	 87.85000	 68.76922	 87.85000
225.60000	 87.45000	 68.35970	 87.45000
225.80000	 87.05000	 67.95178	 87.05000
226.00000	 86.70000	 67.59700	 86.70000
226.20000	 86.42000	 67.31593	 86.42000
226.40000	 86.45000	 67.35445	 86.45000
226.60000	 86.64000	 67.55808	 86.64000
226.80000	 86.89000	 67.82350	 86.89000
227.00000	 87.16000	 68.10899	 87.16000
227.20000	 87.38000	 68.34232	 87.38000
227.40000	 87.41000	 68.37975	 87.41000
227.60000	 87.38000	 68.35477	 87.38000
227.80000	 87.30000	 68.27793	 87.30000
228.00000	 87.15000	 68.12902	 87.15000
228.20000	 86.93000	 67.90842	 86.93000
228.40000	 86.63000	 67.60626	 86.63000
228.60000	 86.29000	 67.26396	 86.29000
228.80000	 85.91000	 66.88188	 85.91000
229.00000	 85.52000	 66.49109	 85.52000
229.20000	 85.13000	 66.10205	 85.13000
229.40000	 84.76000	 65.73539	 84.76000
229.60000	 84.39000	 65.37064	 84.39000
229.80000	 84.03000	 65.01806	 84.03000
230.00000	 83.68000	 64.67761	 83.68000
230.20000	 83.35000	 64.35946	 83.35000
230.40000	 83.05000	 64.07377	 83.05000
230.60000	 82.77000	 63.81014	 82.77000
230.80000	 82.50000	 63.55816	 82.50000
231.00000	 82.25000	 63.32793	 82.25000
231.20000	 82.03000	 63.12956	 82.03000
231.40000	 81.85000	 62.97312	 81.85000
231.60000	 81.67000	 62.81741	 81.67000
231.80000	 81.48000	 62.65201	 81.48000
232.00000	 81.27000	 62.46661	 81.27000
232.20000	 80.98000	 62.19966	 80.98000
232.40000	 80.52000	 61.75909	 80.52000
232.60000	 80.07000	 61.32980	 80.07000
232.80000	 79.65000	 60.93258	 79.65000
233.00000	 79.30000	 60.60853	 79.30000
233.20000	 79.16000	 60.50106	 79.16000
233.40000	 79.27000	 60.65067	 79.27000
233.60000	 79.45000	 60.87199	 79.45000
233.80000	 79.67000	 61.13356	 79.67000
234.00000	 79.91000	 61.41431	 79.91000
234.20000	 80.03000	 61.57031	 80.03000
234.40000	 80.10000	 61.67331	 80.10000
234.60000	 80.14000	 61.74391	 80.14000
234.80000	 80.16000	 61.79251	 80.16000
235.00000	 80.18000	 61.83977	 80.18000
235.20000	 80.19000	 61.87555	 80.19000
235.40000	 80.20000	 61.91023	 80.20000
235.60000	 80.22000	 61.95414	 80.22000
235.80000	 80.25000	 62.00733	 80.25000
236.00000	 80.30000	 62.08008	 80.30000
236.20000	 80.37000	 62.17237	 80.37000
236.40000	 80.47000	 62.29440	 80.47000
236.60000	 80.61000	 62.45636	 80.61000
236.80000	 80.80000	 62.66835	 80.80000
237.00000	 81.04000	 62.93021	 81.04000
237.20000	 81.39000	 63.30322	 81.39000
237.40000	 81.79000	 63.72554	 81.79000
237.60000	 82.25000	 64.20710	 82.25000
237.80000	 82.75000	 64.72707	 82.75000
238.00000	 83.29000	 65.28518	 83.29000
238.20000	 83.91000	 65.92219	 83.91000
238.40000	 84.55000	 66.57631	 84.55000
238.60000	 85.18000	 67.21658	 85.18000
238.80000	 85.81000	 67.85317	 85.81000
239.00000	 86.40000	 68.44505	 86.40000
239.20000	 86.93000	 68.97184	 86.93000
239.40000	 87.39000	 69.42350	 87.39000
239.60000	 87.79000	 69.81063	 87.79000
239.80000	 88.10000	 70.10286	 88.10000
240.00000	 88.29000	 70.26991	 88.29000
240.20000	 88.20000	 70.14837	 88.20000
240.40000	 88.05000	 69.96472	 88.05000
240.60000	 87.87000	 69.75051	 87.87000
240.80000	 87.69000	 69.53710	 87.69000
241.00000	 87.63000	 69.44789	 87.63000
241.20000	 87.79000	 69.58538	 87.79000
241.40000	 87.99000	 69.76464	 87.99000
241.60000	 88.21000	 69.96476	 88.21000
241.80000	 88.42000	 70.15468	 88.42000
242.00000	 88.56000	 70.27271	 88.56000
242.20000	 88.60000	 70.28812	 88.60000
242.40000	 88.60000	 70.26262	 88.60000
242.60000	 88.53000	 70.16568	 88.53000
242.80000	 88.41000	 70.01811	 88.41000
243.00000	 88.17000	 69.74844	 88.17000
243.20000	 87.85000	 69.39813	 87.85000
243.40000	 87.48000	 68.99836	 87.48000
243.60000	 87.08000	 68.57002	 87.08000
243.80000	 86.65000	 68.11342	 86.65000
244.00000	 86.20000	 67.63906	 86.20000
244.20000	 85.76000	 67.17786	 85.76000
244.40000	 85.33000	 66.72989	 85.33000
244.60000	 84.93000	 66.31565	 84.93000
244.80000	 84.57000	 65.94530	 84.57000
245.00000	 84.31000	 65.68017	 84.31000
245.20000	 84.17000	 65.54039	 84.17000
245.40000	 84.08000	 65.45373	 84.08000
245.60000	 84.03000	 65.40945	 84.03000
245.80000	 84.02000	 65.40716	 84.02000
246.00000	 84.02000	 65.41572	 84.02000
246.20000	 84.01000	 65.41436	 84.01000
246.40000	 84.02000	 65.43366	 84.02000
246.60000	 84.02000	 65.44269	 84.02000
246.80000	 84.01000	 65.44139	 84.01000
247.00000	 83.98000	 65.41945	 83.98000
247.20000	 83.90000	 65.34614	 83.90000
247.40000	 83.81000	 65.26259	 83.81000
247.60000	 83.70000	 65.15863	 83.70000
247.80000	 83.57000	 65.03437	 83.57000
248.00000	 83.39000	 64.85918	 83.39000
248.20000	 83.13000	 64.60249	 83.13000
248.40000	 82.89000	 64.36706	 82.89000
248.60000	 82.71000	 64.19404	 82.71000
248.80000	 82.62000	 64.11413	 82.62000
249.00000	 82.77000	 64.28087	 82.77000
249.20000	 83.17000	 64.70386	 83.17000
249.40000	 83.65000	 65.20790	 83.65000
249.60000	 84.16000	 65.74094	 84.16000
249.80000	 84.69000	 66.29214	 84.69000
250.00000	 85.08000	 66.69710	 85.08000
250.20000	 85.42000	 67.04808	 85.42000
250.40000	 85.70000	 67.33499	 85.70000
250.60000	 85.93000	 67.56832	 85.93000
250.80000	 86.10000	 67.73813	 86.10000
251.00000	 86.16000	 67.79352	 86.16000
251.20000	 86.16000	 67.78619	 86.16000
251.40000	 86.09000	 67.70638	 86.09000
251.60000	 85.97000	 67.57503	 85.97000
251.80000	 85.80000	 67.39257	 85.80000
252.00000	 85.57000	 67.14914	 85.57000
252.20000	 85.30000	 66.86561	 85.30000
252.40000	 84.99000	 66.54232	 84.99000
252.60000	 84.66000	 66.20006	 84.66000
252.80000	 84.31000	 65.83906	 84.31000
253.00000	 83.97000	 65.49025	 83.97000
253.20000	 83.62000	 65.13321	 83.62000
253.40000	 83.26000	 64.76798	 83.26000
253.60000	 82.91000	 64.41512	 82.91000
253.80000	 82.55000	 64.05410	 82.55000
254.00000	 82.21000	 63.71566	 82.21000
254.20000	 81.87000	 63.37923	 81.87000
254.40000	 81.54000	 63.05499	 81.54000
254.60000	 81.22000	 62.74287	 81.22000
254.80000	 80.91000	 62.44275	 80.91000
255.00000	 80.64000	 62.18529	 80.64000
255.20000	 80.38000	 61.93957	 80.38000
255.40000	 80.13000	 61.70543	 80.13000
255.60000	 79.89000	 61.48275	 79.89000
255.80000	 79.64000	 61.25088	 79.64000
256.00000	 79.29000	 60.91753	 79.29000
256.20000	 78.94000	 60.58531	 78.94000
256.40000	 78.63000	 60.29533	 78.63000
256.60000	 78.39000	 60.07829	 78.39000
256.80000	 78.25000	 59.96475	 78.25000
257.00000	 78.34000	 60.08764	 78.34000
257.20000	 78.55000	 60.33349	 78.55000
257.40000	 78.88000	 60.70157	 78.88000
257.60000	 79.31000	 61.17067	 79.31000
257.80000	 79.83000	 61.72983	 79.83000
258.00000	 80.49000	 62.42968	 80.49000
258.20000	 81.21000	 63.18752	 81.21000
258.40000	 81.97000	 63.98232	 81.97000
258.60000	 82.74000	 64.78289	 82.74000
258.80000	 83.48000	 65.54798	 83.48000
259.00000	 84.16000	 66.24677	 84.16000
259.20000	 84.79000	 66.88964	 84.79000
259.40000	 85.36000	 67.46656	 85.36000
259.60000	 85.86000	 67.96762	 85.86000
259.80000	 86.22000	 68.32148	 86.22000
260.00000	 86.45000	 68.53898	 86.45000
260.20000	 86.59000	 68.66183	 86.59000
260.40000	 86.67000	 68.72147	 86.67000
260.60000	 86.68000	 68.70826	 86.68000
260.80000	 86.66000	 68.66375	 86.66000
261.00000	 86.61000	 68.58842	 86.61000
261.20000	 86.52000	 68.47237	 86.52000
261.40000	 86.41000	 68.33644	 86.41000
261.60000	 86.27000	 68.17064	 86.27000
261.80000	 86.13000	 68.00594	 86.13000
262.00000	 86.02000	 67.87324	 86.02000
262.20000	 85.88000	 67.71107	 85.88000
262.40000	 85.73000	 67.54000	 85.73000
262.60000	 85.54000	 67.32931	 85.54000
262.80000	 85.32000	 67.08938	 85.32000
263.00000	 85.01000	 66.75881	 85.01000
263.20000	 84.67000	 66.39935	 84.67000
263.40000	 84.32000	 66.03171	 84.32000
263.60000	 83.95000	 65.64579	 83.95000
263.80000	 83.58000	 65.26220	 83.58000
264.00000	 83.26000	 64.93225	 83.26000
264.20000	 82.94000	 64.60460	 82.94000
264.40000	 82.61000	 64.26891	 82.61000
264.60000	 82.27000	 63.92513	 82.27000
264.80000	 81.93000	 63.58347	 81.93000
265.00000	 81.45000	 63.10039	 81.45000
265.20000	 80.98000	 62.62985	 80.98000
265.40000	 80.54000	 62.19248	 80.54000
265.60000	 80.16000	 61.81902	 80.16000
265.80000	 79.88000	 61.55031	 79.88000
266.00000	 79.86000	 61.55001	 79.86000
266.20000	 79.93000	 61.64311	 79.93000
266.40000	 80.07000	 61.80838	 80.07000
266.60000	 80.28000	 62.04518	 80.28000
266.80000	 80.52000	 62.31194	 80.52000
267.00000	 80.75000	 62.56721	 80.75000
267.20000	 81.02000	 62.86196	 81.02000
267.40000	 81.31000	 63.17546	 81.31000
267.60000	 81.62000	 63.50750	 81.62000
267.80000	 81.96000	 63.86819	 81.96000
268.00000	 82.33000	 64.25737	 82.33000
268.20000	 82.71000	 64.65441	 82.71000
268.40000	 83.08000	 65.03872	 83.08000
268.60000	 83.45000	 65.42054	 83.45000
268.80000	 83.79000	 65.76912	 83.79000
269.00000	 84.07000	 66.05383	 84.07000
269.20000	 84.33000	 66.31586	 84.33000
269.40000	 84.57000	 66.55543	 84.57000
269.60000	 84.79000	 66.77273	 84.79000
269.80000	 85.01000	 66.98847	 85.01000
270.00000	 85.25000	 67.22328	 85.25000
270.20000	 85.47000	 67.43625	 85.47000
270.40000	 85.66000	 67.61723	 85.66000
270.60000	 85.82000	 67.76636	 85.82000
270.80000	 85.92000	 67.85307	 85.92000
271.00000	 85.89000	 67.80586	 85.89000
271.20000	 85.82000	 67.71742	 85.82000
271.40000	 85.71000	 67.58813	 85.71000
271.60000	 85.59000	 67.44909	 85.59000
271.80000	 85.46000	 67.30054	 85.46000
272.00000	 85.39000	 67.21441	 85.39000
272.20000	 85.32000	 67.12920	 85.32000
272.40000	 85.28000	 67.07564	 85.28000
272.60000	 85.25000	 67.03315	 85.25000
272.80000	 85.24000	 67.01189	 85.24000
273.00000	 85.32000	 67.08351	 85.32000
273.20000	 85.42000	 67.17600	 85.42000
273.40000	 85.53000	 67.27888	 85.53000
273.60000	 85.62000	 67.36124	 85.62000
273.80000	 85.68000	 67.41275	 85.68000
274.00000	 85.66000	 67.38216	 85.66000
274.20000	 85.58000	 67.29016	 85.58000
274.40000	 85.47000	 67.16772	 85.47000
274.60000	 85.32000	 67.00482	 85.32000
274.80000	 85.14000	 66.81194	 85.14000
275.00000	 84.91000	 66.56879	 84.91000
275.20000	 84.66000	 66.30634	 84.66000
275.40000	 84.39000	 66.02479	 84.39000
275.60000	 84.11000	 65.73454	 84.11000
275.80000	 83.84000	 65.45620	 83.84000
276.00000	 83.57000	 65.17956	 83.57000
276.20000	 83.32000	 64.92512	 83.32000
276.40000	 83.10000	 64.70309	 83.10000
276.60000	 82.91000	 64.51335	 82.91000
276.80000	 82.75000	 64.35575	 82.75000
277.00000	 82.65000	 64.26086	 82.65000
277.20000	 82.60000	 64.21816	 82.60000
277.40000	 82.60000	 64.22737	 82.60000
277.60000	 82.66000	 64.29844	 82.66000
277.80000	 82.77000	 64.42079	 82.77000
278.00000	 83.03000	 64.69657	 83.03000
278.20000	 83.35000	 65.03302	 83.35000
278.40000	 83.71000	 65.40916	 83.71000
278.60000	 84.08000	 65.79385	 84.08000
278.80000	 84.44000	 66.16632	 84.44000
279.00000	 84.71000	 66.44444	 84.71000
279.20000	 84.93000	 66.66930	 84.93000
279.40000	 85.12000	 66.86161	 85.12000
279.60000	 85.29000	 67.03183	 85.29000
279.80000	 85.43000	 67.16990	 85.43000
280.00000	 85.54000	 67.27605	 85.54000
280.20000	 85.64000	 67.37099	 85.64000
280.40000	 85.72000	 67.44465	 85.72000
280.60000	 85.78000	 67.49719	 85.78000
280.80000	 85.82000	 67.52878	 85.82000
281.00000	 85.85000	 67.54983	 85.85000
281.20000	 85.88000	 67.57072	 85.88000
281.40000	 85.89000	 67.57103	 85.89000
281.60000	 85.89000	 67.56112	 85.89000
281.80000	 85.88000	 67.54107	 85.88000
282.00000	 85.87000	 67.52123	 85.87000
282.20000	 85.90000	 67.54264	 85.90000
282.40000	 85.93000	 67.56425	 85.93000
282.60000	 85.91000	 67.53478	 85.91000
282.80000	 85.86000	 67.47480	 85.86000
283.00000	 85.74000	 67.34344	 85.74000
283.20000	 85.46000	 67.04865	 85.46000
283.40000	 85.07000	 66.64216	 85.07000
283.60000	 84.62000	 66.17575	 84.62000
283.80000	 84.14000	 65.68063	 84.14000
284.00000	 83.65000	 65.17767	 83.65000
284.20000	 83.20000	 64.71835	 83.20000
284.40000	 82.81000	 64.32324	 82.81000
284.60000	 82.44000	 63.95122	 82.44000
284.80000	 82.08000	 63.59189	 82.08000
285.00000	 81.73000	 63.24513	 81.73000
285.20000	 81.36000	 62.88002	 81.36000
285.40000	 80.88000	 62.40427	 80.88000
285.60000	 80.44000	 61.97175	 80.44000
285.80000	 80.08000	 61.62348	 80.08000
286.00000	 79.82000	 61.37976	 79.82000
286.20000	 79.71000	 61.29148	 79.71000
286.40000	 80.00000	 61.61433	 80.00000
286.60000	 80.42000	 62.07034	 80.42000
286.80000	 80.93000	 62.61743	 80.93000
287.00000	 81.50000	 63.22394	 81.50000
287.20000	 82.09000	 63.84814	 82.09000
287.40000	 82.61000	 64.39728	 82.61000
287.60000	 83.11000	 64.92244	 83.11000
