  0.00000	 95.47000	 69.01157	 95.47000
  0.20000	 95.13000	 68.64827	 95.13000
  0.40000	 94.77000	 68.26500	 94.77000
  0.60000	 94.40000	 67.87507	 94.40000
  0.80000	 94.01000	 67.47286	 94.01000
  1.00000	 93.63000	 67.08896	 93.63000
  1.20000	 93.25000	 66.71664	 93.25000
  1.40000	 92.90000	 66.38529	 92.90000
  1.60000	 92.58000	 66.09609	 92.58000
  1.80000	 92.30000	 65.85878	 92.30000
  2.00000	 92.07000	 65.68244	 92.07000
  2.20000	 91.92000	 65.59389	 91.92000
  2.40000	 91.84000	 65.58251	 91.84000
  2.60000	 91.82000	 65.63712	 91.82000
  2.80000	 91.86000	 65.75535	 91.86000
  3.00000	 91.97000	 65.94373	 91.97000
  3.20000	 92.16000	 66.20849	 92.16000
  3.40000	 92.42000	 66.53725	 92.42000
  3.60000	 92.74000	 66.91747	 92.74000
  3.80000	 93.11000	 67.33668	 93.11000
  4.00000	 93.62000	 67.87411	 93.62000
  4.20000	 94.16000	 68.42516	 94.16000
  4.40000	 94.70000	 68.95896	 94.70000
  4.60000	 95.23000	 69.46372	 95.23000
  4.80000	 95.65000	 69.84590	 95.65000
  5.00000	 96.00000	 70.14179	 96.00000
  5.20000	 96.29000	 70.36113	 96.29000
  5.40000	 96.51000	 70.49603	 96.51000
  5.60000	 96.63000	 70.52093	 96.63000
  5.80000	 96.68000	 70.46608	 96.68000
  6.00000	 96.66000	 70.33460	 96.66000
  6.20000	 96.58000	 70.13905	 96.58000
  6.40000	 96.46000	 69.90129	 96.46000
  6.60000	 96.29000	 69.61555	 96.29000
  6.80000	 96.09000	 69.30348	 96.09000
  7.00000	 95.86000	 68.96816	 95.86000
  7.20000	 95.62000	 68.63072	 95.62000
  7.40000	 95.39000	 68.31187	 95.39000
  7.60000	 95.15000	 67.99509	 95.15000
  7.80000	 94.91000	 67.69105	 94.91000
  8.00000	 94.67000	 67.40085	 94.67000
  8.20000	 94.42000	 67.11612	 94.42000
  8.40000	 94.15000	 66.82829	 94.15000
  8.60000	 93.87000	 66.54703	 93.87000
  8.80000	 93.60000	 66.29102	 93.60000
  9.00000	 93.35000	 66.06943	 93.35000
  9.20000	 93.11000	 65.87277	 93.11000
  9.40000	 92.89000	 65.70964	 92.89000
  9.60000	 92.71000	 65.59754	 92.71000
  9.80000	 92.55000	 65.51695	 92.55000
 10.00000	 92.44000	 65.49399	 92.44000
 10.20000	 92.38000	 65.52694	 92.38000
 10.40000	 92.39000	 65.63210	 92.39000
 10.60000	 92.45000	 65.78871	 92.45000
 10.80000	 92.54000	 65.97589	 92.54000
 11.00000	 92.66000	 66.19116	 92.66000
 11.20000	 92.82000	 66.44134	 92.82000
 11.40000	 93.00000	 66.70575	 93.00000
 11.60000	 93.19000	 66.97315	 93.19000
 11.80000	 93.37000	 67.22341	 93.37000
 12.00000	 93.51000	 67.42771	 93.51000
 12.20000	 93.62000	 67.59458	 93.62000
 12.40000	 93.70000	 67.72384	 93.70000
 12.60000	 93.73000	 67.79742	 93.73000
 12.80000	 93.72000	 67.82525	 93.72000
 13.00000	 93.65000	 67.79013	 93.65000
 13.20000	 93.54000	 67.71197	 93.54000
 13.40000	 93.39000	 67.59253	 93.39000
 13.60000	 93.20000	 67.43370	 93.20000
 13.80000	 92.97000	 67.23750	 92.97000
 14.00000	 92.71000	 67.01513	 92.71000
 14.20000	 92.43000	 66.77776	 92.43000
 14.40000	 92.13000	 66.52720	 92.13000
 14.60000	 91.81000	 66.26511	 91.81000
 14.80000	 91.47000	 65.99300	 91.47000
 15.00000	 91.14000	 65.73972	 91.14000
 15.20000	 90.82000	 65.50620	 90.82000
 15.40000	 90.53000	 65.31136	 90.53000
 15.60000	 90.29000	 65.17361	 90.29000
 15.80000	 90.12000	 65.11079	 90.12000
 16.00000	 89.99000	 65.09422	 89.99000
 16.20000	 89.89000	 65.11327	 89.89000
 16.40000	 89.81000	 65.15720	 89.81000
 16.60000	 89.71000	 65.18774	 89.71000
 16.80000	 89.62000	 65.23118	 89.62000
 17.00000	 89.57000	 65.31381	 89.57000
 17.20000	 89.58000	 65.45261	 89.58000
 17.40000	 89.66000	 65.65501	 89.66000
 17.60000	 89.94000	 66.03802	 89.94000
 17.80000	 90.27000	 66.46069	 90.27000
 18.00000	 90.64000	 66.91047	 90.64000
 18.20000	 91.03000	 67.36594	 91.03000
 18.40000	 91.39000	 67.77864	 91.39000
 18.60000	 91.73000	 68.15593	 91.73000
 18.80000	 92.03000	 68.47837	 92.03000
 19.00000	 92.30000	 68.75471	 92.30000
 19.20000	 92.47000	 68.92098	 92.47000
 19.40000	 92.57000	 69.00590	 92.57000
 19.60000	 92.61000	 69.02053	 92.61000
 19.80000	 92.61000	 68.98548	 92.61000
 20.00000	 92.58000	 68.91235	 92.58000
 20.20000	 92.52000	 68.80361	 92.52000
 20.40000	 92.43000	 68.66167	 92.43000
 20.60000	 92.29000	 68.47060	 92.29000
 20.80000	 92.11000	 68.24207	 92.11000
 21.00000	 91.86000	 67.95106	 91.86000
 21.20000	 91.58000	 67.63693	 91.58000
 21.40000	 91.28000	 67.31135	 91.28000
 21.60000	 90.95000	 66.96738	 90.95000
 21.80000	 90.61000	 66.62538	 90.61000
 22.00000	 90.25000	 66.27787	 90.25000
 22.20000	 89.91000	 65.96297	 89.91000
 22.40000	 89.58000	 65.67239	 89.58000
 22.60000	 89.28000	 65.42495	 89.28000
 22.80000	 89.08000	 65.28475	 89.08000
 23.00000	 88.93000	 65.20485	 88.93000
 23.20000	 88.81000	 65.16539	 88.81000
 23.40000	 88.70000	 65.14630	 88.70000
 23.60000	 88.60000	 65.14593	 88.60000
 23.80000	 88.47000	 65.12602	 88.47000
 24.00000	 88.35000	 65.12204	 88.35000
 24.20000	 88.26000	 65.15118	 88.26000
 24.40000	 88.22000	 65.23045	 88.22000
 24.60000	 88.24000	 65.36740	 88.24000
 24.80000	 88.32000	 65.56012	 88.32000
 25.00000	 88.45000	 65.79727	 88.45000
 25.20000	 88.65000	 66.09487	 88.65000
 25.40000	 88.91000	 66.44127	 88.91000
 25.60000	 89.25000	 66.85217	 89.25000
 25.80000	 89.66000	 67.31560	 89.66000
 26.00000	 90.13000	 67.81952	 90.13000
 26.20000	 90.72000	 68.41605	 90.72000
 26.40000	 91.43000	 69.10194	 91.43000
 26.60000	 92.17000	 69.79109	 92.17000
 26.80000	 92.89000	 70.43465	 92.89000
 27.00000	 93.52000	 70.96639	 93.52000
 27.20000	 94.03000	 71.35822	 94.03000
 27.40000	 94.47000	 71.65685	 94.47000
 27.60000	 94.81000	 71.83652	 94.81000
 27.80000	 95.03000	 71.88160	 95.03000
 28.00000	 95.11000	 71.77737	 95.11000
 28.20000	 95.12000	 71.59252	 95.12000
 28.40000	 95.08000	 71.35004	 95.08000
 28.60000	 95.03000	 71.09108	 95.03000
 28.80000	 95.04000	 70.88374	 95.04000
 29.00000	 95.04000	 70.66673	 95.04000
 29.20000	 95.03000	 70.44254	 95.03000
 29.40000	 94.99000	 70.19501	 94.99000
 29.60000	 94.93000	 69.93534	 94.93000
 29.80000	 94.83000	 69.64706	 94.83000
 30.00000	 94.70000	 69.34114	 94.70000
 30.20000	 94.54000	 69.01930	 94.54000
 30.40000	 94.35000	 68.68311	 94.35000
 30.60000	 94.10000	 68.30655	 94.10000
 30.80000	 93.81000	 67.90955	 93.81000
 31.00000	 93.51000	 67.52114	 93.51000
 31.20000	 93.18000	 67.12420	 93.18000
 31.40000	 92.86000	 66.75644	 92.86000
 31.60000	 92.53000	 66.40013	 92.53000
 31.80000	 92.21000	 66.07394	 92.21000
 32.00000	 91.91000	 65.78703	 91.91000
 32.20000	 91.64000	 65.54811	 91.64000
 32.40000	 91.39000	 65.34716	 91.39000
 32.60000	 91.21000	 65.22885	 91.21000
 32.80000	 91.09000	 65.18224	 91.09000
 33.00000	 91.00000	 65.17758	 91.00000
 33.20000	 90.95000	 65.22171	 90.95000
 33.40000	 90.92000	 65.29387	 90.92000
 33.60000	 90.90000	 65.38251	 90.90000
 33.80000	 90.89000	 65.48549	 90.89000
 34.00000	 90.92000	 65.62831	 90.92000
 34.20000	 90.97000	 65.79061	 90.97000
 34.40000	 91.06000	 65.98876	 91.06000
 34.60000	 91.19000	 66.22080	 91.19000
 34.80000	 91.36000	 66.48471	 91.36000
 35.00000	 91.56000	 66.76934	 91.56000
 35.20000	 91.79000	 67.07281	 91.79000
 35.40000	 92.06000	 67.40250	 92.06000
 35.60000	 92.36000	 67.74754	 92.36000
 35.80000	 92.68000	 68.09715	 92.68000
 36.00000	 93.01000	 68.44079	 93.01000
 36.20000	 93.33000	 68.75906	 93.33000
 36.40000	 93.62000	 69.03300	 93.62000
 36.60000	 93.90000	 69.28084	 93.90000
 36.80000	 94.16000	 69.49364	 94.16000
 37.00000	 94.37000	 69.64447	 94.37000
 37.20000	 94.54000	 69.74357	 94.54000
 37.40000	 94.66000	 69.78324	 94.66000
 37.60000	 94.74000	 69.77448	 94.74000
 37.80000	 94.76000	 69.70101	 94.76000
 38.00000	 94.74000	 69.58351	 94.74000
 38.20000	 94.65000	 69.39696	 94.65000
 38.40000	 94.51000	 69.16243	 94.51000
 38.60000	 94.33000	 68.89188	 94.33000
 38.80000	 94.11000	 68.58803	 94.11000
 39.00000	 93.84000	 68.24433	 93.84000
 39.20000	 93.53000	 67.87254	 93.53000
 39.40000	 93.19000	 67.48427	 93.19000
 39.60000	 92.84000	 67.10007	 92.84000
 39.80000	 92.48000	 66.72174	 92.48000
 40.00000	 92.15000	 66.38738	 92.15000
 40.20000	 91.83000	 66.07945	 91.83000
 40.40000	 91.52000	 65.79829	 91.52000
 40.60000	 91.22000	 65.54393	 91.22000
 40.80000	 90.91000	 65.29778	 90.91000
 41.00000	 90.60000	 65.06866	 90.60000
 41.20000	 90.27000	 64.83779	 90.27000
 41.40000	 89.97000	 64.65059	 89.97000
 41.60000	 89.69000	 64.49710	 89.69000
 41.80000	 89.44000	 64.38547	 89.44000
 42.00000	 89.26000	 64.35106	 89.26000
 42.20000	 89.16000	 64.40115	 89.16000
 42.40000	 89.10000	 64.49669	 89.10000
 42.60000	 89.08000	 64.63516	 89.08000
 42.80000	 89.09000	 64.80484	 89.09000
 43.00000	 89.13000	 65.00329	 89.13000
 43.20000	 89.19000	 65.21898	 89.19000
 43.40000	 89.27000	 65.44975	 89.27000
 43.60000	 89.37000	 65.69364	 89.37000
 43.80000	 89.49000	 65.94887	 89.49000
 44.00000	 89.57000	 66.15887	 89.57000
 44.20000	 89.67000	 66.37771	 89.67000
 44.40000	 89.81000	 66.62289	 89.81000
 44.60000	 90.03000	 66.93011	 90.03000
 44.80000	 90.37000	 67.33460	 90.37000
 45.00000	 90.90000	 67.89836	 90.90000
 45.20000	 91.49000	 68.49891	 91.49000
 45.40000	 92.11000	 69.10559	 92.11000
 45.60000	 92.74000	 69.69736	 92.74000
 45.80000	 93.32000	 70.21713	 93.32000
 46.00000	 93.86000	 70.67303	 93.86000
 46.20000	 94.34000	 71.04653	 94.34000
 46.40000	 94.73000	 71.31084	 94.73000
 46.60000	 94.97000	 71.41268	 94.97000
 46.80000	 95.11000	 71.40091	 95.11000
 47.00000	 95.17000	 71.29762	 95.17000
 47.20000	 95.15000	 71.10689	 95.15000
 47.40000	 95.01000	 70.79640	 95.01000
 47.60000	 94.81000	 70.42596	 94.81000
 47.80000	 94.56000	 70.00943	 94.56000
 48.00000	 94.27000	 69.56037	 94.27000
 48.20000	 93.98000	 69.11945	 93.98000
 48.40000	 93.70000	 68.69915	 93.70000
 48.60000	 93.40000	 68.27455	 93.40000
 48.80000	 93.10000	 67.86615	 93.10000
 49.00000	 92.80000	 67.47562	 92.80000
 49.20000	 92.50000	 67.10415	 92.50000
 49.40000	 92.20000	 66.75256	 92.20000
 49.60000	 91.91000	 66.43044	 91.91000
 49.80000	 91.64000	 66.14704	 91.64000
 50.00000	 91.39000	 65.90199	 91.39000
 50.20000	 91.20000	 65.73125	 91.20000
 50.40000	 91.07000	 65.63344	 91.07000
 50.60000	 90.94000	 65.55173	 90.94000
 50.80000	 90.82000	 65.49351	 90.82000
 51.00000	 90.70000	 65.44787	 90.70000
 51.20000	 90.51000	 65.34909	 90.51000
 51.40000	 90.28000	 65.22382	 90.28000
 51.60000	 90.05000	 65.10825	 90.05000
 51.80000	 89.84000	 65.02022	 89.84000
 52.00000	 89.67000	 64.97736	 89.67000
 52.20000	 89.57000	 65.00610	 89.57000
 52.40000	 89.52000	 65.08653	 89.52000
 52.60000	 89.52000	 65.21677	 89.52000
 52.80000	 89.57000	 65.39474	 89.57000
 53.00000	 89.69000	 65.63655	 89.69000
 53.20000	 89.89000	 65.94885	 89.89000
 53.40000	 90.14000	 66.30132	 90.14000
 53.60000	 90.44000	 66.69122	 90.44000
 53.80000	 90.81000	 67.13417	 90.81000
 54.00000	 91.27000	 67.64571	 91.27000
 54.20000	 91.78000	 68.18617	 91.78000
 54.40000	 92.30000	 68.71612	 92.30000
 54.60000	 92.79000	 69.19667	 92.79000
 54.80000	 93.19000	 69.57150	 93.19000
 55.00000	 93.51000	 69.84968	 93.51000
 55.20000	 93.77000	 70.05047	 93.77000
 55.40000	 93.95000	 70.15713	 93.95000
 55.60000	 94.06000	 70.18112	 94.06000
 55.80000	 94.07000	 70.09772	 94.07000
 56.00000	 94.02000	 69.94700	 94.02000
 56.20000	 93.93000	 69.75086	 93.93000
 56.40000	 93.80000	 69.51276	 93.80000
 56.60000	 93.67000	 69.27269	 93.67000
 56.80000	 93.51000	 69.00601	 93.51000
 57.00000	 93.34000	 68.73370	 93.34000
 57.20000	 93.16000	 68.45803	 93.16000
 57.40000	 92.98000	 68.19014	 92.98000
 57.60000	 92.83000	 67.95906	 92.83000
 57.80000	 92.66000	 67.71991	 92.66000
 58.00000	 92.49000	 67.49189	 92.49000
 58.20000	 92.30000	 67.25726	 92.30000
 58.40000	 92.09000	 67.01658	 92.09000
 58.60000	 91.84000	 66.75205	 91.84000
 58.80000	 91.58000	 66.49181	 91.58000
 59.00000	 91.32000	 66.24551	 91.32000
 59.20000	 91.05000	 66.00426	 91.05000
 59.40000	 90.78000	 65.77737	 90.78000
 59.60000	 90.52000	 65.57398	 90.52000
 59.80000	 90.27000	 65.39381	 90.27000
 60.00000	 90.05000	 65.25470	 90.05000
 60.20000	 89.86000	 65.15584	 89.86000
 60.40000	 89.71000	 65.10526	 89.71000
 60.60000	 89.62000	 65.11987	 89.62000
 60.80000	 89.59000	 65.19778	 89.59000
 61.00000	 89.61000	 65.32764	 89.61000
 61.20000	 89.71000	 65.53454	 89.71000
 61.40000	 89.92000	 65.84317	 89.92000
 61.60000	 90.23000	 66.24101	 90.23000
 61.80000	 90.59000	 66.67855	 90.59000
 62.00000	 90.98000	 67.13395	 90.98000
 62.20000	 91.40000	 67.60407	 91.40000
 62.40000	 91.78000	 68.02202	 91.78000
 62.60000	 92.17000	 68.43182	 92.17000
 62.80000	 92.57000	 68.83204	 92.57000
 63.00000	 92.98000	 69.22163	 92.98000
 63.20000	 93.42000	 69.61812	 93.42000
 63.40000	 93.87000	 70.00250	 93.87000
 63.60000	 94.30000	 70.34685	 94.30000
 63.80000	 94.69000	 70.63288	 94.69000
 64.00000	 95.00000	 70.82461	 95.00000
 64.20000	 95.24000	 70.93270	 95.24000
 64.40000	 95.43000	 70.97761	 95.43000
 64.60000	 95.55000	 70.94344	 95.55000
 64.80000	 95.61000	 70.84223	 95.61000
 65.00000	 95.61000	 70.67706	 95.61000
 65.20000	 95.57000	 70.46950	 95.57000
 65.40000	 95.49000	 70.22272	 95.49000
 65.60000	 95.39000	 69.95811	 95.39000
 65.80000	 95.30000	 69.70589	 95.30000
 66.00000	 95.18000	 69.43162	 95.18000
 66.20000	 95.03000	 69.13736	 95.03000
 66.40000	 94.85000	 68.82502	 94.85000
 66.60000	 94.59000	 68.45061	 94.59000
 66.80000	 94.27000	 68.03456	 94.27000
 67.00000	 93.93000	 67.61569	 93.93000
 67.20000	 93.56000	 67.18668	 93.56000
 67.40000	 93.18000	 66.76751	 93.18000
 67.60000	 92.79000	 66.35942	 92.79000
 67.80000	 92.40000	 65.97252	 92.40000
 68.00000	 92.03000	 65.62566	 92.03000
 68.20000	 91.68000	 65.31889	 91.68000
 68.40000	 91.37000	 65.07013	 91.37000
 68.60000	 91.17000	 64.94258	 91.17000
 68.80000	 91.02000	 64.87925	 91.02000
 69.00000	 90.90000	 64.85947	 90.90000
 69.20000	 90.80000	 64.87163	 90.80000
 69.40000	 90.72000	 64.91335	 90.72000
 69.60000	 90.59000	 64.91819	 90.59000
 69.80000	 90.49000	 64.95783	 90.49000
 70.00000	 90.44000	 65.04890	 90.44000
 70.20000	 90.46000	 65.20778	 90.46000
 70.40000	 90.63000	 65.50543	 90.63000
 70.60000	 90.92000	 65.91103	 90.92000
 70.80000	 91.26000	 66.35656	 91.26000
 71.00000	 91.62000	 66.81088	 91.62000
 71.20000	 91.97000	 67.24334	 91.97000
 71.40000	 92.29000	 67.63319	 92.29000
 71.60000	 92.57000	 67.96967	 92.57000
 71.80000	 92.78000	 68.22448	 92.78000
 72.00000	 92.88000	 68.36114	 92.88000
 72.20000	 92.77000	 68.28938	 92.77000
 72.40000	 92.60000	 68.14983	 92.60000
 72.60000	 92.38000	 67.95504	 92.38000
 72.80000	 92.14000	 67.73592	 92.14000
 73.00000	 91.98000	 67.58722	 91.98000
 73.20000	 91.83000	 67.44674	 91.83000
 73.40000	 91.71000	 67.33437	 91.71000
 73.60000	 91.60000	 67.23279	 91.60000
 73.80000	 91.50000	 67.14278	 91.50000
 74.00000	 91.40000	 67.05568	 91.40000
 74.20000	 91.34000	 67.00854	 91.34000
 74.40000	 91.33000	 67.01046	 91.33000
 74.60000	 91.37000	 67.06090	 91.37000
 74.80000	 91.56000	 67.25051	 91.56000
 75.00000	 91.87000	 67.54963	 91.87000
 75.20000	 92.23000	 67.89120	 92.23000
 75.40000	 92.61000	 68.24484	 92.61000
 75.60000	 92.99000	 68.58969	 92.99000
 75.80000	 93.34000	 68.89622	 93.34000
 76.00000	 93.65000	 69.15394	 93.65000
 76.20000	 93.90000	 69.34391	 93.90000
 76.40000	 94.08000	 69.45713	 94.08000
 76.60000	 94.08000	 69.39375	 94.08000
 76.80000	 93.98000	 69.22962	 93.98000
 77.00000	 93.83000	 69.01370	 93.83000
 77.20000	 93.65000	 68.76749	 93.65000
 77.40000	 93.49000	 68.53979	 93.49000
 77.60000	 93.34000	 68.32377	 93.34000
 77.80000	 93.19000	 68.11210	 93.19000
 78.00000	 93.04000	 67.90630	 93.04000
 78.20000	 92.88000	 67.69841	 92.88000
 78.40000	 92.70000	 67.48029	 92.70000
 78.60000	 92.52000	 67.27122	 92.52000
 78.80000	 92.35000	 67.08106	 92.35000
 79.00000	 92.20000	 66.91938	 92.20000
 79.20000	 92.09000	 66.80452	 92.09000
 79.40000	 92.04000	 66.75436	 92.04000
 79.60000	 92.03000	 66.74956	 92.03000
 79.80000	 92.06000	 66.78877	 92.06000
 80.00000	 92.12000	 66.86127	 92.12000
 80.20000	 92.23000	 66.98371	 92.23000
 80.40000	 92.38000	 67.14505	 92.38000
 80.60000	 92.57000	 67.34329	 92.57000
 80.80000	 92.80000	 67.57639	 92.80000
 81.00000	 93.08000	 67.85143	 93.08000
 81.20000	 93.47000	 68.22123	 93.47000
 81.40000	 93.86000	 68.58228	 93.86000
 81.60000	 94.23000	 68.91401	 94.23000
 81.80000	 94.54000	 69.17823	 94.54000
 82.00000	 94.69000	 69.28270	 94.69000
 82.20000	 94.75000	 69.29262	 94.75000
 82.40000	 94.74000	 69.22817	 94.74000
 82.60000	 94.67000	 69.10083	 94.67000
 82.80000	 94.50000	 68.87655	 94.50000
 83.00000	 94.29000	 68.61345	 94.29000
 83.20000	 94.04000	 68.31458	 94.04000
 83.40000	 93.79000	 68.01950	 93.79000
 83.60000	 93.57000	 67.75811	 93.57000
 83.80000	 93.39000	 67.54126	 93.39000
 84.00000	 93.22000	 67.34245	 93.22000
 84.20000	 93.07000	 67.17146	 93.07000
 84.40000	 92.93000	 67.01937	 92.93000
 84.60000	 92.79000	 66.87703	 92.79000
 84.80000	 92.67000	 66.76266	 92.67000
 85.00000	 92.58000	 66.68504	 92.58000
 85.20000	 92.52000	 66.64347	 92.52000
 85.40000	 92.50000	 66.64617	 92.50000
 85.60000	 92.53000	 66.70104	 92.53000
 85.80000	 92.60000	 66.79733	 92.60000
 86.00000	 92.71000	 66.93329	 92.71000
 86.20000	 92.86000	 67.10706	 92.86000
 86.40000	 93.06000	 67.32584	 93.06000
 86.60000	 93.32000	 67.59668	 93.32000
 86.80000	 93.64000	 67.91732	 93.64000
 87.00000	 94.05000	 68.31282	 94.05000
 87.20000	 94.58000	 68.80790	 94.58000
 87.40000	 95.16000	 69.33512	 95.16000
 87.60000	 95.76000	 69.86389	 95.76000
 87.80000	 96.33000	 70.34582	 96.33000
 88.00000	 96.87000	 70.77920	 96.87000
 88.20000	 97.37000	 71.15394	 97.37000
 88.40000	 97.84000	 71.47903	 97.84000
 88.60000	 98.26000	 71.73652	 98.26000
 88.80000	 98.62000	 71.91827	 98.62000
 89.00000	 98.92000	 72.02591	 98.92000
 89.20000	 99.14000	 72.04326	 99.14000
 89.40000	 99.23000	 71.92721	 99.23000
 89.60000	 99.25000	 71.73638	 99.25000
 89.80000	 99.21000	 71.48375	 99.21000
 90.00000	 99.13000	 71.19147	 99.13000
 90.20000	 99.00000	 70.85401	 99.00000
 90.40000	 98.86000	 70.51153	 98.86000
 90.60000	 98.71000	 70.16703	 98.71000
 90.80000	 98.58000	 69.85052	 98.58000
 91.00000	 98.52000	 69.60965	 98.52000
 91.20000	 98.51000	 69.42691	 98.51000
 91.40000	 98.54000	 69.29318	 98.54000
 91.60000	 98.60000	 69.19888	 98.60000
 91.80000	 98.69000	 69.14322	 98.69000
 92.00000	 98.85000	 69.16179	 98.85000
 92.20000	 99.02000	 69.19799	 99.02000
 92.40000	 99.17000	 69.22277	 99.17000
 92.60000	 99.27000	 69.20743	 99.27000
 92.80000	 99.27000	 69.10555	 99.27000
 93.00000	 99.23000	 68.97242	 99.23000
 93.20000	 99.17000	 68.82694	 99.17000
 93.40000	 99.14000	 68.71552	 99.14000
 93.60000	 99.14000	 68.63834	 99.14000
 93.80000	 99.12000	 68.54937	 99.12000
 94.00000	 99.06000	 68.43022	 99.06000
 94.20000	 98.88000	 68.20786	 98.88000
 94.40000	 98.65000	 67.94762	 98.65000
 94.60000	 98.38000	 67.66007	 98.38000
 94.80000	 98.08000	 67.35580	 98.08000
 95.00000	 97.76000	 67.04535	 97.76000
 95.20000	 97.48000	 66.78487	 97.48000
 95.40000	 97.26000	 66.59318	 97.26000
 95.60000	 97.29000	 66.64407	 97.29000
 95.80000	 97.40000	 66.77911	 97.40000
 96.00000	 97.55000	 66.95857	 97.55000
 96.20000	 97.70000	 67.14274	 97.70000
 96.40000	 97.81000	 67.29235	 97.81000
 96.60000	 97.85000	 67.37803	 97.85000
 96.80000	 97.77000	 67.35304	 97.77000
 97.00000	 97.44000	 67.09861	 97.44000
 97.20000	 96.93000	 66.68141	 96.93000
 97.40000	 96.30000	 66.16018	 96.30000
 97.60000	 95.61000	 65.59408	 95.61000
 97.80000	 94.93000	 65.05122	 94.93000
 98.00000	 94.22000	 64.49805	 94.22000
 98.20000	 93.50000	 63.95561	 93.50000
 98.40000	 92.77000	 63.42602	 92.77000
 98.60000	 92.06000	 62.93841	 92.06000
 98.80000	 91.35000	 62.47542	 91.35000
 99.00000	 90.66000	 62.05589	 90.66000
 99.20000	 89.98000	 61.67064	 89.98000
 99.40000	 89.32000	 61.32843	 89.32000
 99.60000	 88.69000	 61.03766	 88.69000
 99.80000	 88.08000	 60.78795	 88.08000
100.00000	 87.53000	 60.61451	 87.53000
100.20000	 87.02000	 60.49701	 87.02000
100.40000	 86.57000	 60.45152	 86.57000
100.60000	 86.19000	 60.48455	 86.19000
100.80000	 85.90000	 60.61141	 85.90000
101.00000	 85.71000	 60.83774	 85.71000
101.20000	 85.65000	 61.18710	 85.65000
101.40000	 85.74000	 61.67325	 85.74000
101.60000	 85.95000	 62.26351	 85.95000
101.80000	 86.27000	 62.94331	 86.27000
102.00000	 86.70000	 63.70722	 86.70000
102.20000	 87.25000	 64.55900	 87.25000
102.40000	 87.91000	 65.48409	 87.91000
102.60000	 88.66000	 66.45893	 88.66000
102.80000	 89.55000	 67.52445	 89.55000
103.00000	 90.53000	 68.62986	 90.53000
103.20000	 91.53000	 69.70651	 91.53000
103.40000	 92.50000	 70.70512	 92.50000
103.60000	 93.41000	 71.59610	 93.41000
103.80000	 94.19000	 72.31470	 94.19000
104.00000	 94.82000	 72.84383	 94.82000
104.20000	 95.14000	 73.03993	 95.14000
104.40000	 95.14000	 72.89972	 95.14000
104.60000	 94.97000	 72.56899	 94.97000
104.80000	 94.68000	 72.10252	 94.68000
105.00000	 94.41000	 71.63752	 94.41000
105.20000	 94.14000	 71.16321	 94.14000
105.40000	 93.85000	 70.66771	 93.85000
105.60000	 93.55000	 70.16583	 93.55000
105.80000	 93.27000	 69.68988	 93.27000
106.00000	 93.03000	 69.26196	 93.03000
106.20000	 92.80000	 68.85729	 92.80000
106.40000	 92.58000	 68.47789	 92.58000
106.60000	 92.38000	 68.13437	 92.38000
106.80000	 92.17000	 67.80008	 92.17000
107.00000	 91.96000	 67.48475	 91.96000
107.20000	 91.78000	 67.21617	 91.78000
107.40000	 91.64000	 67.00323	 91.64000
107.60000	 91.54000	 66.84517	 91.54000
107.80000	 91.55000	 66.80487	 91.55000
108.00000	 91.62000	 66.83431	 91.62000
108.20000	 91.74000	 66.92174	 91.74000
108.40000	 91.90000	 67.05522	 91.90000
108.60000	 92.08000	 67.21363	 92.08000
108.80000	 92.31000	 67.42184	 92.31000
109.00000	 92.53000	 67.62218	 92.53000
109.20000	 92.72000	 67.79413	 92.72000
109.40000	 92.85000	 67.90863	 92.85000
109.60000	 92.80000	 67.85501	 92.80000
109.80000	 92.64000	 67.69845	 92.64000
110.00000	 92.43000	 67.49583	 92.43000
110.20000	 92.16000	 67.24006	 92.16000
110.40000	 91.88000	 66.97922	 91.88000
110.60000	 91.59000	 66.71527	 91.59000
110.80000	 91.30000	 66.45904	 91.30000
111.00000	 91.01000	 66.21187	 91.01000
111.20000	 90.73000	 65.98391	 90.73000
111.40000	 90.50000	 65.81248	 90.50000
111.60000	 90.31000	 65.68839	 90.31000
111.80000	 90.14000	 65.59280	 90.14000
112.00000	 90.00000	 65.53416	 90.00000
112.20000	 89.87000	 65.49315	 89.87000
112.40000	 89.72000	 65.44129	 89.72000
112.60000	 89.56000	 65.38697	 89.56000
112.80000	 89.43000	 65.36621	 89.43000
113.00000	 89.36000	 65.40565	 89.36000
113.20000	 89.35000	 65.50394	 89.35000
113.40000	 89.47000	 65.72350	 89.47000
113.60000	 89.68000	 66.02503	 89.68000
113.80000	 89.98000	 66.40547	 89.98000
114.00000	 90.36000	 66.85232	 90.36000
114.20000	 90.85000	 67.38957	 90.85000
114.40000	 91.48000	 68.04090	 91.48000
114.60000	 92.15000	 68.71035	 92.15000
114.80000	 92.82000	 69.35746	 92.82000
115.00000	 93.46000	 69.95179	 93.46000
115.20000	 93.99000	 70.41812	 93.99000
115.40000	 94.45000	 70.79275	 94.45000
115.60000	 94.79000	 71.03056	 94.79000
115.80000	 95.01000	 71.13350	 95.01000
116.00000	 94.94000	 70.94885	 94.94000
116.20000	 94.76000	 70.64694	 94.76000
116.40000	 94.50000	 70.26104	 94.50000
116.60000	 94.19000	 69.82431	 94.19000
116.80000	 93.93000	 69.43369	 93.93000
117.00000	 93.70000	 69.07487	 93.70000
117.20000	 93.48000	 68.73259	 93.48000
117.40000	 93.27000	 68.40925	 93.27000
117.60000	 93.09000	 68.12501	 93.09000
117.80000	 92.99000	 67.92679	 92.99000
118.00000	 92.93000	 67.77804	 92.93000
118.20000	 92.90000	 67.66916	 92.90000
118.40000	 92.88000	 67.58105	 92.88000
118.60000	 92.86000	 67.50367	 92.86000
118.80000	 92.78000	 67.38120	 92.78000
119.00000	 92.68000	 67.24999	 92.68000
119.20000	 92.60000	 67.14654	 92.60000
119.40000	 92.56000	 67.08873	 92.56000
119.60000	 92.59000	 67.10323	 92.59000
119.80000	 92.80000	 67.28939	 92.80000
120.00000	 93.10000	 67.56184	 93.10000
120.20000	 93.46000	 67.88978	 93.46000
120.40000	 93.85000	 68.24236	 93.85000
120.60000	 94.27000	 68.61654	 94.27000
120.80000	 94.70000	 68.99120	 94.70000
121.00000	 95.11000	 69.33651	 95.11000
121.20000	 95.47000	 69.62332	 95.47000
121.40000	 95.73000	 69.80502	 95.73000
121.60000	 95.81000	 69.80871	 95.81000
121.80000	 95.82000	 69.73726	 95.82000
122.00000	 95.79000	 69.62070	 95.79000
122.20000	 95.73000	 69.47079	 95.73000
122.40000	 95.73000	 69.37250	 95.73000
122.60000	 95.71000	 69.25416	 95.71000
122.80000	 95.66000	 69.10817	 95.66000
123.00000	 95.58000	 68.93614	 95.58000
123.20000	 95.44000	 68.71216	 95.44000
123.40000	 95.24000	 68.43812	 95.24000
123.60000	 95.01000	 68.14354	 95.01000
123.80000	 94.76000	 67.83952	 94.76000
124.00000	 94.51000	 67.54610	 94.51000
124.20000	 94.27000	 67.27377	 94.27000
124.40000	 94.04000	 67.02340	 94.04000
124.60000	 93.82000	 66.79553	 93.82000
124.80000	 93.61000	 66.59035	 93.61000
125.00000	 93.41000	 66.40778	 93.41000
125.20000	 93.23000	 66.25667	 93.23000
125.40000	 93.07000	 66.13645	 93.07000
125.60000	 92.93000	 66.04631	 92.93000
125.80000	 92.80000	 65.97607	 92.80000
126.00000	 92.67000	 65.91554	 92.67000
126.20000	 92.54000	 65.86371	 92.54000
126.40000	 92.45000	 65.85630	 92.45000
126.60000	 92.40000	 65.89206	 92.40000
126.80000	 92.42000	 65.99702	 92.42000
127.00000	 92.60000	 66.25166	 92.60000
127.20000	 92.85000	 66.57042	 92.85000
127.40000	 93.15000	 66.93169	 93.15000
127.60000	 93.46000	 67.29565	 93.46000
127.80000	 93.75000	 67.63212	 93.75000
128.00000	 94.02000	 67.93912	 94.02000
128.20000	 94.25000	 68.19696	 94.25000
128.40000	 94.45000	 68.41415	 94.45000
128.60000	 94.59000	 68.56308	 94.59000
128.80000	 94.65000	 68.62603	 94.65000
129.00000	 94.66000	 68.63184	 94.66000
129.20000	 94.62000	 68.58225	 94.62000
129.40000	 94.53000	 68.47929	 94.53000
129.60000	 94.38000	 68.31603	 94.38000
129.80000	 94.20000	 68.12246	 94.20000
130.00000	 93.98000	 67.89183	 93.98000
130.20000	 93.75000	 67.65401	 93.75000
130.40000	 93.51000	 67.41110	 93.51000
130.60000	 93.26000	 67.16491	 93.26000
130.80000	 93.01000	 66.92613	 93.01000
131.00000	 92.75000	 66.68683	 92.75000
131.20000	 92.49000	 66.45720	 92.49000
131.40000	 92.23000	 66.23798	 92.23000
131.60000	 91.98000	 66.03887	 91.98000
131.80000	 91.73000	 65.85091	 91.73000
132.00000	 91.49000	 65.68335	 91.49000
132.20000	 91.24000	 65.51770	 91.24000
132.40000	 91.00000	 65.37211	 91.00000
132.60000	 90.78000	 65.25539	 90.78000
132.80000	 90.60000	 65.18528	 90.60000
133.00000	 90.46000	 65.16078	 90.46000
133.20000	 90.42000	 65.23558	 90.42000
133.40000	 90.45000	 65.38012	 90.45000
133.60000	 90.52000	 65.56444	 90.52000
133.80000	 90.65000	 65.80442	 90.65000
134.00000	 90.81000	 66.06992	 90.81000
134.20000	 91.05000	 66.40428	 91.05000
134.40000	 91.29000	 66.73146	 91.29000
134.60000	 91.52000	 67.04004	 91.52000
134.80000	 91.71000	 67.30085	 91.71000
135.00000	 91.76000	 67.42134	 91.76000
135.20000	 91.75000	 67.47541	 91.75000
135.40000	 91.69000	 67.47343	 91.69000
135.60000	 91.59000	 67.42614	 91.59000
135.80000	 91.46000	 67.34448	 91.46000
136.00000	 91.31000	 67.23949	 91.31000
136.20000	 91.14000	 67.11295	 91.14000
136.40000	 90.97000	 66.98494	 90.97000
136.60000	 90.80000	 66.85693	 90.80000
136.80000	 90.67000	 66.76680	 90.67000
137.00000	 90.55000	 66.68776	 90.55000
137.20000	 90.45000	 66.62940	 90.45000
137.40000	 90.35000	 66.57358	 90.35000
137.60000	 90.24000	 66.51126	 90.24000
137.80000	 90.09000	 66.41510	 90.09000
138.00000	 89.96000	 66.34056	 89.96000
138.20000	 89.87000	 66.30611	 89.87000
138.40000	 89.81000	 66.30235	 89.81000
138.60000	 89.85000	 66.39288	 89.85000
138.80000	 90.00000	 66.58547	 90.00000
139.00000	 90.19000	 66.81381	 90.19000
139.20000	 90.42000	 67.07570	 90.42000
139.40000	 90.66000	 67.34148	 90.66000
139.60000	 90.89000	 67.59097	 90.89000
139.80000	 91.13000	 67.84107	 91.13000
140.00000	 91.38000	 68.09061	 91.38000
140.20000	 91.64000	 68.33862	 91.64000
140.40000	 91.88000	 68.55681	 91.88000
140.60000	 92.11000	 68.75398	 92.11000
140.80000	 92.36000	 68.95755	 92.36000
141.00000	 92.63000	 69.16739	 92.63000
141.20000	 92.93000	 69.39251	 92.93000
141.40000	 93.33000	 69.69678	 93.33000
141.60000	 93.76000	 70.01507	 93.76000
141.80000	 94.19000	 70.31894	 94.19000
142.00000	 94.62000	 70.60772	 94.62000
142.20000	 95.01000	 70.84441	 95.01000
142.40000	 95.34000	 71.01088	 95.34000
142.60000	 95.63000	 71.12637	 95.63000
142.80000	 95.89000	 71.20130	 95.89000
143.00000	 96.11000	 71.22802	 96.11000
143.20000	 96.29000	 71.20827	 96.29000
143.40000	 96.43000	 71.14402	 96.43000
143.60000	 96.53000	 71.03736	 96.53000
143.80000	 96.60000	 70.89964	 96.60000
144.00000	 96.63000	 70.72386	 96.63000
144.20000	 96.61000	 70.50307	 96.61000
144.40000	 96.54000	 70.23956	 96.54000
144.60000	 96.45000	 69.96318	 96.45000
144.80000	 96.37000	 69.70352	 96.37000
145.00000	 96.31000	 69.47135	 96.31000
145.20000	 96.33000	 69.32269	 96.33000
145.40000	 96.42000	 69.24844	 96.42000
145.60000	 96.53000	 69.20207	 96.53000
145.80000	 96.67000	 69.19188	 96.67000
146.00000	 96.81000	 69.18926	 96.81000
146.20000	 96.95000	 69.19318	 96.95000
146.40000	 97.08000	 69.19355	 97.08000
146.60000	 97.19000	 69.18045	 97.19000
146.80000	 97.29000	 69.16254	 97.29000
147.00000	 97.36000	 69.12110	 97.36000
147.20000	 97.38000	 69.03772	 97.38000
147.40000	 97.37000	 68.93105	 97.37000
147.60000	 97.33000	 68.80160	 97.33000
147.80000	 97.26000	 68.65003	 97.26000
148.00000	 97.15000	 68.46794	 97.15000
148.20000	 97.00000	 68.25626	 97.00000
148.40000	 96.84000	 68.04356	 96.84000
148.60000	 96.68000	 67.83991	 96.68000
148.80000	 96.53000	 67.65513	 96.53000
149.00000	 96.42000	 67.51706	 96.42000
149.20000	 96.36000	 67.43471	 96.36000
149.40000	 96.30000	 67.36154	 96.30000
149.60000	 96.26000	 67.31518	 96.26000
149.80000	 96.23000	 67.28561	 96.23000
150.00000	 96.16000	 67.22611	 96.16000
150.20000	 96.09000	 67.17285	 96.09000
150.40000	 96.04000	 67.14369	 96.04000
150.60000	 95.99000	 67.11966	 95.99000
150.80000	 95.98000	 67.13682	 95.98000
151.00000	 96.05000	 67.23089	 96.05000
151.20000	 96.15000	 67.35453	 96.15000
151.40000	 96.24000	 67.46948	 96.24000
151.60000	 96.32000	 67.57450	 96.32000
151.80000	 96.34000	 67.62282	 96.34000
152.00000	 96.30000	 67.61420	 96.30000
152.20000	 96.23000	 67.57649	 96.23000
152.40000	 96.14000	 67.51945	 96.14000
152.60000	 96.01000	 67.42545	 96.01000
152.80000	 95.87000	 67.32295	 95.87000
153.00000	 95.71000	 67.20366	 95.71000
153.20000	 95.53000	 67.06851	 95.53000
153.40000	 95.34000	 66.92758	 95.34000
153.60000	 95.15000	 66.79087	 95.15000
153.80000	 94.97000	 66.66819	 94.97000
154.00000	 94.79000	 66.55080	 94.79000
154.20000	 94.59000	 66.42065	 94.59000
154.40000	 94.38000	 66.28726	 94.38000
154.60000	 94.14000	 66.13265	 94.14000
154.80000	 93.87000	 65.95729	 93.87000
155.00000	 93.59000	 65.78011	 93.59000
155.20000	 93.28000	 65.58331	 93.28000
155.40000	 92.96000	 65.38584	 92.96000
155.60000	 92.60000	 65.16073	 92.60000
155.80000	 92.21000	 64.91786	 92.21000
156.00000	 91.83000	 64.69463	 91.83000
156.20000	 91.46000	 64.49146	 91.46000
156.40000	 91.12000	 64.32684	 91.12000
156.60000	 90.86000	 64.24631	 90.86000
156.80000	 90.69000	 64.25794	 90.69000
157.00000	 90.56000	 64.31410	 90.56000
157.20000	 90.48000	 64.42194	 90.48000
157.40000	 90.44000	 64.57011	 90.44000
157.60000	 90.40000	 64.71969	 90.40000
157.80000	 90.36000	 64.86877	 90.36000
158.00000	 90.38000	 65.07069	 90.38000
158.20000	 90.47000	 65.33274	 90.47000
158.40000	 90.63000	 65.65274	 90.63000
158.60000	 90.94000	 66.10155	 90.94000
158.80000	 91.35000	 66.63009	 91.35000
159.00000	 91.82000	 67.19813	 91.82000
159.20000	 92.36000	 67.81148	 92.36000
159.40000	 92.97000	 68.46684	 92.97000
159.60000	 93.63000	 69.14274	 93.63000
159.80000	 94.29000	 69.79056	 94.29000
160.00000	 94.94000	 70.39906	 94.94000
160.20000	 95.51000	 70.90279	 95.51000
160.40000	 95.97000	 71.27423	 95.97000
160.60000	 96.36000	 71.55136	 96.36000
160.80000	 96.70000	 71.75460	 96.70000
161.00000	 96.98000	 71.87730	 96.98000
161.20000	 97.22000	 71.94075	 97.22000
161.40000	 97.40000	 71.92975	 97.40000
161.60000	 97.53000	 71.85683	 97.53000
161.80000	 97.63000	 71.74379	 97.63000
162.00000	 97.69000	 71.58484	 97.69000
162.20000	 97.71000	 71.38324	 97.71000
162.40000	 97.70000	 71.15138	 97.70000
162.60000	 97.65000	 70.88307	 97.65000
162.80000	 97.58000	 70.59955	 97.58000
163.00000	 97.47000	 70.28505	 97.47000
163.20000	 97.34000	 69.96039	 97.34000
163.40000	 97.18000	 69.61858	 97.18000
163.60000	 96.98000	 69.25246	 96.98000
163.80000	 96.75000	 68.87308	 96.75000
164.00000	 96.47000	 68.46386	 96.47000
164.20000	 96.15000	 68.03568	 96.15000
164.40000	 95.80000	 67.59933	 95.80000
164.60000	 95.43000	 67.16540	 95.43000
164.80000	 95.04000	 66.73506	 95.04000
165.00000	 94.61000	 66.29088	 94.61000
165.20000	 94.17000	 65.86125	 94.17000
165.40000	 93.74000	 65.46504	 93.74000
165.60000	 93.34000	 65.12071	 93.34000
165.80000	 92.99000	 64.84613	 92.99000
166.00000	 92.77000	 64.71350	 92.77000
166.20000	 92.60000	 64.64716	 92.60000
166.40000	 92.49000	 64.65361	 92.49000
166.60000	 92.41000	 64.70237	 92.41000
166.80000	 92.38000	 64.80879	 92.38000
167.00000	 92.38000	 64.95147	 92.38000
167.20000	 92.42000	 65.13661	 92.42000
167.40000	 92.49000	 65.35211	 92.49000
167.60000	 92.59000	 65.59520	 92.59000
167.80000	 92.76000	 65.89993	 92.76000
168.00000	 92.95000	 66.21766	 92.95000
168.20000	 93.15000	 66.53676	 93.15000
168.40000	 93.35000	 66.84596	 93.35000
168.60000	 93.50000	 67.09780	 93.50000
168.80000	 93.60000	 67.29146	 93.60000
169.00000	 93.68000	 67.45434	 93.68000
169.20000	 93.76000	 67.60499	 93.76000
169.40000	 93.83000	 67.73461	 93.83000
169.60000	 93.91000	 67.86203	 93.91000
169.80000	 93.99000	 67.97854	 93.99000
170.00000	 94.09000	 68.10298	 94.09000
170.20000	 94.19000	 68.21739	 94.19000
170.40000	 94.31000	 68.34051	 94.31000
170.60000	 94.45000	 68.47262	 94.45000
170.80000	 94.59000	 68.59555	 94.59000
171.00000	 94.74000	 68.71868	 94.74000
171.20000	 94.88000	 68.82390	 94.88000
171.40000	 95.02000	 68.92073	 95.02000
171.60000	 95.15000	 69.00039	 95.15000
171.80000	 95.25000	 69.04509	 95.25000
172.00000	 95.32000	 69.05561	 95.32000
172.20000	 95.32000	 68.99631	 95.32000
172.40000	 95.27000	 68.88708	 95.27000
172.60000	 95.19000	 68.74805	 95.19000
172.80000	 95.07000	 68.57188	 95.07000
173.00000	 94.93000	 68.37880	 94.93000
173.20000	 94.78000	 68.17975	 94.78000
173.40000	 94.60000	 67.95796	 94.60000
173.60000	 94.41000	 67.73327	 94.41000
173.80000	 94.21000	 67.50699	 94.21000
174.00000	 94.00000	 67.28023	 94.00000
174.20000	 93.77000	 67.04476	 93.77000
174.40000	 93.56000	 66.83808	 93.56000
174.60000	 93.37000	 66.66061	 93.37000
174.80000	 93.21000	 66.52158	 93.21000
175.00000	 93.15000	 66.48474	 93.15000
175.20000	 93.12000	 66.48466	 93.12000
175.40000	 93.13000	 66.52900	 93.13000
175.60000	 93.17000	 66.60688	 93.17000
175.80000	 93.21000	 66.68906	 93.21000
176.00000	 93.28000	 66.80146	 93.28000
176.20000	 93.38000	 66.94247	 93.38000
176.40000	 93.52000	 67.11962	 93.52000
176.60000	 93.72000	 67.34949	 93.72000
176.80000	 93.99000	 67.63924	 93.99000
177.00000	 94.29000	 67.94998	 94.29000
177.20000	 94.62000	 68.27958	 94.62000
177.40000	 94.99000	 68.63525	 94.99000
177.60000	 95.40000	 69.01510	 95.40000
177.80000	 95.79000	 69.36233	 95.79000
178.00000	 96.14000	 69.65744	 96.14000
178.20000	 96.39000	 69.84497	 96.39000
178.40000	 96.55000	 69.93480	 96.55000
178.60000	 96.64000	 69.94682	 96.64000
178.80000	 96.67000	 69.89231	 96.67000
179.00000	 96.58000	 69.71876	 96.58000
179.20000	 96.46000	 69.51190	 96.46000
179.40000	 96.35000	 69.31145	 96.35000
179.60000	 96.35000	 69.21157	 96.35000
179.80000	 96.49000	 69.24088	 96.49000
180.00000	 96.66000	 69.29828	 96.66000
180.20000	 96.82000	 69.34656	 96.82000
180.40000	 96.89000	 69.31206	 96.89000
180.60000	 96.88000	 69.20445	 96.88000
180.80000	 96.84000	 69.07069	 96.84000
181.00000	 96.78000	 68.92116	 96.78000
181.20000	 96.79000	 68.83952	 96.79000
181.40000	 96.80000	 68.76194	 96.80000
181.60000	 96.78000	 68.66118	 96.78000
181.80000	 96.72000	 68.52850	 96.72000
182.00000	 96.51000	 68.26379	 96.51000
182.20000	 96.21000	 67.92388	 96.21000
182.40000	 95.89000	 67.57522	 95.89000
182.60000	 95.54000	 67.21067	 95.54000
182.80000	 95.23000	 66.89622	 95.23000
183.00000	 94.93000	 66.60542	 94.93000
183.20000	 94.67000	 66.36639	 94.67000
183.40000	 94.45000	 66.17913	 94.45000
183.60000	 94.35000	 66.11637	 94.35000
183.80000	 94.35000	 66.15811	 94.35000
184.00000	 94.39000	 66.24686	 94.39000
184.20000	 94.43000	 66.34342	 94.43000
184.40000	 94.46000	 66.43635	 94.46000
184.60000	 94.34000	 66.39553	 94.34000
184.80000	 94.15000	 66.29401	 94.15000
185.00000	 93.91000	 66.15049	 93.91000
185.20000	 93.65000	 65.99320	 93.65000
185.40000	 93.37000	 65.82291	 93.37000
185.60000	 93.07000	 65.64037	 93.07000
185.80000	 92.77000	 65.46466	 92.77000
186.00000	 92.48000	 65.30552	 92.48000
186.20000	 92.23000	 65.19072	 92.23000
186.40000	 92.02000	 65.12006	 92.02000
186.60000	 91.89000	 65.12958	 91.89000
186.80000	 91.82000	 65.19963	 91.82000
187.00000	 91.83000	 65.34680	 91.83000
187.20000	 91.90000	 65.55054	 91.90000
187.40000	 92.05000	 65.82674	 92.05000
187.60000	 92.30000	 66.19095	 92.30000
187.80000	 92.63000	 66.62161	 92.63000
188.00000	 93.02000	 67.09707	 93.02000
188.20000	 93.48000	 67.62321	 93.48000
188.40000	 94.02000	 68.20594	 94.02000
188.60000	 94.62000	 68.82369	 94.62000
188.80000	 95.25000	 69.44587	 95.25000
189.00000	 95.89000	 70.05155	 95.89000
189.20000	 96.55000	 70.64789	 96.55000
189.40000	 97.20000	 71.20583	 97.20000
189.60000	 97.81000	 71.69697	 97.81000
189.80000	 98.36000	 72.10295	 98.36000
190.00000	 98.75000	 72.33298	 98.75000
190.20000	 99.02000	 72.42618	 99.02000
190.40000	 99.23000	 72.44102	 99.23000
190.60000	 99.39000	 72.39039	 99.39000
190.80000	 99.52000	 72.29644	 99.52000
191.00000	 99.63000	 72.17202	 99.63000
191.20000	 99.73000	 72.02968	 99.73000
191.40000	 99.83000	 71.88165	 99.83000
191.60000	 99.97000	 71.76722	 99.97000
191.80000	100.17000	 71.70659	100.17000
192.00000	100.37000	 71.64587	100.37000
192.20000	100.57000	 71.58593	100.57000
192.40000	100.74000	 71.50005	100.74000
192.60000	100.88000	 71.38910	100.88000
192.80000	100.97000	 71.23575	100.97000
193.00000	101.01000	 71.04126	101.01000
193.20000	100.99000	 70.79792	100.99000
193.40000	100.83000	 70.43415	100.83000
193.60000	100.59000	 70.00756	100.59000
193.80000	100.29000	 69.53930	100.29000
194.00000	 99.96000	 69.05963	 99.96000
194.20000	 99.62000	 68.58932	 99.62000
194.40000	 99.35000	 68.20360	 99.35000
194.60000	 99.07000	 67.82995	 99.07000
194.80000	 98.76000	 67.45054	 98.76000
195.00000	 98.43000	 67.07501	 98.43000
195.20000	 98.03000	 66.65787	 98.03000
195.40000	 97.53000	 66.17229	 97.53000
195.60000	 97.00000	 65.68362	 97.00000
195.80000	 96.44000	 65.19288	 96.44000
196.00000	 95.87000	 64.71925	 95.87000
196.20000	 95.30000	 64.27241	 95.30000
196.40000	 94.76000	 63.87999	 94.76000
196.60000	 94.21000	 63.50489	 94.21000
196.80000	 93.68000	 63.17401	 93.68000
197.00000	 93.16000	 62.87723	 93.16000
197.20000	 92.65000	 62.61336	 92.65000
197.40000	 92.14000	 62.37192	 92.14000
197.60000	 91.65000	 62.16983	 91.65000
197.80000	 91.20000	 62.02383	 91.20000
198.00000	 90.79000	 61.93203	 90.79000
198.20000	 90.44000	 61.91056	 90.44000
198.40000	 90.18000	 61.98437	 90.18000
198.60000	 89.98000	 62.12286	 89.98000
198.80000	 89.82000	 62.30445	 89.82000
199.00000	 89.72000	 62.54426	 89.72000
199.20000	 89.65000	 62.81153	 89.65000
199.40000	 89.61000	 63.10325	 89.61000
199.60000	 89.62000	 63.43492	 89.62000
199.80000	 89.69000	 63.81299	 89.69000
200.00000	 89.81000	 64.22551	 89.81000
200.20000	 90.02000	 64.70647	 90.02000
200.40000	 90.30000	 65.23466	 90.30000
200.60000	 90.63000	 65.78884	 90.63000
200.80000	 91.00000	 66.35718	 91.00000
201.00000	 91.42000	 66.94647	 91.42000
201.20000	 91.89000	 67.55453	 91.89000
201.40000	 92.37000	 68.14272	 92.37000
201.60000	 92.85000	 68.70044	 92.85000
201.80000	 93.31000	 69.20849	 93.31000
202.00000	 93.73000	 69.64832	 93.73000
202.20000	 94.10000	 70.01132	 94.10000
202.40000	 94.42000	 70.29874	 94.42000
202.60000	 94.66000	 70.48494	 94.66000
202.80000	 94.76000	 70.51755	 94.76000
203.00000	 94.77000	 70.44610	 94.77000
203.20000	 94.73000	 70.31146	 94.73000
203.40000	 94.65000	 70.12699	 94.65000
203.60000	 94.58000	 69.94253	 94.58000
203.80000	 94.53000	 69.77067	 94.53000
204.00000	 94.45000	 69.56835	 94.45000
204.20000	 94.37000	 69.36569	 94.37000
204.40000	 94.28000	 69.15574	 94.28000
204.60000	 94.17000	 68.93129	 94.17000
204.80000	 94.05000	 68.70326	 94.05000
205.00000	 93.92000	 68.47319	 93.92000
205.20000	 93.78000	 68.24236	 93.78000
205.40000	 93.63000	 68.01186	 93.63000
205.60000	 93.47000	 67.78260	 93.47000
205.80000	 93.30000	 67.55531	 93.30000
206.00000	 93.12000	 67.33058	 93.12000
206.20000	 92.94000	 67.11803	 92.94000
206.40000	 92.75000	 66.90874	 92.75000
206.60000	 92.56000	 66.71205	 92.56000
206.80000	 92.37000	 66.52794	 92.37000
207.00000	 92.17000	 66.34713	 92.17000
207.20000	 91.98000	 66.18775	 91.98000
207.40000	 91.76000	 66.01282	 91.76000
207.60000	 91.54000	 65.84963	 91.54000
207.80000	 91.36000	 65.73457	 91.36000
208.00000	 91.21000	 65.65775	 91.21000
208.20000	 91.13000	 65.65481	 91.13000
208.40000	 91.15000	 65.75165	 91.15000
208.60000	 91.22000	 65.90013	 91.22000
208.80000	 91.34000	 66.09774	 91.34000
209.00000	 91.50000	 66.33273	 91.50000
209.20000	 91.67000	 66.57507	 91.67000
209.40000	 91.88000	 66.85000	 91.88000
209.60000	 92.12000	 67.14618	 92.12000
209.80000	 92.42000	 67.48903	 92.42000
210.00000	 92.79000	 67.88553	 92.79000
210.20000	 93.23000	 68.33331	 93.23000
210.40000	 93.70000	 68.79325	 93.70000
210.60000	 94.19000	 69.25398	 94.19000
210.80000	 94.71000	 69.72283	 94.71000
211.00000	 95.23000	 70.17070	 95.23000
211.20000	 95.72000	 70.56899	 95.72000
211.40000	 96.18000	 70.91727	 96.18000
211.60000	 96.54000	 71.15158	 96.54000
211.80000	 96.77000	 71.24574	 96.77000
212.00000	 96.93000	 71.25723	 96.93000
212.20000	 97.04000	 71.20733	 97.04000
212.40000	 97.09000	 71.09002	 97.09000
212.60000	 97.12000	 70.94523	 97.12000
212.80000	 97.10000	 70.74859	 97.10000
213.00000	 97.05000	 70.52151	 97.05000
213.20000	 96.96000	 70.25778	 96.96000
213.40000	 96.82000	 69.95106	 96.82000
213.60000	 96.65000	 69.62248	 96.65000
213.80000	 96.45000	 69.27463	 96.45000
214.00000	 96.23000	 68.91903	 96.23000
214.20000	 95.98000	 68.54855	 95.98000
214.40000	 95.74000	 68.20171	 95.74000
214.60000	 95.49000	 67.86149	 95.49000
214.80000	 95.23000	 67.52893	 95.23000
215.00000	 94.96000	 67.20478	 94.96000
215.20000	 94.68000	 66.88959	 94.68000
215.40000	 94.40000	 66.59286	 94.40000
215.60000	 94.12000	 66.31469	 94.12000
215.80000	 93.83000	 66.04578	 93.83000
216.00000	 93.54000	 65.79507	 93.54000
216.20000	 93.26000	 65.57133	 93.26000
216.40000	 92.97000	 65.35562	 92.97000
216.60000	 92.70000	 65.17481	 92.70000
216.80000	 92.42000	 65.00052	 92.42000
217.00000	 92.14000	 64.84108	 92.14000
217.20000	 91.85000	 64.68648	 91.85000
217.40000	 91.56000	 64.54508	 91.56000
217.60000	 91.26000	 64.40691	 91.26000
217.80000	 90.96000	 64.28041	 90.96000
218.00000	 90.66000	 64.16481	 90.66000
218.20000	 90.37000	 64.06855	 90.37000
218.40000	 90.07000	 63.97246	 90.07000
218.60000	 89.77000	 63.88499	 89.77000
218.80000	 89.49000	 63.82377	 89.49000
219.00000	 89.24000	 63.79710	 89.24000
219.20000	 89.01000	 63.79475	 89.01000
219.40000	 88.84000	 63.85220	 88.84000
219.60000	 88.72000	 63.95872	 88.72000
219.80000	 88.64000	 64.10333	 88.64000
220.00000	 88.60000	 64.28412	 88.60000
220.20000	 88.62000	 64.51745	 88.62000
220.40000	 88.75000	 64.84692	 88.75000
220.60000	 88.92000	 65.20564	 88.92000
220.80000	 89.11000	 65.57264	 89.11000
221.00000	 89.30000	 65.92731	 89.30000
221.20000	 89.45000	 66.23122	 89.45000
221.40000	 89.53000	 66.45590	 89.53000
221.60000	 89.61000	 66.66546	 89.61000
221.80000	 89.70000	 66.86920	 89.70000
222.00000	 89.82000	 67.08564	 89.82000
222.20000	 90.06000	 67.39728	 90.06000
222.40000	 90.32000	 67.71164	 90.32000
222.60000	 90.60000	 68.02796	 90.60000
222.80000	 90.88000	 68.32728	 90.88000
223.00000	 91.09000	 68.54513	 91.09000
223.20000	 91.26000	 68.70952	 91.26000
223.40000	 91.41000	 68.83978	 91.41000
223.60000	 91.55000	 68.94629	 91.55000
223.80000	 91.70000	 69.04862	 91.70000
224.00000	 91.89000	 69.17539	 91.89000
224.20000	 92.08000	 69.29067	 92.08000
224.40000	 92.27000	 69.39518	 92.27000
224.60000	 92.45000	 69.48050	 92.45000
224.80000	 92.62000	 69.54745	 92.62000
225.00000	 92.76000	 69.57860	 92.76000
225.20000	 92.87000	 69.57505	 92.87000
225.40000	 92.96000	 69.54726	 92.96000
225.60000	 92.99000	 69.45992	 92.99000
225.80000	 92.97000	 69.32391	 92.97000
226.00000	 92.91000	 69.15032	 92.91000
226.20000	 92.82000	 68.95034	 92.82000
226.40000	 92.71000	 68.73507	 92.71000
226.60000	 92.61000	 68.53380	 92.61000
226.80000	 92.50000	 68.32956	 92.50000
227.00000	 92.37000	 68.11436	 92.37000
227.20000	 92.22000	 67.88930	 92.22000
227.40000	 92.02000	 67.62791	 92.02000
227.60000	 91.74000	 67.30389	 91.74000
227.80000	 91.43000	 66.96467	 91.43000
228.00000	 91.12000	 66.63924	 91.12000
228.20000	 90.80000	 66.31956	 90.80000
228.40000	 90.52000	 66.05229	 90.52000
228.60000	 90.31000	 65.86509	 90.31000
228.80000	 90.10000	 65.69320	 90.10000
229.00000	 89.90000	 65.54504	 89.90000
229.20000	 89.70000	 65.41059	 89.70000
229.40000	 89.45000	 65.24316	 89.45000
229.60000	 89.15000	 65.04235	 89.15000
229.80000	 88.85000	 64.85390	 88.85000
230.00000	 88.54000	 64.66849	 88.54000
230.20000	 88.25000	 64.51341	 88.25000
230.40000	 87.99000	 64.39736	 87.99000
230.60000	 87.77000	 64.32869	 87.77000
230.80000	 87.57000	 64.28793	 87.57000
231.00000	 87.40000	 64.28296	 87.40000
231.20000	 87.24000	 64.29405	 87.24000
231.40000	 87.06000	 64.29232	 87.06000
231.60000	 86.90000	 64.31340	 86.90000
231.80000	 86.78000	 64.37450	 86.78000
232.00000	 86.71000	 64.48344	 86.71000
232.20000	 86.71000	 64.65696	 86.71000
232.40000	 86.82000	 64.92969	 86.82000
232.60000	 87.01000	 65.27150	 87.01000
232.80000	 87.26000	 65.66113	 87.26000
233.00000	 87.58000	 66.10480	 87.58000
233.20000	 87.96000	 66.59036	 87.96000
233.40000	 88.40000	 67.11488	 88.40000
233.60000	 88.89000	 67.66635	 88.89000
233.80000	 89.41000	 68.22383	 89.41000
234.00000	 89.94000	 68.76672	 89.94000
234.20000	 90.48000	 69.29331	 90.48000
234.40000	 91.02000	 69.79316	 91.02000
234.60000	 91.55000	 70.25634	 91.55000
234.80000	 92.05000	 70.66429	 92.05000
235.00000	 92.49000	 70.98989	 92.49000
235.20000	 92.89000	 71.25262	 92.89000
235.40000	 93.25000	 71.45413	 93.25000
235.60000	 93.57000	 71.59641	 93.57000
235.80000	 93.85000	 71.68179	 93.85000
236.00000	 94.07000	 71.69449	 94.07000
236.20000	 94.27000	 71.67402	 94.27000
236.40000	 94.45000	 71.62316	 94.45000
236.60000	 94.63000	 71.56289	 94.63000
236.80000	 94.89000	 71.56882	 94.89000
237.00000	 95.13000	 71.55066	 95.13000
237.20000	 95.34000	 71.50062	 95.34000
237.40000	 95.51000	 71.41098	 95.51000
237.60000	 95.55000	 71.20095	 95.55000
237.80000	 95.52000	 70.92804	 95.52000
238.00000	 95.46000	 70.63171	 95.46000
238.20000	 95.38000	 70.32370	 95.38000
238.40000	 95.31000	 70.03377	 95.31000
238.60000	 95.30000	 69.80946	 95.30000
238.80000	 95.29000	 69.59659	 95.29000
239.00000	 95.28000	 69.39572	 95.28000
239.20000	 95.28000	 69.21631	 95.28000
239.40000	 95.31000	 69.07674	 95.31000
239.60000	 95.33000	 68.94000	 95.33000
239.80000	 95.35000	 68.81487	 95.35000
240.00000	 95.34000	 68.67347	 95.34000
240.20000	 95.30000	 68.51556	 95.30000
240.40000	 95.16000	 68.27700	 95.16000
240.60000	 94.98000	 68.01354	 94.98000
240.80000	 94.77000	 67.73520	 94.77000
241.00000	 94.53000	 67.44288	 94.53000
241.20000	 94.27000	 67.14659	 94.27000
241.40000	 93.98000	 66.83793	 93.98000
241.60000	 93.69000	 66.54512	 93.69000
241.80000	 93.39000	 66.25945	 93.39000
242.00000	 93.10000	 65.99953	 93.10000
242.20000	 92.84000	 65.78363	 92.84000
242.40000	 92.65000	 65.64794	 92.65000
242.60000	 92.49000	 65.55456	 92.49000
242.80000	 92.34000	 65.48372	 92.34000
243.00000	 92.20000	 65.43392	 92.20000
243.20000	 92.07000	 65.40372	 92.07000
243.40000	 91.87000	 65.31836	 91.87000
243.60000	 91.67000	 65.24131	 91.67000
243.80000	 91.50000	 65.19939	 91.50000
244.00000	 91.36000	 65.19168	 91.36000
244.20000	 91.27000	 65.23539	 91.27000
244.40000	 91.28000	 65.37485	 91.28000
244.60000	 91.36000	 65.58040	 91.36000
244.80000	 91.50000	 65.84036	 91.50000
245.00000	 91.70000	 66.15209	 91.70000
245.20000	 92.00000	 66.54948	 92.00000
245.40000	 92.42000	 67.04770	 92.42000
245.60000	 92.86000	 67.55148	 92.86000
245.80000	 93.32000	 68.05769	 93.32000
246.00000	 93.77000	 68.53623	 93.77000
246.20000	 94.10000	 68.88441	 94.10000
246.40000	 94.39000	 69.17520	 94.39000
246.60000	 94.65000	 69.41813	 94.65000
246.80000	 94.90000	 69.63229	 94.90000
247.00000	 95.12000	 69.80036	 95.12000
247.20000	 95.32000	 69.93278	 95.32000
247.40000	 95.53000	 70.05851	 95.53000
247.60000	 95.76000	 70.18803	 95.76000
247.80000	 96.02000	 70.33161	 96.02000
248.00000	 96.41000	 70.58163	 96.41000
248.20000	 96.85000	 70.86444	 96.85000
248.40000	 97.30000	 71.14276	 97.30000
248.60000	 97.75000	 71.40695	 97.75000
248.80000	 98.17000	 71.62930	 98.17000
249.00000	 98.50000	 71.75507	 98.50000
249.20000	 98.80000	 71.84040	 98.80000
249.40000	 99.05000	 71.86837	 99.05000
249.60000	 99.25000	 71.84075	 99.25000
249.80000	 99.40000	 71.75959	 99.40000
250.00000	 99.48000	 71.60885	 99.48000
250.20000	 99.51000	 71.40946	 99.51000
250.40000	 99.49000	 71.16411	 99.49000
250.60000	 99.42000	 70.87552	 99.42000
250.80000	 99.31000	 70.55557	 99.31000
251.00000	 99.15000	 70.19770	 99.15000
251.20000	 98.94000	 69.80448	 98.94000
251.40000	 98.71000	 69.40587	 98.71000
251.60000	 98.46000	 69.00402	 98.46000
251.80000	 98.18000	 68.59159	 98.18000
252.00000	 97.87000	 68.17018	 97.87000
252.20000	 97.56000	 67.76872	 97.56000
252.40000	 97.26000	 67.39736	 97.26000
252.60000	 96.97000	 67.05659	 96.97000
252.80000	 96.70000	 66.75567	 96.70000
253.00000	 96.48000	 66.52175	 96.48000
253.20000	 96.30000	 66.34469	 96.30000
253.40000	 96.16000	 66.22308	 96.16000
253.60000	 96.07000	 66.16431	 96.07000
253.80000	 96.03000	 66.16625	 96.03000
254.00000	 96.08000	 66.26313	 96.08000
254.20000	 96.18000	 66.41532	 96.18000
254.40000	 96.33000	 66.61972	 96.33000
254.60000	 96.53000	 66.87321	 96.53000
254.80000	 96.80000	 67.19099	 96.80000
255.00000	 97.15000	 67.57895	 97.15000
255.20000	 97.52000	 67.97866	 97.52000
255.40000	 97.89000	 68.36880	 97.89000
255.60000	 98.24000	 68.72860	 98.24000
255.80000	 98.49000	 68.98304	 98.49000
256.00000	 98.69000	 69.17754	 98.69000
256.20000	 98.87000	 69.33985	 98.87000
256.40000	 99.01000	 69.45223	 99.01000
256.60000	 99.15000	 69.55232	 99.15000
256.80000	 99.28000	 69.63193	 99.28000
257.00000	 99.39000	 69.68293	 99.39000
257.20000	 99.49000	 69.71566	 99.49000
257.40000	 99.57000	 69.72213	 99.57000
257.60000	 99.64000	 69.71277	 99.64000
257.80000	 99.70000	 69.68880	 99.70000
258.00000	 99.74000	 69.64225	 99.74000
258.20000	 99.76000	 69.57436	 99.76000
258.40000	 99.79000	 69.51384	 99.79000
258.60000	 99.80000	 69.43421	 99.80000
258.80000	 99.80000	 69.34564	 99.80000
259.00000	 99.78000	 69.23991	 99.78000
259.20000	 99.73000	 69.10884	 99.73000
259.40000	 99.61000	 68.91684	 99.61000
259.60000	 99.45000	 68.69289	 99.45000
259.80000	 99.28000	 68.46607	 99.28000
260.00000	 99.09000	 68.22854	 99.09000
260.20000	 98.91000	 68.00904	 98.91000
260.40000	 98.77000	 67.83590	 98.77000
260.60000	 98.63000	 67.67271	 98.63000
260.80000	 98.48000	 67.51040	 98.48000
261.00000	 98.33000	 67.35821	 98.33000
261.20000	 98.17000	 67.20690	 98.17000
261.40000	 98.00000	 67.05640	 98.00000
261.60000	 97.81000	 66.89748	 97.81000
261.80000	 97.61000	 66.73929	 97.61000
262.00000	 97.39000	 66.57268	 97.39000
262.20000	 97.14000	 66.38852	 97.14000
262.40000	 96.85000	 66.17789	 96.85000
262.60000	 96.56000	 65.97786	 96.56000
262.80000	 96.26000	 65.77951	 96.26000
263.00000	 95.95000	 65.58303	 95.95000
263.20000	 95.66000	 65.41603	 95.66000
263.40000	 95.37000	 65.25996	 95.37000
263.60000	 95.09000	 65.12371	 95.09000
263.80000	 94.82000	 65.00682	 94.82000
264.00000	 94.56000	 64.90869	 94.56000
264.20000	 94.31000	 64.82864	 94.31000
264.40000	 94.08000	 64.77504	 94.08000
264.60000	 93.87000	 64.74699	 93.87000
264.80000	 93.68000	 64.74343	 93.68000
265.00000	 93.52000	 64.77239	 93.52000
265.20000	 93.36000	 64.80512	 93.36000
265.40000	 93.25000	 64.88630	 93.25000
265.60000	 93.19000	 65.01450	 93.19000
265.80000	 93.21000	 65.21553	 93.21000
266.00000	 93.34000	 65.51474	 93.34000
266.20000	 93.61000	 65.93683	 93.61000
266.40000	 93.94000	 66.40497	 93.94000
266.60000	 94.32000	 66.90654	 94.32000
266.80000	 94.74000	 67.42917	 94.74000
267.00000	 95.17000	 67.94248	 95.17000
267.20000	 95.61000	 68.44413	 95.61000
267.40000	 96.04000	 68.91397	 96.04000
267.60000	 96.44000	 69.33248	 96.44000
267.80000	 96.78000	 69.67173	 96.78000
268.00000	 97.04000	 69.91381	 97.04000
268.20000	 97.25000	 70.08756	 97.25000
268.40000	 97.43000	 70.21314	 97.43000
268.60000	 97.56000	 70.27429	 97.56000
268.80000	 97.63000	 70.26424	 97.63000
269.00000	 97.67000	 70.21322	 97.67000
269.20000	 97.69000	 70.13313	 97.69000
269.40000	 97.69000	 70.02657	 97.69000
269.60000	 97.69000	 69.91433	 97.69000
269.80000	 97.70000	 69.80772	 97.70000
270.00000	 97.71000	 69.69932	 97.71000
270.20000	 97.74000	 69.60894	 97.74000
270.40000	 97.78000	 69.52851	 97.78000
270.60000	 97.88000	 69.50464	 97.88000
270.80000	 98.01000	 69.50995	 98.01000
271.00000	 98.15000	 69.52594	 98.15000
271.20000	 98.29000	 69.54316	 98.29000
271.40000	 98.42000	 69.55221	 98.42000
271.60000	 98.52000	 69.53465	 98.52000
271.80000	 98.62000	 69.51811	 98.62000
272.00000	 98.71000	 69.49357	 98.71000
272.20000	 98.81000	 69.47951	 98.81000
272.40000	 98.92000	 69.47600	 98.92000
272.60000	 99.02000	 69.46463	 99.02000
272.80000	 99.10000	 69.43628	 99.10000
273.00000	 99.17000	 69.40028	 99.17000
273.20000	 99.18000	 69.31106	 99.18000
273.40000	 99.16000	 69.19683	 99.16000
273.60000	 99.11000	 69.05845	 99.11000
273.80000	 99.02000	 68.88770	 99.02000
274.00000	 98.86000	 68.65824	 98.86000
274.20000	 98.65000	 68.38990	 98.65000
274.40000	 98.44000	 68.13017	 98.44000
274.60000	 98.23000	 67.88034	 98.23000
274.80000	 98.07000	 67.68721	 98.07000
275.00000	 98.00000	 67.58768	 98.00000
275.20000	 97.97000	 67.53522	 97.97000
275.40000	 97.97000	 67.51957	 97.97000
275.60000	 98.00000	 67.53943	 98.00000
275.80000	 98.03000	 67.56587	 98.03000
276.00000	 98.08000	 67.61590	 98.08000
276.20000	 98.16000	 67.69735	 98.16000
276.40000	 98.25000	 67.79045	 98.25000
276.60000	 98.38000	 67.92135	 98.38000
276.80000	 98.54000	 68.07940	 98.54000
277.00000	 98.72000	 68.25389	 98.72000
277.20000	 98.91000	 68.43421	 98.91000
277.40000	 99.13000	 68.63740	 99.13000
277.60000	 99.38000	 68.86216	 99.38000
277.80000	 99.63000	 69.07971	 99.63000
278.00000	 99.89000	 69.29819	 99.89000
278.20000	100.14000	 69.49841	100.14000
278.40000	100.41000	 69.70734	100.41000
278.60000	100.65000	 69.87865	100.65000
278.80000	100.87000	 70.02144	100.87000
279.00000	101.03000	 70.09933	101.03000
279.20000	101.09000	 70.07653	101.09000
279.40000	101.09000	 69.99144	101.09000
279.60000	101.05000	 69.86448	101.05000
279.80000	100.97000	 69.69784	100.97000
280.00000	100.89000	 69.53040	100.89000
280.20000	100.79000	 69.34575	100.79000
280.40000	100.67000	 69.14566	100.67000
280.60000	100.51000	 68.91345	100.51000
280.80000	100.33000	 68.66912	100.33000
281.00000	100.10000	 68.38675	100.10000
281.20000	 99.85000	 68.09549	 99.85000
281.40000	 99.59000	 67.80598	 99.59000
281.60000	 99.32000	 67.51944	 99.32000
281.80000	 99.07000	 67.26435	 99.07000
282.00000	 98.84000	 67.04119	 98.84000
282.20000	 98.60000	 66.82259	 98.60000
282.40000	 98.34000	 66.59939	 98.34000
282.60000	 98.07000	 66.38079	 98.07000
282.80000	 97.72000	 66.10264	 97.72000
283.00000	 97.37000	 65.83879	 97.37000
283.20000	 97.01000	 65.58039	 97.01000
283.40000	 96.67000	 65.35511	 96.67000
283.60000	 96.38000	 65.19025	 96.38000
283.80000	 96.14000	 65.08503	 96.14000
284.00000	 95.91000	 65.00155	 95.91000
284.20000	 95.69000	 64.93851	 95.69000
284.40000	 95.46000	 64.87628	 95.46000
284.60000	 95.20000	 64.79543	 95.20000
284.80000	 94.93000	 64.71351	 94.93000
285.00000	 94.64000	 64.62071	 94.64000
285.20000	 94.34000	 64.52576	 94.34000
285.40000	 94.01000	 64.40997	 94.01000
285.60000	 93.66000	 64.28240	 93.66000
285.80000	 93.31000	 64.16140	 93.31000
286.00000	 92.96000	 64.04692	 92.96000
286.20000	 92.63000	 63.95716	 92.63000
286.40000	 92.31000	 63.88262	 92.31000
286.60000	 92.02000	 63.84115	 92.02000
286.80000	 91.76000	 63.83205	 91.76000
287.00000	 91.55000	 63.87269	 91.55000
287.20000	 91.37000	 63.94347	 91.37000
287.40000	 91.24000	 64.06133	 91.24000
287.60000	 91.18000	 64.24295	 91.18000
