  0.00000	 94.23000	 80.50693	 94.23000
  0.20000	 94.09000	 76.01502	 94.09000
  0.40000	 94.17000	 72.53878	 94.17000
  0.60000	 94.41000	 70.10503	 94.41000
  0.80000	 94.77000	 68.63602	 94.77000
  1.00000	 95.21000	 67.97086	 95.21000
  1.20000	 95.67000	 67.88023	 95.67000
  1.40000	 96.12000	 68.16602	 96.12000
  1.60000	 96.47000	 68.56534	 96.47000
  1.80000	 96.67000	 68.90119	 96.67000
  2.00000	 96.78000	 69.17982	 96.78000
  2.20000	 96.80000	 69.35669	 96.80000
  2.40000	 96.65000	 69.30626	 96.65000
  2.60000	 96.42000	 69.15193	 96.42000
  2.80000	 96.18000	 68.99878	 96.18000
  3.00000	 95.99000	 68.93442	 95.99000
  3.20000	 96.09000	 69.26954	 96.09000
  3.40000	 96.37000	 69.82269	 96.37000
  3.60000	 96.70000	 70.37802	 96.70000
  3.80000	 97.01000	 70.81200	 97.01000
  4.00000	 97.23000	 71.02255	 97.23000
  4.20000	 97.15000	 70.74969	 97.15000
  4.40000	 97.02000	 70.37301	 97.02000
  4.60000	 96.86000	 69.96582	 96.86000
  4.80000	 96.77000	 69.69377	 96.77000
  5.00000	 96.84000	 69.68599	 96.84000
  5.20000	 96.85000	 69.63983	 96.85000
  5.40000	 96.74000	 69.46937	 96.74000
  5.60000	 96.33000	 68.94643	 96.33000
  5.80000	 95.66000	 68.15989	 95.66000
  6.00000	 94.84000	 67.30270	 94.84000
  6.20000	 93.87000	 66.41568	 93.87000
  6.40000	 92.66000	 65.41240	 92.66000
  6.60000	 91.41000	 64.58482	 91.41000
  6.80000	 90.19000	 64.02922	 90.19000
  7.00000	 89.08000	 63.82764	 89.08000
  7.20000	 88.56000	 64.55623	 88.56000
  7.40000	 88.27000	 65.62627	 88.27000
  7.60000	 88.11000	 66.79263	 88.11000
  7.80000	 88.03000	 67.90185	 88.03000
  8.00000	 87.96000	 68.80723	 87.96000
  8.20000	 87.64000	 69.15124	 87.64000
  8.40000	 87.29000	 69.25945	 87.29000
  8.60000	 86.95000	 69.23335	 86.95000
  8.80000	 86.65000	 69.15895	 86.65000
  9.00000	 86.47000	 69.17755	 86.47000
  9.20000	 86.37000	 69.25432	 86.37000
  9.40000	 86.29000	 69.31779	 86.29000
  9.60000	 86.20000	 69.33483	 86.20000
  9.80000	 85.92000	 69.07962	 85.92000
 10.00000	 85.61000	 68.79155	 85.61000
 10.20000	 85.37000	 68.62536	 85.37000
 10.40000	 85.29000	 68.70386	 85.29000
 10.60000	 85.85000	 69.63287	 85.85000
 10.80000	 86.53000	 70.64367	 86.53000
 11.00000	 87.21000	 71.50896	 87.21000
 11.20000	 87.79000	 72.06312	 87.79000
 11.40000	 87.68000	 71.54296	 87.68000
 11.60000	 87.41000	 70.74147	 87.41000
 11.80000	 87.17000	 70.00364	 87.17000
 12.00000	 87.11000	 69.58635	 87.11000
 12.20000	 87.54000	 69.90586	 87.54000
 12.40000	 88.15000	 70.49905	 88.15000
 12.60000	 88.90000	 71.24707	 88.90000
 12.80000	 89.81000	 72.11540	 89.81000
 13.00000	 90.81000	 72.96002	 90.81000
 13.20000	 91.73000	 73.52554	 91.73000
 13.40000	 92.46000	 73.67136	 92.46000
 13.60000	 92.51000	 72.80083	 92.51000
 13.80000	 92.40000	 71.71367	 92.40000
 14.00000	 92.25000	 70.67128	 92.25000
 14.20000	 92.33000	 70.09357	 92.33000
 14.40000	 92.96000	 70.40101	 92.96000
 14.60000	 93.70000	 70.94130	 93.70000
 14.80000	 94.45000	 71.50738	 94.45000
 15.00000	 95.14000	 71.95247	 95.14000
 15.20000	 95.43000	 71.80686	 95.43000
 15.40000	 95.51000	 71.35388	 95.51000
 15.60000	 95.52000	 70.82932	 95.52000
 15.80000	 95.48000	 70.30287	 95.48000
 16.00000	 95.59000	 70.06512	 95.59000
 16.20000	 95.68000	 69.88885	 95.68000
 16.40000	 95.68000	 69.67294	 95.68000
 16.60000	 95.48000	 69.27084	 95.48000
 16.80000	 94.82000	 68.35895	 94.82000
 17.00000	 94.06000	 67.46315	 94.06000
 17.20000	 93.31000	 66.76453	 93.31000
 17.40000	 92.79000	 66.55704	 92.79000
 17.60000	 92.73000	 67.09935	 92.73000
 17.80000	 92.78000	 67.83796	 92.78000
 18.00000	 92.87000	 68.59562	 92.87000
 18.20000	 92.94000	 69.23289	 92.94000
 18.40000	 92.71000	 69.35424	 92.71000
 18.60000	 92.37000	 69.23351	 92.37000
 18.80000	 91.98000	 68.98981	 91.98000
 19.00000	 91.55000	 68.67607	 91.55000
 19.20000	 91.08000	 68.32649	 91.08000
 19.40000	 90.62000	 68.03307	 90.62000
 19.60000	 90.21000	 67.86124	 90.21000
 19.80000	 89.91000	 67.88696	 89.91000
 20.00000	 89.90000	 68.32456	 89.90000
 20.20000	 89.96000	 68.83568	 89.96000
 20.40000	 90.04000	 69.31242	 90.04000
 20.60000	 90.00000	 69.54622	 90.00000
 20.80000	 89.81000	 69.50250	 89.81000
 21.00000	 89.64000	 69.43151	 89.64000
 21.20000	 89.53000	 69.40800	 89.53000
 21.40000	 89.74000	 69.78171	 89.74000
 21.60000	 90.11000	 70.31547	 90.11000
 21.80000	 90.50000	 70.79228	 90.50000
 22.00000	 90.82000	 71.07637	 90.82000
 22.20000	 90.81000	 70.83453	 90.81000
 22.40000	 90.54000	 70.21041	 90.54000
 22.60000	 90.23000	 69.56225	 90.23000
 22.80000	 89.94000	 69.02013	 89.94000
 23.00000	 89.85000	 68.84428	 89.85000
 23.20000	 89.87000	 68.90140	 89.87000
 23.40000	 89.94000	 69.08040	 89.94000
 23.60000	 90.01000	 69.28197	 90.01000
 23.80000	 90.05000	 69.44120	 90.05000
 24.00000	 90.12000	 69.62221	 90.12000
 24.20000	 90.24000	 69.83939	 90.24000
 24.40000	 90.56000	 70.27657	 90.56000
 24.60000	 90.97000	 70.76239	 90.97000
 24.80000	 91.35000	 71.11676	 91.35000
 25.00000	 91.63000	 71.24442	 91.63000
 25.20000	 91.47000	 70.72118	 91.47000
 25.40000	 91.13000	 69.95866	 91.13000
 25.60000	 90.73000	 69.18592	 90.73000
 25.80000	 90.35000	 68.55836	 90.35000
 26.00000	 90.20000	 68.37110	 90.20000
 26.20000	 90.13000	 68.40291	 90.13000
 26.40000	 90.17000	 68.65427	 90.17000
 26.60000	 90.37000	 69.14305	 90.37000
 26.80000	 90.73000	 69.81449	 90.73000
 27.00000	 91.14000	 70.47062	 91.14000
 27.20000	 91.52000	 70.97094	 91.52000
 27.40000	 91.73000	 71.12276	 91.73000
 27.60000	 91.84000	 71.04247	 91.84000
 27.80000	 91.90000	 70.83440	 91.90000
 28.00000	 91.90000	 70.52467	 91.90000
 28.20000	 91.84000	 70.14986	 91.84000
 28.40000	 91.76000	 69.79336	 91.76000
 28.60000	 91.68000	 69.50111	 91.68000
 28.80000	 91.68000	 69.38493	 91.68000
 29.00000	 91.85000	 69.55080	 91.85000
 29.20000	 91.99000	 69.70444	 91.99000
 29.40000	 92.04000	 69.74533	 92.04000
 29.60000	 91.90000	 69.53821	 91.90000
 29.80000	 91.18000	 68.59504	 91.18000
 30.00000	 90.41000	 67.68730	 90.41000
 30.20000	 89.68000	 66.98525	 89.68000
 30.40000	 89.25000	 66.84464	 89.25000
 30.60000	 89.24000	 67.38128	 89.24000
 30.80000	 89.40000	 68.17879	 89.40000
 31.00000	 89.70000	 69.11081	 89.70000
 31.20000	 90.08000	 70.02644	 90.08000
 31.40000	 90.51000	 70.83796	 90.51000
 31.60000	 90.98000	 71.50864	 90.98000
 31.80000	 91.47000	 72.00947	 91.47000
 32.00000	 91.96000	 72.32848	 91.96000
 32.20000	 92.39000	 72.41454	 92.39000
 32.40000	 92.71000	 72.24314	 92.71000
 32.60000	 92.82000	 71.73632	 92.82000
 32.80000	 92.55000	 70.74021	 92.55000
 33.00000	 92.15000	 69.67219	 92.15000
 33.20000	 91.69000	 68.69356	 91.69000
 33.40000	 91.21000	 67.89637	 91.21000
 33.60000	 90.77000	 67.36914	 90.77000
 33.80000	 90.42000	 67.15874	 90.42000
 34.00000	 90.20000	 67.27484	 90.20000
 34.20000	 90.35000	 67.96983	 90.35000
 34.40000	 90.80000	 69.05723	 90.80000
 34.60000	 91.30000	 70.10923	 91.30000
 34.80000	 91.75000	 70.92824	 91.75000
 35.00000	 91.74000	 70.95592	 91.74000
 35.20000	 91.58000	 70.65234	 91.58000
 35.40000	 91.37000	 70.21786	 91.37000
 35.60000	 91.16000	 69.77842	 91.16000
 35.80000	 91.29000	 69.81911	 91.29000
 36.00000	 91.44000	 69.90836	 91.44000
 36.20000	 91.54000	 69.94006	 91.54000
 36.40000	 91.54000	 69.84407	 91.54000
 36.60000	 91.07000	 69.14721	 91.07000
 36.80000	 90.50000	 68.39248	 90.50000
 37.00000	 89.93000	 67.75784	 89.93000
 37.20000	 89.52000	 67.47326	 89.52000
 37.40000	 89.52000	 67.84636	 89.52000
 37.60000	 89.60000	 68.37419	 89.60000
 37.80000	 89.69000	 68.90028	 89.69000
 38.00000	 89.60000	 69.13233	 89.60000
 38.20000	 89.37000	 69.11860	 89.37000
 38.40000	 89.11000	 69.02253	 89.11000
 38.60000	 88.87000	 68.93098	 88.87000
 38.80000	 88.82000	 69.07988	 88.82000
 39.00000	 88.82000	 69.27491	 88.82000
 39.20000	 88.82000	 69.43837	 88.82000
 39.40000	 88.79000	 69.52544	 88.79000
 39.60000	 88.52000	 69.26601	 88.52000
 39.80000	 88.20000	 68.94176	 88.20000
 40.00000	 87.89000	 68.66059	 87.89000
 40.20000	 87.63000	 68.49117	 87.63000
 40.40000	 87.68000	 68.77291	 87.68000
 40.60000	 87.80000	 69.15223	 87.80000
 40.80000	 87.88000	 69.44837	 87.88000
 41.00000	 87.76000	 69.43483	 87.76000
 41.20000	 87.18000	 68.78944	 87.18000
 41.40000	 86.57000	 68.14168	 86.57000
 41.60000	 86.06000	 67.70929	 86.06000
 41.80000	 86.04000	 68.01327	 86.04000
 42.00000	 86.37000	 68.81223	 86.37000
 42.20000	 86.86000	 69.77193	 86.86000
 42.40000	 87.41000	 70.68718	 87.41000
 42.60000	 87.98000	 71.45834	 87.98000
 42.80000	 88.46000	 71.92298	 88.46000
 43.00000	 88.78000	 72.00549	 88.78000
 43.20000	 88.84000	 71.62219	 88.84000
 43.40000	 88.03000	 70.05488	 88.03000
 43.60000	 87.07000	 68.40290	 87.07000
 43.80000	 86.13000	 67.00751	 86.13000
 44.00000	 85.53000	 66.34401	 85.53000
 44.20000	 85.65000	 66.87923	 85.65000
 44.40000	 85.89000	 67.70142	 85.89000
 44.60000	 86.13000	 68.53691	 86.13000
 44.80000	 85.87000	 68.65240	 85.87000
 45.00000	 85.34000	 68.35696	 85.34000
 45.20000	 84.83000	 68.07299	 84.83000
 45.40000	 84.48000	 68.01278	 84.48000
 45.60000	 85.05000	 69.16549	 85.05000
 45.80000	 85.77000	 70.41647	 85.77000
 46.00000	 86.47000	 71.45767	 86.47000
 46.20000	 87.00000	 72.05355	 87.00000
 46.40000	 86.54000	 71.15079	 86.54000
 46.60000	 85.80000	 69.82243	 85.80000
 46.80000	 84.98000	 68.47151	 84.98000
 47.00000	 84.19000	 67.34197	 84.19000
 47.20000	 84.00000	 67.22452	 84.00000
 47.40000	 83.92000	 67.42095	 83.92000
 47.60000	 83.88000	 67.76884	 83.88000
 47.80000	 83.74000	 68.02238	 83.74000
 48.00000	 83.37000	 67.97702	 83.37000
 48.20000	 82.99000	 67.92232	 82.99000
 48.40000	 82.63000	 67.90043	 82.63000
 48.60000	 82.45000	 68.11869	 82.45000
 48.80000	 82.44000	 68.54115	 82.44000
 49.00000	 82.48000	 68.97687	 82.48000
 49.20000	 82.51000	 69.32255	 82.51000
 49.40000	 82.45000	 69.46513	 82.45000
 49.60000	 82.27000	 69.37837	 82.27000
 49.80000	 82.05000	 69.19666	 82.05000
 50.00000	 81.78000	 68.93686	 81.78000
 50.20000	 81.47000	 68.63991	 81.47000
 50.40000	 81.09000	 68.28954	 81.09000
 50.60000	 80.74000	 68.03652	 80.74000
 50.80000	 80.45000	 67.92505	 80.45000
 51.00000	 80.37000	 68.14066	 80.37000
 51.20000	 80.42000	 68.54207	 80.42000
 51.40000	 80.47000	 68.91711	 80.47000
 51.60000	 80.44000	 69.13439	 80.44000
 51.80000	 80.08000	 68.86442	 80.08000
 52.00000	 79.70000	 68.55309	 79.70000
 52.20000	 79.39000	 68.35078	 79.39000
 52.40000	 79.46000	 68.67382	 79.46000
 52.60000	 79.89000	 69.45627	 79.89000
 52.80000	 80.33000	 70.17243	 80.33000
 53.00000	 80.65000	 70.61079	 80.65000
 53.20000	 80.29000	 70.03928	 80.29000
 53.40000	 79.59000	 68.99202	 79.59000
 53.60000	 78.87000	 67.99313	 78.87000
 53.80000	 78.35000	 67.39883	 78.35000
 54.00000	 78.55000	 67.89643	 78.55000
 54.20000	 78.93000	 68.68890	 78.93000
 54.40000	 79.36000	 69.51431	 79.36000
 54.60000	 79.60000	 69.99313	 79.60000
 54.80000	 79.68000	 70.15020	 79.68000
 55.00000	 79.73000	 70.17499	 79.73000
 55.20000	 79.82000	 70.18504	 79.82000
 55.40000	 80.01000	 70.27827	 80.01000
 55.60000	 80.23000	 70.36967	 80.23000
 55.80000	 80.47000	 70.45069	 80.47000
 56.00000	 80.76000	 70.56450	 80.76000
 56.20000	 81.06000	 70.65891	 81.06000
 56.40000	 81.32000	 70.67062	 81.32000
 56.60000	 81.49000	 70.54353	 81.49000
 56.80000	 81.33000	 69.98442	 81.33000
 57.00000	 81.09000	 69.37196	 81.09000
 57.20000	 80.88000	 68.89108	 80.88000
 57.40000	 80.87000	 68.77957	 80.87000
 57.60000	 81.19000	 69.18356	 81.19000
 57.80000	 81.55000	 69.66173	 81.55000
 58.00000	 81.90000	 70.09781	 81.90000
 58.20000	 81.93000	 70.05688	 81.93000
 58.40000	 81.88000	 69.87387	 81.88000
 58.60000	 81.82000	 69.66875	 81.82000
 58.80000	 81.88000	 69.63279	 81.88000
 59.00000	 82.09000	 69.80458	 82.09000
 59.20000	 82.35000	 70.03438	 82.35000
 59.40000	 82.65000	 70.29023	 82.65000
 59.60000	 83.03000	 70.60870	 83.03000
 59.80000	 83.43000	 70.89527	 83.43000
 60.00000	 83.75000	 71.01146	 83.75000
 60.20000	 83.95000	 70.91541	 83.95000
 60.40000	 83.77000	 70.29557	 83.77000
 60.60000	 83.35000	 69.40140	 83.35000
 60.80000	 82.86000	 68.52605	 82.86000
 61.00000	 82.39000	 67.83450	 82.39000
 61.20000	 82.20000	 67.68088	 82.20000
 61.40000	 82.10000	 67.77861	 82.10000
 61.60000	 82.08000	 68.06387	 82.08000
 61.80000	 82.13000	 68.47093	 82.13000
 62.00000	 82.23000	 68.92590	 82.23000
 62.20000	 82.36000	 69.36520	 82.36000
 62.40000	 82.50000	 69.73836	 82.50000
 62.60000	 82.60000	 69.96970	 82.60000
 62.80000	 82.69000	 70.10421	 82.69000
 63.00000	 82.75000	 70.12914	 82.75000
 63.20000	 82.78000	 70.06398	 82.78000
 63.40000	 82.77000	 69.91768	 82.77000
 63.60000	 82.72000	 69.71300	 82.72000
 63.80000	 82.65000	 69.49717	 82.65000
 64.00000	 82.56000	 69.28588	 82.56000
 64.20000	 82.41000	 69.03745	 82.41000
 64.40000	 82.28000	 68.86654	 82.28000
 64.60000	 82.18000	 68.78618	 82.18000
 64.80000	 82.23000	 68.94406	 82.23000
 65.00000	 82.46000	 69.35115	 82.46000
 65.20000	 82.67000	 69.70460	 82.67000
 65.40000	 82.78000	 69.87584	 82.78000
 65.60000	 82.45000	 69.42247	 82.45000
 65.80000	 82.02000	 68.84508	 82.02000
 66.00000	 81.57000	 68.29951	 81.57000
 66.20000	 81.34000	 68.13083	 81.34000
 66.40000	 81.31000	 68.30055	 81.31000
 66.60000	 81.36000	 68.61232	 81.36000
 66.80000	 81.47000	 68.99905	 81.47000
 67.00000	 81.62000	 69.39933	 81.62000
 67.20000	 81.78000	 69.74844	 81.78000
 67.40000	 81.92000	 69.99442	 81.92000
 67.60000	 82.02000	 70.11203	 82.02000
 67.80000	 81.99000	 69.99674	 81.99000
 68.00000	 81.88000	 69.74405	 81.88000
 68.20000	 81.71000	 69.41390	 81.71000
 68.40000	 81.46000	 69.01090	 81.46000
 68.60000	 81.05000	 68.45886	 81.05000
 68.80000	 80.59000	 67.93397	 80.59000
 69.00000	 80.14000	 67.53450	 80.14000
 69.20000	 79.74000	 67.31464	 79.74000
 69.40000	 79.55000	 67.46719	 79.55000
 69.60000	 79.47000	 67.81662	 79.47000
 69.80000	 79.46000	 68.26105	 79.46000
 70.00000	 79.50000	 68.73115	 79.50000
 70.20000	 79.58000	 69.18162	 79.58000
 70.40000	 79.68000	 69.56605	 79.68000
 70.60000	 79.75000	 69.81154	 79.75000
 70.80000	 79.71000	 69.82165	 79.71000
 71.00000	 79.57000	 69.63670	 79.57000
 71.20000	 79.43000	 69.42399	 79.43000
 71.40000	 79.32000	 69.25089	 79.32000
 71.60000	 79.43000	 69.38061	 79.43000
 71.80000	 79.66000	 69.66593	 79.66000
 72.00000	 79.87000	 69.89836	 79.87000
 72.20000	 80.01000	 69.99963	 80.01000
 72.40000	 79.82000	 69.63444	 79.82000
 72.60000	 79.41000	 68.99143	 79.41000
 72.80000	 78.98000	 68.38815	 78.98000
 73.00000	 78.58000	 67.92549	 78.58000
 73.20000	 78.68000	 68.22668	 78.68000
 73.40000	 78.79000	 68.59093	 78.79000
 73.60000	 78.76000	 68.77343	 78.76000
 73.80000	 78.19000	 68.23612	 78.19000
 74.00000	 76.90000	 66.79945	 76.90000
 74.20000	 75.46000	 65.32648	 75.46000
 74.40000	 74.06000	 64.15149	 74.06000
 74.60000	 73.58000	 64.45184	 73.58000
 74.80000	 73.77000	 65.78702	 73.77000
 75.00000	 74.22000	 67.44739	 74.22000
 75.20000	 74.82000	 69.13776	 74.82000
 75.40000	 75.47000	 70.62026	 75.47000
 75.60000	 75.97000	 71.57985	 75.97000
 75.80000	 75.68000	 71.19482	 75.68000
 76.00000	 75.31000	 70.52232	 75.31000
 76.20000	 74.92000	 69.75959	 74.92000
 76.40000	 74.54000	 69.03668	 74.54000
 76.60000	 74.28000	 68.55601	 74.28000
 76.80000	 74.24000	 68.46610	 74.24000
 77.00000	 74.30000	 68.58706	 74.30000
 77.20000	 74.47000	 68.89576	 74.47000
 77.40000	 74.79000	 69.40172	 74.79000
 77.60000	 75.31000	 70.12228	 75.31000
 77.80000	 75.85000	 70.77031	 75.85000
 78.00000	 76.36000	 71.25103	 76.36000
 78.20000	 76.64000	 71.29937	 76.64000
 78.40000	 76.68000	 70.93937	 76.68000
 78.60000	 76.70000	 70.52107	 76.70000
 78.80000	 76.73000	 70.13308	 76.73000
 79.00000	 77.08000	 70.21034	 77.08000
 79.20000	 77.57000	 70.49712	 77.57000
 79.40000	 78.04000	 70.75084	 78.04000
 79.60000	 78.43000	 70.87272	 78.43000
 79.80000	 78.58000	 70.65248	 78.58000
 80.00000	 78.50000	 70.13353	 78.50000
 80.20000	 78.24000	 69.42968	 78.24000
 80.40000	 77.79000	 68.57873	 77.79000
 80.60000	 76.90000	 67.30395	 76.90000
 80.80000	 75.84000	 66.02944	 75.84000
 81.00000	 74.79000	 65.03935	 74.79000
 81.20000	 73.85000	 64.47146	 73.85000
 81.40000	 73.85000	 65.37154	 73.85000
 81.60000	 74.21000	 66.82427	 74.21000
 81.80000	 74.75000	 68.43286	 74.75000
 82.00000	 75.40000	 69.97938	 75.40000
 82.20000	 76.06000	 71.25201	 76.06000
 82.40000	 76.51000	 71.93386	 76.51000
 82.60000	 76.39000	 71.59066	 76.39000
 82.80000	 76.18000	 70.96644	 76.18000
 83.00000	 75.92000	 70.22227	 75.92000
 83.20000	 75.65000	 69.49690	 75.65000
 83.40000	 75.39000	 68.87458	 75.39000
 83.60000	 75.14000	 68.38588	 75.14000
 83.80000	 75.00000	 68.16949	 75.00000
 84.00000	 75.03000	 68.28389	 75.03000
 84.20000	 75.37000	 68.86682	 75.37000
 84.40000	 76.35000	 70.27337	 76.35000
 84.60000	 77.35000	 71.56876	 77.35000
 84.80000	 78.22000	 72.47982	 78.22000
 85.00000	 78.42000	 72.28588	 78.42000
 85.20000	 77.69000	 70.73912	 77.69000
 85.40000	 76.79000	 69.01711	 76.79000
 85.60000	 75.90000	 67.50077	 75.90000
 85.80000	 75.49000	 66.88385	 75.49000
 86.00000	 75.78000	 67.42552	 75.78000
 86.20000	 76.22000	 68.28325	 76.22000
 86.40000	 76.74000	 69.24864	 76.74000
 86.60000	 77.10000	 69.91813	 77.10000
 86.80000	 77.32000	 70.28225	 77.32000
 87.00000	 77.47000	 70.43605	 77.47000
 87.20000	 77.55000	 70.40202	 77.55000
 87.40000	 77.43000	 70.04417	 77.43000
 87.60000	 77.28000	 69.63687	 77.28000
 87.80000	 77.15000	 69.28658	 77.15000
 88.00000	 77.14000	 69.14676	 77.14000
 88.20000	 77.55000	 69.60433	 77.55000
 88.40000	 78.02000	 70.13285	 78.02000
 88.60000	 78.51000	 70.63358	 78.51000
 88.80000	 78.94000	 70.97276	 78.94000
 89.00000	 79.06000	 70.81966	 79.06000
 89.20000	 78.96000	 70.33355	 78.96000
 89.40000	 78.76000	 69.73074	 78.76000
 89.60000	 78.51000	 69.12873	 78.51000
 89.80000	 78.23000	 68.58967	 78.23000
 90.00000	 77.97000	 68.19760	 77.97000
 90.20000	 77.73000	 67.95177	 77.73000
 90.40000	 77.52000	 67.85089	 77.52000
 90.60000	 77.41000	 67.96250	 77.41000
 90.80000	 77.41000	 68.26345	 77.41000
 91.00000	 77.46000	 68.63294	 77.46000
 91.20000	 77.57000	 69.04807	 77.57000
 91.40000	 77.78000	 69.53184	 77.78000
 91.60000	 78.04000	 69.99283	 78.04000
 91.80000	 78.30000	 70.34999	 78.30000
 92.00000	 78.51000	 70.53702	 78.51000
 92.20000	 78.54000	 70.39987	 78.54000
 92.40000	 78.42000	 70.01833	 78.42000
 92.60000	 78.24000	 69.56046	 78.24000
 92.80000	 78.05000	 69.13371	 78.05000
 93.00000	 77.88000	 68.80348	 77.88000
 93.20000	 77.76000	 68.61796	 77.76000
 93.40000	 77.69000	 68.56991	 77.69000
 93.60000	 77.66000	 68.62843	 77.66000
 93.80000	 77.79000	 68.92729	 77.79000
 94.00000	 77.96000	 69.27247	 77.96000
 94.20000	 78.13000	 69.58142	 78.13000
 94.40000	 78.20000	 69.70631	 78.20000
 94.60000	 78.14000	 69.61304	 78.14000
 94.80000	 78.08000	 69.49455	 78.08000
 95.00000	 78.02000	 69.36966	 78.02000
 95.20000	 78.15000	 69.49929	 78.15000
 95.40000	 78.33000	 69.68706	 78.33000
 95.60000	 78.48000	 69.81365	 78.48000
 95.80000	 78.55000	 69.80919	 78.55000
 96.00000	 78.25000	 69.30515	 78.25000
 96.20000	 77.86000	 68.71847	 77.86000
 96.40000	 77.47000	 68.21024	 77.47000
 96.60000	 77.16000	 67.90759	 77.16000
 96.80000	 77.18000	 68.13255	 77.18000
 97.00000	 77.27000	 68.49530	 77.27000
 97.20000	 77.36000	 68.85625	 77.36000
 97.40000	 77.36000	 69.06488	 77.36000
 97.60000	 77.24000	 69.07323	 77.24000
 97.80000	 77.09000	 69.01090	 77.09000
 98.00000	 76.92000	 68.90618	 76.92000
 98.20000	 76.83000	 68.90374	 76.83000
 98.40000	 76.74000	 68.90004	 76.74000
 98.60000	 76.64000	 68.88258	 76.64000
 98.80000	 76.51000	 68.82697	 76.51000
 99.00000	 76.29000	 68.65979	 76.29000
 99.20000	 76.03000	 68.45969	 76.03000
 99.40000	 75.76000	 68.27813	 75.76000
 99.60000	 75.49000	 68.13494	 75.49000
 99.80000	 75.20000	 68.00517	 75.20000
100.00000	 74.94000	 67.95333	 74.94000
100.20000	 74.74000	 68.01076	 74.74000
100.40000	 74.67000	 68.25303	 74.67000
100.60000	 74.74000	 68.66524	 74.74000
100.80000	 74.83000	 69.05613	 74.83000
101.00000	 74.91000	 69.36444	 74.91000
101.20000	 74.82000	 69.37436	 74.82000
101.40000	 74.70000	 69.29067	 74.70000
101.60000	 74.57000	 69.16380	 74.57000
101.80000	 74.52000	 69.13187	 74.52000
102.00000	 74.55000	 69.20059	 74.55000
102.20000	 74.58000	 69.26048	 74.58000
102.40000	 74.58000	 69.26962	 74.58000
102.60000	 74.43000	 69.07458	 74.43000
102.80000	 74.19000	 68.77430	 74.19000
103.00000	 73.93000	 68.48406	 73.93000
103.20000	 73.67000	 68.24562	 73.67000
103.40000	 73.49000	 68.16910	 73.49000
103.60000	 73.33000	 68.16542	 73.33000
103.80000	 73.20000	 68.23314	 73.20000
104.00000	 73.13000	 68.39463	 73.13000
104.20000	 73.10000	 68.60357	 73.10000
104.40000	 73.03000	 68.73740	 73.03000
104.60000	 72.89000	 68.75133	 72.89000
104.80000	 72.44000	 68.34023	 72.44000
105.00000	 71.96000	 67.91294	 71.96000
105.20000	 71.51000	 67.57978	 71.51000
105.40000	 71.29000	 67.61453	 71.29000
105.60000	 71.49000	 68.23952	 71.49000
105.80000	 71.75000	 68.91413	 71.75000
106.00000	 71.99000	 69.47977	 71.99000
106.20000	 72.05000	 69.70079	 72.05000
106.40000	 71.67000	 69.25199	 71.67000
106.60000	 71.21000	 68.67335	 71.21000
106.80000	 70.71000	 68.07848	 70.71000
107.00000	 70.33000	 67.71968	 70.33000
107.20000	 70.08000	 67.61841	 70.08000
107.40000	 69.88000	 67.65234	 69.88000
107.60000	 69.69000	 67.74414	 69.69000
107.80000	 69.47000	 67.81878	 69.47000
108.00000	 69.25000	 67.90097	 69.25000
108.20000	 69.06000	 68.01910	 69.06000
108.40000	 68.88000	 68.13645	 68.88000
108.60000	 68.72000	 68.25872	 68.72000
108.80000	 68.61000	 68.41948	 68.61000
109.00000	 68.56000	 68.62443	 68.56000
109.20000	 68.67000	 68.99461	 68.67000
109.40000	 68.94000	 69.50849	 68.94000
109.60000	 69.20000	 69.91668	 69.20000
109.80000	 69.39000	 70.13161	 69.39000
110.00000	 69.33000	 69.93059	 69.33000
110.20000	 69.12000	 69.49051	 69.12000
110.40000	 68.85000	 68.98313	 68.85000
110.60000	 68.58000	 68.53061	 68.58000
110.80000	 68.35000	 68.21028	 68.35000
111.00000	 68.16000	 68.02725	 68.16000
111.20000	 68.05000	 68.02422	 68.05000
111.40000	 68.17000	 68.37306	 68.17000
111.60000	 68.37000	 68.82965	 68.37000
111.80000	 68.57000	 69.24604	 68.57000
112.00000	 68.63000	 69.41346	 68.63000
112.20000	 68.47000	 69.23265	 68.47000
112.40000	 68.25000	 68.94760	 68.25000
112.60000	 67.98000	 68.60582	 67.98000
112.80000	 67.73000	 68.32755	 67.73000
113.00000	 67.50000	 68.12696	 67.50000
113.20000	 67.29000	 68.00660	 67.29000
113.40000	 67.15000	 68.02574	 67.15000
113.60000	 67.15000	 68.25842	 67.15000
113.80000	 67.18000	 68.52982	 67.18000
114.00000	 67.24000	 68.81442	 67.24000
114.20000	 67.28000	 69.02830	 67.28000
114.40000	 67.21000	 69.04793	 67.21000
114.60000	 67.10000	 68.97810	 67.10000
114.80000	 66.96000	 68.84968	 66.96000
115.00000	 66.81000	 68.70652	 66.81000
115.20000	 66.65000	 68.56234	 66.65000
115.40000	 66.49000	 68.43972	 66.49000
115.60000	 66.36000	 68.38227	 66.36000
115.80000	 66.25000	 68.37407	 66.25000
116.00000	 66.24000	 68.51259	 66.24000
116.20000	 66.28000	 68.71452	 66.28000
116.40000	 66.37000	 68.96135	 66.37000
116.60000	 66.50000	 69.22312	 66.50000
116.80000	 66.69000	 69.51283	 66.69000
117.00000	 66.90000	 69.76688	 66.90000
117.20000	 67.08000	 69.91565	 67.08000
117.40000	 67.22000	 69.95286	 67.22000
117.60000	 67.13000	 69.64638	 67.13000
117.80000	 67.00000	 69.28593	 67.00000
118.00000	 66.87000	 68.95794	 66.87000
118.20000	 66.76000	 68.70920	 66.76000
118.40000	 66.80000	 68.71579	 66.80000
118.60000	 66.91000	 68.85457	 66.91000
118.80000	 67.06000	 69.06099	 67.06000
119.00000	 67.29000	 69.36314	 67.29000
119.20000	 67.65000	 69.80063	 67.65000
119.40000	 67.93000	 70.07005	 67.93000
119.60000	 68.07000	 70.08817	 68.07000
119.80000	 67.65000	 69.32828	 67.65000
120.00000	 66.97000	 68.26687	 66.97000
120.20000	 66.23000	 67.25169	 66.23000
120.40000	 65.59000	 66.54700	 65.59000
120.60000	 65.67000	 66.96934	 65.67000
120.80000	 65.93000	 67.71768	 65.93000
121.00000	 66.33000	 68.64153	 66.33000
121.20000	 66.79000	 69.55236	 66.79000
121.40000	 67.26000	 70.32802	 67.26000
121.60000	 67.59000	 70.74663	 67.59000
121.80000	 67.55000	 70.52384	 67.55000
122.00000	 67.45000	 70.13327	 67.45000
122.20000	 67.31000	 69.66529	 67.31000
122.40000	 67.16000	 69.21069	 67.16000
122.60000	 67.01000	 68.81704	 67.01000
122.80000	 66.90000	 68.55455	 66.90000
123.00000	 66.82000	 68.41043	 66.82000
123.20000	 66.78000	 68.38674	 66.78000
123.40000	 66.81000	 68.50363	 66.81000
123.60000	 66.94000	 68.77393	 66.94000
123.80000	 67.13000	 69.11314	 67.13000
124.00000	 67.41000	 69.53149	 67.41000
124.20000	 67.80000	 70.02778	 67.80000
124.40000	 68.31000	 70.58906	 68.31000
124.60000	 68.85000	 71.07438	 68.85000
124.80000	 69.36000	 71.39642	 69.36000
125.00000	 69.74000	 71.43404	 69.74000
125.20000	 69.92000	 71.12896	 69.92000
125.40000	 70.06000	 70.74411	 70.06000
125.60000	 70.22000	 70.40286	 70.22000
125.80000	 70.54000	 70.31473	 70.54000
126.00000	 71.07000	 70.54009	 71.07000
126.20000	 71.55000	 70.70818	 71.55000
126.40000	 71.88000	 70.67173	 71.88000
126.60000	 71.68000	 69.94333	 71.68000
126.80000	 71.13000	 68.82639	 71.13000
127.00000	 70.46000	 67.70402	 70.46000
127.20000	 69.78000	 66.77759	 69.78000
127.40000	 69.64000	 66.78464	 69.64000
127.60000	 69.83000	 67.37986	 69.83000
127.80000	 70.14000	 68.18524	 70.14000
128.00000	 70.51000	 69.03059	 70.51000
128.20000	 70.89000	 69.78346	 70.89000
128.40000	 71.24000	 70.35390	 71.24000
128.60000	 71.23000	 70.30342	 71.23000
128.80000	 71.04000	 69.91793	 71.04000
129.00000	 70.81000	 69.44665	 70.81000
129.20000	 70.56000	 68.97005	 70.56000
129.40000	 70.31000	 68.55228	 70.31000
129.60000	 70.12000	 68.29227	 70.12000
129.80000	 69.96000	 68.15060	 69.96000
130.00000	 69.85000	 68.14193	 69.85000
130.20000	 69.80000	 68.25891	 69.80000
130.40000	 69.89000	 68.57983	 69.89000
130.60000	 70.07000	 69.00276	 70.07000
130.80000	 70.29000	 69.42769	 70.29000
131.00000	 70.52000	 69.79129	 70.52000
131.20000	 70.70000	 70.00449	 70.70000
131.40000	 70.82000	 70.06079	 70.82000
131.60000	 70.90000	 70.00544	 70.90000
131.80000	 70.96000	 69.88824	 70.96000
132.00000	 70.99000	 69.71844	 70.99000
132.20000	 70.94000	 69.45129	 70.94000
132.40000	 70.89000	 69.21399	 70.89000
132.60000	 70.86000	 69.04573	 70.86000
132.80000	 70.89000	 69.00119	 70.89000
133.00000	 71.02000	 69.12267	 71.02000
133.20000	 71.19000	 69.30987	 71.19000
133.40000	 71.39000	 69.52826	 71.39000
133.60000	 71.56000	 69.68200	 71.56000
133.80000	 71.72000	 69.79085	 71.72000
134.00000	 71.88000	 69.86773	 71.88000
134.20000	 72.05000	 69.92860	 72.05000
134.40000	 72.25000	 70.00308	 72.25000
134.60000	 72.49000	 70.10545	 72.49000
134.80000	 72.70000	 70.14294	 72.70000
135.00000	 72.88000	 70.12047	 72.88000
135.20000	 72.99000	 69.99500	 72.99000
135.40000	 72.84000	 69.53506	 72.84000
135.60000	 72.66000	 69.08196	 72.66000
135.80000	 72.49000	 68.71609	 72.49000
136.00000	 72.37000	 68.50089	 72.37000
136.20000	 72.46000	 68.63833	 72.46000
136.40000	 72.66000	 68.96106	 72.66000
136.60000	 72.93000	 69.37400	 72.93000
136.80000	 73.25000	 69.81296	 73.25000
137.00000	 73.60000	 70.22317	 73.60000
137.20000	 73.97000	 70.57449	 73.97000
137.40000	 74.33000	 70.82166	 74.33000
137.60000	 74.66000	 70.94418	 74.66000
137.80000	 74.91000	 70.89254	 74.91000
138.00000	 75.12000	 70.74584	 75.12000
138.20000	 75.27000	 70.50571	 75.27000
138.40000	 75.36000	 70.19995	 75.36000
138.60000	 75.34000	 69.78885	 75.34000
138.80000	 75.29000	 69.40375	 75.29000
139.00000	 75.24000	 69.10001	 75.24000
139.20000	 75.25000	 68.95932	 75.25000
139.40000	 75.36000	 69.02094	 75.36000
139.60000	 75.48000	 69.13997	 75.48000
139.80000	 75.58000	 69.25273	 75.58000
140.00000	 75.60000	 69.26464	 75.60000
140.20000	 75.53000	 69.16059	 75.53000
140.40000	 75.43000	 69.02799	 75.43000
140.60000	 75.32000	 68.90194	 75.32000
140.80000	 75.23000	 68.82714	 75.23000
141.00000	 75.15000	 68.78966	 75.15000
141.20000	 75.07000	 68.77237	 75.07000
141.40000	 74.98000	 68.75748	 74.98000
141.60000	 74.92000	 68.79349	 74.92000
141.80000	 74.89000	 68.87319	 74.89000
142.00000	 74.82000	 68.89644	 74.82000
142.20000	 74.71000	 68.86221	 74.71000
142.40000	 74.52000	 68.72309	 74.52000
142.60000	 74.11000	 68.30982	 74.11000
142.80000	 73.64000	 67.86500	 73.64000
143.00000	 73.18000	 67.50636	 73.18000
143.20000	 72.78000	 67.30929	 72.78000
143.40000	 72.59000	 67.46098	 72.59000
143.60000	 72.46000	 67.72817	 72.46000
143.80000	 72.39000	 68.07373	 72.39000
144.00000	 72.35000	 68.42564	 72.35000
144.20000	 72.28000	 68.68247	 72.28000
144.40000	 72.25000	 68.92806	 72.25000
144.60000	 72.23000	 69.11952	 72.23000
144.80000	 72.26000	 69.31140	 72.26000
145.00000	 72.36000	 69.53152	 72.36000
145.20000	 72.48000	 69.71356	 72.48000
145.40000	 72.61000	 69.84729	 72.61000
145.60000	 72.72000	 69.90020	 72.72000
145.80000	 72.79000	 69.85839	 72.79000
146.00000	 72.81000	 69.72608	 72.81000
146.20000	 72.80000	 69.54972	 72.80000
146.40000	 72.72000	 69.29546	 72.72000
146.60000	 72.57000	 68.98311	 72.57000
146.80000	 72.40000	 68.69680	 72.40000
147.00000	 72.22000	 68.46019	 72.22000
147.20000	 72.09000	 68.35404	 72.09000
147.40000	 71.99000	 68.34192	 71.99000
147.60000	 71.91000	 68.39481	 71.91000
147.80000	 71.87000	 68.52153	 71.87000
148.00000	 71.90000	 68.74234	 71.90000
148.20000	 71.94000	 68.95739	 71.94000
148.40000	 71.98000	 69.13918	 71.98000
148.60000	 72.00000	 69.25482	 72.00000
148.80000	 71.97000	 69.26670	 71.97000
149.00000	 71.92000	 69.22457	 71.92000
149.20000	 71.85000	 69.14090	 71.85000
149.40000	 71.78000	 69.05425	 71.78000
149.60000	 71.70000	 68.96056	 71.70000
149.80000	 71.59000	 68.84062	 71.59000
150.00000	 71.47000	 68.72761	 71.47000
150.20000	 71.31000	 68.58676	 71.31000
150.40000	 71.12000	 68.43657	 71.12000
150.60000	 70.92000	 68.30768	 70.92000
150.80000	 70.71000	 68.20125	 70.71000
151.00000	 70.48000	 68.10289	 70.48000
151.20000	 70.25000	 68.03690	 70.25000
151.40000	 70.06000	 68.05105	 70.06000
151.60000	 69.93000	 68.16092	 69.93000
151.80000	 70.01000	 68.54558	 70.01000
152.00000	 70.12000	 68.93409	 70.12000
152.20000	 70.21000	 69.23569	 70.21000
152.40000	 70.16000	 69.28462	 70.16000
152.60000	 69.92000	 69.03274	 69.92000
152.80000	 69.66000	 68.74101	 69.66000
153.00000	 69.43000	 68.50574	 69.43000
153.20000	 69.43000	 68.60356	 69.43000
153.40000	 69.63000	 68.97577	 69.63000
153.60000	 69.86000	 69.36205	 69.86000
153.80000	 70.06000	 69.65600	 70.06000
154.00000	 70.14000	 69.72954	 70.14000
154.20000	 69.85000	 69.27033	 69.85000
154.40000	 69.54000	 68.79237	 69.54000
154.60000	 69.26000	 68.40300	 69.26000
154.80000	 69.12000	 68.26628	 69.12000
155.00000	 69.26000	 68.55535	 69.26000
155.20000	 69.48000	 68.96401	 69.48000
155.40000	 69.77000	 69.43633	 69.77000
155.60000	 70.05000	 69.83264	 70.05000
155.80000	 70.33000	 70.14850	 70.33000
156.00000	 70.63000	 70.40549	 70.63000
156.20000	 70.92000	 70.56710	 70.92000
156.40000	 71.26000	 70.72216	 71.26000
156.60000	 71.59000	 70.80079	 71.59000
156.80000	 71.85000	 70.73778	 71.85000
157.00000	 72.02000	 70.52927	 72.02000
157.20000	 71.90000	 69.94385	 71.90000
157.40000	 71.68000	 69.28377	 71.68000
157.60000	 71.45000	 68.71105	 71.45000
157.80000	 71.29000	 68.35255	 71.29000
158.00000	 71.37000	 68.42520	 71.37000
158.20000	 71.55000	 68.70354	 71.55000
158.40000	 71.80000	 69.09939	 71.80000
158.60000	 72.16000	 69.61981	 72.16000
158.80000	 72.60000	 70.18310	 72.60000
159.00000	 73.03000	 70.63873	 73.03000
159.20000	 73.43000	 70.94771	 73.43000
159.40000	 73.59000	 70.84159	 73.59000
159.60000	 73.67000	 70.57066	 73.67000
159.80000	 73.71000	 70.23150	 73.71000
160.00000	 73.76000	 69.92636	 73.76000
160.20000	 73.97000	 69.87300	 73.97000
160.40000	 74.15000	 69.81633	 74.15000
160.60000	 74.26000	 69.69909	 74.26000
160.80000	 74.21000	 69.40615	 74.21000
161.00000	 73.87000	 68.78591	 73.87000
161.20000	 73.48000	 68.19319	 73.48000
161.40000	 73.08000	 67.70670	 73.08000
161.60000	 72.89000	 67.62114	 72.89000
161.80000	 72.87000	 67.85281	 72.87000
162.00000	 72.89000	 68.18101	 72.89000
162.20000	 72.90000	 68.49596	 72.90000
162.40000	 72.84000	 68.68986	 72.84000
162.60000	 72.56000	 68.55821	 72.56000
162.80000	 72.20000	 68.30704	 72.20000
163.00000	 71.79000	 68.00304	 71.79000
163.20000	 71.32000	 67.65720	 71.32000
163.40000	 70.76000	 67.25090	 70.76000
163.60000	 70.16000	 66.86887	 70.16000
163.80000	 69.57000	 66.58738	 69.57000
164.00000	 69.02000	 66.44374	 69.02000
164.20000	 68.59000	 66.52790	 68.59000
164.40000	 68.48000	 67.06909	 68.48000
164.60000	 68.45000	 67.69097	 68.45000
164.80000	 68.45000	 68.27673	 68.45000
165.00000	 68.45000	 68.75499	 68.45000
165.20000	 68.41000	 69.06150	 68.41000
165.40000	 68.06000	 68.85259	 68.06000
165.60000	 67.68000	 68.54602	 67.68000
165.80000	 67.32000	 68.25298	 67.32000
166.00000	 67.01000	 68.04323	 67.01000
166.20000	 66.89000	 68.11245	 66.89000
166.40000	 66.86000	 68.31389	 66.86000
166.60000	 66.89000	 68.58473	 66.89000
166.80000	 66.97000	 68.88905	 66.97000
167.00000	 67.09000	 69.19494	 67.09000
167.20000	 67.23000	 69.46326	 67.23000
167.40000	 67.38000	 69.67548	 67.38000
167.60000	 67.52000	 69.80714	 67.52000
167.80000	 67.63000	 69.84086	 67.63000
168.00000	 67.74000	 69.83088	 67.74000
168.20000	 67.84000	 69.77887	 67.84000
168.40000	 68.01000	 69.80302	 68.01000
168.60000	 68.20000	 69.84099	 68.20000
168.80000	 68.33000	 69.78931	 68.33000
169.00000	 68.37000	 69.61770	 68.37000
169.20000	 68.08000	 69.03103	 68.08000
169.40000	 67.65000	 68.32696	 67.65000
169.60000	 67.19000	 67.69431	 67.19000
169.80000	 66.75000	 67.22292	 66.75000
170.00000	 66.80000	 67.52640	 66.80000
170.20000	 66.98000	 68.06542	 66.98000
170.40000	 67.23000	 68.69088	 67.23000
170.60000	 67.51000	 69.29357	 67.51000
170.80000	 67.80000	 69.81011	 67.80000
171.00000	 68.04000	 70.14473	 68.04000
171.20000	 67.99000	 69.98996	 67.99000
171.40000	 67.83000	 69.62904	 67.83000
171.60000	 67.63000	 69.20623	 67.63000
171.80000	 67.41000	 68.79012	 67.41000
172.00000	 67.17000	 68.40949	 67.17000
172.20000	 66.95000	 68.13291	 66.95000
172.40000	 66.74000	 67.94902	 66.74000
172.60000	 66.55000	 67.86319	 66.55000
172.80000	 66.38000	 67.86093	 66.38000
173.00000	 66.31000	 68.02843	 66.31000
173.20000	 66.28000	 68.25939	 66.28000
173.40000	 66.26000	 68.48933	 66.26000
173.60000	 66.25000	 68.70073	 66.25000
173.80000	 66.22000	 68.84423	 66.22000
174.00000	 66.18000	 68.93206	 66.18000
174.20000	 66.11000	 68.94291	 66.11000
174.40000	 65.99000	 68.86123	 65.99000
174.60000	 65.81000	 68.68988	 65.81000
174.80000	 65.52000	 68.38313	 65.52000
175.00000	 65.19000	 68.05804	 65.19000
175.20000	 64.85000	 67.77322	 64.85000
175.40000	 64.53000	 67.57746	 64.53000
175.60000	 64.25000	 67.49513	 64.25000
175.80000	 63.99000	 67.48843	 63.99000
176.00000	 63.76000	 67.55510	 63.76000
176.20000	 63.56000	 67.67770	 63.56000
176.40000	 63.46000	 67.93003	 63.46000
176.60000	 63.39000	 68.19699	 63.39000
176.80000	 63.33000	 68.43461	 63.33000
177.00000	 63.26000	 68.60725	 63.26000
177.20000	 63.16000	 68.68835	 63.16000
177.40000	 62.91000	 68.52998	 62.91000
177.60000	 62.58000	 68.25123	 62.58000
177.80000	 62.24000	 67.97377	 62.24000
178.00000	 61.90000	 67.73166	 61.90000
178.20000	 61.60000	 67.58815	 61.60000
178.40000	 61.40000	 67.61987	 61.40000
178.60000	 61.24000	 67.73134	 61.24000
178.80000	 61.14000	 67.92914	 61.14000
179.00000	 61.08000	 68.16572	 61.08000
179.20000	 61.17000	 68.56579	 61.17000
179.40000	 61.33000	 68.99732	 61.33000
179.60000	 61.50000	 69.36014	 61.50000
179.80000	 61.65000	 69.60640	 61.65000
180.00000	 61.74000	 69.68897	 61.74000
180.20000	 61.55000	 69.34028	 61.55000
180.40000	 61.31000	 68.91276	 61.31000
180.60000	 61.10000	 68.55466	 61.10000
180.80000	 60.95000	 68.32905	 60.95000
181.00000	 61.13000	 68.59156	 61.13000
181.20000	 61.43000	 69.02645	 61.43000
181.40000	 61.73000	 69.43211	 61.73000
181.60000	 61.94000	 69.66275	 61.94000
181.80000	 61.77000	 69.33746	 61.77000
182.00000	 61.52000	 68.89592	 61.52000
182.20000	 61.24000	 68.44813	 61.24000
182.40000	 61.05000	 68.18187	 61.05000
182.60000	 61.12000	 68.32331	 61.12000
182.80000	 61.25000	 68.57761	 61.25000
183.00000	 61.44000	 68.91031	 61.44000
183.20000	 61.64000	 69.22523	 61.64000
183.40000	 61.86000	 69.51552	 61.86000
183.60000	 61.99000	 69.62667	 61.99000
183.80000	 61.98000	 69.50250	 61.98000
184.00000	 61.96000	 69.34027	 61.96000
184.20000	 61.96000	 69.20202	 61.96000
184.40000	 61.98000	 69.10149	 61.98000
184.60000	 62.05000	 69.08368	 62.05000
184.80000	 62.27000	 69.27516	 62.27000
185.00000	 62.51000	 69.48484	 62.51000
185.20000	 62.74000	 69.65681	 62.74000
185.40000	 62.97000	 69.79598	 62.97000
185.60000	 63.08000	 69.74366	 63.08000
185.80000	 63.17000	 69.64608	 63.17000
186.00000	 63.26000	 69.54465	 63.26000
186.20000	 63.37000	 69.47641	 63.37000
186.40000	 63.57000	 69.53698	 63.57000
186.60000	 63.78000	 69.61342	 63.78000
186.80000	 64.00000	 69.69812	 64.00000
187.00000	 64.22000	 69.77206	 64.22000
187.20000	 64.42000	 69.80606	 64.42000
187.40000	 64.59000	 69.78867	 64.59000
187.60000	 64.74000	 69.73875	 64.74000
187.80000	 64.86000	 69.65040	 64.86000
188.00000	 64.95000	 69.53209	 64.95000
188.20000	 64.99000	 69.36641	 64.99000
188.40000	 65.00000	 69.18973	 65.00000
188.60000	 64.98000	 69.01018	 64.98000
188.80000	 64.92000	 68.82055	 64.92000
189.00000	 64.80000	 68.59972	 64.80000
189.20000	 64.65000	 68.39290	 64.65000
189.40000	 64.48000	 68.21601	 64.48000
189.60000	 64.33000	 68.12020	 64.33000
189.80000	 64.26000	 68.17532	 64.26000
190.00000	 64.33000	 68.43967	 64.33000
190.20000	 64.43000	 68.73691	 64.43000
190.40000	 64.55000	 69.02803	 64.55000
190.60000	 64.65000	 69.24360	 64.65000
190.80000	 64.72000	 69.36568	 64.72000
191.00000	 64.60000	 69.19141	 64.60000
191.20000	 64.48000	 68.99936	 64.48000
191.40000	 64.36000	 68.81289	 64.36000
191.60000	 64.28000	 68.69970	 64.28000
191.80000	 64.28000	 68.71584	 64.28000
192.00000	 64.38000	 68.87804	 64.38000
192.20000	 64.53000	 69.10123	 64.53000
192.40000	 64.71000	 69.33988	 64.71000
192.60000	 64.89000	 69.54004	 64.89000
192.80000	 65.08000	 69.70807	 65.08000
193.00000	 65.29000	 69.85543	 65.29000
193.20000	 65.53000	 69.99608	 65.53000
193.40000	 65.85000	 70.19643	 65.85000
193.60000	 66.23000	 70.42594	 66.23000
193.80000	 66.62000	 70.61381	 66.62000
194.00000	 67.00000	 70.73400	 67.00000
194.20000	 67.34000	 70.75383	 67.34000
194.40000	 67.58000	 70.60906	 67.58000
194.60000	 67.82000	 70.45472	 67.82000
194.80000	 68.06000	 70.30896	 68.06000
195.00000	 68.35000	 70.24860	 68.35000
195.20000	 68.71000	 70.29985	 68.71000
195.40000	 69.06000	 70.34831	 69.06000
195.60000	 69.38000	 70.36109	 69.38000
195.80000	 69.63000	 70.28467	 69.63000
196.00000	 69.81000	 70.12632	 69.81000
196.20000	 69.93000	 69.91167	 69.93000
196.40000	 69.98000	 69.64161	 69.98000
196.60000	 69.90000	 69.25278	 69.90000
196.80000	 69.77000	 68.87039	 69.77000
197.00000	 69.61000	 68.53434	 69.61000
197.20000	 69.46000	 68.30185	 69.46000
197.40000	 69.42000	 68.29683	 69.42000
197.60000	 69.60000	 68.63688	 69.60000
197.80000	 69.79000	 68.99886	 69.79000
198.00000	 69.97000	 69.32021	 69.97000
198.20000	 70.10000	 69.52738	 70.10000
198.40000	 70.15000	 69.57715	 70.15000
198.60000	 69.94000	 69.24707	 69.94000
198.80000	 69.53000	 68.65873	 69.53000
199.00000	 69.06000	 68.04838	 69.06000
199.20000	 68.57000	 67.50746	 68.57000
199.40000	 68.09000	 67.09564	 68.09000
199.60000	 67.68000	 66.89310	 67.68000
199.80000	 67.30000	 66.82958	 67.30000
200.00000	 66.98000	 66.91843	 66.98000
200.20000	 66.71000	 67.11459	 66.71000
200.40000	 66.65000	 67.59405	 66.65000
200.60000	 66.67000	 68.13901	 66.67000
200.80000	 66.70000	 68.61870	 66.70000
201.00000	 66.69000	 68.94680	 66.69000
201.20000	 66.61000	 69.08381	 66.61000
201.40000	 66.19000	 68.69594	 66.19000
201.60000	 65.71000	 68.20862	 65.71000
201.80000	 65.22000	 67.73847	 65.22000
202.00000	 64.76000	 67.37154	 64.76000
202.20000	 64.55000	 67.40801	 64.55000
202.40000	 64.39000	 67.55962	 64.39000
202.60000	 64.19000	 67.67907	 64.19000
202.80000	 63.87000	 67.64434	 63.87000
203.00000	 63.27000	 67.24908	 63.27000
203.20000	 62.63000	 66.84039	 62.63000
203.40000	 61.99000	 66.49555	 61.99000
203.60000	 61.54000	 66.47326	 61.54000
203.80000	 61.47000	 66.99863	 61.47000
204.00000	 61.51000	 67.65401	 61.51000
204.20000	 61.61000	 68.31643	 61.61000
204.40000	 61.72000	 68.88021	 61.72000
204.60000	 61.81000	 69.28756	 61.81000
204.80000	 61.63000	 69.21491	 61.63000
205.00000	 61.32000	 68.89046	 61.32000
205.20000	 60.98000	 68.49972	 60.98000
205.40000	 60.64000	 68.12629	 60.64000
205.60000	 60.31000	 67.81236	 60.31000
205.80000	 60.07000	 67.67665	 60.07000
206.00000	 59.87000	 67.64755	 59.87000
206.20000	 59.71000	 67.71054	 59.71000
206.40000	 59.59000	 67.84694	 59.59000
206.60000	 59.54000	 68.07601	 59.54000
206.80000	 59.55000	 68.36245	 59.55000
207.00000	 59.59000	 68.64649	 59.59000
207.20000	 59.67000	 68.92711	 59.67000
207.40000	 59.79000	 69.19500	 59.79000
207.60000	 59.93000	 69.41901	 59.93000
207.80000	 60.09000	 69.59978	 60.09000
208.00000	 60.22000	 69.67684	 60.22000
208.20000	 60.31000	 69.65009	 60.31000
208.40000	 60.26000	 69.40807	 60.26000
208.60000	 60.22000	 69.17895	 60.22000
208.80000	 60.22000	 69.02342	 60.22000
209.00000	 60.34000	 69.05367	 60.34000
209.20000	 60.69000	 69.40120	 60.69000
209.40000	 61.08000	 69.78116	 61.08000
209.60000	 61.46000	 70.09951	 61.46000
209.80000	 61.68000	 70.14679	 61.68000
210.00000	 61.73000	 69.92539	 61.73000
210.20000	 61.74000	 69.64016	 61.74000
210.40000	 61.74000	 69.36082	 61.74000
210.60000	 61.84000	 69.25113	 61.84000
210.80000	 62.02000	 69.28355	 62.02000
211.00000	 62.23000	 69.37869	 62.23000
211.20000	 62.46000	 69.50776	 62.46000
211.40000	 62.69000	 69.63065	 62.69000
211.60000	 62.88000	 69.68613	 62.88000
211.80000	 63.06000	 69.71319	 63.06000
212.00000	 63.24000	 69.72746	 63.24000
212.20000	 63.40000	 69.70595	 63.40000
212.40000	 63.54000	 69.65407	 63.54000
212.60000	 63.67000	 69.59145	 63.67000
212.80000	 63.77000	 69.49760	 63.77000
213.00000	 63.87000	 69.41829	 63.87000
213.20000	 63.96000	 69.34379	 63.96000
213.40000	 64.05000	 69.28890	 64.05000
213.60000	 64.14000	 69.25301	 64.14000
213.80000	 64.23000	 69.23389	 64.23000
214.00000	 64.32000	 69.22842	 64.32000
214.20000	 64.42000	 69.24614	 64.42000
214.40000	 64.54000	 69.29551	 64.54000
214.60000	 64.66000	 69.34440	 64.66000
214.80000	 64.77000	 69.37560	 64.77000
215.00000	 64.87000	 69.38787	 64.87000
215.20000	 64.93000	 69.34307	 64.93000
215.40000	 64.96000	 69.26015	 64.96000
215.60000	 64.97000	 69.15976	 64.97000
215.80000	 64.95000	 69.03578	 64.95000
216.00000	 64.91000	 68.90817	 64.91000
216.20000	 64.80000	 68.71694	 64.80000
216.40000	 64.66000	 68.52353	 64.66000
216.60000	 64.53000	 68.38661	 64.53000
216.80000	 64.44000	 68.34450	 64.44000
217.00000	 64.47000	 68.49192	 64.47000
217.20000	 64.65000	 68.84376	 64.65000
217.40000	 64.89000	 69.24720	 64.89000
217.60000	 65.15000	 69.62073	 65.15000
217.80000	 65.41000	 69.92080	 65.41000
218.00000	 65.63000	 70.09019	 65.63000
218.20000	 65.70000	 69.99445	 65.70000
218.40000	 65.77000	 69.85954	 65.77000
218.60000	 65.85000	 69.72346	 65.85000
218.80000	 65.96000	 69.62970	 65.96000
219.00000	 66.14000	 69.63844	 66.14000
219.20000	 66.39000	 69.74580	 66.39000
219.40000	 66.71000	 69.93991	 66.71000
219.60000	 67.09000	 70.19151	 67.09000
219.80000	 67.59000	 70.56214	 67.59000
220.00000	 68.16000	 70.96429	 68.16000
220.20000	 68.77000	 71.34059	 68.77000
220.40000	 69.41000	 71.66788	 69.41000
220.60000	 70.01000	 71.85273	 70.01000
220.80000	 70.61000	 71.95899	 70.61000
221.00000	 71.19000	 71.97623	 71.19000
221.20000	 71.76000	 71.93665	 71.76000
221.40000	 72.27000	 71.79381	 72.27000
221.60000	 72.74000	 71.59626	 72.74000
221.80000	 73.19000	 71.39070	 73.19000
222.00000	 73.62000	 71.19217	 73.62000
222.20000	 74.04000	 71.02336	 74.04000
222.40000	 74.51000	 70.96622	 74.51000
222.60000	 74.94000	 70.89586	 74.94000
222.80000	 75.34000	 70.82106	 75.34000
223.00000	 75.67000	 70.68718	 75.67000
223.20000	 75.82000	 70.35471	 75.82000
223.40000	 75.92000	 70.01370	 75.92000
223.60000	 76.02000	 69.74436	 76.02000
223.80000	 76.13000	 69.56340	 76.13000
224.00000	 76.53000	 69.82942	 76.53000
224.20000	 77.05000	 70.27559	 77.05000
224.40000	 77.59000	 70.72342	 77.59000
224.60000	 78.10000	 71.07427	 78.10000
224.80000	 78.54000	 71.26195	 78.54000
225.00000	 78.78000	 71.12277	 78.78000
225.20000	 78.62000	 70.43070	 78.62000
225.40000	 78.42000	 69.72933	 78.42000
225.60000	 78.24000	 69.14948	 78.24000
225.80000	 78.15000	 68.80733	 78.15000
226.00000	 78.38000	 68.99729	 78.38000
226.20000	 78.71000	 69.38002	 78.71000
226.40000	 79.10000	 69.84879	 79.10000
226.60000	 79.53000	 70.33170	 79.53000
226.80000	 79.95000	 70.73068	 79.95000
227.00000	 80.37000	 71.04383	 80.37000
227.20000	 80.79000	 71.26895	 80.79000
227.40000	 81.17000	 71.36079	 81.17000
227.60000	 81.48000	 71.29754	 81.48000
227.80000	 81.75000	 71.14468	 81.75000
228.00000	 81.98000	 70.92891	 81.98000
228.20000	 82.17000	 70.67456	 82.17000
228.40000	 82.28000	 70.34997	 82.28000
228.60000	 82.35000	 70.02779	 82.35000
228.80000	 82.41000	 69.76096	 82.41000
229.00000	 82.45000	 69.54086	 82.45000
229.20000	 82.61000	 69.54822	 82.61000
229.40000	 82.73000	 69.55259	 82.73000
229.60000	 82.78000	 69.49970	 82.78000
229.80000	 82.70000	 69.30619	 82.70000
230.00000	 82.27000	 68.69508	 82.27000
230.20000	 81.74000	 68.03686	 81.74000
230.40000	 81.17000	 67.44508	 81.17000
230.60000	 80.60000	 66.98996	 80.60000
230.80000	 80.36000	 67.10060	 80.36000
231.00000	 80.30000	 67.52878	 80.30000
231.20000	 80.29000	 68.03901	 80.29000
231.40000	 80.30000	 68.53870	 80.30000
231.60000	 80.30000	 68.95276	 80.30000
231.80000	 80.24000	 69.19927	 80.24000
232.00000	 79.92000	 69.02199	 79.92000
232.20000	 79.55000	 68.73649	 79.55000
232.40000	 79.17000	 68.43423	 79.17000
232.60000	 78.79000	 68.15705	 78.79000
232.80000	 78.45000	 67.97459	 78.45000
233.00000	 78.14000	 67.87716	 78.14000
233.20000	 77.87000	 67.87207	 77.87000
233.40000	 77.67000	 67.98580	 77.67000
233.60000	 77.61000	 68.28964	 77.61000
233.80000	 77.62000	 68.66116	 77.62000
234.00000	 77.66000	 69.02035	 77.66000
234.20000	 77.70000	 69.31007	 77.70000
234.40000	 77.64000	 69.39422	 77.64000
234.60000	 77.54000	 69.36599	 77.54000
234.80000	 77.43000	 69.28540	 77.43000
235.00000	 77.32000	 69.18493	 77.32000
235.20000	 77.28000	 69.17104	 77.28000
235.40000	 77.29000	 69.22030	 77.29000
235.60000	 77.27000	 69.22456	 77.27000
235.80000	 77.19000	 69.14615	 77.19000
236.00000	 76.99000	 68.91563	 76.99000
236.20000	 76.52000	 68.35787	 76.52000
236.40000	 75.99000	 67.79037	 75.99000
236.60000	 75.44000	 67.29660	 75.44000
236.80000	 74.92000	 66.95632	 74.92000
237.00000	 74.59000	 66.97347	 74.59000
237.20000	 74.28000	 67.09048	 74.28000
237.40000	 73.97000	 67.24677	 73.97000
237.60000	 73.59000	 67.32359	 73.59000
237.80000	 73.06000	 67.20504	 73.06000
238.00000	 72.51000	 67.07026	 72.51000
238.20000	 71.96000	 66.95368	 71.96000
238.40000	 71.44000	 66.89842	 71.44000
238.60000	 71.11000	 67.10981	 71.11000
238.80000	 70.90000	 67.46995	 70.90000
239.00000	 70.73000	 67.84240	 70.73000
239.20000	 70.59000	 68.19070	 70.59000
239.40000	 70.46000	 68.47494	 70.46000
239.60000	 70.31000	 68.65256	 70.31000
239.80000	 69.97000	 68.50993	 69.97000
240.00000	 69.64000	 68.34247	 69.64000
240.20000	 69.33000	 68.18986	 69.33000
240.40000	 69.07000	 68.10828	 69.07000
240.60000	 68.93000	 68.19407	 68.93000
240.80000	 68.90000	 68.42230	 68.90000
241.00000	 68.92000	 68.69344	 68.92000
241.20000	 68.96000	 68.94963	 68.96000
241.40000	 68.98000	 69.12727	 68.98000
241.60000	 69.00000	 69.25178	 69.00000
241.80000	 69.03000	 69.34079	 69.03000
242.00000	 69.05000	 69.37483	 69.05000
242.20000	 69.07000	 69.37667	 69.07000
242.40000	 69.08000	 69.34306	 69.08000
242.60000	 69.08000	 69.28413	 69.08000
242.80000	 69.08000	 69.22224	 69.08000
243.00000	 69.09000	 69.17718	 69.09000
243.20000	 69.10000	 69.13906	 69.10000
243.40000	 69.07000	 69.05732	 69.07000
243.60000	 69.00000	 68.93702	 69.00000
243.80000	 68.81000	 68.68112	 68.81000
244.00000	 68.54000	 68.35910	 68.54000
244.20000	 68.25000	 68.06718	 68.25000
244.40000	 67.93000	 67.80200	 67.93000
244.60000	 67.67000	 67.68476	 67.67000
244.80000	 67.42000	 67.63936	 67.42000
245.00000	 67.19000	 67.66439	 67.19000
245.20000	 66.97000	 67.73024	 66.97000
245.40000	 66.78000	 67.84760	 66.78000
245.60000	 66.64000	 68.02709	 66.64000
245.80000	 66.51000	 68.20022	 66.51000
246.00000	 66.40000	 68.36926	 66.40000
246.20000	 66.29000	 68.50116	 66.29000
246.40000	 66.19000	 68.60761	 66.19000
246.60000	 66.06000	 68.63806	 66.06000
246.80000	 65.90000	 68.60069	 65.90000
247.00000	 65.75000	 68.55954	 65.75000
247.20000	 65.59000	 68.49729	 65.59000
247.40000	 65.44000	 68.44794	 65.44000
247.60000	 65.31000	 68.42886	 65.31000
247.80000	 65.22000	 68.46624	 65.22000
248.00000	 65.12000	 68.48991	 65.12000
248.20000	 65.01000	 68.49758	 65.01000
248.40000	 64.88000	 68.47618	 64.88000
248.60000	 64.66000	 68.33723	 64.66000
248.80000	 64.44000	 68.21061	 64.44000
249.00000	 64.26000	 68.15603	 64.26000
249.20000	 64.17000	 68.23713	 64.17000
249.40000	 64.26000	 68.55744	 64.26000
249.60000	 64.38000	 68.89011	 64.38000
249.80000	 64.52000	 69.19914	 64.52000
250.00000	 64.64000	 69.41884	 64.64000
250.20000	 64.59000	 69.35297	 64.59000
250.40000	 64.50000	 69.19663	 64.50000
250.60000	 64.37000	 68.97621	 64.37000
250.80000	 64.22000	 68.74199	 64.22000
251.00000	 64.12000	 68.60311	 64.12000
251.20000	 64.09000	 68.58918	 64.09000
251.40000	 64.01000	 68.53487	 64.01000
251.60000	 63.84000	 68.38547	 63.84000
251.80000	 63.50000	 68.04381	 63.50000
252.00000	 62.85000	 67.35028	 62.85000
252.20000	 62.15000	 66.69144	 62.15000
252.40000	 61.47000	 66.18834	 61.47000
252.60000	 61.04000	 66.14636	 61.04000
252.80000	 60.97000	 66.66979	 60.97000
253.00000	 61.02000	 67.36674	 61.02000
253.20000	 61.16000	 68.12698	 61.16000
253.40000	 61.34000	 68.83037	 61.34000
253.60000	 61.53000	 69.40523	 61.53000
253.80000	 61.51000	 69.55484	 61.51000
254.00000	 61.39000	 69.45490	 61.39000
254.20000	 61.24000	 69.24241	 61.24000
254.40000	 61.07000	 68.97276	 61.07000
254.60000	 60.90000	 68.70666	 60.90000
254.80000	 60.74000	 68.48081	 60.74000
255.00000	 60.60000	 68.32082	 60.60000
255.20000	 60.46000	 68.20323	 60.46000
255.40000	 60.32000	 68.12576	 60.32000
255.60000	 60.17000	 68.07005	 60.17000
255.80000	 59.96000	 67.96524	 59.96000
256.00000	 59.77000	 67.91592	 59.77000
256.20000	 59.62000	 67.94326	 59.62000
256.40000	 59.52000	 68.04974	 59.52000
256.60000	 59.65000	 68.45497	 59.65000
256.80000	 59.83000	 68.88681	 59.83000
257.00000	 60.02000	 69.26462	 60.02000
257.20000	 60.21000	 69.56069	 60.21000
257.40000	 60.26000	 69.59043	 60.26000
257.60000	 60.22000	 69.44209	 60.22000
257.80000	 60.16000	 69.23948	 60.16000
258.00000	 60.10000	 69.03635	 60.10000
258.20000	 60.12000	 68.95605	 60.12000
258.40000	 60.19000	 68.96144	 60.19000
258.60000	 60.27000	 68.99377	 60.27000
258.80000	 60.34000	 69.01987	 60.34000
259.00000	 60.34000	 68.95727	 60.34000
259.20000	 60.32000	 68.87623	 60.32000
259.40000	 60.30000	 68.80806	 60.30000
259.60000	 60.32000	 68.80727	 60.32000
259.80000	 60.45000	 68.96036	 60.45000
260.00000	 60.61000	 69.14575	 60.61000
260.20000	 60.78000	 69.32232	 60.78000
260.40000	 60.95000	 69.46749	 60.95000
260.60000	 61.06000	 69.49950	 61.06000
260.80000	 61.13000	 69.45242	 61.13000
261.00000	 61.16000	 69.33919	 61.16000
261.20000	 61.16000	 69.18796	 61.16000
261.40000	 61.10000	 68.97368	 61.10000
261.60000	 60.94000	 68.65980	 60.94000
261.80000	 60.77000	 68.38339	 60.77000
262.00000	 60.63000	 68.20671	 60.63000
262.20000	 60.60000	 68.23159	 60.60000
262.40000	 60.78000	 68.56776	 60.78000
262.60000	 60.97000	 68.91188	 60.97000
262.80000	 61.10000	 69.14228	 61.10000
263.00000	 60.99000	 69.01419	 60.99000
263.20000	 60.60000	 68.50160	 60.60000
263.40000	 60.14000	 67.93157	 60.14000
263.60000	 59.69000	 67.45069	 59.69000
263.80000	 59.51000	 67.41831	 59.51000
264.00000	 59.69000	 67.92431	 59.69000
264.20000	 59.95000	 68.53532	 59.95000
264.40000	 60.24000	 69.12880	 60.24000
264.60000	 60.48000	 69.56256	 60.48000
264.80000	 60.59000	 69.72114	 60.59000
265.00000	 60.27000	 69.23199	 60.27000
265.20000	 59.92000	 68.68831	 59.92000
265.40000	 59.58000	 68.19752	 59.58000
265.60000	 59.34000	 67.91013	 59.34000
265.80000	 59.31000	 67.97335	 59.31000
266.00000	 59.35000	 68.17514	 59.35000
266.20000	 59.44000	 68.45587	 59.44000
266.40000	 59.55000	 68.74586	 59.55000
266.60000	 59.67000	 69.01008	 59.67000
266.80000	 59.80000	 69.23574	 59.80000
267.00000	 59.91000	 69.37862	 59.91000
267.20000	 59.99000	 69.42992	 59.99000
267.40000	 60.03000	 69.38813	 60.03000
267.60000	 60.05000	 69.29595	 60.05000
267.80000	 60.06000	 69.18268	 60.06000
268.00000	 60.06000	 69.06154	 60.06000
268.20000	 60.05000	 68.94243	 60.05000
268.40000	 60.05000	 68.85799	 60.05000
268.60000	 60.06000	 68.80955	 60.06000
268.80000	 60.18000	 68.92480	 60.18000
269.00000	 60.28000	 69.01761	 60.28000
269.20000	 60.32000	 69.02629	 60.32000
269.40000	 60.17000	 68.78279	 60.17000
269.60000	 59.76000	 68.22020	 59.76000
269.80000	 59.27000	 67.61910	 59.27000
270.00000	 58.76000	 67.09309	 58.76000
270.20000	 58.43000	 66.91988	 58.43000
270.40000	 58.40000	 67.23476	 58.40000
270.60000	 58.46000	 67.70449	 58.46000
270.80000	 58.58000	 68.23409	 58.58000
271.00000	 58.72000	 68.72727	 58.72000
271.20000	 58.86000	 69.13088	 58.86000
271.40000	 58.89000	 69.29144	 58.89000
271.60000	 58.79000	 69.19854	 58.79000
271.80000	 58.66000	 69.01681	 58.66000
272.00000	 58.50000	 68.77844	 58.50000
272.20000	 58.32000	 68.52403	 58.32000
272.40000	 58.11000	 68.26115	 58.11000
272.60000	 57.90000	 68.04380	 57.90000
272.80000	 57.68000	 67.86501	 57.68000
273.00000	 57.47000	 67.75133	 57.47000
273.20000	 57.29000	 67.72301	 57.29000
273.40000	 57.14000	 67.76802	 57.14000
273.60000	 57.01000	 67.85818	 57.01000
273.80000	 56.91000	 67.99176	 56.91000
274.00000	 56.85000	 68.16753	 56.85000
274.20000	 56.85000	 68.39777	 56.85000
274.40000	 56.85000	 68.58986	 56.85000
274.60000	 56.85000	 68.73735	 56.85000
274.80000	 56.83000	 68.81398	 56.83000
275.00000	 56.74000	 68.76116	 56.74000
275.20000	 56.63000	 68.66055	 56.63000
275.40000	 56.53000	 68.56713	 56.53000
275.60000	 56.43000	 68.47829	 56.43000
275.80000	 56.36000	 68.43982	 56.36000
276.00000	 56.30000	 68.42567	 56.30000
276.20000	 56.25000	 68.43357	 56.25000
276.40000	 56.24000	 68.49889	 56.24000
276.60000	 56.24000	 68.57475	 56.24000
276.80000	 56.25000	 68.65471	 56.25000
277.00000	 56.25000	 68.70795	 56.25000
277.20000	 56.22000	 68.70762	 56.22000
277.40000	 56.15000	 68.64512	 56.15000
277.60000	 56.06000	 68.55535	 56.06000
277.80000	 55.97000	 68.47299	 55.97000
278.00000	 55.88000	 68.40334	 55.88000
278.20000	 55.79000	 68.34885	 55.79000
278.40000	 55.71000	 68.32282	 55.71000
278.60000	 55.64000	 68.32276	 55.64000
278.80000	 55.59000	 68.35753	 55.59000
279.00000	 55.59000	 68.46005	 55.59000
279.20000	 55.61000	 68.58075	 55.61000
279.40000	 55.61000	 68.65860	 55.61000
279.60000	 55.60000	 68.70443	 55.60000
279.80000	 55.48000	 68.58958	 55.48000
280.00000	 55.34000	 68.44715	 55.34000
280.20000	 55.20000	 68.31678	 55.20000
280.40000	 55.08000	 68.23279	 55.08000
280.60000	 55.08000	 68.32671	 55.08000
280.80000	 55.13000	 68.49186	 55.13000
281.00000	 55.18000	 68.64577	 55.18000
281.20000	 55.24000	 68.79046	 55.24000
281.40000	 55.26000	 68.85414	 55.26000
281.60000	 55.21000	 68.80071	 55.21000
281.80000	 55.15000	 68.72119	 55.15000
282.00000	 55.11000	 68.66603	 55.11000
282.20000	 55.11000	 68.66689	 55.11000
282.40000	 55.18000	 68.76151	 55.18000
282.60000	 55.28000	 68.88823	 55.28000
282.80000	 55.39000	 69.01141	 55.39000
283.00000	 55.49000	 69.09872	 55.49000
283.20000	 55.57000	 69.13617	 55.57000
283.40000	 55.65000	 69.15376	 55.65000
283.60000	 55.74000	 69.16915	 55.74000
283.80000	 55.84000	 69.18579	 55.84000
284.00000	 55.97000	 69.23199	 55.97000
284.20000	 56.10000	 69.26758	 56.10000
284.40000	 56.21000	 69.26675	 56.21000
284.60000	 56.28000	 69.20701	 56.28000
284.80000	 56.30000	 69.08329	 56.30000
285.00000	 56.32000	 68.97208	 56.32000
285.20000	 56.34000	 68.88012	 56.34000
285.40000	 56.45000	 68.92736	 56.45000
285.60000	 56.65000	 69.10281	 56.65000
285.80000	 56.82000	 69.23077	 56.82000
286.00000	 56.91000	 69.23708	 56.91000
286.20000	 56.70000	 68.84044	 56.70000
286.40000	 56.31000	 68.23791	 56.31000
286.60000	 55.90000	 67.68508	 55.90000
286.80000	 55.54000	 67.30107	 55.54000
287.00000	 55.65000	 67.63602	 55.65000
287.20000	 55.93000	 68.23505	 55.93000
287.40000	 56.28000	 68.89882	 56.28000
287.60000	 56.64000	 69.49537	 56.64000
