  0.00000	 95.47000	 69.11524	 95.47000
  0.20000	 95.13000	 68.79616	 95.13000
  0.40000	 94.77000	 68.45911	 94.77000
  0.60000	 94.40000	 68.11388	 94.40000
  0.80000	 94.01000	 67.75174	 94.01000
  1.00000	 93.63000	 67.40048	 93.63000
  1.20000	 93.25000	 67.05112	 93.25000
  1.40000	 92.90000	 66.73124	 92.90000
  1.60000	 92.58000	 66.44083	 92.58000
  1.80000	 92.30000	 66.18898	 92.30000
  2.00000	 92.07000	 65.98470	 92.07000
  2.20000	 91.92000	 65.85527	 91.92000
  2.40000	 91.84000	 65.79122	 91.84000
  2.60000	 91.82000	 65.78305	 91.82000
  2.80000	 91.86000	 65.83039	 91.86000
  3.00000	 91.97000	 65.94205	 91.97000
  3.20000	 92.16000	 66.12682	 92.16000
  3.40000	 92.42000	 66.37514	 92.42000
  3.60000	 92.74000	 66.67745	 92.74000
  3.80000	 93.11000	 67.02424	 93.11000
  4.00000	 93.62000	 67.49761	 93.62000
  4.20000	 94.16000	 67.99633	 94.16000
  4.40000	 94.70000	 68.49257	 94.70000
  4.60000	 95.23000	 68.97697	 95.23000
  4.80000	 95.65000	 69.35781	 95.65000
  5.00000	 96.00000	 69.67189	 96.00000
  5.20000	 96.29000	 69.92865	 96.29000
  5.40000	 96.51000	 70.11923	 96.51000
  5.60000	 96.63000	 70.21652	 96.63000
  5.80000	 96.68000	 70.24845	 96.68000
  6.00000	 96.66000	 70.21545	 96.66000
  6.20000	 96.58000	 70.12713	 96.58000
  6.40000	 96.46000	 70.00222	 96.46000
  6.60000	 96.29000	 69.83191	 96.29000
  6.80000	 96.09000	 69.63485	 96.09000
  7.00000	 95.86000	 69.41131	 95.86000
  7.20000	 95.62000	 69.17985	 95.62000
  7.40000	 95.39000	 68.95894	 95.39000
  7.60000	 95.15000	 68.73034	 95.15000
  7.80000	 94.91000	 68.50326	 94.91000
  8.00000	 94.67000	 68.27774	 94.67000
  8.20000	 94.42000	 68.04461	 94.42000
  8.40000	 94.15000	 67.79471	 94.15000
  8.60000	 93.87000	 67.53722	 93.87000
  8.80000	 93.60000	 67.29049	 93.60000
  9.00000	 93.35000	 67.06366	 93.35000
  9.20000	 93.11000	 66.84749	 93.11000
  9.40000	 92.89000	 66.65107	 92.89000
  9.60000	 92.71000	 66.49262	 92.71000
  9.80000	 92.55000	 66.35365	 92.55000
 10.00000	 92.44000	 66.26150	 92.44000
 10.20000	 92.38000	 66.21595	 92.38000
 10.40000	 92.39000	 66.23509	 92.39000
 10.60000	 92.45000	 66.30029	 92.45000
 10.80000	 92.54000	 66.39295	 92.54000
 11.00000	 92.66000	 66.51279	 92.66000
 11.20000	 92.82000	 66.66877	 92.82000
 11.40000	 93.00000	 66.84233	 93.00000
 11.60000	 93.19000	 67.02413	 93.19000
 11.80000	 93.37000	 67.19572	 93.37000
 12.00000	 93.51000	 67.32955	 93.51000
 12.20000	 93.62000	 67.43484	 93.62000
 12.40000	 93.70000	 67.51167	 93.70000
 12.60000	 93.73000	 67.54185	 93.73000
 12.80000	 93.72000	 67.53473	 93.72000
 13.00000	 93.65000	 67.47220	 93.65000
 13.20000	 93.54000	 67.37284	 93.54000
 13.40000	 93.39000	 67.23689	 93.39000
 13.60000	 93.20000	 67.06459	 93.20000
 13.80000	 92.97000	 66.85619	 92.97000
 14.00000	 92.71000	 66.62106	 92.71000
 14.20000	 92.43000	 66.36858	 92.43000
 14.40000	 92.13000	 66.09890	 92.13000
 14.60000	 91.81000	 65.81217	 91.81000
 14.80000	 91.47000	 65.50849	 91.47000
 15.00000	 91.14000	 65.21547	 91.14000
 15.20000	 90.82000	 64.93312	 90.82000
 15.40000	 90.53000	 64.67977	 90.53000
 15.60000	 90.29000	 64.47367	 90.29000
 15.80000	 90.12000	 64.33296	 90.12000
 16.00000	 89.99000	 64.22993	 89.99000
 16.20000	 89.89000	 64.15517	 89.89000
 16.40000	 89.81000	 64.09927	 89.81000
 16.60000	 89.71000	 64.02539	 89.71000
 16.80000	 89.62000	 63.96091	 89.62000
 17.00000	 89.57000	 63.93322	 89.57000
 17.20000	 89.58000	 63.96050	 89.58000
 17.40000	 89.66000	 64.05172	 89.66000
 17.60000	 89.94000	 64.32570	 89.94000
 17.80000	 90.27000	 64.64449	 90.27000
 18.00000	 90.64000	 64.99847	 90.64000
 18.20000	 91.03000	 65.36896	 91.03000
 18.40000	 91.39000	 65.70989	 91.39000
 18.60000	 91.73000	 66.03031	 91.73000
 18.80000	 92.03000	 66.31189	 92.03000
 19.00000	 92.30000	 66.56387	 92.30000
 19.20000	 92.47000	 66.72227	 92.47000
 19.40000	 92.57000	 66.81486	 92.57000
 19.60000	 92.61000	 66.85115	 92.61000
 19.80000	 92.61000	 66.84982	 92.61000
 20.00000	 92.58000	 66.82035	 92.58000
 20.20000	 92.52000	 66.76303	 92.52000
 20.40000	 92.43000	 66.67811	 92.43000
 20.60000	 92.29000	 66.54750	 92.29000
 20.80000	 92.11000	 66.38059	 92.11000
 21.00000	 91.86000	 66.15016	 91.86000
 21.20000	 91.58000	 65.89311	 91.58000
 21.40000	 91.28000	 65.61886	 91.28000
 21.60000	 90.95000	 65.31842	 90.95000
 21.80000	 90.61000	 65.01030	 90.61000
 22.00000	 90.25000	 64.68544	 90.25000
 22.20000	 89.91000	 64.38059	 89.91000
 22.40000	 89.58000	 64.08661	 89.58000
 22.60000	 89.28000	 63.82180	 89.28000
 22.80000	 89.08000	 63.65019	 89.08000
 23.00000	 88.93000	 63.52571	 88.93000
 23.20000	 88.81000	 63.42977	 88.81000
 23.40000	 88.70000	 63.34379	 88.70000
 23.60000	 88.60000	 63.26756	 88.60000
 23.80000	 88.47000	 63.16429	 88.47000
 24.00000	 88.35000	 63.07055	 88.35000
 24.20000	 88.26000	 63.00460	 88.26000
 24.40000	 88.22000	 62.98467	 88.22000
 24.60000	 88.24000	 63.01976	 88.24000
 24.80000	 88.32000	 63.10964	 88.32000
 25.00000	 88.45000	 63.24490	 88.45000
 25.20000	 88.65000	 63.44359	 88.65000
 25.40000	 88.91000	 63.69626	 88.91000
 25.60000	 89.25000	 64.02092	 89.25000
 25.80000	 89.66000	 64.40807	 89.66000
 26.00000	 90.13000	 64.84820	 90.13000
 26.20000	 90.72000	 65.39596	 90.72000
 26.40000	 91.43000	 66.05093	 91.43000
 26.60000	 92.17000	 66.73019	 92.17000
 26.80000	 92.89000	 67.38759	 92.89000
 27.00000	 93.52000	 67.95883	 93.52000
 27.20000	 94.03000	 68.41653	 94.03000
 27.40000	 94.47000	 68.80680	 94.47000
 27.60000	 94.81000	 69.10254	 94.81000
 27.80000	 95.03000	 69.28591	 95.03000
 28.00000	 95.11000	 69.33913	 95.11000
 28.20000	 95.12000	 69.32699	 95.12000
 28.40000	 95.08000	 69.26841	 95.08000
 28.60000	 95.03000	 69.20053	 95.03000
 28.80000	 95.04000	 69.18783	 95.04000
 29.00000	 95.04000	 69.16631	 95.04000
 29.20000	 95.03000	 69.13608	 95.03000
 29.40000	 94.99000	 69.07890	 94.99000
 29.60000	 94.93000	 69.00405	 94.93000
 29.80000	 94.83000	 68.89329	 94.83000
 30.00000	 94.70000	 68.75594	 94.70000
 30.20000	 94.54000	 68.59213	 94.54000
 30.40000	 94.35000	 68.40199	 94.35000
 30.60000	 94.10000	 68.15818	 94.10000
 30.80000	 93.81000	 67.87922	 93.81000
 31.00000	 93.51000	 67.59278	 93.51000
 31.20000	 93.18000	 67.28065	 93.18000
 31.40000	 92.86000	 66.97962	 92.86000
 31.60000	 92.53000	 66.67141	 92.53000
 31.80000	 92.21000	 66.37437	 92.21000
 32.00000	 91.91000	 66.09764	 91.91000
 32.20000	 91.64000	 65.85031	 91.64000
 32.40000	 91.39000	 65.62311	 91.39000
 32.60000	 91.21000	 65.46170	 91.21000
 32.80000	 91.09000	 65.35668	 91.09000
 33.00000	 91.00000	 65.28028	 91.00000
 33.20000	 90.95000	 65.24141	 90.95000
 33.40000	 90.92000	 65.22148	 90.92000
 33.60000	 90.90000	 65.21111	 90.90000
 33.80000	 90.89000	 65.21014	 90.89000
 34.00000	 90.92000	 65.24590	 90.92000
 34.20000	 90.97000	 65.29991	 90.97000
 34.40000	 91.06000	 65.39033	 91.06000
 34.60000	 91.19000	 65.51701	 91.19000
 34.80000	 91.36000	 65.67974	 91.36000
 35.00000	 91.56000	 65.86917	 91.56000
 35.20000	 91.79000	 66.08513	 91.79000
 35.40000	 92.06000	 66.33661	 92.06000
 35.60000	 92.36000	 66.61427	 92.36000
 35.80000	 92.68000	 66.90879	 92.68000
 36.00000	 93.01000	 67.21087	 93.01000
 36.20000	 93.33000	 67.50211	 93.33000
 36.40000	 93.62000	 67.76415	 93.62000
 36.60000	 93.90000	 68.01537	 93.90000
 36.80000	 94.16000	 68.24667	 94.16000
 37.00000	 94.37000	 68.43069	 94.37000
 37.20000	 94.54000	 68.57674	 94.54000
 37.40000	 94.66000	 68.67589	 94.66000
 37.60000	 94.74000	 68.73753	 94.74000
 37.80000	 94.76000	 68.74358	 94.76000
 38.00000	 94.74000	 68.71266	 94.74000
 38.20000	 94.65000	 68.61754	 94.65000
 38.40000	 94.51000	 68.47687	 94.51000
 38.60000	 94.33000	 68.30011	 94.33000
 38.80000	 94.11000	 68.08752	 94.11000
 39.00000	 93.84000	 67.83020	 93.84000
 39.20000	 93.53000	 67.53756	 93.53000
 39.40000	 93.19000	 67.21900	 93.19000
 39.60000	 92.84000	 66.89302	 92.84000
 39.80000	 92.48000	 66.55977	 92.48000
 40.00000	 92.15000	 66.25598	 92.15000
 40.20000	 91.83000	 65.96331	 91.83000
 40.40000	 91.52000	 65.68172	 91.52000
 40.60000	 91.22000	 65.41114	 91.22000
 40.80000	 90.91000	 65.13316	 90.91000
 41.00000	 90.60000	 64.85688	 90.60000
 41.20000	 90.27000	 64.56394	 90.27000
 41.40000	 89.97000	 64.30011	 89.97000
 41.60000	 89.69000	 64.05616	 89.69000
 41.80000	 89.44000	 63.84113	 89.44000
 42.00000	 89.26000	 63.69153	 89.26000
 42.20000	 89.16000	 63.61627	 89.16000
 42.40000	 89.10000	 63.57839	 89.10000
 42.60000	 89.08000	 63.57760	 89.08000
 42.80000	 89.09000	 63.60446	 89.09000
 43.00000	 89.13000	 63.65871	 89.13000
 43.20000	 89.19000	 63.73098	 89.19000
 43.40000	 89.27000	 63.82108	 89.27000
 43.60000	 89.37000	 63.92885	 89.37000
 43.80000	 89.49000	 64.05416	 89.49000
 44.00000	 89.57000	 64.14191	 89.57000
 44.20000	 89.67000	 64.24708	 89.67000
 44.40000	 89.81000	 64.38795	 89.81000
 44.60000	 90.03000	 64.60109	 90.03000
 44.80000	 90.37000	 64.92295	 90.37000
 45.00000	 90.90000	 65.41731	 90.90000
 45.20000	 91.49000	 65.96452	 91.49000
 45.40000	 92.11000	 66.53663	 92.11000
 45.60000	 92.74000	 67.11496	 92.74000
 45.80000	 93.32000	 67.64433	 93.32000
 46.00000	 93.86000	 68.13386	 93.86000
 46.20000	 94.34000	 68.56531	 94.34000
 46.40000	 94.73000	 68.91141	 94.73000
 46.60000	 94.97000	 69.11751	 94.97000
 46.80000	 95.11000	 69.22995	 95.11000
 47.00000	 95.17000	 69.26760	 95.17000
 47.20000	 95.15000	 69.23101	 95.15000
 47.40000	 95.01000	 69.08406	 95.01000
 47.60000	 94.81000	 68.88230	 94.81000
 47.80000	 94.56000	 68.63538	 94.56000
 48.00000	 94.27000	 68.35291	 94.27000
 48.20000	 93.98000	 68.07187	 93.98000
 48.40000	 93.70000	 67.80165	 93.70000
 48.60000	 93.40000	 67.51489	 93.40000
 48.80000	 93.10000	 67.23001	 93.10000
 49.00000	 92.80000	 66.94705	 92.80000
 49.20000	 92.50000	 66.66604	 92.50000
 49.40000	 92.20000	 66.38696	 92.20000
 49.60000	 91.91000	 66.11895	 91.91000
 49.80000	 91.64000	 65.87111	 91.64000
 50.00000	 91.39000	 65.64335	 91.39000
 50.20000	 91.20000	 65.47220	 91.20000
 50.40000	 91.07000	 65.35745	 91.07000
 50.60000	 90.94000	 65.24386	 90.94000
 50.80000	 90.82000	 65.14042	 90.82000
 51.00000	 90.70000	 65.03780	 90.70000
 51.20000	 90.51000	 64.87175	 90.51000
 51.40000	 90.28000	 64.66982	 90.28000
 51.60000	 90.05000	 64.46872	 90.05000
 51.80000	 89.84000	 64.28684	 89.84000
 52.00000	 89.67000	 64.14250	 89.67000
 52.20000	 89.57000	 64.06308	 89.57000
 52.40000	 89.52000	 64.03008	 89.52000
 52.60000	 89.52000	 64.04325	 89.52000
 52.80000	 89.57000	 64.10236	 89.57000
 53.00000	 89.69000	 64.22545	 89.69000
 53.20000	 89.89000	 64.42138	 89.89000
 53.40000	 90.14000	 64.66232	 90.14000
 53.60000	 90.44000	 64.94794	 90.44000
 53.80000	 90.81000	 65.29627	 90.81000
 54.00000	 91.27000	 65.72531	 91.27000
 54.20000	 91.78000	 66.19805	 91.78000
 54.40000	 92.30000	 66.67754	 92.30000
 54.60000	 92.79000	 67.12692	 92.79000
 54.80000	 93.19000	 67.49115	 93.19000
 55.00000	 93.51000	 67.77957	 93.51000
 55.20000	 93.77000	 68.01075	 93.77000
 55.40000	 93.95000	 68.16670	 93.95000
 55.60000	 94.06000	 68.25695	 94.06000
 55.80000	 94.07000	 68.25444	 94.07000
 56.00000	 94.02000	 68.19628	 94.02000
 56.20000	 93.93000	 68.10121	 93.93000
 56.40000	 93.80000	 67.96962	 93.80000
 56.60000	 93.67000	 67.83848	 93.67000
 56.80000	 93.51000	 67.68051	 93.51000
 57.00000	 93.34000	 67.51424	 93.34000
 57.20000	 93.16000	 67.33980	 93.16000
 57.40000	 92.98000	 67.16647	 92.98000
 57.60000	 92.83000	 67.02179	 92.83000
 57.80000	 92.66000	 66.85992	 92.66000
 58.00000	 92.49000	 66.69921	 92.49000
 58.20000	 92.30000	 66.52131	 92.30000
 58.40000	 92.09000	 66.32626	 92.09000
 58.60000	 91.84000	 66.09576	 91.84000
 58.80000	 91.58000	 65.85740	 91.58000
 59.00000	 91.32000	 65.62039	 91.32000
 59.20000	 91.05000	 65.37560	 91.05000
 59.40000	 90.78000	 65.13223	 90.78000
 59.60000	 90.52000	 64.89943	 90.52000
 59.80000	 90.27000	 64.67718	 90.27000
 60.00000	 90.05000	 64.48374	 90.05000
 60.20000	 89.86000	 64.31902	 89.86000
 60.40000	 89.71000	 64.19202	 89.71000
 60.60000	 89.62000	 64.12091	 89.62000
 60.80000	 89.59000	 64.10543	 89.59000
 61.00000	 89.61000	 64.13614	 89.61000
 61.20000	 89.71000	 64.24025	 89.71000
 61.40000	 89.92000	 64.44489	 89.92000
 61.60000	 90.23000	 64.74047	 90.23000
 61.80000	 90.59000	 65.08071	 90.59000
 62.00000	 90.98000	 65.44690	 90.98000
 62.20000	 91.40000	 65.83873	 91.40000
 62.40000	 91.78000	 66.19181	 91.78000
 62.60000	 92.17000	 66.55188	 92.17000
 62.80000	 92.57000	 66.91889	 92.57000
 63.00000	 92.98000	 67.29281	 92.98000
 63.20000	 93.42000	 67.69196	 93.42000
 63.40000	 93.87000	 68.09795	 93.87000
 63.60000	 94.30000	 68.48330	 94.30000
 63.80000	 94.69000	 68.82972	 94.69000
 64.00000	 95.00000	 69.10069	 95.00000
 64.20000	 95.24000	 69.30562	 95.24000
 64.40000	 95.43000	 69.46317	 95.43000
 64.60000	 95.55000	 69.55532	 95.55000
 64.80000	 95.61000	 69.59161	 95.61000
 65.00000	 95.61000	 69.57240	 95.61000
 65.20000	 95.57000	 69.51638	 95.57000
 65.40000	 95.49000	 69.42386	 95.49000
 65.60000	 95.39000	 69.31346	 95.39000
 65.80000	 95.30000	 69.21290	 95.30000
 66.00000	 95.18000	 69.08565	 95.18000
 66.20000	 95.03000	 68.93186	 95.03000
 66.40000	 94.85000	 68.75166	 94.85000
 66.60000	 94.59000	 68.49939	 94.59000
 66.80000	 94.27000	 68.19361	 94.27000
 67.00000	 93.93000	 67.87119	 93.93000
 67.20000	 93.56000	 67.52317	 93.56000
 67.40000	 93.18000	 67.16805	 93.18000
 67.60000	 92.79000	 66.80592	 92.79000
 67.80000	 92.40000	 66.44603	 92.40000
 68.00000	 92.03000	 66.10672	 92.03000
 68.20000	 91.68000	 65.78794	 91.68000
 68.40000	 91.37000	 65.50794	 91.37000
 68.60000	 91.17000	 65.33069	 91.17000
 68.80000	 91.02000	 65.20089	 91.02000
 69.00000	 90.90000	 65.09989	 90.90000
 69.20000	 90.80000	 65.01825	 90.80000
 69.40000	 90.72000	 64.95571	 90.72000
 69.60000	 90.59000	 64.84794	 90.59000
 69.80000	 90.49000	 64.76816	 90.49000
 70.00000	 90.44000	 64.73460	 90.44000
 70.20000	 90.46000	 64.76542	 90.46000
 70.40000	 90.63000	 64.93366	 90.63000
 70.60000	 90.92000	 65.21140	 90.92000
 70.80000	 91.26000	 65.53400	 91.26000
 71.00000	 91.62000	 65.87355	 91.62000
 71.20000	 91.97000	 66.20223	 91.97000
 71.40000	 92.29000	 66.50157	 92.29000
 71.60000	 92.57000	 66.76234	 92.57000
 71.80000	 92.78000	 66.95712	 92.78000
 72.00000	 92.88000	 67.04945	 92.88000
 72.20000	 92.77000	 66.94808	 92.77000
 72.40000	 92.60000	 66.79105	 92.60000
 72.60000	 92.38000	 66.58807	 92.38000
 72.80000	 92.14000	 66.36707	 92.14000
 73.00000	 91.98000	 66.22003	 91.98000
 73.20000	 91.83000	 66.08291	 91.83000
 73.40000	 91.71000	 65.97405	 91.71000
 73.60000	 91.60000	 65.87508	 91.60000
 73.80000	 91.50000	 65.78597	 91.50000
 74.00000	 91.40000	 65.69749	 91.40000
 74.20000	 91.34000	 65.64622	 91.34000
 74.40000	 91.33000	 65.64122	 91.33000
 74.60000	 91.37000	 65.68233	 91.37000
 74.80000	 91.56000	 65.86092	 91.56000
 75.00000	 91.87000	 66.14911	 91.87000
 75.20000	 92.23000	 66.48226	 92.23000
 75.40000	 92.61000	 66.83247	 92.61000
 75.60000	 92.99000	 67.18110	 92.99000
 75.80000	 93.34000	 67.50047	 93.34000
 76.00000	 93.65000	 67.78137	 93.65000
 76.20000	 93.90000	 68.00552	 93.90000
 76.40000	 94.08000	 68.16392	 94.08000
 76.60000	 94.08000	 68.15605	 94.08000
 76.80000	 93.98000	 68.05573	 93.98000
 77.00000	 93.83000	 67.90929	 93.83000
 77.20000	 93.65000	 67.73553	 93.65000
 77.40000	 93.49000	 67.58061	 93.49000
 77.60000	 93.34000	 67.43558	 93.34000
 77.80000	 93.19000	 67.29141	 93.19000
 78.00000	 93.04000	 67.14815	 93.04000
 78.20000	 92.88000	 66.99669	 92.88000
 78.40000	 92.70000	 66.82791	 92.70000
 78.60000	 92.52000	 66.66017	 92.52000
 78.80000	 92.35000	 66.50265	 92.35000
 79.00000	 92.20000	 66.36452	 92.20000
 79.20000	 92.09000	 66.26403	 92.09000
 79.40000	 92.04000	 66.21938	 92.04000
 79.60000	 92.03000	 66.21206	 92.03000
 79.80000	 92.06000	 66.24183	 92.06000
 80.00000	 92.12000	 66.29933	 92.12000
 80.20000	 92.23000	 66.40265	 92.23000
 80.40000	 92.38000	 66.54241	 92.38000
 80.60000	 92.57000	 66.71837	 92.57000
 80.80000	 92.80000	 66.93031	 92.80000
 81.00000	 93.08000	 67.18716	 93.08000
 81.20000	 93.47000	 67.54366	 93.47000
 81.40000	 93.86000	 67.89869	 93.86000
 81.60000	 94.23000	 68.23371	 94.23000
 81.80000	 94.54000	 68.51198	 94.54000
 82.00000	 94.69000	 68.64195	 94.69000
 82.20000	 94.75000	 68.68809	 94.75000
 82.40000	 94.74000	 68.66916	 94.74000
 82.60000	 94.67000	 68.59472	 94.67000
 82.80000	 94.50000	 68.42855	 94.50000
 83.00000	 94.29000	 68.22605	 94.29000
 83.20000	 94.04000	 67.98762	 94.04000
 83.40000	 93.79000	 67.75023	 93.79000
 83.60000	 93.57000	 67.54156	 93.57000
 83.80000	 93.39000	 67.37086	 93.39000
 84.00000	 93.22000	 67.21060	 93.22000
 84.20000	 93.07000	 67.06989	 93.07000
 84.40000	 92.93000	 66.93949	 92.93000
 84.60000	 92.79000	 66.81015	 92.79000
 84.80000	 92.67000	 66.70012	 92.67000
 85.00000	 92.58000	 66.61845	 92.58000
 85.20000	 92.52000	 66.56504	 92.52000
 85.40000	 92.50000	 66.54888	 92.50000
 85.60000	 92.53000	 66.57896	 92.53000
 85.80000	 92.60000	 66.64589	 92.60000
 86.00000	 92.71000	 66.74945	 92.71000
 86.20000	 92.86000	 66.88942	 92.86000
 86.40000	 93.06000	 67.07474	 93.06000
 86.60000	 93.32000	 67.31431	 93.32000
 86.80000	 93.64000	 67.60789	 93.64000
 87.00000	 94.05000	 67.98266	 94.05000
 87.20000	 94.58000	 68.46577	 94.58000
 87.40000	 95.16000	 68.99266	 95.16000
 87.60000	 95.76000	 69.53547	 95.76000
 87.80000	 96.33000	 70.04813	 96.33000
 88.00000	 96.87000	 70.53055	 96.87000
 88.20000	 97.37000	 70.97359	 97.37000
 88.40000	 97.84000	 71.38651	 97.84000
 88.60000	 98.26000	 71.75116	 98.26000
 88.80000	 98.62000	 72.05859	 98.62000
 89.00000	 98.92000	 72.30909	 98.92000
 89.20000	 99.14000	 72.48465	 99.14000
 89.40000	 99.23000	 72.53987	 99.23000
 89.60000	 99.25000	 72.53021	 99.25000
 89.80000	 99.21000	 72.46532	 99.21000
 90.00000	 99.13000	 72.36396	 99.13000
 90.20000	 99.00000	 72.21734	 99.00000
 90.40000	 98.86000	 72.06245	 98.86000
 90.60000	 98.71000	 71.89951	 98.71000
 90.80000	 98.58000	 71.75620	 98.58000
 91.00000	 98.52000	 71.67837	 98.52000
 91.20000	 98.51000	 71.64761	 98.51000
 91.40000	 98.54000	 71.65459	 98.54000
 91.60000	 98.60000	 71.68994	 98.60000
 91.80000	 98.69000	 71.75347	 98.69000
 92.00000	 98.85000	 71.88162	 98.85000
 92.20000	 99.02000	 72.01916	 99.02000
 92.40000	 99.17000	 72.13841	 99.17000
 92.60000	 99.27000	 72.21177	 99.27000
 92.80000	 99.27000	 72.19348	 99.27000
 93.00000	 99.23000	 72.13869	 99.23000
 93.20000	 99.17000	 72.06593	 99.17000
 93.40000	 99.14000	 72.02118	 99.14000
 93.60000	 99.14000	 72.00451	 99.14000
 93.80000	 99.12000	 71.97008	 99.12000
 94.00000	 99.06000	 71.89958	 99.06000
 94.20000	 98.88000	 71.71982	 98.88000
 94.40000	 98.65000	 71.49519	 98.65000
 94.60000	 98.38000	 71.23510	 98.38000
 94.80000	 98.08000	 70.94896	 98.08000
 95.00000	 97.76000	 70.64614	 97.76000
 95.20000	 97.48000	 70.38176	 97.48000
 95.40000	 97.26000	 70.17416	 97.26000
 95.60000	 97.29000	 70.19727	 97.29000
 95.80000	 97.40000	 70.29481	 97.40000
 96.00000	 97.55000	 70.42961	 97.55000
 96.20000	 97.70000	 70.56456	 97.70000
 96.40000	 97.81000	 70.66274	 97.81000
 96.60000	 97.85000	 70.69652	 97.85000
 96.80000	 97.77000	 70.62014	 97.77000
 97.00000	 97.44000	 70.31477	 97.44000
 97.20000	 96.93000	 69.84515	 96.93000
 97.40000	 96.30000	 69.26700	 96.30000
 97.60000	 95.61000	 68.63601	 95.61000
 97.80000	 94.93000	 68.01686	 94.93000
 98.00000	 94.22000	 67.37328	 94.22000
 98.20000	 93.50000	 66.72383	 93.50000
 98.40000	 92.77000	 66.06868	 92.77000
 98.60000	 92.06000	 65.43541	 92.06000
 98.80000	 91.35000	 64.80569	 91.35000
 99.00000	 90.66000	 64.19779	 90.66000
 99.20000	 89.98000	 63.60247	 89.98000
 99.40000	 89.32000	 63.02874	 89.32000
 99.60000	 88.69000	 62.48564	 88.69000
 99.80000	 88.08000	 61.96380	 88.08000
100.00000	 87.53000	 61.49968	 87.53000
100.20000	 87.02000	 61.07468	 87.02000
100.40000	 86.57000	 60.70685	 86.57000
100.60000	 86.19000	 60.40502	 86.19000
100.80000	 85.90000	 60.18715	 85.90000
101.00000	 85.71000	 60.06196	 85.71000
101.20000	 85.65000	 60.05646	 85.65000
101.40000	 85.74000	 60.18839	 85.74000
101.60000	 85.95000	 60.42960	 85.95000
101.80000	 86.27000	 60.77027	 86.27000
102.00000	 86.70000	 61.20975	 86.70000
102.20000	 87.25000	 61.75659	 87.25000
102.40000	 87.91000	 62.40101	 87.91000
102.60000	 88.66000	 63.12411	 88.66000
102.80000	 89.55000	 63.97115	 89.55000
103.00000	 90.53000	 64.89577	 90.53000
103.20000	 91.53000	 65.83333	 91.53000
103.40000	 92.50000	 66.73771	 92.50000
103.60000	 93.41000	 67.58131	 93.41000
103.80000	 94.19000	 68.30010	 94.19000
104.00000	 94.82000	 68.87612	 94.82000
104.20000	 95.14000	 69.16336	 95.14000
104.40000	 95.14000	 69.15367	 95.14000
104.60000	 94.97000	 68.98577	 94.97000
104.80000	 94.68000	 68.70669	 94.68000
105.00000	 94.41000	 68.44575	 94.41000
105.20000	 94.14000	 68.18531	 94.14000
105.40000	 93.85000	 67.90752	 93.85000
105.60000	 93.55000	 67.62189	 93.55000
105.80000	 93.27000	 67.35612	 93.27000
106.00000	 93.03000	 67.12865	 93.03000
106.20000	 92.80000	 66.91199	 92.80000
106.40000	 92.58000	 66.70609	 92.58000
106.60000	 92.38000	 66.52005	 92.38000
106.80000	 92.17000	 66.32628	 92.17000
107.00000	 91.96000	 66.13389	 91.96000
107.20000	 91.78000	 65.97030	 91.78000
107.40000	 91.64000	 65.84457	 91.64000
107.60000	 91.54000	 65.75655	 91.54000
107.80000	 91.55000	 65.77015	 91.55000
108.00000	 91.62000	 65.83925	 91.62000
108.20000	 91.74000	 65.95433	 91.74000
108.40000	 91.90000	 66.10591	 91.90000
108.60000	 92.08000	 66.27536	 92.08000
108.80000	 92.31000	 66.48994	 92.31000
109.00000	 92.53000	 66.69444	 92.53000
109.20000	 92.72000	 66.87040	 92.72000
109.40000	 92.85000	 66.99030	 92.85000
109.60000	 92.80000	 66.94433	 92.80000
109.80000	 92.64000	 66.79700	 92.64000
110.00000	 92.43000	 66.60379	 92.43000
110.20000	 92.16000	 66.35594	 92.16000
110.40000	 91.88000	 66.09965	 91.88000
110.60000	 91.59000	 65.83520	 91.59000
110.80000	 91.30000	 65.57196	 91.30000
111.00000	 91.01000	 65.31004	 91.01000
111.20000	 90.73000	 65.05868	 90.73000
111.40000	 90.50000	 64.85453	 90.50000
111.60000	 90.31000	 64.68834	 90.31000
111.80000	 90.14000	 64.54163	 90.14000
112.00000	 90.00000	 64.42342	 90.00000
112.20000	 89.87000	 64.31521	 89.87000
112.40000	 89.72000	 64.18939	 89.72000
112.60000	 89.56000	 64.05504	 89.56000
112.80000	 89.43000	 63.94878	 89.43000
113.00000	 89.36000	 63.89800	 89.36000
113.20000	 89.35000	 63.90254	 89.35000
113.40000	 89.47000	 64.02629	 89.47000
113.60000	 89.68000	 64.23220	 89.68000
113.80000	 89.98000	 64.51986	 89.98000
114.00000	 90.36000	 64.87964	 90.36000
114.20000	 90.85000	 65.33859	 90.85000
114.40000	 91.48000	 65.92370	 91.48000
114.60000	 92.15000	 66.54281	 92.15000
114.80000	 92.82000	 67.15882	 92.82000
115.00000	 93.46000	 67.74401	 93.46000
115.20000	 93.99000	 68.22499	 93.99000
115.40000	 94.45000	 68.63858	 94.45000
115.60000	 94.79000	 68.93926	 94.79000
115.80000	 95.01000	 69.12746	 95.01000
116.00000	 94.94000	 69.04800	 94.94000
116.20000	 94.76000	 68.86669	 94.76000
116.40000	 94.50000	 68.61186	 94.50000
116.60000	 94.19000	 68.31170	 94.19000
116.80000	 93.93000	 68.05841	 93.93000
117.00000	 93.70000	 67.83394	 93.70000
117.20000	 93.48000	 67.62010	 93.48000
117.40000	 93.27000	 67.41696	 93.27000
117.60000	 93.09000	 67.24283	 93.09000
117.80000	 92.99000	 67.14345	 92.99000
118.00000	 92.93000	 67.08197	 92.93000
118.20000	 92.90000	 67.04900	 92.90000
118.40000	 92.88000	 67.02600	 92.88000
118.60000	 92.86000	 67.00364	 92.86000
118.80000	 92.78000	 66.92682	 92.78000
119.00000	 92.68000	 66.83221	 92.68000
119.20000	 92.60000	 66.75648	 92.60000
119.40000	 92.56000	 66.71797	 92.56000
119.60000	 92.59000	 66.74405	 92.59000
119.80000	 92.80000	 66.93530	 92.80000
120.00000	 93.10000	 67.20882	 93.10000
120.20000	 93.46000	 67.53665	 93.46000
120.40000	 93.85000	 67.89086	 93.85000
120.60000	 94.27000	 68.27114	 94.27000
120.80000	 94.70000	 68.65888	 94.70000
121.00000	 95.11000	 69.02643	 95.11000
121.20000	 95.47000	 69.34622	 95.47000
121.40000	 95.73000	 69.57252	 95.73000
121.60000	 95.81000	 69.63228	 95.81000
121.80000	 95.82000	 69.62680	 95.82000
122.00000	 95.79000	 69.58403	 95.79000
122.20000	 95.73000	 69.51356	 95.73000
122.40000	 95.73000	 69.49816	 95.73000
122.60000	 95.71000	 69.46467	 95.71000
122.80000	 95.66000	 69.40404	 95.66000
123.00000	 95.58000	 69.31641	 95.58000
123.20000	 95.44000	 69.17442	 95.44000
123.40000	 95.24000	 68.97828	 95.24000
123.60000	 95.01000	 68.75570	 95.01000
123.80000	 94.76000	 68.51606	 94.76000
124.00000	 94.51000	 68.27782	 94.51000
124.20000	 94.27000	 68.05027	 94.27000
124.40000	 94.04000	 67.83341	 94.04000
124.60000	 93.82000	 67.62726	 93.82000
124.80000	 93.61000	 67.43175	 93.61000
125.00000	 93.41000	 67.24684	 93.41000
125.20000	 93.23000	 67.08161	 93.23000
125.40000	 93.07000	 66.93595	 93.07000
125.60000	 92.93000	 66.80975	 92.93000
125.80000	 92.80000	 66.69372	 92.80000
126.00000	 92.67000	 66.57859	 92.67000
126.20000	 92.54000	 66.46426	 92.54000
126.40000	 92.45000	 66.38732	 92.45000
126.60000	 92.40000	 66.34763	 92.40000
126.80000	 92.42000	 66.37251	 92.42000
127.00000	 92.60000	 66.54417	 92.60000
127.20000	 92.85000	 66.77969	 92.85000
127.40000	 93.15000	 67.06032	 93.15000
127.60000	 93.46000	 67.34902	 93.46000
127.80000	 93.75000	 67.61806	 93.75000
128.00000	 94.02000	 67.86728	 94.02000
128.20000	 94.25000	 68.07834	 94.25000
128.40000	 94.45000	 68.26045	 94.45000
128.60000	 94.59000	 68.38626	 94.59000
128.80000	 94.65000	 68.43762	 94.65000
129.00000	 94.66000	 68.44233	 94.66000
129.20000	 94.62000	 68.40068	 94.62000
129.40000	 94.53000	 68.31297	 94.53000
129.60000	 94.38000	 68.17034	 94.38000
129.80000	 94.20000	 68.00058	 94.20000
130.00000	 93.98000	 67.79480	 93.98000
130.20000	 93.75000	 67.58073	 93.75000
130.40000	 93.51000	 67.35855	 93.51000
130.60000	 93.26000	 67.12837	 93.26000
130.80000	 93.01000	 66.89947	 93.01000
131.00000	 92.75000	 66.66272	 92.75000
131.20000	 92.49000	 66.42733	 92.49000
131.40000	 92.23000	 66.19332	 92.23000
131.60000	 91.98000	 65.96983	 91.98000
131.80000	 91.73000	 65.74767	 91.73000
132.00000	 91.49000	 65.53598	 91.49000
132.20000	 91.24000	 65.31636	 91.24000
132.40000	 91.00000	 65.10711	 91.00000
132.60000	 90.78000	 64.91733	 90.78000
132.80000	 90.60000	 64.76527	 90.60000
133.00000	 90.46000	 64.65078	 90.46000
133.20000	 90.42000	 64.62865	 90.42000
133.40000	 90.45000	 64.67108	 90.45000
133.60000	 90.52000	 64.75025	 90.52000
133.80000	 90.65000	 64.88418	 90.65000
134.00000	 90.81000	 65.04505	 90.81000
134.20000	 91.05000	 65.27840	 91.05000
134.40000	 91.29000	 65.51065	 91.29000
134.60000	 91.52000	 65.73240	 91.52000
134.80000	 91.71000	 65.91608	 91.71000
135.00000	 91.76000	 65.97010	 91.76000
135.20000	 91.75000	 65.96801	 91.75000
135.40000	 91.69000	 65.91929	 91.69000
135.60000	 91.59000	 65.83341	 91.59000
135.80000	 91.46000	 65.71982	 91.46000
136.00000	 91.31000	 65.58795	 91.31000
136.20000	 91.14000	 65.43799	 91.14000
136.40000	 90.97000	 65.28845	 90.97000
136.60000	 90.80000	 65.13945	 90.80000
136.80000	 90.67000	 65.02769	 90.67000
137.00000	 90.55000	 64.92567	 90.55000
137.20000	 90.45000	 64.84251	 90.45000
137.40000	 90.35000	 64.75981	 90.35000
137.60000	 90.24000	 64.66835	 90.24000
137.80000	 90.09000	 64.54064	 90.09000
138.00000	 89.96000	 64.43169	 89.96000
138.20000	 89.87000	 64.35982	 89.87000
138.40000	 89.81000	 64.31579	 89.81000
138.60000	 89.85000	 64.36361	 89.85000
138.80000	 90.00000	 64.51218	 90.00000
139.00000	 90.19000	 64.69699	 90.19000
139.20000	 90.42000	 64.91771	 90.42000
139.40000	 90.66000	 65.14658	 90.66000
139.60000	 90.89000	 65.36507	 90.89000
139.80000	 91.13000	 65.59139	 91.13000
140.00000	 91.38000	 65.82546	 91.38000
140.20000	 91.64000	 66.06723	 91.64000
140.40000	 91.88000	 66.28916	 91.88000
140.60000	 92.11000	 66.50045	 92.11000
140.80000	 92.36000	 66.72862	 92.36000
141.00000	 92.63000	 66.97369	 92.63000
141.20000	 92.93000	 67.24479	 92.93000
141.40000	 93.33000	 67.60601	 93.33000
141.60000	 93.76000	 67.99302	 93.76000
141.80000	 94.19000	 68.37815	 94.19000
142.00000	 94.62000	 68.76131	 94.62000
142.20000	 95.01000	 69.10580	 95.01000
142.40000	 95.34000	 69.39337	 95.34000
142.60000	 95.63000	 69.64251	 95.63000
142.80000	 95.89000	 69.86257	 95.89000
143.00000	 96.11000	 70.04463	 96.11000
143.20000	 96.29000	 70.18889	 96.29000
143.40000	 96.43000	 70.29562	 96.43000
143.60000	 96.53000	 70.36504	 96.53000
143.80000	 96.60000	 70.40658	 96.60000
144.00000	 96.63000	 70.41130	 96.63000
144.20000	 96.61000	 70.37027	 96.61000
144.40000	 96.54000	 70.28373	 96.54000
144.60000	 96.45000	 70.17942	 96.45000
144.80000	 96.37000	 70.08504	 96.37000
145.00000	 96.31000	 70.00986	 96.31000
145.20000	 96.33000	 70.00886	 96.33000
145.40000	 96.42000	 70.07277	 96.42000
145.60000	 96.53000	 70.15554	 96.53000
145.80000	 96.67000	 70.26615	 96.67000
146.00000	 96.81000	 70.37692	 96.81000
146.20000	 96.95000	 70.48771	 96.95000
146.40000	 97.08000	 70.58927	 97.08000
146.60000	 97.19000	 70.67241	 97.19000
146.80000	 97.29000	 70.74629	 97.29000
147.00000	 97.36000	 70.79261	 97.36000
147.20000	 97.38000	 70.79313	 97.38000
147.40000	 97.37000	 70.76631	 97.37000
147.60000	 97.33000	 70.71230	 97.33000
147.80000	 97.26000	 70.63125	 97.26000
148.00000	 97.15000	 70.51416	 97.15000
148.20000	 97.00000	 70.36120	 97.00000
148.40000	 96.84000	 70.20003	 96.84000
148.60000	 96.68000	 70.03995	 96.68000
148.80000	 96.53000	 69.89020	 96.53000
149.00000	 96.42000	 69.77829	 96.42000
149.20000	 96.36000	 69.71331	 96.36000
149.40000	 96.30000	 69.64930	 96.30000
149.60000	 96.26000	 69.60447	 96.26000
149.80000	 96.23000	 69.56955	 96.23000
150.00000	 96.16000	 69.49862	 96.16000
150.20000	 96.09000	 69.42831	 96.09000
150.40000	 96.04000	 69.37695	 96.04000
150.60000	 95.99000	 69.32615	 95.99000
150.80000	 95.98000	 69.31252	 95.98000
151.00000	 96.05000	 69.37260	 96.05000
151.20000	 96.15000	 69.46036	 96.15000
151.40000	 96.24000	 69.53895	 96.24000
151.60000	 96.32000	 69.60824	 96.32000
151.80000	 96.34000	 69.62238	 96.34000
152.00000	 96.30000	 69.58142	 96.30000
152.20000	 96.23000	 69.51300	 96.23000
152.40000	 96.14000	 69.42646	 96.14000
152.60000	 96.01000	 69.30361	 96.01000
152.80000	 95.87000	 69.17210	 95.87000
153.00000	 95.71000	 69.02290	 95.71000
153.20000	 95.53000	 68.85613	 95.53000
153.40000	 95.34000	 68.68105	 95.34000
153.60000	 95.15000	 68.50692	 95.15000
153.80000	 94.97000	 68.34294	 94.97000
154.00000	 94.79000	 68.17995	 94.79000
154.20000	 94.59000	 67.99962	 94.59000
154.40000	 94.38000	 67.81115	 94.38000
154.60000	 94.14000	 67.59622	 94.14000
154.80000	 93.87000	 67.35490	 93.87000
155.00000	 93.59000	 67.10560	 93.59000
155.20000	 93.28000	 66.83005	 93.28000
155.40000	 92.96000	 66.54667	 92.96000
155.60000	 92.60000	 66.22804	 92.60000
155.80000	 92.21000	 65.88343	 92.21000
156.00000	 91.83000	 65.54957	 91.83000
156.20000	 91.46000	 65.22653	 91.46000
156.40000	 91.12000	 64.93260	 91.12000
156.60000	 90.86000	 64.71352	 90.86000
156.80000	 90.69000	 64.57823	 90.69000
157.00000	 90.56000	 64.48061	 90.56000
157.20000	 90.48000	 64.42951	 90.48000
157.40000	 90.44000	 64.41547	 90.44000
157.60000	 90.40000	 64.40156	 90.40000
157.80000	 90.36000	 64.38758	 90.36000
158.00000	 90.38000	 64.42836	 90.38000
158.20000	 90.47000	 64.53288	 90.47000
158.40000	 90.63000	 64.70087	 90.63000
158.60000	 90.94000	 65.00531	 90.94000
158.80000	 91.35000	 65.39995	 91.35000
159.00000	 91.82000	 65.84764	 91.82000
159.20000	 92.36000	 66.35712	 92.36000
159.40000	 92.97000	 66.92802	 92.97000
159.60000	 93.63000	 67.54162	 93.63000
159.80000	 94.29000	 68.15183	 94.29000
160.00000	 94.94000	 68.74930	 94.94000
160.20000	 95.51000	 69.26984	 95.51000
160.40000	 95.97000	 69.68610	 95.97000
160.60000	 96.36000	 70.03507	 96.36000
160.80000	 96.70000	 70.33543	 96.70000
161.00000	 96.98000	 70.57843	 96.98000
161.20000	 97.22000	 70.78276	 97.22000
161.40000	 97.40000	 70.93048	 97.40000
161.60000	 97.53000	 71.03110	 97.53000
161.80000	 97.63000	 71.10332	 97.63000
162.00000	 97.69000	 71.13828	 97.69000
162.20000	 97.71000	 71.13626	 97.71000
162.40000	 97.70000	 71.10670	 97.70000
162.60000	 97.65000	 71.04068	 97.65000
162.80000	 97.58000	 70.95675	 97.58000
163.00000	 97.47000	 70.83679	 97.47000
163.20000	 97.34000	 70.69932	 97.34000
163.40000	 97.18000	 70.53534	 97.18000
163.60000	 96.98000	 70.33585	 96.98000
163.80000	 96.75000	 70.11016	 96.75000
164.00000	 96.47000	 69.84013	 96.47000
164.20000	 96.15000	 69.53509	 96.15000
164.40000	 95.80000	 69.20438	 95.80000
164.60000	 95.43000	 68.85734	 95.43000
164.80000	 95.04000	 68.49407	 95.04000
165.00000	 94.61000	 68.09636	 94.61000
165.20000	 94.17000	 67.69182	 94.17000
165.40000	 93.74000	 67.29885	 93.74000
165.60000	 93.34000	 66.93576	 93.34000
165.80000	 92.99000	 66.62082	 92.99000
166.00000	 92.77000	 66.42715	 92.77000
166.20000	 92.60000	 66.28108	 92.60000
166.40000	 92.49000	 66.19142	 92.49000
166.60000	 92.41000	 66.13032	 92.41000
166.80000	 92.38000	 66.11577	 92.38000
167.00000	 92.38000	 66.12914	 92.38000
167.20000	 92.42000	 66.17931	 92.42000
167.40000	 92.49000	 66.25688	 92.49000
167.60000	 92.59000	 66.36159	 92.59000
167.80000	 92.76000	 66.52989	 92.76000
168.00000	 92.95000	 66.71572	 92.95000
168.20000	 93.15000	 66.90969	 93.15000
168.40000	 93.35000	 67.10250	 93.35000
168.60000	 93.50000	 67.24825	 93.50000
168.80000	 93.60000	 67.34699	 93.60000
169.00000	 93.68000	 67.42633	 93.68000
169.20000	 93.76000	 67.50473	 93.76000
169.40000	 93.83000	 67.57313	 93.83000
169.60000	 93.91000	 67.64995	 93.91000
169.80000	 93.99000	 67.72609	 93.99000
170.00000	 94.09000	 67.81991	 94.09000
170.20000	 94.19000	 67.91309	 94.19000
170.40000	 94.31000	 68.02395	 94.31000
170.60000	 94.45000	 68.15248	 94.45000
170.80000	 94.59000	 68.28029	 94.59000
171.00000	 94.74000	 68.41654	 94.74000
171.20000	 94.88000	 68.54286	 94.88000
171.40000	 95.02000	 68.66842	 95.02000
171.60000	 95.15000	 68.78408	 95.15000
171.80000	 95.25000	 68.87155	 95.25000
172.00000	 95.32000	 68.93091	 95.32000
172.20000	 95.32000	 68.92564	 95.32000
172.40000	 95.27000	 68.87428	 95.27000
172.60000	 95.19000	 68.79538	 95.19000
172.80000	 95.07000	 68.68001	 95.07000
173.00000	 94.93000	 68.54671	 94.93000
173.20000	 94.78000	 68.40481	 94.78000
173.40000	 94.60000	 68.23615	 94.60000
173.60000	 94.41000	 68.05917	 94.41000
173.80000	 94.21000	 67.87398	 94.21000
174.00000	 94.00000	 67.68067	 94.00000
174.20000	 93.77000	 67.47013	 93.77000
174.40000	 93.56000	 67.27909	 93.56000
174.60000	 93.37000	 67.10753	 93.37000
174.80000	 93.21000	 66.96456	 93.21000
175.00000	 93.15000	 66.91422	 93.15000
175.20000	 93.12000	 66.89212	 93.12000
175.40000	 93.13000	 66.90717	 93.13000
175.60000	 93.17000	 66.94998	 93.17000
175.80000	 93.21000	 66.99284	 93.21000
176.00000	 93.28000	 67.06308	 93.28000
176.20000	 93.38000	 67.16055	 93.38000
176.40000	 93.52000	 67.29424	 93.52000
176.60000	 93.72000	 67.48230	 93.72000
176.80000	 93.99000	 67.73366	 93.99000
177.00000	 94.29000	 68.01142	 94.29000
177.20000	 94.62000	 68.31534	 94.62000
177.40000	 94.99000	 68.65438	 94.99000
177.60000	 95.40000	 69.02835	 95.40000
177.80000	 95.79000	 69.38211	 95.79000
178.00000	 96.14000	 69.69724	 96.14000
178.20000	 96.39000	 69.91885	 96.39000
178.40000	 96.55000	 70.05631	 96.55000
178.60000	 96.64000	 70.12829	 96.64000
178.80000	 96.67000	 70.14433	 96.67000
179.00000	 96.58000	 70.04983	 96.58000
179.20000	 96.46000	 69.92772	 96.46000
179.40000	 96.35000	 69.81503	 96.35000
179.60000	 96.35000	 69.80359	 96.35000
179.80000	 96.49000	 69.92086	 96.49000
180.00000	 96.66000	 70.06578	 96.66000
180.20000	 96.82000	 70.20143	 96.82000
180.40000	 96.89000	 70.25439	 96.89000
180.60000	 96.88000	 70.23388	 96.88000
180.80000	 96.84000	 70.18589	 96.84000
181.00000	 96.78000	 70.11978	 96.78000
181.20000	 96.79000	 70.11813	 96.79000
181.40000	 96.80000	 70.11682	 96.80000
181.60000	 96.78000	 70.08833	 96.78000
181.80000	 96.72000	 70.02355	 96.72000
182.00000	 96.51000	 69.82180	 96.51000
182.20000	 96.21000	 69.53839	 96.21000
182.40000	 95.89000	 69.23782	 95.89000
182.60000	 95.54000	 68.91122	 95.54000
182.80000	 95.23000	 68.62296	 95.23000
183.00000	 94.93000	 68.34562	 94.93000
183.20000	 94.67000	 68.10669	 94.67000
183.40000	 94.45000	 67.90609	 94.45000
183.60000	 94.35000	 67.81696	 94.35000
183.80000	 94.35000	 67.82065	 94.35000
184.00000	 94.39000	 67.86177	 94.39000
184.20000	 94.43000	 67.90330	 94.43000
184.40000	 94.46000	 67.93583	 94.46000
184.60000	 94.34000	 67.83095	 94.34000
184.80000	 94.15000	 67.66212	 94.15000
185.00000	 93.91000	 67.44790	 93.91000
185.20000	 93.65000	 67.21601	 93.65000
185.40000	 93.37000	 66.96668	 93.37000
185.60000	 93.07000	 66.70005	 93.07000
185.80000	 92.77000	 66.43458	 92.77000
186.00000	 92.48000	 66.17953	 92.48000
186.20000	 92.23000	 65.96240	 92.23000
186.40000	 92.02000	 65.78311	 92.02000
186.60000	 91.89000	 65.67819	 91.89000
186.80000	 91.82000	 65.62906	 91.82000
187.00000	 91.83000	 65.65375	 91.83000
187.20000	 91.90000	 65.73361	 91.90000
187.40000	 92.05000	 65.88660	 92.05000
187.60000	 92.30000	 66.13066	 92.30000
187.80000	 92.63000	 66.44703	 92.63000
188.00000	 93.02000	 66.81696	 93.02000
188.20000	 93.48000	 67.24922	 93.48000
188.40000	 94.02000	 67.75260	 94.02000
188.60000	 94.62000	 68.30838	 94.62000
188.80000	 95.25000	 68.88875	 95.25000
189.00000	 95.89000	 69.47513	 95.89000
189.20000	 96.55000	 70.07650	 96.55000
189.40000	 97.20000	 70.66528	 97.20000
189.60000	 97.81000	 71.21395	 97.81000
189.80000	 98.36000	 71.70430	 98.36000
190.00000	 98.75000	 72.04490	 98.75000
190.20000	 99.02000	 72.27288	 99.02000
190.40000	 99.23000	 72.44376	 99.23000
190.60000	 99.39000	 72.56720	 99.39000
190.80000	 99.52000	 72.66201	 99.52000
191.00000	 99.63000	 72.73770	 99.63000
191.20000	 99.73000	 72.80374	 99.73000
191.40000	 99.83000	 72.86953	 99.83000
191.60000	 99.97000	 72.97186	 99.97000
191.80000	100.17000	 73.12909	100.17000
192.00000	100.37000	 73.28617	100.37000
192.20000	100.57000	 73.44304	100.57000
192.40000	100.74000	 73.57218	100.74000
192.60000	100.88000	 73.67363	100.88000
192.80000	100.97000	 73.72914	100.97000
193.00000	101.01000	 73.73886	101.01000
193.20000	100.99000	 73.69382	100.99000
193.40000	100.83000	 73.52098	100.83000
193.60000	100.59000	 73.27571	100.59000
193.80000	100.29000	 72.97674	100.29000
194.00000	 99.96000	 72.65196	 99.96000
194.20000	 99.62000	 72.31997	 99.62000
194.40000	 99.35000	 72.05427	 99.35000
194.60000	 99.07000	 71.78155	 99.07000
194.80000	 98.76000	 71.48349	 98.76000
195.00000	 98.43000	 71.16927	 98.43000
195.20000	 98.03000	 70.79311	 98.03000
195.40000	 97.53000	 70.32766	 97.53000
195.60000	 97.00000	 69.83730	 97.00000
195.80000	 96.44000	 69.32223	 96.44000
196.00000	 95.87000	 68.80092	 95.87000
196.20000	 95.30000	 68.28264	 95.30000
196.40000	 94.76000	 67.79490	 94.76000
196.60000	 94.21000	 67.30101	 94.21000
196.80000	 93.68000	 66.82839	 93.68000
197.00000	 93.16000	 66.36778	 93.16000
197.20000	 92.65000	 65.91906	 92.65000
197.40000	 92.14000	 65.47295	 92.14000
197.60000	 91.65000	 65.04765	 91.65000
197.80000	 91.20000	 64.66136	 91.20000
198.00000	 90.79000	 64.31388	 90.79000
198.20000	 90.44000	 64.02331	 90.44000
198.40000	 90.18000	 63.81686	 90.18000
198.60000	 89.98000	 63.66665	 89.98000
198.80000	 89.82000	 63.55401	 89.82000
199.00000	 89.72000	 63.49690	 89.72000
199.20000	 89.65000	 63.46751	 89.65000
199.40000	 89.61000	 63.46553	 89.61000
199.60000	 89.62000	 63.50905	 89.62000
199.80000	 89.69000	 63.60695	 89.69000
200.00000	 89.81000	 63.74980	 89.81000
200.20000	 90.02000	 63.97396	 90.02000
200.40000	 90.30000	 64.26077	 90.30000
200.60000	 90.63000	 64.59157	 90.63000
200.80000	 91.00000	 64.95689	 91.00000
201.00000	 91.42000	 65.36563	 91.42000
201.20000	 91.89000	 65.81753	 91.89000
201.40000	 92.37000	 66.27574	 92.37000
201.60000	 92.85000	 66.73093	 92.85000
201.80000	 93.31000	 67.16472	 93.31000
202.00000	 93.73000	 67.55880	 93.73000
202.20000	 94.10000	 67.90413	 94.10000
202.40000	 94.42000	 68.20091	 94.42000
202.60000	 94.66000	 68.42192	 94.66000
202.80000	 94.76000	 68.51253	 94.76000
203.00000	 94.77000	 68.51906	 94.77000
203.20000	 94.73000	 68.47869	 94.73000
203.40000	 94.65000	 68.40104	 94.65000
203.60000	 94.58000	 68.33230	 94.58000
203.80000	 94.53000	 68.28190	 94.53000
204.00000	 94.45000	 68.20415	 94.45000
204.20000	 94.37000	 68.12670	 94.37000
204.40000	 94.28000	 68.04047	 94.28000
204.60000	 94.17000	 67.93638	 94.17000
204.80000	 94.05000	 67.82368	 94.05000
205.00000	 93.92000	 67.70244	 93.92000
205.20000	 93.78000	 67.57272	 93.78000
205.40000	 93.63000	 67.43458	 93.63000
205.60000	 93.47000	 67.28806	 93.47000
205.80000	 93.30000	 67.13320	 93.30000
206.00000	 93.12000	 66.97005	 93.12000
206.20000	 92.94000	 66.80779	 92.94000
206.40000	 92.75000	 66.63729	 92.75000
206.60000	 92.56000	 66.46772	 92.56000
206.80000	 92.37000	 66.29909	 92.37000
207.00000	 92.17000	 66.12224	 92.17000
207.20000	 91.98000	 65.95548	 91.98000
207.40000	 91.76000	 65.76215	 91.76000
207.60000	 91.54000	 65.56976	 91.54000
207.80000	 91.36000	 65.41497	 91.36000
208.00000	 91.21000	 65.28854	 91.21000
208.20000	 91.13000	 65.22699	 91.13000
208.40000	 91.15000	 65.25759	 91.15000
208.60000	 91.22000	 65.33422	 91.22000
208.80000	 91.34000	 65.45653	 91.34000
209.00000	 91.50000	 65.61508	 91.50000
209.20000	 91.67000	 65.78208	 91.67000
209.40000	 91.88000	 65.98484	 91.88000
209.60000	 92.12000	 66.21397	 92.12000
209.80000	 92.42000	 66.49679	 92.42000
210.00000	 92.79000	 66.84224	 92.79000
210.20000	 93.23000	 67.25005	 93.23000
210.40000	 93.70000	 67.68328	 93.70000
210.60000	 94.19000	 68.13256	 94.19000
210.80000	 94.71000	 68.60687	 94.71000
211.00000	 95.23000	 69.07857	 95.23000
211.20000	 95.72000	 69.52012	 95.72000
211.40000	 96.18000	 69.93154	 96.18000
211.60000	 96.54000	 70.24881	 96.54000
211.80000	 96.77000	 70.44473	 96.77000
212.00000	 96.93000	 70.57471	 96.93000
212.20000	 97.04000	 70.65753	 97.04000
212.40000	 97.09000	 70.68444	 97.09000
212.60000	 97.12000	 70.69248	 97.12000
212.80000	 97.10000	 70.65448	 97.10000
213.00000	 97.05000	 70.58908	 97.05000
213.20000	 96.96000	 70.48737	 96.96000
213.40000	 96.82000	 70.34045	 96.82000
213.60000	 96.65000	 70.16688	 96.65000
213.80000	 96.45000	 69.96690	 96.45000
214.00000	 96.23000	 69.74986	 96.23000
214.20000	 95.98000	 69.50674	 95.98000
214.40000	 95.74000	 69.27434	 95.74000
214.60000	 95.49000	 69.03441	 95.49000
214.80000	 95.23000	 68.78700	 95.23000
215.00000	 94.96000	 68.53212	 94.96000
215.20000	 94.68000	 68.26982	 94.68000
215.40000	 94.40000	 68.00926	 94.40000
215.60000	 94.12000	 67.75045	 94.12000
215.80000	 93.83000	 67.48419	 93.83000
216.00000	 93.54000	 67.21964	 93.54000
216.20000	 93.26000	 66.96594	 93.26000
216.40000	 92.97000	 66.70470	 92.97000
216.60000	 92.70000	 66.46338	 92.70000
216.80000	 92.42000	 66.21441	 92.42000
217.00000	 92.14000	 65.96692	 92.14000
217.20000	 91.85000	 65.71169	 91.85000
217.40000	 91.56000	 65.45785	 91.56000
217.60000	 91.26000	 65.19621	 91.26000
217.80000	 90.96000	 64.93592	 90.96000
218.00000	 90.66000	 64.67694	 90.66000
218.20000	 90.37000	 64.42841	 90.37000
218.40000	 90.07000	 64.17196	 90.07000
218.60000	 89.77000	 63.91671	 89.77000
218.80000	 89.49000	 63.68096	 89.49000
219.00000	 89.24000	 63.47379	 89.24000
219.20000	 89.01000	 63.28594	 89.01000
219.40000	 88.84000	 63.15391	 88.84000
219.60000	 88.72000	 63.06836	 88.72000
219.80000	 88.64000	 63.01987	 88.64000
220.00000	 88.60000	 63.00822	 88.60000
220.20000	 88.62000	 63.05149	 88.62000
220.40000	 88.75000	 63.19520	 88.75000
220.60000	 88.92000	 63.37486	 88.92000
220.80000	 89.11000	 63.57181	 89.11000
221.00000	 89.30000	 63.76748	 89.30000
221.20000	 89.45000	 63.92508	 89.45000
221.40000	 89.53000	 64.01710	 89.53000
221.60000	 89.61000	 64.10781	 89.61000
221.80000	 89.70000	 64.20645	 89.70000
222.00000	 89.82000	 64.33143	 89.82000
222.20000	 90.06000	 64.56517	 90.06000
222.40000	 90.32000	 64.81588	 90.32000
222.60000	 90.60000	 65.08337	 90.60000
222.80000	 90.88000	 65.34920	 90.88000
223.00000	 91.09000	 65.54917	 91.09000
223.20000	 91.26000	 65.71086	 91.26000
223.40000	 91.41000	 65.85273	 91.41000
223.60000	 91.55000	 65.98412	 91.55000
223.80000	 91.70000	 66.12347	 91.70000
224.00000	 91.89000	 66.29836	 91.89000
224.20000	 92.08000	 66.47214	 92.08000
224.40000	 92.27000	 66.64482	 92.27000
224.60000	 92.45000	 66.80726	 92.45000
224.80000	 92.62000	 66.95950	 92.62000
225.00000	 92.76000	 67.08327	 92.76000
225.20000	 92.87000	 67.17868	 92.87000
225.40000	 92.96000	 67.25502	 92.96000
225.60000	 92.99000	 67.27578	 92.99000
225.80000	 92.97000	 67.25034	 92.97000
226.00000	 92.91000	 67.18808	 92.91000
226.20000	 92.82000	 67.09842	 92.82000
226.40000	 92.71000	 66.99071	 92.71000
226.60000	 92.61000	 66.89263	 92.61000
226.80000	 92.50000	 66.78595	 92.50000
227.00000	 92.37000	 66.66160	 92.37000
227.20000	 92.22000	 66.51965	 92.22000
227.40000	 92.02000	 66.33272	 92.02000
227.60000	 91.74000	 66.07345	 91.74000
227.80000	 91.43000	 65.78790	 91.43000
228.00000	 91.12000	 65.50374	 91.12000
228.20000	 90.80000	 65.21193	 90.80000
228.40000	 90.52000	 64.95838	 90.52000
228.60000	 90.31000	 64.77053	 90.31000
228.80000	 90.10000	 64.58408	 90.10000
229.00000	 89.90000	 64.40808	 89.90000
229.20000	 89.70000	 64.23325	 89.70000
229.40000	 89.45000	 64.01369	 89.45000
229.60000	 89.15000	 63.74943	 89.15000
229.80000	 88.85000	 63.48635	 88.85000
230.00000	 88.54000	 63.21535	 88.54000
230.20000	 88.25000	 62.96396	 88.25000
230.40000	 87.99000	 62.74131	 87.99000
230.60000	 87.77000	 62.55648	 87.77000
230.80000	 87.57000	 62.39101	 87.57000
231.00000	 87.40000	 62.25391	 87.40000
231.20000	 87.24000	 62.12671	 87.24000
231.40000	 87.06000	 61.98179	 87.06000
231.60000	 86.90000	 61.85572	 86.90000
231.80000	 86.78000	 61.76675	 86.78000
232.00000	 86.71000	 61.72390	 86.71000
232.20000	 86.71000	 61.74531	 86.71000
232.40000	 86.82000	 61.86737	 86.82000
232.60000	 87.01000	 62.06221	 87.01000
232.80000	 87.26000	 62.31112	 87.26000
233.00000	 87.58000	 62.62289	 87.58000
233.20000	 87.96000	 62.98800	 87.96000
233.40000	 88.40000	 63.40609	 88.40000
233.60000	 88.89000	 63.86768	 88.89000
233.80000	 89.41000	 64.35417	 89.41000
234.00000	 89.94000	 64.84700	 89.94000
234.20000	 90.48000	 65.34604	 90.48000
234.40000	 91.02000	 65.84203	 91.02000
234.60000	 91.55000	 66.32579	 91.55000
234.80000	 92.05000	 66.77903	 92.05000
235.00000	 92.49000	 67.17436	 92.49000
235.20000	 92.89000	 67.53032	 92.89000
235.40000	 93.25000	 67.84716	 93.25000
235.60000	 93.57000	 68.12514	 93.57000
235.80000	 93.85000	 68.36453	 93.85000
236.00000	 94.07000	 68.54729	 94.07000
236.20000	 94.27000	 68.71038	 94.27000
236.40000	 94.45000	 68.85408	 94.45000
236.60000	 94.63000	 68.99692	 94.63000
236.80000	 94.89000	 69.21236	 94.89000
237.00000	 95.13000	 69.40875	 95.13000
237.20000	 95.34000	 69.57698	 95.34000
237.40000	 95.51000	 69.70794	 95.51000
237.60000	 95.55000	 69.71934	 95.55000
237.80000	 95.52000	 69.66646	 95.52000
238.00000	 95.46000	 69.58630	 95.46000
238.20000	 95.38000	 69.48833	 95.38000
238.40000	 95.31000	 69.40025	 95.31000
238.60000	 95.30000	 69.36801	 95.30000
238.80000	 95.29000	 69.33661	 95.29000
239.00000	 95.28000	 69.30601	 95.28000
239.20000	 95.28000	 69.28537	 95.28000
239.40000	 95.31000	 69.29294	 95.31000
239.60000	 95.33000	 69.29200	 95.33000
239.80000	 95.35000	 69.29166	 95.35000
240.00000	 95.34000	 69.26439	 95.34000
240.20000	 95.30000	 69.21022	 95.30000
240.40000	 95.16000	 69.06507	 95.16000
240.60000	 94.98000	 68.88415	 94.98000
240.80000	 94.77000	 68.67682	 94.77000
241.00000	 94.53000	 68.44327	 94.53000
241.20000	 94.27000	 68.19284	 94.27000
241.40000	 93.98000	 67.91650	 93.98000
241.60000	 93.69000	 67.64188	 93.69000
241.80000	 93.39000	 67.35987	 93.39000
242.00000	 93.10000	 67.08886	 93.10000
242.20000	 92.84000	 66.84717	 92.84000
242.40000	 92.65000	 66.67135	 92.65000
242.60000	 92.49000	 66.52458	 92.49000
242.80000	 92.34000	 66.38833	 92.34000
243.00000	 92.20000	 66.26243	 92.20000
243.20000	 92.07000	 66.14672	 92.07000
243.40000	 91.87000	 65.96780	 91.87000
243.60000	 91.67000	 65.78983	 91.67000
243.80000	 91.50000	 65.64029	 91.50000
244.00000	 91.36000	 65.51913	 91.36000
244.20000	 91.27000	 65.44457	 91.27000
244.40000	 91.28000	 65.46225	 91.28000
244.60000	 91.36000	 65.54438	 91.36000
244.80000	 91.50000	 65.68146	 91.50000
245.00000	 91.70000	 65.87315	 91.70000
245.20000	 92.00000	 66.15575	 92.00000
245.40000	 92.42000	 66.54718	 92.42000
245.60000	 92.86000	 66.95536	 92.86000
245.80000	 93.32000	 67.37992	 93.32000
246.00000	 93.77000	 67.79313	 93.77000
246.20000	 94.10000	 68.09409	 94.10000
246.40000	 94.39000	 68.35623	 94.39000
246.60000	 94.65000	 68.58892	 94.65000
246.80000	 94.90000	 68.81069	 94.90000
247.00000	 95.12000	 69.00339	 95.12000
247.20000	 95.32000	 69.17638	 95.32000
247.40000	 95.53000	 69.35731	 95.53000
247.60000	 95.76000	 69.55548	 95.76000
247.80000	 96.02000	 69.78009	 96.02000
248.00000	 96.41000	 70.12274	 96.41000
248.20000	 96.85000	 70.50991	 96.85000
248.40000	 97.30000	 70.90473	 97.30000
248.60000	 97.75000	 71.29786	 97.75000
248.80000	 98.17000	 71.66173	 98.17000
249.00000	 98.50000	 71.94139	 98.50000
249.20000	 98.80000	 72.19198	 98.80000
249.40000	 99.05000	 72.39539	 99.05000
249.60000	 99.25000	 72.55185	 99.25000
249.80000	 99.40000	 72.66163	 99.40000
250.00000	 99.48000	 72.70669	 99.48000
250.20000	 99.51000	 72.70568	 99.51000
250.40000	 99.49000	 72.65892	 99.49000
250.60000	 99.42000	 72.56670	 99.42000
250.80000	 99.31000	 72.43849	 99.31000
251.00000	 99.15000	 72.26539	 99.15000
251.20000	 98.94000	 72.04767	 98.94000
251.40000	 98.71000	 71.81307	 98.71000
251.60000	 98.46000	 71.56179	 98.46000
251.80000	 98.18000	 71.28483	 98.18000
252.00000	 97.87000	 70.98232	 97.87000
252.20000	 97.56000	 70.68188	 97.56000
252.40000	 97.26000	 70.39275	 97.26000
252.60000	 96.97000	 70.11492	 96.97000
252.80000	 96.70000	 69.85753	 96.70000
253.00000	 96.48000	 69.64798	 96.48000
253.20000	 96.30000	 69.47694	 96.30000
253.40000	 96.16000	 69.34420	 96.16000
253.60000	 96.07000	 69.25869	 96.07000
253.80000	 96.03000	 69.22016	 96.03000
254.00000	 96.08000	 69.26496	 96.08000
254.20000	 96.18000	 69.35608	 96.18000
254.40000	 96.33000	 69.49319	 96.33000
254.60000	 96.53000	 69.67595	 96.53000
254.80000	 96.80000	 69.92236	 96.80000
255.00000	 97.15000	 70.24127	 97.15000
255.20000	 97.52000	 70.57732	 97.52000
255.40000	 97.89000	 70.91193	 97.89000
255.60000	 98.24000	 71.22660	 98.24000
255.80000	 98.49000	 71.44799	 98.49000
256.00000	 98.69000	 71.62204	 98.69000
256.20000	 98.87000	 71.77646	 98.87000
256.40000	 99.01000	 71.89313	 99.01000
256.60000	 99.15000	 72.00889	 99.15000
256.80000	 99.28000	 72.11474	 99.28000
257.00000	 99.39000	 72.20167	 99.39000
257.20000	 99.49000	 72.27895	 99.49000
257.40000	 99.57000	 72.33755	 99.57000
257.60000	 99.64000	 72.38674	 99.64000
257.80000	 99.70000	 72.42661	 99.70000
258.00000	 99.74000	 72.44811	 99.74000
258.20000	 99.76000	 72.45133	 99.76000
258.40000	 99.79000	 72.46384	 99.79000
258.60000	 99.80000	 72.45822	 99.80000
258.80000	 99.80000	 72.44370	 99.80000
259.00000	 99.78000	 72.41118	 99.78000
259.20000	 99.73000	 72.35158	 99.73000
259.40000	 99.61000	 72.22835	 99.61000
259.60000	 99.45000	 72.06917	 99.45000
259.80000	 99.28000	 71.90171	 99.28000
260.00000	 99.09000	 71.71697	 99.09000
260.20000	 98.91000	 71.54255	 98.91000
260.40000	 98.77000	 71.40599	 98.77000
260.60000	 98.63000	 71.27058	 98.63000
260.80000	 98.48000	 71.12714	 98.48000
261.00000	 98.33000	 70.98480	 98.33000
261.20000	 98.17000	 70.83436	 98.17000
261.40000	 98.00000	 70.67582	 98.00000
261.60000	 97.81000	 70.50002	 97.81000
261.80000	 97.61000	 70.31614	 97.61000
262.00000	 97.39000	 70.11506	 97.39000
262.20000	 97.14000	 69.88765	 97.14000
262.40000	 96.85000	 69.62482	 96.85000
262.60000	 96.56000	 69.36332	 96.56000
262.80000	 96.26000	 69.09407	 96.26000
263.00000	 95.95000	 68.81710	 95.95000
263.20000	 95.66000	 68.55993	 95.66000
263.40000	 95.37000	 68.30422	 95.37000
263.60000	 95.09000	 68.05909	 95.09000
263.80000	 94.82000	 67.82448	 94.82000
264.00000	 94.56000	 67.60033	 94.56000
264.20000	 94.31000	 67.38656	 94.31000
264.40000	 94.08000	 67.19224	 94.08000
264.60000	 93.87000	 67.01727	 93.87000
264.80000	 93.68000	 66.86153	 93.68000
265.00000	 93.52000	 66.73406	 93.52000
265.20000	 93.36000	 66.60722	 93.36000
265.40000	 93.25000	 66.52672	 93.25000
265.60000	 93.19000	 66.49237	 93.19000
265.80000	 93.21000	 66.53146	 93.21000
266.00000	 93.34000	 66.67118	 93.34000
266.20000	 93.61000	 66.93860	 93.61000
266.40000	 93.94000	 67.25993	 93.94000
266.60000	 94.32000	 67.62554	 94.32000
266.80000	 94.74000	 68.02588	 94.74000
267.00000	 95.17000	 68.43317	 95.17000
267.20000	 95.61000	 68.84719	 95.61000
267.40000	 96.04000	 69.24948	 96.04000
267.60000	 96.44000	 69.62167	 96.44000
267.80000	 96.78000	 69.93632	 96.78000
268.00000	 97.04000	 70.17529	 97.04000
268.20000	 97.25000	 70.36633	 97.25000
268.40000	 97.43000	 70.52807	 97.43000
268.60000	 97.56000	 70.64249	 97.56000
268.80000	 97.63000	 70.70070	 97.63000
269.00000	 97.67000	 70.73053	 97.67000
269.20000	 97.69000	 70.74141	 97.69000
269.40000	 97.69000	 70.73359	 97.69000
269.60000	 97.69000	 70.72558	 97.69000
269.80000	 97.70000	 70.72669	 97.70000
270.00000	 97.71000	 70.72783	 97.71000
270.20000	 97.74000	 70.74737	 97.74000
270.40000	 97.78000	 70.77616	 97.78000
270.60000	 97.88000	 70.85997	 97.88000
270.80000	 98.01000	 70.97120	 98.01000
271.00000	 98.15000	 71.09139	 98.15000
271.20000	 98.29000	 71.21127	 98.29000
271.40000	 98.42000	 71.32159	 98.42000
271.60000	 98.52000	 71.40402	 98.52000
271.80000	 98.62000	 71.48608	 98.62000
272.00000	 98.71000	 71.55864	 98.71000
272.20000	 98.81000	 71.64006	 98.81000
272.40000	 98.92000	 71.73036	 98.92000
272.60000	 99.02000	 71.81120	 99.02000
272.80000	 99.10000	 71.87346	 99.10000
273.00000	 99.17000	 71.92633	 99.17000
273.20000	 99.18000	 71.92407	 99.18000
273.40000	 99.16000	 71.89430	 99.16000
273.60000	 99.11000	 71.83720	 99.11000
273.80000	 99.02000	 71.74375	 99.02000
274.00000	 98.86000	 71.58666	 98.86000
274.20000	 98.65000	 71.38448	 98.65000
274.40000	 98.44000	 71.18328	 98.44000
274.60000	 98.23000	 70.98321	 98.23000
274.80000	 98.07000	 70.83019	 98.07000
275.00000	 98.00000	 70.76080	 98.00000
275.20000	 97.97000	 70.72906	 97.97000
275.40000	 97.97000	 70.72557	 97.97000
275.60000	 98.00000	 70.75012	 98.00000
275.80000	 98.03000	 70.77504	 98.03000
276.00000	 98.08000	 70.81848	 98.08000
276.20000	 98.16000	 70.88949	 98.16000
276.40000	 98.25000	 70.96958	 98.25000
276.60000	 98.38000	 71.08613	 98.38000
276.80000	 98.54000	 71.22981	 98.54000
277.00000	 98.72000	 71.39133	 98.72000
277.20000	 98.91000	 71.56136	 98.91000
277.40000	 99.13000	 71.75815	 99.13000
277.60000	 99.38000	 71.98155	 99.38000
277.80000	 99.63000	 72.20398	 99.63000
278.00000	 99.89000	 72.43450	 99.89000
278.20000	100.14000	 72.65473	100.14000
278.40000	100.41000	 72.89216	100.41000
278.60000	100.65000	 73.10094	100.65000
278.80000	100.87000	 73.29027	100.87000
279.00000	101.03000	 73.42360	101.03000
279.20000	101.09000	 73.46444	101.09000
279.40000	101.09000	 73.44977	101.09000
279.60000	101.05000	 73.39821	101.05000
279.80000	100.97000	 73.31007	100.97000
280.00000	100.89000	 73.22227	100.89000
280.20000	100.79000	 73.11667	100.79000
280.40000	100.67000	 72.99343	100.67000
280.60000	100.51000	 72.83436	100.51000
280.80000	100.33000	 72.65794	100.33000
281.00000	100.10000	 72.43681	100.10000
281.20000	 99.85000	 72.19865	 99.85000
281.40000	 99.59000	 71.95274	 99.59000
281.60000	 99.32000	 71.69919	 99.32000
281.80000	 99.07000	 71.46555	 99.07000
282.00000	 98.84000	 71.25182	 98.84000
282.20000	 98.60000	 71.03045	 98.60000
282.40000	 98.34000	 70.79226	 98.34000
282.60000	 98.07000	 70.54640	 98.07000
282.80000	 97.72000	 70.22875	 97.72000
283.00000	 97.37000	 69.91273	 97.37000
283.20000	 97.01000	 69.58925	 97.01000
283.40000	 96.67000	 69.28584	 96.67000
283.60000	 96.38000	 69.02998	 96.38000
283.80000	 96.14000	 68.82153	 96.14000
284.00000	 95.91000	 68.62366	 95.91000
284.20000	 95.69000	 68.43622	 95.69000
284.40000	 95.46000	 68.24073	 95.46000
284.60000	 95.20000	 68.01879	 95.20000
284.80000	 94.93000	 67.78871	 94.93000
285.00000	 94.64000	 67.54131	 94.64000
285.20000	 94.34000	 67.28579	 94.34000
285.40000	 94.01000	 67.00385	 94.01000
285.60000	 93.66000	 66.70472	 93.66000
285.80000	 93.31000	 66.40677	 93.31000
286.00000	 92.96000	 66.11004	 92.96000
286.20000	 92.63000	 65.83288	 92.63000
286.40000	 92.31000	 65.56606	 92.31000
286.60000	 92.02000	 65.32786	 92.02000
286.80000	 91.76000	 65.11817	 91.76000
287.00000	 91.55000	 64.95518	 91.55000
287.20000	 91.37000	 64.82036	 91.37000
287.40000	 91.24000	 64.73186	 91.24000
287.60000	 91.18000	 64.70775	 91.18000
