  0.00000	 91.59000	 59.32973	 91.59000
  0.20000	 91.33000	 59.02092	 91.33000
  0.40000	 91.30000	 58.89710	 91.30000
  0.60000	 91.46000	 58.92736	 91.46000
  0.80000	 91.76000	 59.07054	 91.76000
  1.00000	 92.16000	 59.29261	 92.16000
  1.20000	 92.61000	 59.55056	 92.61000
  1.40000	 93.08000	 59.81791	 93.08000
  1.60000	 93.52000	 60.05166	 93.52000
  1.80000	 93.85000	 60.18446	 93.85000
  2.00000	 94.10000	 60.24157	 94.10000
  2.20000	 94.24000	 60.19909	 94.24000
  2.40000	 94.18000	 59.98403	 94.18000
  2.60000	 93.99000	 59.65792	 93.99000
  2.80000	 93.72000	 59.26625	 93.72000
  3.00000	 93.43000	 58.86287	 93.43000
  3.20000	 93.15000	 58.47617	 93.15000
  3.40000	 92.86000	 58.09220	 92.86000
  3.60000	 92.57000	 57.72153	 92.57000
  3.80000	 92.32000	 57.39918	 92.32000
  4.00000	 92.11000	 57.12611	 92.11000
  4.20000	 91.91000	 56.87766	 91.91000
  4.40000	 91.71000	 56.64553	 91.71000
  4.60000	 91.51000	 56.42951	 91.51000
  4.80000	 91.26000	 56.18768	 91.26000
  5.00000	 91.01000	 55.96159	 91.01000
  5.20000	 90.78000	 55.76766	 90.78000
  5.40000	 90.58000	 55.61371	 90.58000
  5.60000	 90.41000	 55.49887	 90.41000
  5.80000	 90.28000	 55.43035	 90.28000
  6.00000	 90.21000	 55.42337	 90.21000
  6.20000	 90.23000	 55.50106	 90.23000
  6.40000	 90.36000	 55.67766	 90.36000
  6.60000	 90.63000	 55.97513	 90.63000
  6.80000	 90.97000	 56.33149	 90.97000
  7.00000	 91.38000	 56.74301	 91.38000
  7.20000	 91.88000	 57.22261	 91.88000
  7.40000	 92.43000	 57.73325	 92.43000
  7.60000	 92.96000	 58.21322	 92.96000
  7.80000	 93.44000	 58.63493	 93.44000
  8.00000	 93.80000	 58.93857	 93.80000
  8.20000	 94.08000	 59.15725	 94.08000
  8.40000	 94.29000	 59.30004	 94.29000
  8.60000	 94.48000	 59.40993	 94.48000
  8.80000	 94.56000	 59.41357	 94.56000
  9.00000	 94.46000	 59.25510	 94.46000
  9.20000	 93.97000	 58.76345	 93.97000
  9.40000	 93.16000	 58.00322	 93.16000
  9.60000	 92.28000	 57.19043	 92.28000
  9.80000	 91.45000	 56.43220	 91.45000
 10.00000	 91.23000	 56.19998	 91.23000
 10.20000	 91.23000	 56.16876	 91.23000
 10.40000	 91.32000	 56.22791	 91.32000
 10.60000	 91.45000	 56.33282	 91.45000
 10.80000	 91.52000	 56.39729	 91.52000
 11.00000	 91.24000	 56.17793	 91.24000
 11.20000	 90.91000	 55.92531	 90.91000
 11.40000	 90.52000	 55.63231	 90.52000
 11.60000	 90.11000	 55.33357	 90.11000
 11.80000	 89.69000	 55.03862	 89.69000
 12.00000	 89.27000	 54.75676	 89.27000
 12.20000	 88.89000	 54.52192	 88.89000
 12.40000	 88.55000	 54.33419	 88.55000
 12.60000	 88.30000	 54.23475	 88.30000
 12.80000	 88.20000	 54.27225	 88.20000
 13.00000	 88.16000	 54.36940	 88.16000
 13.20000	 88.19000	 54.53187	 88.19000
 13.40000	 88.27000	 54.74013	 88.27000
 13.60000	 88.39000	 54.98297	 88.39000
 13.80000	 88.56000	 55.26591	 88.56000
 14.00000	 88.77000	 55.57790	 88.77000
 14.20000	 89.02000	 55.91633	 89.02000
 14.40000	 89.32000	 56.28710	 89.32000
 14.60000	 89.65000	 56.67118	 89.65000
 14.80000	 90.00000	 57.05816	 90.00000
 15.00000	 90.38000	 57.45454	 90.38000
 15.20000	 90.87000	 57.92530	 90.87000
 15.40000	 91.30000	 58.32695	 91.30000
 15.60000	 91.62000	 58.61689	 91.62000
 15.80000	 91.67000	 58.66228	 91.67000
 16.00000	 91.43000	 58.44918	 91.43000
 16.20000	 91.05000	 58.10724	 91.05000
 16.40000	 90.58000	 57.68344	 90.58000
 16.60000	 90.08000	 57.23305	 90.08000
 16.80000	 89.56000	 56.76919	 89.56000
 17.00000	 89.05000	 56.32098	 89.05000
 17.20000	 88.57000	 55.90838	 88.57000
 17.40000	 88.30000	 55.68358	 88.30000
 17.60000	 88.14000	 55.56356	 88.14000
 17.80000	 88.02000	 55.48919	 88.02000
 18.00000	 87.92000	 55.44258	 87.92000
 18.20000	 87.82000	 55.40576	 87.82000
 18.40000	 87.60000	 55.27769	 87.60000
 18.60000	 87.35000	 55.13308	 87.35000
 18.80000	 87.11000	 55.00527	 87.11000
 19.00000	 86.86000	 54.87746	 86.86000
 19.20000	 86.63000	 54.77449	 86.63000
 19.40000	 86.42000	 54.69599	 86.42000
 19.60000	 86.24000	 54.64971	 86.24000
 19.80000	 86.13000	 54.66814	 86.13000
 20.00000	 86.08000	 54.74162	 86.08000
 20.20000	 86.14000	 54.91007	 86.14000
 20.40000	 86.30000	 55.16283	 86.30000
 20.60000	 86.55000	 55.48873	 86.55000
 20.80000	 86.88000	 55.87636	 86.88000
 21.00000	 87.34000	 56.36407	 87.34000
 21.20000	 87.91000	 56.93153	 87.91000
 21.40000	 88.53000	 57.52491	 88.53000
 21.60000	 89.18000	 58.12405	 89.18000
 21.80000	 89.82000	 58.69266	 89.82000
 22.00000	 90.44000	 59.22023	 90.44000
 22.20000	 91.00000	 59.67205	 91.00000
 22.40000	 91.45000	 60.00613	 91.45000
 22.60000	 91.75000	 60.19004	 91.75000
 22.80000	 91.95000	 60.26763	 91.95000
 23.00000	 92.04000	 60.23355	 92.04000
 23.20000	 92.06000	 60.12473	 92.06000
 23.40000	 91.97000	 59.91171	 91.97000
 23.60000	 91.79000	 59.61543	 91.79000
 23.80000	 91.47000	 59.19872	 91.47000
 24.00000	 91.03000	 58.68318	 91.03000
 24.20000	 90.56000	 58.14882	 90.56000
 24.40000	 90.07000	 57.60848	 90.07000
 24.60000	 89.72000	 57.19911	 89.72000
 24.80000	 89.44000	 56.86440	 89.44000
 25.00000	 89.19000	 56.57193	 89.19000
 25.20000	 88.97000	 56.32199	 88.97000
 25.40000	 88.76000	 56.09773	 88.76000
 25.60000	 88.53000	 55.87375	 88.53000
 25.80000	 88.32000	 55.68291	 88.32000
 26.00000	 88.12000	 55.51621	 88.12000
 26.20000	 87.94000	 55.38115	 87.94000
 26.40000	 87.78000	 55.27667	 87.78000
 26.60000	 87.64000	 55.20159	 87.64000
 26.80000	 87.54000	 55.17123	 87.54000
 27.00000	 87.48000	 55.18403	 87.48000
 27.20000	 87.47000	 55.24655	 87.47000
 27.40000	 87.57000	 55.40672	 87.57000
 27.60000	 87.71000	 55.60365	 87.71000
 27.80000	 87.88000	 55.82642	 87.88000
 28.00000	 88.05000	 56.04763	 88.05000
 28.20000	 88.14000	 56.19867	 88.14000
 28.40000	 88.20000	 56.32013	 88.20000
 28.60000	 88.32000	 56.48630	 88.32000
 28.80000	 88.52000	 56.71292	 88.52000
 29.00000	 88.93000	 57.10677	 88.93000
 29.20000	 89.49000	 57.61512	 89.49000
 29.40000	 90.13000	 58.17625	 90.13000
 29.60000	 90.82000	 58.76176	 90.82000
 29.80000	 91.51000	 59.32691	 91.51000
 30.00000	 92.23000	 59.89425	 92.23000
 30.20000	 92.95000	 60.43680	 92.95000
 30.40000	 93.72000	 60.99471	 93.72000
 30.60000	 94.49000	 61.52506	 94.49000
 30.80000	 95.15000	 61.93554	 95.15000
 31.00000	 95.58000	 62.12685	 95.58000
 31.20000	 95.68000	 62.01849	 95.68000
 31.40000	 95.60000	 61.74049	 95.60000
 31.60000	 95.38000	 61.33229	 95.38000
 31.80000	 95.03000	 60.80869	 95.03000
 32.00000	 94.60000	 60.21790	 94.60000
 32.20000	 94.14000	 59.60778	 94.14000
 32.40000	 93.69000	 59.01704	 93.69000
 32.60000	 93.51000	 58.66636	 93.51000
 32.80000	 93.41000	 58.39895	 93.41000
 33.00000	 93.32000	 58.15682	 93.32000
 33.20000	 93.22000	 57.92326	 93.22000
 33.40000	 93.04000	 57.63986	 93.04000
 33.60000	 92.58000	 57.14058	 92.58000
 33.80000	 92.07000	 56.61918	 92.07000
 34.00000	 91.52000	 56.08620	 91.52000
 34.20000	 90.97000	 55.57689	 90.97000
 34.40000	 90.49000	 55.15088	 90.49000
 34.60000	 90.10000	 54.82512	 90.10000
 34.80000	 89.75000	 54.55727	 89.75000
 35.00000	 89.44000	 54.34608	 89.44000
 35.20000	 89.17000	 54.18992	 89.17000
 35.40000	 88.95000	 54.09514	 88.95000
 35.60000	 88.79000	 54.06779	 88.79000
 35.80000	 88.66000	 54.08031	 88.66000
 36.00000	 88.56000	 54.13008	 88.56000
 36.20000	 88.49000	 54.21451	 88.49000
 36.40000	 88.40000	 54.28948	 88.40000
 36.60000	 88.33000	 54.38622	 88.33000
 36.80000	 88.31000	 54.52773	 88.31000
 37.00000	 88.36000	 54.72857	 88.36000
 37.20000	 88.51000	 55.01134	 88.51000
 37.40000	 88.79000	 55.39820	 88.79000
 37.60000	 89.17000	 55.86080	 89.17000
 37.80000	 89.67000	 56.41218	 89.67000
 38.00000	 90.31000	 57.06508	 90.31000
 38.20000	 91.20000	 57.90670	 91.20000
 38.40000	 92.14000	 58.76522	 92.14000
 38.60000	 93.06000	 59.57766	 93.06000
 38.80000	 93.87000	 60.26564	 93.87000
 39.00000	 94.49000	 60.76094	 94.49000
 39.20000	 94.98000	 61.11403	 94.98000
 39.40000	 95.33000	 61.31850	 95.33000
 39.60000	 95.51000	 61.35253	 95.51000
 39.80000	 95.54000	 61.23713	 95.54000
 40.00000	 95.43000	 60.98582	 95.43000
 40.20000	 95.11000	 60.54613	 95.11000
 40.40000	 94.65000	 59.98301	 94.65000
 40.60000	 94.14000	 59.37826	 94.14000
 40.80000	 93.62000	 58.77138	 93.62000
 41.00000	 93.34000	 58.37562	 93.34000
 41.20000	 93.12000	 58.04354	 93.12000
 41.40000	 92.94000	 57.75982	 92.94000
 41.60000	 92.78000	 57.50841	 92.78000
 41.80000	 92.61000	 57.26452	 92.61000
 42.00000	 92.41000	 57.01156	 92.41000
 42.20000	 92.21000	 56.77460	 92.21000
 42.40000	 92.00000	 56.54523	 92.00000
 42.60000	 91.79000	 56.33160	 91.79000
 42.80000	 91.53000	 56.09182	 91.53000
 43.00000	 91.26000	 55.85913	 91.26000
 43.20000	 91.00000	 55.65007	 91.00000
 43.40000	 90.75000	 55.46429	 90.75000
 43.60000	 90.53000	 55.31791	 90.53000
 43.80000	 90.36000	 55.22669	 90.36000
 44.00000	 90.22000	 55.17271	 90.22000
 44.20000	 90.12000	 55.16282	 90.12000
 44.40000	 90.05000	 55.18702	 90.05000
 44.60000	 90.04000	 55.26847	 90.04000
 44.80000	 90.06000	 55.38016	 90.06000
 45.00000	 90.12000	 55.52834	 90.12000
 45.20000	 90.20000	 55.69430	 90.20000
 45.40000	 90.32000	 55.89272	 90.32000
 45.60000	 90.46000	 56.10500	 90.46000
 45.80000	 90.61000	 56.32104	 90.61000
 46.00000	 90.76000	 56.53098	 90.76000
 46.20000	 90.89000	 56.71697	 90.89000
 46.40000	 91.02000	 56.89485	 91.02000
 46.60000	 91.15000	 57.06406	 91.15000
 46.80000	 91.27000	 57.21589	 91.27000
 47.00000	 91.39000	 57.35851	 91.39000
 47.20000	 91.48000	 57.46696	 91.48000
 47.40000	 91.56000	 57.55821	 91.56000
 47.60000	 91.58000	 57.59113	 91.58000
 47.80000	 91.52000	 57.55007	 91.52000
 48.00000	 91.46000	 57.50314	 91.46000
 48.20000	 91.41000	 57.46006	 91.41000
 48.40000	 91.47000	 57.50516	 91.47000
 48.60000	 91.64000	 57.63851	 91.64000
 48.80000	 91.80000	 57.75948	 91.80000
 49.00000	 91.93000	 57.85088	 91.93000
 49.20000	 91.92000	 57.82104	 91.92000
 49.40000	 91.77000	 57.67105	 91.77000
 49.60000	 91.56000	 57.46955	 91.56000
 49.80000	 91.31000	 57.23547	 91.31000
 50.00000	 91.02000	 56.97108	 91.02000
 50.20000	 90.71000	 56.69519	 90.71000
 50.40000	 90.37000	 56.40145	 90.37000
 50.60000	 90.03000	 56.11663	 90.03000
 50.80000	 89.68000	 55.83386	 89.68000
 51.00000	 89.34000	 55.57094	 89.34000
 51.20000	 89.00000	 55.32033	 89.00000
 51.40000	 88.67000	 55.09087	 88.67000
 51.60000	 88.36000	 54.89109	 88.36000
 51.80000	 88.05000	 54.70423	 88.05000
 52.00000	 87.77000	 54.55497	 87.77000
 52.20000	 87.51000	 54.43441	 87.51000
 52.40000	 87.27000	 54.34174	 87.27000
 52.60000	 87.06000	 54.28430	 87.06000
 52.80000	 86.88000	 54.26091	 86.88000
 53.00000	 86.73000	 54.27024	 86.73000
 53.20000	 86.63000	 54.32744	 86.63000
 53.40000	 86.58000	 54.43081	 86.58000
 53.60000	 86.58000	 54.57843	 86.58000
 53.80000	 86.63000	 54.76824	 86.63000
 54.00000	 86.74000	 55.00641	 86.74000
 54.20000	 86.90000	 55.28234	 86.90000
 54.40000	 87.12000	 55.60203	 87.12000
 54.60000	 87.41000	 55.97143	 87.41000
 54.80000	 87.79000	 56.40470	 87.79000
 55.00000	 88.34000	 56.96568	 88.34000
 55.20000	 89.13000	 57.70906	 89.13000
 55.40000	 89.93000	 58.43871	 89.93000
 55.60000	 90.66000	 59.08422	 90.66000
 55.80000	 91.13000	 59.48516	 91.13000
 56.00000	 91.36000	 59.65861	 91.36000
 56.20000	 91.48000	 59.71540	 91.48000
 56.40000	 91.52000	 59.68395	 91.52000
 56.60000	 91.55000	 59.62629	 91.55000
 56.80000	 91.51000	 59.49600	 91.51000
 57.00000	 91.42000	 59.31340	 91.42000
 57.20000	 91.25000	 59.05717	 91.25000
 57.40000	 91.01000	 58.73943	 91.01000
 57.60000	 90.74000	 58.39726	 90.74000
 57.80000	 90.46000	 58.05077	 90.46000
 58.00000	 90.21000	 57.73618	 90.21000
 58.20000	 89.98000	 57.44732	 89.98000
 58.40000	 89.76000	 57.17744	 89.76000
 58.60000	 89.54000	 56.91932	 89.54000
 58.80000	 89.32000	 56.67376	 89.32000
 59.00000	 89.09000	 56.43297	 89.09000
 59.20000	 88.88000	 56.22231	 88.88000
 59.40000	 88.67000	 56.02514	 88.67000
 59.60000	 88.48000	 55.85796	 88.48000
 59.80000	 88.33000	 55.73698	 88.33000
 60.00000	 88.21000	 55.65304	 88.21000
 60.20000	 88.09000	 55.58010	 88.09000
 60.40000	 87.97000	 55.51712	 87.97000
 60.60000	 87.82000	 55.43815	 87.82000
 60.80000	 87.62000	 55.32589	 87.62000
 61.00000	 87.43000	 55.22998	 87.43000
 61.20000	 87.27000	 55.16669	 87.27000
 61.40000	 87.16000	 55.15200	 87.16000
 61.60000	 87.15000	 55.22646	 87.15000
 61.80000	 87.21000	 55.36333	 87.21000
 62.00000	 87.33000	 55.55217	 87.33000
 62.20000	 87.52000	 55.79901	 87.52000
 62.40000	 87.77000	 56.09298	 87.77000
 62.60000	 88.10000	 56.44815	 88.10000
 62.80000	 88.50000	 56.85341	 88.50000
 63.00000	 89.00000	 57.33088	 89.00000
 63.20000	 89.72000	 57.97728	 89.72000
 63.40000	 90.48000	 58.63861	 90.48000
 63.60000	 91.23000	 59.26954	 91.23000
 63.80000	 91.88000	 59.79238	 91.88000
 64.00000	 92.35000	 60.13934	 92.35000
 64.20000	 92.66000	 60.32776	 92.66000
 64.40000	 92.80000	 60.35154	 92.80000
 64.60000	 92.59000	 60.06447	 92.59000
 64.80000	 92.17000	 59.58912	 92.17000
 65.00000	 91.67000	 59.04065	 91.67000
 65.20000	 91.20000	 58.51723	 91.20000
 65.40000	 90.98000	 58.20720	 90.98000
 65.60000	 90.80000	 57.93827	 90.80000
 65.80000	 90.67000	 57.72032	 90.67000
 66.00000	 90.55000	 57.52089	 90.55000
 66.20000	 90.38000	 57.29056	 90.38000
 66.40000	 90.20000	 57.06331	 90.20000
 66.60000	 90.02000	 56.84802	 90.02000
 66.80000	 89.84000	 56.64500	 89.84000
 67.00000	 89.67000	 56.46274	 89.67000
 67.20000	 89.52000	 56.30944	 89.52000
 67.40000	 89.37000	 56.16808	 89.37000
 67.60000	 89.22000	 56.03821	 89.22000
 67.80000	 89.07000	 55.91931	 89.07000
 68.00000	 88.94000	 55.82747	 88.94000
 68.20000	 88.81000	 55.74530	 88.81000
 68.40000	 88.66000	 55.65542	 88.66000
 68.60000	 88.50000	 55.56561	 88.50000
 68.80000	 88.28000	 55.43379	 88.28000
 69.00000	 88.01000	 55.26830	 88.01000
 69.20000	 87.76000	 55.12769	 87.76000
 69.40000	 87.53000	 55.01200	 87.53000
 69.60000	 87.39000	 54.97921	 87.39000
 69.80000	 87.34000	 55.02830	 87.34000
 70.00000	 87.32000	 55.10765	 87.32000
 70.20000	 87.33000	 55.21552	 87.33000
 70.40000	 87.30000	 55.29195	 87.30000
 70.60000	 87.18000	 55.29416	 87.18000
 70.80000	 87.09000	 55.32175	 87.09000
 71.00000	 87.08000	 55.41586	 87.08000
 71.20000	 87.17000	 55.59207	 87.17000
 71.40000	 87.44000	 55.91524	 87.44000
 71.60000	 87.85000	 56.34920	 87.85000
 71.80000	 88.39000	 56.88208	 88.39000
 72.00000	 89.10000	 57.54323	 89.10000
 72.20000	 90.02000	 58.36131	 90.02000
 72.40000	 91.02000	 59.22278	 91.02000
 72.60000	 92.06000	 60.08938	 92.06000
 72.80000	 93.12000	 60.94029	 93.12000
 73.00000	 94.12000	 61.70561	 94.12000
 73.20000	 94.96000	 62.30022	 94.96000
 73.40000	 95.55000	 62.64939	 95.55000
 73.60000	 95.86000	 62.73074	 95.86000
 73.80000	 95.89000	 62.54918	 95.89000
 74.00000	 95.47000	 61.97007	 95.47000
 74.20000	 94.74000	 61.11955	 94.74000
 74.40000	 93.86000	 60.14161	 93.86000
 74.60000	 93.05000	 59.22971	 93.05000
 74.80000	 92.31000	 58.39197	 92.31000
 75.00000	 91.62000	 57.61783	 91.62000
 75.20000	 90.99000	 56.92009	 90.99000
 75.40000	 90.52000	 56.38489	 90.52000
 75.60000	 90.17000	 55.97982	 90.17000
 75.80000	 89.89000	 55.66265	 89.89000
 76.00000	 89.64000	 55.39869	 89.64000
 76.20000	 89.40000	 55.16953	 89.40000
 76.40000	 89.09000	 54.90676	 89.09000
 76.60000	 88.70000	 54.60079	 88.70000
 76.80000	 88.32000	 54.32585	 88.32000
 77.00000	 87.94000	 54.07272	 87.94000
 77.20000	 87.58000	 53.85705	 87.58000
 77.40000	 87.22000	 53.66097	 87.22000
 77.60000	 86.90000	 53.51651	 86.90000
 77.80000	 86.64000	 53.43870	 86.64000
 78.00000	 86.47000	 53.45050	 86.47000
 78.20000	 86.41000	 53.56591	 86.41000
 78.40000	 86.55000	 53.85657	 86.55000
 78.60000	 86.81000	 54.25142	 86.81000
 78.80000	 87.20000	 54.75396	 87.20000
 79.00000	 87.71000	 55.35075	 87.71000
 79.20000	 88.43000	 56.11137	 88.43000
 79.40000	 89.27000	 56.95492	 89.27000
 79.60000	 90.12000	 57.78398	 90.12000
 79.80000	 90.91000	 58.53552	 90.91000
 80.00000	 91.48000	 59.07321	 91.48000
 80.20000	 91.95000	 59.49631	 91.95000
 80.40000	 92.34000	 59.82215	 92.34000
 80.60000	 92.77000	 60.15216	 92.77000
 80.80000	 93.11000	 60.37953	 93.11000
 81.00000	 93.27000	 60.43157	 93.27000
 81.20000	 93.02000	 60.12057	 93.02000
 81.40000	 92.38000	 59.46984	 92.38000
 81.60000	 91.61000	 58.70472	 91.61000
 81.80000	 90.84000	 57.94210	 90.84000
 82.00000	 90.34000	 57.41391	 90.34000
 82.20000	 89.91000	 56.95765	 89.91000
 82.40000	 89.55000	 56.57579	 89.55000
 82.60000	 89.25000	 56.26136	 89.25000
 82.80000	 89.03000	 56.03145	 89.03000
 83.00000	 88.85000	 55.85229	 88.85000
 83.20000	 88.70000	 55.71462	 88.70000
 83.40000	 88.55000	 55.59226	 88.55000
 83.60000	 88.40000	 55.48401	 88.40000
 83.80000	 88.14000	 55.29719	 88.14000
 84.00000	 87.87000	 55.11479	 87.87000
 84.20000	 87.59000	 54.93656	 87.59000
 84.40000	 87.30000	 54.76225	 87.30000
 84.60000	 87.02000	 54.60823	 87.02000
 84.80000	 86.75000	 54.47405	 86.75000
 85.00000	 86.49000	 54.35914	 86.49000
 85.20000	 86.26000	 54.27943	 86.26000
 85.40000	 86.07000	 54.24230	 86.07000
 85.60000	 85.94000	 54.26315	 85.94000
 85.80000	 85.86000	 54.33204	 85.86000
 86.00000	 85.83000	 54.44712	 85.83000
 86.20000	 85.86000	 54.61467	 85.86000
 86.40000	 85.92000	 54.80750	 85.92000
 86.60000	 86.03000	 55.04013	 86.03000
 86.80000	 86.26000	 55.36858	 86.26000
 87.00000	 86.63000	 55.80670	 86.63000
 87.20000	 87.29000	 56.47583	 87.29000
 87.40000	 88.20000	 57.33750	 88.20000
 87.60000	 89.22000	 58.26898	 89.22000
 87.80000	 90.28000	 59.20608	 90.28000
 88.00000	 91.29000	 60.06890	 91.29000
 88.20000	 92.23000	 60.83733	 92.23000
 88.40000	 93.10000	 61.50943	 93.10000
 88.60000	 93.91000	 62.09289	 93.91000
 88.80000	 94.60000	 62.53819	 94.60000
 89.00000	 95.09000	 62.78055	 95.09000
 89.20000	 95.22000	 62.69040	 95.22000
 89.40000	 94.93000	 62.22416	 94.93000
 89.60000	 94.42000	 61.55733	 94.42000
 89.80000	 93.81000	 60.79943	 93.81000
 90.00000	 93.25000	 60.08431	 93.25000
 90.20000	 92.68000	 59.36928	 92.68000
 90.40000	 92.13000	 58.68536	 92.13000
 90.60000	 91.63000	 58.06231	 91.63000
 90.80000	 91.32000	 57.61997	 91.32000
 91.00000	 91.06000	 57.24293	 91.06000
 91.20000	 90.84000	 56.92306	 90.84000
 91.40000	 90.63000	 56.63498	 90.63000
 91.60000	 90.40000	 56.35302	 90.40000
 91.80000	 90.08000	 56.01827	 90.08000
 92.00000	 89.75000	 55.69720	 89.75000
 92.20000	 89.42000	 55.39792	 89.42000
 92.40000	 89.10000	 55.12832	 89.10000
 92.60000	 88.78000	 54.87940	 88.78000
 92.80000	 88.49000	 54.67530	 88.49000
 93.00000	 88.23000	 54.51489	 88.23000
 93.20000	 88.02000	 54.41339	 88.02000
 93.40000	 87.89000	 54.39395	 87.89000
 93.60000	 87.91000	 54.51244	 87.91000
 93.80000	 87.99000	 54.69063	 87.99000
 94.00000	 88.10000	 54.90011	 88.10000
 94.20000	 88.25000	 55.14599	 88.25000
 94.40000	 88.30000	 55.30872	 88.30000
 94.60000	 88.34000	 55.46140	 88.34000
 94.80000	 88.45000	 55.66921	 88.45000
 95.00000	 88.67000	 55.96371	 88.67000
 95.20000	 89.20000	 56.50897	 89.20000
 95.40000	 89.89000	 57.17578	 89.89000
 95.60000	 90.63000	 57.86771	 90.63000
 95.80000	 91.36000	 58.53046	 91.36000
 96.00000	 91.99000	 59.08579	 91.99000
 96.20000	 92.55000	 59.55690	 92.55000
 96.40000	 93.02000	 59.92657	 93.02000
 96.60000	 93.44000	 60.22859	 93.44000
 96.80000	 93.72000	 60.38926	 93.72000
 97.00000	 93.78000	 60.34443	 93.78000
 97.20000	 93.41000	 59.92351	 93.41000
 97.40000	 92.66000	 59.17533	 92.66000
 97.60000	 91.76000	 58.30057	 91.76000
 97.80000	 90.83000	 57.40821	 90.83000
 98.00000	 90.13000	 56.72239	 90.13000
 98.20000	 89.49000	 56.10626	 89.49000
 98.40000	 88.90000	 55.55460	 88.90000
 98.60000	 88.37000	 55.07770	 88.37000
 98.80000	 87.93000	 54.70138	 87.93000
 99.00000	 87.56000	 54.40870	 87.56000
 99.20000	 87.24000	 54.18193	 87.24000
 99.40000	 86.97000	 54.01944	 86.97000
 99.60000	 86.75000	 53.91919	 86.75000
 99.80000	 86.57000	 53.87052	 86.57000
100.00000	 86.42000	 53.86260	 86.42000
100.20000	 86.28000	 53.87623	 86.28000
100.40000	 86.16000	 53.91738	 86.16000
100.60000	 86.03000	 53.95880	 86.03000
100.80000	 85.82000	 53.94032	 85.82000
101.00000	 85.61000	 53.92745	 85.61000
101.20000	 85.39000	 53.91095	 85.39000
101.40000	 85.20000	 53.92331	 85.20000
101.60000	 85.03000	 53.95531	 85.03000
101.80000	 84.90000	 54.02258	 84.90000
102.00000	 84.81000	 54.12395	 84.81000
102.20000	 84.77000	 54.26640	 84.77000
102.40000	 84.80000	 54.46503	 84.80000
102.60000	 84.96000	 54.76791	 84.96000
102.80000	 85.18000	 55.11421	 85.18000
103.00000	 85.46000	 55.50132	 85.46000
103.20000	 85.76000	 55.89337	 85.76000
103.40000	 86.02000	 56.23824	 86.02000
103.60000	 86.29000	 56.57612	 86.29000
103.80000	 86.62000	 56.94753	 86.62000
104.00000	 87.02000	 57.35957	 87.02000
104.20000	 87.65000	 57.94392	 87.65000
104.40000	 88.36000	 58.57291	 88.36000
104.60000	 89.06000	 59.16881	 89.06000
104.80000	 89.69000	 59.67966	 89.69000
105.00000	 90.14000	 60.01312	 90.14000
105.20000	 90.49000	 60.23682	 90.49000
105.40000	 90.74000	 60.35280	 90.74000
105.60000	 90.92000	 60.38884	 90.92000
105.80000	 90.99000	 60.31485	 90.99000
106.00000	 90.92000	 60.10969	 90.92000
106.20000	 90.62000	 59.70303	 90.62000
106.40000	 90.10000	 59.10901	 90.10000
106.60000	 89.50000	 58.45089	 89.50000
106.80000	 88.87000	 57.77661	 88.87000
107.00000	 88.43000	 57.27468	 88.43000
107.20000	 88.08000	 56.86482	 88.08000
107.40000	 87.78000	 56.51526	 87.78000
107.60000	 87.54000	 56.23495	 87.54000
107.80000	 87.36000	 56.02373	 87.36000
108.00000	 87.23000	 55.87243	 87.23000
108.20000	 87.12000	 55.75475	 87.12000
108.40000	 87.01000	 55.65257	 87.01000
108.60000	 86.88000	 55.54785	 86.88000
108.80000	 86.60000	 55.33125	 86.60000
109.00000	 86.29000	 55.10270	 86.29000
109.20000	 85.98000	 54.88736	 85.98000
109.40000	 85.68000	 54.69355	 85.68000
109.60000	 85.43000	 54.55434	 85.43000
109.80000	 85.23000	 54.46898	 85.23000
110.00000	 85.11000	 54.46126	 85.11000
110.20000	 85.06000	 54.52108	 85.06000
110.40000	 85.11000	 54.67121	 85.11000
110.60000	 85.36000	 54.99211	 85.36000
110.80000	 85.68000	 55.37161	 85.68000
111.00000	 86.04000	 55.78078	 86.04000
111.20000	 86.42000	 56.19936	 86.42000
111.40000	 86.67000	 56.49942	 86.67000
111.60000	 86.94000	 56.80428	 86.94000
111.80000	 87.22000	 57.10436	 87.22000
112.00000	 87.58000	 57.45690	 87.58000
112.20000	 88.08000	 57.91046	 88.08000
112.40000	 88.59000	 58.35477	 88.59000
112.60000	 89.04000	 58.72992	 89.04000
112.80000	 89.37000	 58.98530	 89.37000
113.00000	 89.55000	 59.09657	 89.55000
113.20000	 89.61000	 59.09067	 89.61000
113.40000	 89.55000	 58.97047	 89.55000
113.60000	 89.31000	 58.68961	 89.31000
113.80000	 88.96000	 58.31094	 88.96000
114.00000	 88.55000	 57.88093	 88.55000
114.20000	 88.10000	 57.42082	 88.10000
114.40000	 87.67000	 56.98470	 87.67000
114.60000	 87.24000	 56.55922	 87.24000
114.80000	 86.83000	 56.16365	 86.83000
115.00000	 86.45000	 55.80821	 86.45000
115.20000	 86.19000	 55.56897	 86.19000
115.40000	 86.00000	 55.40416	 86.00000
115.60000	 85.85000	 55.28792	 85.85000
115.80000	 85.71000	 55.19402	 85.71000
116.00000	 85.57000	 55.11285	 85.57000
116.20000	 85.36000	 54.98493	 85.36000
116.40000	 85.11000	 54.83464	 85.11000
116.60000	 84.87000	 54.70327	 84.87000
116.80000	 84.64000	 54.59039	 84.64000
117.00000	 84.44000	 54.51207	 84.44000
117.20000	 84.24000	 54.44252	 84.24000
117.40000	 84.09000	 54.42253	 84.09000
117.60000	 84.00000	 54.45925	 84.00000
117.80000	 83.99000	 54.56775	 83.99000
118.00000	 84.07000	 54.75431	 84.07000
118.20000	 84.26000	 55.03308	 84.26000
118.40000	 84.56000	 55.40102	 84.56000
118.60000	 84.99000	 55.87135	 84.99000
118.80000	 85.57000	 56.45679	 85.57000
119.00000	 86.39000	 57.22779	 86.39000
119.20000	 87.31000	 58.06232	 87.31000
119.40000	 88.27000	 58.90518	 88.27000
119.60000	 89.23000	 59.71857	 89.23000
119.80000	 90.14000	 60.45743	 90.14000
120.00000	 91.00000	 61.11960	 91.00000
120.20000	 91.77000	 61.67082	 91.77000
120.40000	 92.44000	 62.10307	 92.44000
120.60000	 92.95000	 62.36790	 92.95000
120.80000	 93.27000	 62.44332	 93.27000
121.00000	 93.17000	 62.14242	 93.17000
121.20000	 92.89000	 61.67232	 92.89000
121.40000	 92.52000	 61.11593	 92.52000
121.60000	 92.26000	 60.64725	 92.26000
121.80000	 92.11000	 60.27182	 92.11000
122.00000	 91.97000	 59.91021	 91.97000
122.20000	 91.82000	 59.54879	 91.82000
122.40000	 91.61000	 59.14848	 91.61000
122.60000	 91.35000	 58.72012	 91.35000
122.80000	 91.06000	 58.28270	 91.06000
123.00000	 90.74000	 57.83830	 90.74000
123.20000	 90.39000	 57.38870	 90.39000
123.40000	 90.00000	 56.92712	 90.00000
123.60000	 89.59000	 56.47161	 89.59000
123.80000	 89.19000	 56.04818	 89.19000
124.00000	 88.80000	 55.65743	 88.80000
124.20000	 88.44000	 55.31610	 88.44000
124.40000	 88.12000	 55.03211	 88.12000
124.60000	 87.84000	 54.80451	 87.84000
124.80000	 87.60000	 54.63190	 87.60000
125.00000	 87.40000	 54.51256	 87.40000
125.20000	 87.32000	 54.51101	 87.32000
125.40000	 87.29000	 54.56613	 87.29000
125.60000	 87.27000	 54.64162	 87.27000
125.80000	 87.23000	 54.70978	 87.23000
126.00000	 87.08000	 54.69347	 87.08000
126.20000	 86.75000	 54.53339	 86.75000
126.40000	 86.45000	 54.40476	 86.45000
126.60000	 86.25000	 54.36594	 86.25000
126.80000	 86.28000	 54.52427	 86.28000
127.00000	 86.67000	 54.98524	 86.67000
127.20000	 87.18000	 55.54397	 87.18000
127.40000	 87.76000	 56.15345	 87.76000
127.60000	 88.36000	 56.76706	 88.36000
127.80000	 88.91000	 57.32230	 88.91000
128.00000	 89.43000	 57.83281	 89.43000
128.20000	 89.88000	 58.26326	 89.88000
128.40000	 90.17000	 58.53788	 90.17000
128.60000	 90.36000	 58.70738	 90.36000
128.80000	 90.46000	 58.78186	 90.46000
129.00000	 90.50000	 58.78870	 90.50000
129.20000	 90.47000	 58.72237	 90.47000
129.40000	 90.33000	 58.55264	 90.33000
129.60000	 90.02000	 58.23323	 90.02000
129.80000	 89.47000	 57.71048	 89.47000
130.00000	 88.84000	 57.12334	 88.84000
130.20000	 88.17000	 56.51068	 88.17000
130.40000	 87.57000	 55.96896	 87.57000
130.60000	 87.04000	 55.50160	 87.04000
130.80000	 86.56000	 55.09412	 86.56000
131.00000	 86.12000	 54.73939	 86.12000
131.20000	 85.74000	 54.45448	 85.74000
131.40000	 85.48000	 54.28899	 85.48000
131.60000	 85.27000	 54.18316	 85.27000
131.80000	 85.09000	 54.11851	 85.09000
132.00000	 84.92000	 54.07637	 84.92000
132.20000	 84.74000	 54.03818	 84.74000
132.40000	 84.48000	 53.94402	 84.48000
132.60000	 84.21000	 53.85127	 84.21000
132.80000	 83.94000	 53.76748	 83.94000
133.00000	 83.68000	 53.70024	 83.68000
133.20000	 83.44000	 53.65707	 83.44000
133.40000	 83.24000	 53.65369	 83.24000
133.60000	 83.05000	 53.66397	 83.05000
133.80000	 82.87000	 53.68678	 82.87000
134.00000	 82.71000	 53.72936	 82.71000
134.20000	 82.45000	 53.69075	 82.45000
134.40000	 82.21000	 53.67067	 82.21000
134.60000	 82.06000	 53.72705	 82.06000
134.80000	 82.03000	 53.88382	 82.03000
135.00000	 82.24000	 54.23896	 82.24000
135.20000	 82.73000	 54.82219	 82.73000
135.40000	 83.38000	 55.52846	 83.38000
135.60000	 84.18000	 56.34380	 84.18000
135.80000	 85.12000	 57.25407	 85.12000
136.00000	 86.21000	 58.26178	 86.21000
136.20000	 87.34000	 59.26958	 87.34000
136.40000	 88.45000	 60.22266	 88.45000
136.60000	 89.44000	 61.03432	 89.44000
136.80000	 90.30000	 61.69473	 90.30000
137.00000	 91.05000	 62.22081	 91.05000
137.20000	 91.72000	 62.63913	 91.72000
137.40000	 92.27000	 62.91891	 92.27000
137.60000	 92.64000	 63.01376	 92.64000
137.80000	 92.73000	 62.84533	 92.73000
138.00000	 92.44000	 62.33720	 92.44000
138.20000	 91.99000	 61.68145	 91.99000
138.40000	 91.44000	 60.93713	 91.44000
138.60000	 91.02000	 60.30418	 91.02000
138.80000	 90.63000	 59.70551	 90.63000
139.00000	 90.25000	 59.12930	 90.25000
139.20000	 89.89000	 58.58766	 89.89000
139.40000	 89.55000	 58.08343	 89.55000
139.60000	 89.25000	 57.63525	 89.25000
139.80000	 88.96000	 57.21924	 88.96000
140.00000	 88.67000	 56.82767	 88.67000
140.20000	 88.37000	 56.45243	 88.37000
140.40000	 88.03000	 56.06856	 88.03000
140.60000	 87.64000	 55.66778	 87.64000
140.80000	 87.25000	 55.29188	 87.25000
141.00000	 86.85000	 54.93240	 86.85000
141.20000	 86.46000	 54.60570	 86.46000
141.40000	 86.09000	 54.31950	 86.09000
141.60000	 85.74000	 54.07285	 85.74000
141.80000	 85.42000	 53.87286	 85.42000
142.00000	 85.14000	 53.72636	 85.14000
142.20000	 84.91000	 53.63983	 84.91000
142.40000	 84.75000	 53.62775	 84.75000
142.60000	 84.64000	 53.67091	 84.64000
142.80000	 84.60000	 53.78322	 84.60000
143.00000	 84.62000	 53.95334	 84.62000
143.20000	 84.72000	 54.19481	 84.72000
143.40000	 84.95000	 54.54588	 84.95000
143.60000	 85.24000	 54.94440	 85.24000
143.80000	 85.56000	 55.36167	 85.56000
144.00000	 85.90000	 55.78601	 85.90000
144.20000	 86.21000	 56.17295	 86.21000
144.40000	 86.50000	 56.52878	 86.50000
144.60000	 86.76000	 56.84378	 86.76000
144.80000	 87.00000	 57.12554	 87.00000
145.00000	 87.18000	 57.34049	 87.18000
145.20000	 87.31000	 57.49741	 87.31000
145.40000	 87.43000	 57.63055	 87.43000
145.60000	 87.53000	 57.73266	 87.53000
145.80000	 87.68000	 57.86322	 87.68000
146.00000	 87.84000	 57.98971	 87.84000
146.20000	 87.97000	 58.07956	 87.97000
146.40000	 88.08000	 58.14205	 88.08000
146.60000	 88.10000	 58.12007	 88.10000
146.80000	 88.05000	 58.03202	 88.05000
147.00000	 87.96000	 57.90503	 87.96000
147.20000	 87.85000	 57.75795	 87.85000
147.40000	 87.73000	 57.60118	 87.73000
147.60000	 87.60000	 57.43656	 87.60000
147.80000	 87.47000	 57.27404	 87.47000
148.00000	 87.33000	 57.10665	 87.33000
148.20000	 87.22000	 56.96884	 87.22000
148.40000	 87.12000	 56.84467	 87.12000
148.60000	 87.04000	 56.74291	 87.04000
148.80000	 86.98000	 56.66370	 86.98000
149.00000	 86.93000	 56.59860	 86.93000
149.20000	 86.93000	 56.58066	 86.93000
149.40000	 86.93000	 56.56760	 86.93000
149.60000	 86.93000	 56.55879	 86.93000
149.80000	 86.91000	 56.53702	 86.91000
150.00000	 86.76000	 56.41043	 86.76000
150.20000	 86.60000	 56.27959	 86.60000
150.40000	 86.47000	 56.17842	 86.47000
150.60000	 86.40000	 56.13215	 86.40000
150.80000	 86.53000	 56.25688	 86.53000
151.00000	 86.74000	 56.45082	 86.74000
151.20000	 87.01000	 56.69493	 87.01000
151.40000	 87.31000	 56.96178	 87.31000
151.60000	 87.65000	 57.25734	 87.65000
151.80000	 87.98000	 57.53779	 87.98000
152.00000	 88.27000	 57.77643	 88.27000
152.20000	 88.49000	 57.94729	 88.49000
152.40000	 88.55000	 57.97531	 88.55000
152.60000	 88.54000	 57.93665	 88.54000
152.80000	 88.46000	 57.83305	 88.46000
153.00000	 88.36000	 57.70824	 88.36000
153.20000	 88.22000	 57.54760	 88.22000
153.40000	 88.02000	 57.33655	 88.02000
153.60000	 87.76000	 57.07731	 87.76000
153.80000	 87.34000	 56.68907	 87.34000
154.00000	 86.83000	 56.23332	 86.83000
154.20000	 86.29000	 55.76339	 86.29000
154.40000	 85.76000	 55.31557	 85.76000
154.60000	 85.34000	 54.97533	 85.34000
154.80000	 85.08000	 54.78511	 85.08000
155.00000	 84.88000	 54.66093	 84.88000
155.20000	 84.73000	 54.59310	 84.73000
155.40000	 84.62000	 54.57160	 84.62000
155.60000	 84.52000	 54.56955	 84.52000
155.80000	 84.42000	 54.57679	 84.42000
156.00000	 84.33000	 54.60001	 84.33000
156.20000	 84.24000	 54.62934	 84.24000
156.40000	 84.15000	 54.66341	 84.15000
156.60000	 84.03000	 54.67604	 84.03000
156.80000	 83.88000	 54.66645	 83.88000
157.00000	 83.73000	 54.65911	 83.73000
157.20000	 83.58000	 54.65361	 83.58000
157.40000	 83.43000	 54.64960	 83.43000
157.60000	 83.23000	 54.60514	 83.23000
157.80000	 83.05000	 54.57859	 83.05000
158.00000	 82.94000	 54.61148	 82.94000
158.20000	 82.93000	 54.72810	 82.93000
158.40000	 83.08000	 54.97698	 83.08000
158.60000	 83.41000	 55.37226	 83.41000
158.80000	 83.89000	 55.88545	 83.89000
159.00000	 84.51000	 56.50407	 84.51000
159.20000	 85.32000	 57.26516	 85.32000
159.40000	 86.36000	 58.19677	 86.36000
159.60000	 87.45000	 59.14310	 87.45000
159.80000	 88.54000	 60.05731	 88.54000
160.00000	 89.52000	 60.84384	 89.52000
160.20000	 90.39000	 61.50059	 90.39000
160.40000	 91.15000	 62.02714	 91.15000
160.60000	 91.79000	 62.41613	 91.79000
160.80000	 92.31000	 62.66981	 92.31000
161.00000	 92.63000	 62.72490	 92.63000
161.20000	 92.63000	 62.48634	 92.63000
161.40000	 92.26000	 61.91953	 92.26000
161.60000	 91.72000	 61.20000	 91.72000
161.80000	 91.07000	 60.38693	 91.07000
162.00000	 90.51000	 59.65541	 90.51000
162.20000	 89.95000	 58.93713	 89.95000
162.40000	 89.42000	 58.26238	 89.42000
162.60000	 88.93000	 57.64353	 88.93000
162.80000	 88.65000	 57.22485	 88.65000
163.00000	 88.44000	 56.89021	 88.44000
163.20000	 88.26000	 56.60580	 88.26000
163.40000	 88.09000	 56.35397	 88.09000
163.60000	 87.90000	 56.10856	 87.90000
163.80000	 87.54000	 55.74370	 87.54000
164.00000	 87.13000	 55.35945	 87.13000
164.20000	 86.69000	 54.97283	 86.69000
164.40000	 86.24000	 54.60078	 86.24000
164.60000	 85.80000	 54.26004	 85.80000
164.80000	 85.41000	 53.98362	 85.41000
165.00000	 85.04000	 53.74568	 85.04000
165.20000	 84.69000	 53.54506	 84.69000
165.40000	 84.37000	 53.38872	 84.37000
165.60000	 84.06000	 53.25841	 84.06000
165.80000	 83.79000	 53.17745	 83.79000
166.00000	 83.54000	 53.12730	 83.54000
166.20000	 83.31000	 53.10606	 83.31000
166.40000	 83.11000	 53.12013	 83.11000
166.60000	 82.93000	 53.15921	 82.93000
166.80000	 82.71000	 53.17148	 82.71000
167.00000	 82.53000	 53.22212	 82.53000
167.20000	 82.41000	 53.32624	 82.41000
167.40000	 82.36000	 53.49033	 82.36000
167.60000	 82.39000	 53.72057	 82.39000
167.80000	 82.53000	 54.03945	 82.53000
168.00000	 82.79000	 54.45234	 82.79000
168.20000	 83.18000	 54.96415	 83.18000
168.40000	 83.72000	 55.58765	 83.72000
168.60000	 84.59000	 56.46823	 84.59000
168.80000	 85.57000	 57.41669	 85.57000
169.00000	 86.61000	 58.38555	 86.61000
169.20000	 87.67000	 59.33643	 87.67000
169.40000	 88.67000	 60.19867	 88.67000
169.60000	 89.63000	 60.98641	 89.63000
169.80000	 90.53000	 61.68167	 90.53000
170.00000	 91.38000	 62.29261	 91.38000
170.20000	 92.11000	 62.76177	 92.11000
170.40000	 92.66000	 63.04133	 92.66000
170.60000	 92.87000	 63.00189	 92.87000
170.80000	 92.84000	 62.73300	 92.84000
171.00000	 92.67000	 62.32548	 92.67000
171.20000	 92.47000	 61.87871	 92.47000
171.40000	 92.28000	 61.43297	 92.28000
171.60000	 92.03000	 60.93597	 92.03000
171.80000	 91.71000	 60.38485	 91.71000
172.00000	 91.27000	 59.74321	 91.27000
172.20000	 90.75000	 59.04954	 90.75000
172.40000	 90.20000	 58.35035	 90.20000
172.60000	 89.67000	 57.69141	 89.67000
172.80000	 89.25000	 57.15067	 89.25000
173.00000	 89.00000	 56.77942	 89.00000
173.20000	 88.79000	 56.46899	 88.79000
173.40000	 88.61000	 56.20994	 88.61000
173.60000	 88.44000	 55.98418	 88.44000
173.80000	 88.21000	 55.73187	 88.21000
174.00000	 87.88000	 55.41863	 87.88000
174.20000	 87.55000	 55.12731	 87.55000
174.40000	 87.23000	 54.86568	 87.23000
174.60000	 86.93000	 54.64129	 86.93000
174.80000	 86.69000	 54.48637	 86.69000
175.00000	 86.51000	 54.39934	 86.51000
175.20000	 86.35000	 54.34487	 86.35000
175.40000	 86.23000	 54.33755	 86.23000
175.60000	 86.14000	 54.36683	 86.14000
175.80000	 86.10000	 54.44711	 86.10000
176.00000	 86.07000	 54.54270	 86.07000
176.20000	 86.05000	 54.65141	 86.05000
176.40000	 86.02000	 54.75462	 86.02000
176.60000	 85.95000	 54.82577	 85.95000
176.80000	 85.85000	 54.87211	 85.85000
177.00000	 85.74000	 54.90967	 85.74000
177.20000	 85.62000	 54.93800	 85.62000
177.40000	 85.51000	 54.97345	 85.51000
177.60000	 85.41000	 55.01572	 85.41000
177.80000	 85.31000	 55.05617	 85.31000
178.00000	 85.21000	 55.09454	 85.21000
178.20000	 85.10000	 55.12233	 85.10000
178.40000	 84.96000	 55.12284	 84.96000
178.60000	 84.81000	 55.11296	 84.81000
178.80000	 84.66000	 55.10128	 84.66000
179.00000	 84.51000	 55.08809	 84.51000
179.20000	 84.33000	 55.04869	 84.33000
179.40000	 84.13000	 54.99185	 84.13000
179.60000	 83.97000	 54.96806	 83.97000
179.80000	 83.88000	 55.00242	 83.88000
180.00000	 83.89000	 55.11945	 83.89000
180.20000	 84.07000	 55.37617	 84.07000
180.40000	 84.39000	 55.74521	 84.39000
180.60000	 84.84000	 56.21512	 84.84000
180.80000	 85.44000	 56.79889	 85.44000
181.00000	 86.31000	 57.59215	 86.31000
181.20000	 87.31000	 58.47284	 87.31000
181.40000	 88.35000	 59.36052	 88.35000
181.60000	 89.39000	 60.21720	 89.39000
181.80000	 90.41000	 61.02260	 90.41000
182.00000	 91.24000	 61.63279	 91.24000
182.20000	 91.79000	 61.97276	 91.79000
182.40000	 91.57000	 61.63755	 91.57000
182.60000	 91.08000	 61.05205	 91.08000
182.80000	 90.46000	 60.34283	 90.46000
183.00000	 90.13000	 59.86901	 90.13000
183.20000	 90.10000	 59.64477	 90.10000
183.40000	 90.15000	 59.48957	 90.15000
183.60000	 90.25000	 59.37982	 90.25000
183.80000	 90.37000	 59.29126	 90.37000
184.00000	 90.33000	 59.07453	 90.33000
184.20000	 90.27000	 58.84768	 90.27000
184.40000	 90.21000	 58.62877	 90.21000
184.60000	 90.17000	 58.43556	 90.17000
184.80000	 90.16000	 58.27703	 90.16000
185.00000	 90.20000	 58.17005	 90.20000
185.20000	 90.30000	 58.12257	 90.30000
185.40000	 90.45000	 58.12539	 90.45000
185.60000	 90.69000	 58.21050	 90.69000
185.80000	 91.08000	 58.42593	 91.08000
186.00000	 91.52000	 58.68559	 91.52000
186.20000	 91.96000	 58.94500	 91.96000
186.40000	 92.38000	 59.18509	 92.38000
186.60000	 92.72000	 59.35410	 92.72000
186.80000	 93.00000	 59.46782	 93.00000
187.00000	 93.22000	 59.52611	 93.22000
187.20000	 93.45000	 59.58761	 93.45000
187.40000	 93.57000	 59.55285	 93.57000
187.60000	 93.48000	 59.33988	 93.48000
187.80000	 92.98000	 58.78516	 92.98000
188.00000	 91.80000	 57.66988	 91.80000
188.20000	 90.42000	 56.40381	 90.42000
188.40000	 89.00000	 55.13034	 89.00000
188.60000	 88.06000	 54.29074	 88.06000
188.80000	 87.69000	 53.96287	 87.69000
189.00000	 87.53000	 53.84462	 87.53000
189.20000	 87.50000	 53.86508	 87.50000
189.40000	 87.55000	 53.97758	 87.55000
189.60000	 87.60000	 54.11034	 87.60000
189.80000	 87.26000	 53.93432	 87.26000
190.00000	 86.92000	 53.77311	 86.92000
190.20000	 86.61000	 53.65079	 86.61000
190.40000	 86.35000	 53.58288	 86.35000
190.60000	 86.19000	 53.60946	 86.19000
190.80000	 86.19000	 53.77821	 86.19000
191.00000	 86.28000	 54.02760	 86.28000
191.20000	 86.45000	 54.34572	 86.45000
191.40000	 86.69000	 54.72054	 86.69000
191.60000	 87.03000	 55.17332	 87.03000
191.80000	 87.43000	 55.66691	 87.43000
192.00000	 87.85000	 56.16438	 87.85000
192.20000	 88.27000	 56.64597	 88.27000
192.40000	 88.66000	 57.08428	 88.66000
192.60000	 89.00000	 57.46109	 89.00000
192.80000	 89.28000	 57.76734	 89.28000
193.00000	 89.49000	 57.99485	 89.49000
193.20000	 89.58000	 58.10293	 89.58000
193.40000	 89.59000	 58.12684	 89.59000
193.60000	 89.51000	 58.06079	 89.51000
193.80000	 89.31000	 57.88286	 89.31000
194.00000	 89.03000	 57.63002	 89.03000
194.20000	 88.69000	 57.32276	 88.69000
194.40000	 88.33000	 56.99817	 88.33000
194.60000	 88.00000	 56.70122	 88.00000
194.80000	 87.69000	 56.42614	 87.69000
195.00000	 87.39000	 56.16656	 87.39000
195.20000	 87.14000	 55.95721	 87.14000
195.40000	 86.97000	 55.82377	 86.97000
195.60000	 86.90000	 55.78274	 86.90000
195.80000	 86.86000	 55.77480	 86.86000
196.00000	 86.84000	 55.79041	 86.84000
196.20000	 86.84000	 55.82829	 86.84000
196.40000	 86.83000	 55.86217	 86.83000
196.60000	 86.81000	 55.89098	 86.81000
196.80000	 86.77000	 55.90556	 86.77000
197.00000	 86.72000	 55.91364	 86.72000
197.20000	 86.59000	 55.85658	 86.59000
197.40000	 86.37000	 55.72634	 86.37000
197.60000	 86.18000	 55.62371	 86.18000
197.80000	 86.04000	 55.56589	 86.04000
198.00000	 86.02000	 55.61111	 86.02000
198.20000	 86.20000	 55.82488	 86.20000
198.40000	 86.49000	 56.12979	 86.49000
198.60000	 86.87000	 56.50615	 86.87000
198.80000	 87.37000	 56.97565	 87.37000
199.00000	 87.98000	 57.52626	 87.98000
199.20000	 88.61000	 58.07923	 88.61000
199.40000	 89.22000	 58.59799	 89.22000
199.60000	 89.73000	 59.01358	 89.73000
199.80000	 90.16000	 59.34166	 90.16000
200.00000	 90.51000	 59.58230	 90.51000
200.20000	 90.70000	 59.66991	 90.70000
200.40000	 90.79000	 59.65674	 90.79000
200.60000	 90.81000	 59.57076	 90.81000
200.80000	 90.82000	 59.46516	 90.82000
201.00000	 90.80000	 59.32626	 90.80000
201.20000	 90.71000	 59.12363	 90.71000
201.40000	 90.52000	 58.83534	 90.52000
201.60000	 90.18000	 58.42321	 90.18000
201.80000	 89.75000	 57.94125	 89.75000
202.00000	 89.24000	 57.40193	 89.24000
202.20000	 88.65000	 56.80931	 88.65000
202.40000	 87.99000	 56.17563	 87.99000
202.60000	 87.31000	 55.54619	 87.31000
202.80000	 86.63000	 54.94068	 86.63000
203.00000	 86.01000	 54.41132	 86.01000
203.20000	 85.58000	 54.06739	 85.58000
203.40000	 85.20000	 53.79154	 85.20000
203.60000	 84.86000	 53.57396	 84.86000
203.80000	 84.56000	 53.41280	 84.56000
204.00000	 84.28000	 53.28929	 84.28000
204.20000	 83.95000	 53.14298	 83.95000
204.40000	 83.63000	 53.02214	 83.63000
204.60000	 83.33000	 52.93342	 83.33000
204.80000	 83.06000	 52.88340	 83.06000
205.00000	 82.82000	 52.87021	 82.82000
205.20000	 82.58000	 52.86696	 82.58000
205.40000	 82.38000	 52.90516	 82.38000
205.60000	 82.25000	 53.00787	 82.25000
205.80000	 82.18000	 53.16451	 82.18000
206.00000	 82.21000	 53.40594	 82.21000
206.20000	 82.37000	 53.75420	 82.37000
206.40000	 82.62000	 54.17252	 82.62000
206.60000	 82.99000	 54.68220	 82.99000
206.80000	 83.46000	 55.26265	 83.46000
207.00000	 84.10000	 55.96804	 84.10000
207.20000	 84.87000	 56.76049	 84.87000
207.40000	 85.69000	 57.56870	 85.69000
207.60000	 86.55000	 58.38024	 86.55000
207.80000	 87.37000	 59.12507	 87.37000
208.00000	 88.19000	 59.83427	 88.19000
208.20000	 89.00000	 60.49803	 89.00000
208.40000	 89.84000	 61.14888	 89.84000
208.60000	 90.66000	 61.74477	 90.66000
208.80000	 91.37000	 62.21103	 91.37000
209.00000	 91.92000	 62.50759	 91.92000
209.20000	 92.27000	 62.60416	 92.27000
209.40000	 92.39000	 62.48036	 92.39000
209.60000	 92.14000	 62.02578	 92.14000
209.80000	 91.40000	 61.14905	 91.40000
210.00000	 90.51000	 60.14432	 90.51000
210.20000	 89.59000	 59.12223	 89.59000
210.40000	 89.20000	 58.55792	 89.20000
210.60000	 89.12000	 58.27159	 89.12000
210.80000	 89.16000	 58.10511	 89.16000
211.00000	 89.25000	 57.99898	 89.25000
211.20000	 89.34000	 57.90989	 89.34000
211.40000	 89.17000	 57.61995	 89.17000
211.60000	 88.84000	 57.21296	 88.84000
211.80000	 88.45000	 56.77377	 88.45000
212.00000	 88.01000	 56.31242	 88.01000
212.20000	 87.55000	 55.85550	 87.55000
212.40000	 87.06000	 55.39600	 87.06000
212.60000	 86.58000	 54.96831	 86.58000
212.80000	 86.10000	 54.56469	 86.10000
213.00000	 85.63000	 54.19369	 85.63000
213.20000	 85.19000	 53.87179	 85.19000
213.40000	 84.81000	 53.62329	 84.81000
213.60000	 84.47000	 53.43026	 84.47000
213.80000	 84.19000	 53.30764	 84.19000
214.00000	 83.96000	 53.24499	 83.96000
214.20000	 83.80000	 53.25652	 83.80000
214.40000	 83.77000	 53.38935	 83.77000
214.60000	 83.80000	 53.58167	 83.80000
214.80000	 83.88000	 53.82156	 83.88000
215.00000	 84.00000	 54.09715	 84.00000
215.20000	 84.13000	 54.38018	 84.13000
215.40000	 84.26000	 54.65944	 84.26000
215.60000	 84.44000	 54.97414	 84.44000
215.80000	 84.68000	 55.33027	 84.68000
216.00000	 85.01000	 55.75038	 85.01000
216.20000	 85.50000	 56.29008	 85.50000
216.40000	 86.03000	 56.84614	 86.03000
216.60000	 86.57000	 57.39061	 86.57000
216.80000	 87.11000	 57.91279	 87.11000
217.00000	 87.59000	 58.36098	 87.59000
217.20000	 88.03000	 58.75110	 88.03000
217.40000	 88.40000	 59.05820	 88.40000
217.60000	 88.70000	 59.28313	 88.70000
217.80000	 88.90000	 59.40249	 88.90000
218.00000	 89.03000	 59.44365	 89.03000
218.20000	 89.07000	 59.39277	 89.07000
218.40000	 89.02000	 59.25317	 89.02000
218.60000	 88.90000	 59.04518	 88.90000
218.80000	 88.71000	 58.77259	 88.71000
219.00000	 88.45000	 58.43925	 88.45000
219.20000	 88.13000	 58.05734	 88.13000
219.40000	 87.79000	 57.66385	 87.79000
219.60000	 87.45000	 57.27868	 87.45000
219.80000	 87.15000	 56.93772	 87.15000
220.00000	 87.02000	 56.75091	 87.02000
220.20000	 86.92000	 56.60172	 86.92000
220.40000	 86.85000	 56.48971	 86.85000
220.60000	 86.79000	 56.39749	 86.79000
220.80000	 86.69000	 56.28263	 86.69000
221.00000	 86.52000	 56.11966	 86.52000
221.20000	 86.35000	 55.96688	 86.35000
221.40000	 86.17000	 55.81588	 86.17000
221.60000	 85.98000	 55.66658	 85.98000
221.80000	 85.76000	 55.50225	 85.76000
222.00000	 85.55000	 55.35620	 85.55000
222.20000	 85.39000	 55.26156	 85.39000
222.40000	 85.30000	 55.23433	 85.30000
222.60000	 85.36000	 55.33982	 85.36000
222.80000	 85.58000	 55.58397	 85.58000
223.00000	 85.90000	 55.91351	 85.90000
223.20000	 86.30000	 56.30808	 86.30000
223.40000	 86.80000	 56.78056	 86.80000
223.60000	 87.40000	 57.32702	 87.40000
223.80000	 88.01000	 57.86852	 88.01000
224.00000	 88.59000	 58.36847	 88.59000
224.20000	 89.05000	 58.74960	 89.05000
224.40000	 89.40000	 59.01943	 89.40000
224.60000	 89.67000	 59.20338	 89.67000
224.80000	 89.89000	 59.32767	 89.89000
225.00000	 90.08000	 59.41062	 90.08000
225.20000	 90.15000	 59.37919	 90.15000
225.40000	 90.04000	 59.18619	 90.04000
225.60000	 89.49000	 58.61924	 89.49000
225.80000	 88.74000	 57.88501	 88.74000
226.00000	 87.92000	 57.09923	 87.92000
226.20000	 87.14000	 56.36031	 87.14000
226.40000	 86.82000	 56.02295	 86.82000
226.60000	 86.60000	 55.78814	 86.60000
226.80000	 86.46000	 55.63858	 86.46000
227.00000	 86.38000	 55.55621	 86.38000
227.20000	 86.31000	 55.49754	 86.31000
227.40000	 86.13000	 55.36092	 86.13000
227.60000	 85.94000	 55.22873	 85.94000
227.80000	 85.73000	 55.09194	 85.73000
228.00000	 85.50000	 54.94996	 85.50000
228.20000	 85.24000	 54.79403	 85.24000
228.40000	 84.90000	 54.58231	 84.90000
228.60000	 84.54000	 54.36504	 84.54000
228.80000	 84.19000	 54.16750	 84.19000
229.00000	 83.85000	 53.98976	 83.85000
229.20000	 83.54000	 53.84830	 83.54000
229.40000	 83.28000	 53.75925	 83.28000
229.60000	 83.06000	 53.71332	 83.06000
229.80000	 82.90000	 53.72592	 82.90000
230.00000	 82.80000	 53.79538	 82.80000
230.20000	 82.77000	 53.92808	 82.77000
230.40000	 82.81000	 54.12172	 82.81000
230.60000	 82.96000	 54.40703	 82.96000
230.80000	 83.20000	 54.76434	 83.20000
231.00000	 83.61000	 55.25691	 83.61000
231.20000	 84.21000	 55.89726	 84.21000
231.40000	 84.89000	 56.58897	 84.89000
231.60000	 85.65000	 57.32741	 85.65000
231.80000	 86.44000	 58.06662	 86.44000
232.00000	 87.23000	 58.77800	 87.23000
232.20000	 88.01000	 59.45049	 88.01000
232.40000	 88.73000	 60.04057	 88.73000
232.60000	 89.30000	 60.47265	 89.30000
232.80000	 89.81000	 60.82256	 89.81000
233.00000	 90.28000	 61.10864	 90.28000
233.20000	 90.80000	 61.40783	 90.80000
233.40000	 91.35000	 61.70517	 91.35000
233.60000	 91.86000	 61.94386	 91.86000
233.80000	 92.35000	 62.14238	 92.35000
234.00000	 92.80000	 62.28606	 92.80000
234.20000	 93.07000	 62.26066	 93.07000
234.40000	 93.06000	 61.98659	 93.06000
234.60000	 92.46000	 61.21147	 92.46000
234.80000	 91.63000	 60.24444	 91.63000
235.00000	 90.68000	 59.18704	 90.68000
235.20000	 89.89000	 58.28154	 89.89000
235.40000	 89.22000	 57.50100	 89.22000
235.60000	 88.60000	 56.79126	 88.60000
235.80000	 88.02000	 56.14667	 88.02000
236.00000	 87.49000	 55.57713	 87.49000
236.20000	 87.03000	 55.09982	 87.03000
236.40000	 86.60000	 54.68095	 86.60000
236.60000	 86.21000	 54.32781	 86.21000
236.80000	 85.85000	 54.03051	 85.85000
237.00000	 85.51000	 53.77881	 85.51000
237.20000	 85.13000	 53.52070	 85.13000
237.40000	 84.76000	 53.29604	 84.76000
237.60000	 84.43000	 53.12798	 84.43000
237.80000	 84.14000	 53.01438	 84.14000
238.00000	 83.91000	 52.96953	 83.91000
238.20000	 83.75000	 52.99906	 83.75000
238.40000	 83.67000	 53.10826	 83.67000
238.60000	 83.66000	 53.28545	 83.66000
238.80000	 83.74000	 53.54377	 83.74000
239.00000	 83.93000	 53.89607	 83.93000
239.20000	 84.31000	 54.40478	 84.31000
239.40000	 84.78000	 54.98169	 84.78000
239.60000	 85.29000	 55.58030	 85.29000
239.80000	 85.83000	 56.18795	 85.83000
240.00000	 86.34000	 56.75101	 86.34000
240.20000	 86.82000	 57.26682	 86.82000
240.40000	 87.29000	 57.75025	 87.29000
240.60000	 87.75000	 58.20018	 87.75000
240.80000	 88.21000	 58.62435	 88.21000
241.00000	 88.59000	 58.95600	 88.59000
241.20000	 88.87000	 59.17927	 88.87000
241.40000	 88.90000	 59.17113	 88.90000
241.60000	 88.79000	 59.02692	 88.79000
241.80000	 88.58000	 58.78450	 88.58000
242.00000	 88.30000	 58.47369	 88.30000
242.20000	 87.97000	 58.11592	 87.97000
242.40000	 87.63000	 57.74898	 87.63000
242.60000	 87.30000	 57.39337	 87.30000
242.80000	 87.08000	 57.13546	 87.08000
243.00000	 86.98000	 56.98524	 86.98000
243.20000	 86.92000	 56.87649	 86.92000
243.40000	 86.88000	 56.79242	 86.88000
243.60000	 86.85000	 56.72435	 86.85000
243.80000	 86.76000	 56.61355	 86.76000
244.00000	 86.64000	 56.48500	 86.64000
244.20000	 86.51000	 56.35550	 86.51000
244.40000	 86.38000	 56.23353	 86.38000
244.60000	 86.26000	 56.12745	 86.26000
244.80000	 86.15000	 56.03712	 86.15000
245.00000	 86.04000	 55.95396	 86.04000
245.20000	 85.93000	 55.87766	 85.93000
245.40000	 85.81000	 55.79955	 85.81000
245.60000	 85.63000	 55.67776	 85.63000
245.80000	 85.44000	 55.55410	 85.44000
246.00000	 85.28000	 55.46202	 85.28000
246.20000	 85.15000	 55.40133	 85.15000
246.40000	 85.09000	 55.40485	 85.09000
246.60000	 85.11000	 55.47987	 85.11000
246.80000	 85.21000	 55.62478	 85.21000
247.00000	 85.39000	 55.83755	 85.39000
247.20000	 85.71000	 56.16569	 85.71000
247.40000	 86.16000	 56.59771	 86.16000
247.60000	 86.65000	 57.05504	 86.65000
247.80000	 87.16000	 57.51770	 87.16000
248.00000	 87.63000	 57.93289	 87.63000
248.20000	 88.06000	 58.29869	 88.06000
248.40000	 88.44000	 58.60567	 88.44000
248.60000	 88.78000	 58.86182	 88.78000
248.80000	 89.06000	 59.05075	 89.06000
249.00000	 89.27000	 59.16503	 89.27000
249.20000	 89.42000	 59.21451	 89.42000
249.40000	 89.46000	 59.15953	 89.46000
249.60000	 89.43000	 59.03606	 89.43000
249.80000	 89.32000	 58.83874	 89.32000
250.00000	 89.13000	 58.57081	 89.13000
250.20000	 88.87000	 58.24402	 88.87000
250.40000	 88.57000	 57.88680	 88.57000
250.60000	 88.25000	 57.51904	 88.25000
250.80000	 87.96000	 57.18513	 87.96000
251.00000	 87.68000	 56.87047	 87.68000
251.20000	 87.41000	 56.57657	 87.41000
251.40000	 87.15000	 56.30446	 87.15000
251.60000	 86.91000	 56.06311	 86.91000
251.80000	 86.68000	 55.84442	 86.68000
252.00000	 86.48000	 55.66499	 86.48000
252.20000	 86.30000	 55.51603	 86.30000
252.40000	 86.14000	 55.39686	 86.14000
252.60000	 86.02000	 55.32319	 86.02000
252.80000	 85.93000	 55.28549	 85.93000
253.00000	 85.88000	 55.29067	 85.88000
253.20000	 85.85000	 55.32048	 85.85000
253.40000	 85.81000	 55.34833	 85.81000
253.60000	 85.81000	 55.41448	 85.81000
253.80000	 85.90000	 55.55898	 85.90000
254.00000	 86.09000	 55.78810	 86.09000
254.20000	 86.57000	 56.25729	 86.57000
254.40000	 87.18000	 56.82888	 87.18000
254.60000	 87.78000	 57.38155	 87.78000
254.80000	 88.31000	 57.86149	 88.31000
255.00000	 88.50000	 58.04156	 88.50000
255.20000	 88.66000	 58.18051	 88.66000
255.40000	 88.85000	 58.32940	 88.85000
255.60000	 89.30000	 58.68046	 89.30000
255.80000	 89.86000	 59.10766	 89.86000
256.00000	 90.46000	 59.55099	 90.46000
256.20000	 91.04000	 59.95888	 91.04000
256.40000	 91.58000	 60.31368	 91.58000
256.60000	 92.06000	 60.59844	 92.06000
256.80000	 92.47000	 60.80531	 92.47000
257.00000	 92.77000	 60.90220	 92.77000
257.20000	 92.93000	 60.86629	 92.93000
257.40000	 92.87000	 60.63414	 92.87000
257.60000	 92.57000	 60.19373	 92.57000
257.80000	 92.12000	 59.62589	 92.12000
258.00000	 91.54000	 58.95354	 91.54000
258.20000	 90.86000	 58.20799	 90.86000
258.40000	 90.13000	 57.43689	 90.13000
258.60000	 89.41000	 56.69549	 89.41000
258.80000	 88.80000	 56.07114	 88.80000
259.00000	 88.42000	 55.66600	 88.42000
259.20000	 88.11000	 55.34670	 88.11000
259.40000	 87.85000	 55.09550	 87.85000
259.60000	 87.61000	 54.88580	 87.61000
259.80000	 87.31000	 54.64923	 87.31000
260.00000	 86.93000	 54.36786	 86.93000
260.20000	 86.55000	 54.10757	 86.55000
260.40000	 86.17000	 53.86756	 86.17000
260.60000	 85.81000	 53.66359	 85.81000
260.80000	 85.50000	 53.51946	 85.50000
261.00000	 85.22000	 53.41698	 85.22000
261.20000	 84.96000	 53.34607	 84.96000
261.40000	 84.73000	 53.31323	 84.73000
261.60000	 84.49000	 53.28327	 84.49000
261.80000	 84.21000	 53.22957	 84.21000
262.00000	 83.98000	 53.22584	 83.98000
262.20000	 83.85000	 53.31218	 83.85000
262.40000	 83.83000	 53.49474	 83.83000
262.60000	 84.07000	 53.89551	 84.07000
262.80000	 84.46000	 54.41847	 84.46000
263.00000	 84.96000	 55.02531	 84.96000
263.20000	 85.56000	 55.70266	 85.56000
263.40000	 86.26000	 56.44557	 86.26000
263.60000	 87.01000	 57.20764	 87.01000
263.80000	 87.76000	 57.94306	 87.76000
264.00000	 88.44000	 58.59036	 88.44000
264.20000	 89.04000	 59.13940	 89.04000
264.40000	 89.62000	 59.63955	 89.62000
264.60000	 90.20000	 60.10755	 90.20000
264.80000	 90.78000	 60.54381	 90.78000
265.00000	 91.31000	 60.90746	 91.31000
265.20000	 91.74000	 61.15826	 91.74000
265.40000	 92.03000	 61.26524	 92.03000
265.60000	 92.20000	 61.24844	 92.20000
265.80000	 92.23000	 61.09534	 92.23000
266.00000	 92.09000	 60.78584	 92.09000
266.20000	 91.84000	 60.37553	 91.84000
266.40000	 91.52000	 59.90346	 91.52000
266.60000	 91.17000	 59.40840	 91.17000
266.80000	 90.82000	 58.92016	 90.82000
267.00000	 90.47000	 58.44275	 90.47000
267.20000	 90.11000	 57.97111	 90.11000
267.40000	 89.78000	 57.54118	 89.78000
267.60000	 89.56000	 57.22132	 89.56000
267.80000	 89.37000	 56.94540	 89.37000
268.00000	 89.18000	 56.68835	 89.18000
268.20000	 89.00000	 56.45817	 89.00000
268.40000	 88.79000	 56.22105	 88.79000
268.60000	 88.51000	 55.94330	 88.51000
268.80000	 88.23000	 55.68320	 88.23000
269.00000	 87.93000	 55.42394	 87.93000
269.20000	 87.63000	 55.18199	 87.63000
269.40000	 87.28000	 54.91544	 87.28000
269.60000	 86.93000	 54.66583	 86.93000
269.80000	 86.63000	 54.47451	 86.63000
270.00000	 86.39000	 54.34902	 86.39000
270.20000	 86.27000	 54.33792	 86.27000
270.40000	 86.30000	 54.46388	 86.30000
270.60000	 86.41000	 54.66536	 86.41000
270.80000	 86.61000	 54.94713	 86.61000
271.00000	 86.90000	 55.30540	 86.90000
271.20000	 87.30000	 55.75285	 87.30000
271.40000	 87.74000	 56.22702	 87.74000
271.60000	 88.20000	 56.70746	 88.20000
271.80000	 88.66000	 57.17428	 88.66000
272.00000	 89.09000	 57.59991	 89.09000
272.20000	 89.49000	 57.98261	 89.49000
272.40000	 89.83000	 58.29638	 89.83000
272.60000	 90.06000	 58.49947	 90.06000
272.80000	 90.22000	 58.62614	 90.22000
273.00000	 90.32000	 58.68633	 90.32000
273.20000	 90.37000	 58.69040	 90.37000
273.40000	 90.36000	 58.63232	 90.36000
273.60000	 90.28000	 58.50635	 90.28000
273.80000	 90.12000	 58.30700	 90.12000
274.00000	 89.88000	 58.03743	 89.88000
274.20000	 89.56000	 57.70097	 89.56000
274.40000	 89.18000	 57.31775	 89.18000
274.60000	 88.67000	 56.83294	 88.67000
274.80000	 88.10000	 56.30864	 88.10000
275.00000	 87.51000	 55.78175	 87.51000
275.20000	 86.96000	 55.30527	 86.96000
275.40000	 86.60000	 55.00604	 86.60000
275.60000	 86.44000	 54.89234	 86.44000
275.80000	 86.33000	 54.83747	 86.33000
276.00000	 86.27000	 54.83922	 86.27000
276.20000	 86.21000	 54.85354	 86.21000
276.40000	 86.06000	 54.80338	 86.06000
276.60000	 85.85000	 54.71246	 85.85000
276.80000	 85.63000	 54.62174	 85.63000
277.00000	 85.40000	 54.53069	 85.40000
277.20000	 85.17000	 54.44716	 85.17000
277.40000	 84.93000	 54.36235	 84.93000
277.60000	 84.72000	 54.30915	 84.72000
277.80000	 84.56000	 54.30354	 84.56000
278.00000	 84.46000	 54.35280	 84.46000
278.20000	 84.51000	 54.53038	 84.51000
278.40000	 84.65000	 54.78390	 84.65000
278.60000	 84.83000	 55.06890	 84.83000
278.80000	 85.06000	 55.39100	 85.06000
279.00000	 85.30000	 55.71428	 85.30000
279.20000	 85.55000	 56.03649	 85.55000
279.40000	 85.81000	 56.35579	 85.81000
279.60000	 86.06000	 56.65402	 86.06000
279.80000	 86.25000	 56.88851	 86.25000
280.00000	 86.44000	 57.10894	 86.44000
280.20000	 86.65000	 57.33190	 86.65000
280.40000	 86.91000	 57.58230	 86.91000
280.60000	 87.24000	 57.87647	 87.24000
280.80000	 87.58000	 58.16383	 87.58000
281.00000	 87.91000	 58.42726	 87.91000
281.20000	 88.15000	 58.60006	 88.15000
281.40000	 88.34000	 58.71631	 88.34000
281.60000	 88.51000	 58.80220	 88.51000
281.80000	 88.68000	 58.87574	 88.68000
282.00000	 88.86000	 58.94655	 88.86000
282.20000	 89.05000	 59.01576	 89.05000
282.40000	 89.26000	 59.09264	 89.26000
282.60000	 89.60000	 59.26948	 89.60000
282.80000	 89.94000	 59.43776	 89.94000
283.00000	 90.18000	 59.51411	 90.18000
283.20000	 90.20000	 59.39946	 90.20000
283.40000	 89.91000	 59.02148	 89.91000
283.60000	 89.49000	 58.53470	 89.49000
283.80000	 88.97000	 57.96919	 88.97000
284.00000	 88.40000	 57.37161	 88.40000
284.20000	 87.80000	 56.76321	 87.80000
284.40000	 87.19000	 56.16456	 87.19000
284.60000	 86.63000	 55.62881	 86.63000
284.80000	 86.20000	 55.22456	 86.20000
285.00000	 85.81000	 54.87733	 85.81000
285.20000	 85.47000	 54.59518	 85.47000
285.40000	 85.17000	 54.36890	 85.17000
285.60000	 84.87000	 54.16387	 84.87000
285.80000	 84.60000	 54.00370	 84.60000
286.00000	 84.40000	 53.92004	 84.40000
286.20000	 84.27000	 53.91074	 84.27000
286.40000	 84.25000	 54.00652	 84.25000
286.60000	 84.36000	 54.22079	 84.36000
286.80000	 84.55000	 54.50805	 84.55000
287.00000	 84.81000	 54.85596	 84.81000
287.20000	 85.14000	 55.26052	 85.14000
287.40000	 85.53000	 55.70948	 85.53000
287.60000	 85.93000	 56.15751	 85.93000
