  0.00000	 92.39000	 59.15431	 92.39000
  0.20000	 93.42000	 59.98257	 93.42000
  0.40000	 94.28000	 60.66216	 94.28000
  0.60000	 94.98000	 61.19604	 94.98000
  0.80000	 95.52000	 61.58127	 95.52000
  1.00000	 95.93000	 61.84142	 95.93000
  1.20000	 96.21000	 61.97694	 96.21000
  1.40000	 96.39000	 62.01402	 96.39000
  1.60000	 96.44000	 61.93050	 96.44000
  1.80000	 96.38000	 61.74597	 96.38000
  2.00000	 96.28000	 61.52141	 96.28000
  2.20000	 96.19000	 61.30124	 96.19000
  2.40000	 96.21000	 61.17019	 96.21000
  2.60000	 96.40000	 61.17891	 96.40000
  2.80000	 96.63000	 61.22107	 96.63000
  3.00000	 96.86000	 61.26358	 96.86000
  3.20000	 97.05000	 61.27343	 97.05000
  3.40000	 97.18000	 61.23431	 97.18000
  3.60000	 97.24000	 61.13859	 97.24000
  3.80000	 97.23000	 60.98728	 97.23000
  4.00000	 97.11000	 60.74908	 97.11000
  4.20000	 96.78000	 60.34429	 96.78000
  4.40000	 96.37000	 59.88257	 96.37000
  4.60000	 95.91000	 59.39185	 95.91000
  4.80000	 95.42000	 58.89164	 95.42000
  5.00000	 94.91000	 58.39283	 94.91000
  5.20000	 94.43000	 57.93857	 94.43000
  5.40000	 94.01000	 57.55482	 94.01000
  5.60000	 93.67000	 57.25842	 93.67000
  5.80000	 93.52000	 57.13883	 93.52000
  6.00000	 93.71000	 57.31647	 93.71000
  6.20000	 93.97000	 57.56577	 93.97000
  6.40000	 94.25000	 57.84104	 94.25000
  6.60000	 94.48000	 58.08072	 94.48000
  6.80000	 94.42000	 58.08531	 94.42000
  7.00000	 94.28000	 58.02608	 94.28000
  7.20000	 94.10000	 57.93602	 94.10000
  7.40000	 93.90000	 57.83201	 93.90000
  7.60000	 93.70000	 57.73100	 93.70000
  7.80000	 93.53000	 57.65799	 93.53000
  8.00000	 93.39000	 57.61308	 93.39000
  8.20000	 93.31000	 57.62061	 93.31000
  8.40000	 93.33000	 57.71258	 93.33000
  8.60000	 93.43000	 57.87124	 93.43000
  8.80000	 93.62000	 58.10287	 93.62000
  9.00000	 93.89000	 58.39701	 93.89000
  9.20000	 94.29000	 58.79199	 94.29000
  9.40000	 94.80000	 59.26829	 94.80000
  9.60000	 95.36000	 59.77341	 95.36000
  9.80000	 95.94000	 60.27963	 95.94000
 10.00000	 96.52000	 60.76793	 96.52000
 10.20000	 97.08000	 61.21989	 97.08000
 10.40000	 97.55000	 61.57693	 97.55000
 10.60000	 97.87000	 61.78985	 97.87000
 10.80000	 97.83000	 61.68825	 97.83000
 11.00000	 97.59000	 61.40724	 97.59000
 11.20000	 97.23000	 61.01762	 97.23000
 11.40000	 96.80000	 60.56593	 96.80000
 11.60000	 96.44000	 60.17202	 96.44000
 11.80000	 96.12000	 59.81530	 96.12000
 12.00000	 95.80000	 59.46603	 95.80000
 12.20000	 95.49000	 59.13478	 95.49000
 12.40000	 95.16000	 58.79887	 95.16000
 12.60000	 94.78000	 58.43534	 94.78000
 12.80000	 94.43000	 58.11119	 94.43000
 13.00000	 94.12000	 57.83553	 94.12000
 13.20000	 93.86000	 57.61681	 93.86000
 13.40000	 93.77000	 57.55280	 93.77000
 13.60000	 93.80000	 57.60077	 93.80000
 13.80000	 93.86000	 57.68444	 93.86000
 14.00000	 93.91000	 57.76846	 93.91000
 14.20000	 93.89000	 57.80155	 93.89000
 14.40000	 93.74000	 57.73327	 93.74000
 14.60000	 93.55000	 57.63704	 93.55000
 14.80000	 93.32000	 57.51302	 93.32000
 15.00000	 93.08000	 57.38612	 93.08000
 15.20000	 92.83000	 57.25669	 92.83000
 15.40000	 92.59000	 57.14140	 92.59000
 15.60000	 92.35000	 57.03220	 92.35000
 15.80000	 92.12000	 56.93729	 92.12000
 16.00000	 91.91000	 56.86472	 91.91000
 16.20000	 91.71000	 56.80599	 91.71000
 16.40000	 91.56000	 56.79337	 91.56000
 16.60000	 91.47000	 56.83423	 91.47000
 16.80000	 91.47000	 56.95186	 91.47000
 17.00000	 91.60000	 57.17715	 91.60000
 17.20000	 91.87000	 57.51569	 91.87000
 17.40000	 92.23000	 57.92329	 92.23000
 17.60000	 92.68000	 58.39646	 92.68000
 17.80000	 93.25000	 58.95617	 93.25000
 18.00000	 93.94000	 59.59856	 93.94000
 18.20000	 94.65000	 60.23781	 94.65000
 18.40000	 95.36000	 60.85420	 95.36000
 18.60000	 95.99000	 61.37976	 95.99000
 18.80000	 96.51000	 61.78871	 96.51000
 19.00000	 96.94000	 62.09755	 96.94000
 19.20000	 97.30000	 62.32379	 97.30000
 19.40000	 97.53000	 62.42021	 97.53000
 19.60000	 97.66000	 62.41418	 97.66000
 19.80000	 97.71000	 62.32550	 97.71000
 20.00000	 97.71000	 62.18247	 97.71000
 20.20000	 97.70000	 62.02148	 97.70000
 20.40000	 97.68000	 61.84587	 97.68000
 20.60000	 97.63000	 61.64222	 97.63000
 20.80000	 97.55000	 61.41331	 97.55000
 21.00000	 97.42000	 61.14535	 97.42000
 21.20000	 97.24000	 60.84091	 97.24000
 21.40000	 97.06000	 60.54339	 97.06000
 21.60000	 96.89000	 60.26300	 96.89000
 21.80000	 96.77000	 60.03398	 96.77000
 22.00000	 96.74000	 59.88983	 96.74000
 22.20000	 96.73000	 59.77308	 96.73000
 22.40000	 96.74000	 59.68328	 96.74000
 22.60000	 96.77000	 59.61976	 96.77000
 22.80000	 96.81000	 59.57351	 96.81000
 23.00000	 96.82000	 59.51094	 96.82000
 23.20000	 96.75000	 59.39057	 96.75000
 23.40000	 96.50000	 59.13070	 96.50000
 23.60000	 96.04000	 58.70826	 96.04000
 23.80000	 95.49000	 58.22417	 95.49000
 24.00000	 94.89000	 57.71413	 94.89000
 24.20000	 94.31000	 57.23811	 94.31000
 24.40000	 93.87000	 56.89619	 93.87000
 24.60000	 93.45000	 56.59055	 93.45000
 24.80000	 93.05000	 56.32105	 93.05000
 25.00000	 92.65000	 56.07083	 92.65000
 25.20000	 92.19000	 55.79020	 92.19000
 25.40000	 91.65000	 55.46256	 91.65000
 25.60000	 91.16000	 55.19443	 91.16000
 25.80000	 90.75000	 55.00994	 90.75000
 26.00000	 90.46000	 54.94057	 90.46000
 26.20000	 90.50000	 55.15585	 90.50000
 26.40000	 90.70000	 55.51209	 90.70000
 26.60000	 90.99000	 55.94670	 90.99000
 26.80000	 91.35000	 56.43801	 91.35000
 27.00000	 91.74000	 56.94828	 91.74000
 27.20000	 92.15000	 57.46492	 92.15000
 27.40000	 92.56000	 57.96779	 92.56000
 27.60000	 92.96000	 58.44569	 92.96000
 27.80000	 93.30000	 58.85547	 93.30000
 28.00000	 93.59000	 59.20407	 93.59000
 28.20000	 93.85000	 59.50745	 93.85000
 28.40000	 94.06000	 59.74941	 94.06000
 28.60000	 94.21000	 59.92251	 94.21000
 28.80000	 94.31000	 60.03627	 94.31000
 29.00000	 94.37000	 60.10063	 94.37000
 29.20000	 94.39000	 60.11755	 94.39000
 29.40000	 94.29000	 60.02379	 94.29000
 29.60000	 94.17000	 59.90403	 94.17000
 29.80000	 94.07000	 59.79373	 94.07000
 30.00000	 94.05000	 59.74415	 94.05000
 30.20000	 94.32000	 59.92829	 94.32000
 30.40000	 94.75000	 60.23857	 94.75000
 30.60000	 95.18000	 60.54188	 95.18000
 30.80000	 95.52000	 60.76276	 95.52000
 31.00000	 95.44000	 60.63064	 95.44000
 31.20000	 95.16000	 60.32832	 95.16000
 31.40000	 94.84000	 59.99075	 94.84000
 31.60000	 94.54000	 59.67086	 94.54000
 31.80000	 94.60000	 59.64970	 94.60000
 32.00000	 94.79000	 59.73880	 94.79000
 32.20000	 95.02000	 59.86315	 95.02000
 32.40000	 95.24000	 59.98029	 95.24000
 32.60000	 95.33000	 59.99085	 95.33000
 32.80000	 95.30000	 59.90302	 95.30000
 33.00000	 95.20000	 59.75867	 95.20000
 33.20000	 95.03000	 59.55919	 95.03000
 33.40000	 94.73000	 59.25726	 94.73000
 33.60000	 94.25000	 58.81446	 94.25000
 33.80000	 93.77000	 58.38144	 93.77000
 34.00000	 93.34000	 58.00189	 93.34000
 34.20000	 93.04000	 57.74306	 93.04000
 34.40000	 93.11000	 57.80149	 93.11000
 34.60000	 93.28000	 57.95352	 93.28000
 34.80000	 93.51000	 58.16304	 93.51000
 35.00000	 93.72000	 58.36119	 93.72000
 35.20000	 93.85000	 58.49613	 93.85000
 35.40000	 93.93000	 58.59066	 93.93000
 35.60000	 93.95000	 58.63555	 93.95000
 35.80000	 93.84000	 58.57318	 93.84000
 36.00000	 93.58000	 58.38795	 93.58000
 36.20000	 93.27000	 58.16347	 93.27000
 36.40000	 92.97000	 57.95074	 92.97000
 36.60000	 92.74000	 57.80035	 92.74000
 36.80000	 92.69000	 57.80287	 92.69000
 37.00000	 92.69000	 57.85106	 92.69000
 37.20000	 92.70000	 57.91090	 92.70000
 37.40000	 92.71000	 57.97302	 92.71000
 37.60000	 92.56000	 57.90556	 92.56000
 37.80000	 92.40000	 57.83158	 92.40000
 38.00000	 92.28000	 57.79237	 92.28000
 38.20000	 92.24000	 57.82064	 92.24000
 38.40000	 92.47000	 58.07107	 92.47000
 38.60000	 92.84000	 58.43456	 92.84000
 38.80000	 93.21000	 58.79319	 93.21000
 39.00000	 93.55000	 59.11956	 93.55000
 39.20000	 93.62000	 59.21534	 93.62000
 39.40000	 93.57000	 59.20374	 93.57000
 39.60000	 93.44000	 59.11900	 93.44000
 39.80000	 93.25000	 58.97953	 93.25000
 40.00000	 93.05000	 58.82847	 93.05000
 40.20000	 92.83000	 58.65967	 92.83000
 40.40000	 92.57000	 58.45868	 92.57000
 40.60000	 92.28000	 58.23557	 92.28000
 40.80000	 91.91000	 57.95131	 91.91000
 41.00000	 91.42000	 57.57532	 91.42000
 41.20000	 90.97000	 57.24114	 90.97000
 41.40000	 90.61000	 56.99151	 90.61000
 41.60000	 90.41000	 56.88437	 90.41000
 41.80000	 90.70000	 57.18869	 90.70000
 42.00000	 91.13000	 57.61350	 91.13000
 42.20000	 91.65000	 58.11265	 91.65000
 42.40000	 92.19000	 58.62371	 92.19000
 42.60000	 92.62000	 59.03593	 92.62000
 42.80000	 92.99000	 59.38742	 92.99000
 43.00000	 93.29000	 59.66828	 93.29000
 43.20000	 93.49000	 59.85326	 93.49000
 43.40000	 93.44000	 59.82008	 93.44000
 43.60000	 93.29000	 59.69387	 93.29000
 43.80000	 93.08000	 59.51039	 93.08000
 44.00000	 92.84000	 59.29729	 92.84000
 44.20000	 92.62000	 59.09841	 92.62000
 44.40000	 92.44000	 58.93244	 92.44000
 44.60000	 92.32000	 58.81738	 92.32000
 44.80000	 92.28000	 58.77046	 92.28000
 45.00000	 92.40000	 58.85713	 92.40000
 45.20000	 92.77000	 59.14969	 92.77000
 45.40000	 93.21000	 59.49784	 93.21000
 45.60000	 93.66000	 59.84931	 93.66000
 45.80000	 94.08000	 60.16868	 94.08000
 46.00000	 94.38000	 60.38039	 94.38000
 46.20000	 94.62000	 60.53295	 94.62000
 46.40000	 94.79000	 60.61829	 94.79000
 46.60000	 94.85000	 60.60450	 94.85000
 46.80000	 94.72000	 60.42782	 94.72000
 47.00000	 94.51000	 60.18122	 94.51000
 47.20000	 94.24000	 59.88432	 94.24000
 47.40000	 93.95000	 59.57305	 93.95000
 47.60000	 93.66000	 59.26664	 93.66000
 47.80000	 93.39000	 58.98381	 93.39000
 48.00000	 93.15000	 58.73448	 93.15000
 48.20000	 92.96000	 58.53613	 92.96000
 48.40000	 92.86000	 58.42191	 92.86000
 48.60000	 92.92000	 58.44855	 92.92000
 48.80000	 93.04000	 58.53247	 93.04000
 49.00000	 93.19000	 58.64701	 93.19000
 49.20000	 93.38000	 58.79827	 93.38000
 49.40000	 93.60000	 58.97592	 93.60000
 49.60000	 93.80000	 59.13702	 93.80000
 49.80000	 93.95000	 59.25547	 93.95000
 50.00000	 94.04000	 59.32219	 94.04000
 50.20000	 93.89000	 59.18978	 93.89000
 50.40000	 93.63000	 58.96632	 93.63000
 50.60000	 93.33000	 58.71146	 93.33000
 50.80000	 93.00000	 58.43572	 93.00000
 51.00000	 92.73000	 58.21486	 92.73000
 51.20000	 92.52000	 58.05017	 92.52000
 51.40000	 92.31000	 57.89311	 92.31000
 51.60000	 92.12000	 57.76037	 92.12000
 51.80000	 91.91000	 57.61928	 91.91000
 52.00000	 91.66000	 57.45361	 91.66000
 52.20000	 91.44000	 57.32091	 91.44000
 52.40000	 91.25000	 57.22113	 91.25000
 52.60000	 91.11000	 57.17022	 91.11000
 52.80000	 91.09000	 57.22459	 91.09000
 53.00000	 91.16000	 57.35796	 91.16000
 53.20000	 91.27000	 57.52719	 91.27000
 53.40000	 91.42000	 57.72999	 91.42000
 53.60000	 91.62000	 57.97230	 91.62000
 53.80000	 91.83000	 58.21913	 91.83000
 54.00000	 92.04000	 58.46033	 92.04000
 54.20000	 92.22000	 58.66977	 92.22000
 54.40000	 92.30000	 58.78922	 92.30000
 54.60000	 92.31000	 58.84324	 92.31000
 54.80000	 92.28000	 58.85707	 92.28000
 55.00000	 92.24000	 58.85624	 92.24000
 55.20000	 92.24000	 58.88262	 92.24000
 55.40000	 92.27000	 58.92863	 92.27000
 55.60000	 92.30000	 58.97001	 92.30000
 55.80000	 92.31000	 58.99072	 92.31000
 56.00000	 92.28000	 58.97486	 92.28000
 56.20000	 92.15000	 58.87414	 92.15000
 56.40000	 92.02000	 58.77181	 92.02000
 56.60000	 91.92000	 58.69366	 91.92000
 56.80000	 91.89000	 58.67323	 91.89000
 57.00000	 92.05000	 58.80876	 92.05000
 57.20000	 92.28000	 59.00067	 92.28000
 57.40000	 92.59000	 59.25537	 92.59000
 57.60000	 92.97000	 59.56255	 92.97000
 57.80000	 93.48000	 59.96896	 93.48000
 58.00000	 94.01000	 60.38173	 94.01000
 58.20000	 94.50000	 60.74928	 94.50000
 58.40000	 94.86000	 60.99639	 94.86000
 58.60000	 94.97000	 61.02475	 94.97000
 58.80000	 94.99000	 60.96725	 94.99000
 59.00000	 94.96000	 60.85917	 94.96000
 59.20000	 94.95000	 60.76045	 94.95000
 59.40000	 95.03000	 60.73051	 95.03000
 59.60000	 95.09000	 60.68058	 95.09000
 59.80000	 95.13000	 60.61184	 95.13000
 60.00000	 95.12000	 60.50095	 95.12000
 60.20000	 94.93000	 60.24304	 94.93000
 60.40000	 94.70000	 59.95523	 94.70000
 60.60000	 94.48000	 59.68094	 94.48000
 60.80000	 94.29000	 59.43853	 94.29000
 61.00000	 94.25000	 59.32746	 94.25000
 61.20000	 94.32000	 59.31484	 94.32000
 61.40000	 94.44000	 59.35049	 94.44000
 61.60000	 94.60000	 59.42476	 94.60000
 61.80000	 94.79000	 59.52788	 94.79000
 62.00000	 94.98000	 59.63366	 94.98000
 62.20000	 95.16000	 59.73250	 95.16000
 62.40000	 95.29000	 59.79057	 95.29000
 62.60000	 95.32000	 59.76645	 95.32000
 62.80000	 95.24000	 59.65232	 95.24000
 63.00000	 95.09000	 59.48210	 95.09000
 63.20000	 94.88000	 59.26552	 94.88000
 63.40000	 94.62000	 59.01255	 94.62000
 63.60000	 94.31000	 58.72504	 94.31000
 63.80000	 93.95000	 58.40491	 93.95000
 64.00000	 93.57000	 58.07858	 93.57000
 64.20000	 93.14000	 57.72321	 93.14000
 64.40000	 92.63000	 57.31595	 92.63000
 64.60000	 92.16000	 56.95682	 92.16000
 64.80000	 91.79000	 56.69600	 91.79000
 65.00000	 91.63000	 56.62337	 91.63000
 65.20000	 91.82000	 56.85146	 91.82000
 65.40000	 92.10000	 57.16302	 92.10000
 65.60000	 92.40000	 57.49607	 92.40000
 65.80000	 92.57000	 57.72374	 92.57000
 66.00000	 92.56000	 57.80262	 92.56000
 66.20000	 92.49000	 57.83021	 92.49000
 66.40000	 92.38000	 57.82284	 92.38000
 66.60000	 92.26000	 57.80538	 92.26000
 66.80000	 92.15000	 57.79457	 92.15000
 67.00000	 92.03000	 57.77432	 92.03000
 67.20000	 91.91000	 57.75312	 91.91000
 67.40000	 91.76000	 57.70671	 91.76000
 67.60000	 91.60000	 57.65194	 91.60000
 67.80000	 91.52000	 57.66288	 91.52000
 68.00000	 91.53000	 57.74746	 91.53000
 68.20000	 91.83000	 58.06828	 91.83000
 68.40000	 92.31000	 58.53226	 92.31000
 68.60000	 92.83000	 59.02084	 92.83000
 68.80000	 93.34000	 59.48949	 93.34000
 69.00000	 93.65000	 59.77998	 93.65000
 69.20000	 93.90000	 60.00616	 93.90000
 69.40000	 94.07000	 60.15180	 94.07000
 69.60000	 94.16000	 60.21782	 94.16000
 69.80000	 94.14000	 60.18130	 94.14000
 70.00000	 94.06000	 60.08549	 94.06000
 70.20000	 93.96000	 59.96571	 93.96000
 70.40000	 93.86000	 59.84073	 93.86000
 70.60000	 93.80000	 59.74539	 93.80000
 70.80000	 93.72000	 59.63211	 93.72000
 71.00000	 93.64000	 59.51868	 93.64000
 71.20000	 93.50000	 59.35725	 93.50000
 71.40000	 93.24000	 59.10025	 93.24000
 71.60000	 93.01000	 58.87255	 93.01000
 71.80000	 92.86000	 58.71657	 92.86000
 72.00000	 92.89000	 58.71469	 92.89000
 72.20000	 93.29000	 59.02120	 93.29000
 72.40000	 93.72000	 59.35415	 93.72000
 72.60000	 94.09000	 59.63635	 94.09000
 72.80000	 94.14000	 59.65270	 94.14000
 73.00000	 93.87000	 59.40373	 93.87000
 73.20000	 93.47000	 59.04787	 93.47000
 73.40000	 93.02000	 58.65422	 93.02000
 73.60000	 92.65000	 58.33253	 92.65000
 73.80000	 92.34000	 58.06864	 92.34000
 74.00000	 92.03000	 57.81476	 92.03000
 74.20000	 91.73000	 57.58002	 91.73000
 74.40000	 91.41000	 57.34049	 91.41000
 74.60000	 91.04000	 57.07217	 91.04000
 74.80000	 90.74000	 56.87391	 90.74000
 75.00000	 90.51000	 56.74562	 90.51000
 75.20000	 90.43000	 56.75189	 90.43000
 75.40000	 90.64000	 57.00518	 90.64000
 75.60000	 90.95000	 57.34596	 90.95000
 75.80000	 91.32000	 57.73711	 91.32000
 76.00000	 91.70000	 58.13357	 91.70000
 76.20000	 92.07000	 58.51536	 92.07000
 76.40000	 92.42000	 58.87146	 92.42000
 76.60000	 92.74000	 59.19153	 92.74000
 76.80000	 92.96000	 59.41689	 92.96000
 77.00000	 93.11000	 59.57182	 93.11000
 77.20000	 93.23000	 59.68953	 93.23000
 77.40000	 93.32000	 59.77083	 93.32000
 77.60000	 93.44000	 59.86583	 93.44000
 77.80000	 93.55000	 59.94259	 93.55000
 78.00000	 93.62000	 59.97742	 93.62000
 78.20000	 93.64000	 59.96328	 93.64000
 78.40000	 93.43000	 59.75445	 93.43000
 78.60000	 93.18000	 59.50944	 93.18000
 78.80000	 92.97000	 59.29671	 92.97000
 79.00000	 92.86000	 59.16755	 92.86000
 79.20000	 93.16000	 59.37647	 93.16000
 79.40000	 93.57000	 59.67568	 93.57000
 79.60000	 94.00000	 59.98860	 94.00000
 79.80000	 94.36000	 60.23898	 94.36000
 80.00000	 94.52000	 60.31893	 94.52000
 80.20000	 94.58000	 60.31055	 94.58000
 80.40000	 94.53000	 60.20685	 94.53000
 80.60000	 94.34000	 59.98526	 94.34000
 80.80000	 93.99000	 59.63224	 93.99000
 81.00000	 93.55000	 59.20873	 93.55000
 81.20000	 93.05000	 58.74305	 93.05000
 81.40000	 92.51000	 58.25518	 92.51000
 81.60000	 91.95000	 57.76472	 91.95000
 81.80000	 91.42000	 57.31532	 91.42000
 82.00000	 90.97000	 56.94974	 90.97000
 82.20000	 90.64000	 56.70142	 90.64000
 82.40000	 90.64000	 56.74150	 90.64000
 82.60000	 90.74000	 56.87854	 90.74000
 82.80000	 90.90000	 57.07601	 90.90000
 83.00000	 91.05000	 57.27283	 91.05000
 83.20000	 91.09000	 57.38402	 91.09000
 83.40000	 91.09000	 57.46492	 91.09000
 83.60000	 91.06000	 57.52245	 91.06000
 83.80000	 90.97000	 57.53121	 90.97000
 84.00000	 90.78000	 57.45829	 90.78000
 84.20000	 90.57000	 57.36971	 90.57000
 84.40000	 90.35000	 57.27433	 90.35000
 84.60000	 90.12000	 57.17280	 90.12000
 84.80000	 89.86000	 57.04935	 89.86000
 85.00000	 89.68000	 56.99466	 89.68000
 85.20000	 89.62000	 57.04132	 89.62000
 85.40000	 89.83000	 57.31092	 89.83000
 85.60000	 90.43000	 57.89841	 90.43000
 85.80000	 91.15000	 58.57724	 91.15000
 86.00000	 91.92000	 59.28436	 91.92000
 86.20000	 92.60000	 59.90017	 92.60000
 86.40000	 93.15000	 60.38854	 93.15000
 86.60000	 93.63000	 60.79696	 93.63000
 86.80000	 94.04000	 61.12493	 94.04000
 87.00000	 94.31000	 61.31562	 94.31000
 87.20000	 94.50000	 61.41981	 94.50000
 87.40000	 94.63000	 61.45622	 94.63000
 87.60000	 94.70000	 61.42750	 94.70000
 87.80000	 94.74000	 61.36110	 94.74000
 88.00000	 94.75000	 61.25989	 94.75000
 88.20000	 94.74000	 61.13477	 94.74000
 88.40000	 94.70000	 60.98016	 94.70000
 88.60000	 94.60000	 60.77398	 94.60000
 88.80000	 94.53000	 60.59241	 94.53000
 89.00000	 94.53000	 60.47008	 94.53000
 89.20000	 94.74000	 60.52251	 94.74000
 89.40000	 95.16000	 60.74882	 95.16000
 89.60000	 95.60000	 60.99119	 95.60000
 89.80000	 96.01000	 61.20650	 96.01000
 90.00000	 96.18000	 61.22143	 96.18000
 90.20000	 96.21000	 61.11840	 96.21000
 90.40000	 96.13000	 60.92364	 96.13000
 90.60000	 95.95000	 60.64771	 95.95000
 90.80000	 95.57000	 60.21163	 95.57000
 91.00000	 95.17000	 59.76655	 95.17000
 91.20000	 94.77000	 59.33222	 94.77000
 91.40000	 94.46000	 58.98497	 94.46000
 91.60000	 94.42000	 58.87342	 94.42000
 91.80000	 94.49000	 58.86559	 94.49000
 92.00000	 94.66000	 58.95128	 94.66000
 92.20000	 94.94000	 59.13600	 94.94000
 92.40000	 95.44000	 59.50648	 95.44000
 92.60000	 95.90000	 59.84554	 95.90000
 92.80000	 96.26000	 60.10059	 96.26000
 93.00000	 96.25000	 60.04872	 96.25000
 93.20000	 95.93000	 59.74026	 95.93000
 93.40000	 95.45000	 59.30146	 95.45000
 93.60000	 94.89000	 58.80208	 94.89000
 93.80000	 94.36000	 58.33634	 94.36000
 94.00000	 93.79000	 57.85023	 93.79000
 94.20000	 93.22000	 57.37939	 93.22000
 94.40000	 92.65000	 56.92610	 92.65000
 94.60000	 92.11000	 56.51663	 92.11000
 94.80000	 91.59000	 56.14381	 91.59000
 95.00000	 91.12000	 55.83261	 91.12000
 95.20000	 90.72000	 55.59914	 90.72000
 95.40000	 90.41000	 55.45874	 90.41000
 95.60000	 90.14000	 55.36872	 90.14000
 95.80000	 89.88000	 55.30252	 89.88000
 96.00000	 89.57000	 55.20911	 89.57000
 96.20000	 89.24000	 55.11162	 89.24000
 96.40000	 88.94000	 55.04976	 88.94000
 96.60000	 88.68000	 55.03038	 88.68000
 96.80000	 88.47000	 55.06009	 88.47000
 97.00000	 88.34000	 55.16160	 88.34000
 97.20000	 88.35000	 55.38171	 88.35000
 97.40000	 88.55000	 55.75823	 88.55000
 97.60000	 89.09000	 56.40965	 89.09000
 97.80000	 90.03000	 57.37877	 90.03000
 98.00000	 91.10000	 58.43643	 91.10000
 98.20000	 92.20000	 59.49291	 92.20000
 98.40000	 93.17000	 60.41076	 93.17000
 98.60000	 93.99000	 61.16943	 93.99000
 98.80000	 94.70000	 61.79973	 94.70000
 99.00000	 95.28000	 62.28504	 95.28000
 99.20000	 95.66000	 62.56938	 95.66000
 99.40000	 95.89000	 62.69674	 95.89000
 99.60000	 96.01000	 62.70404	 96.01000
 99.80000	 96.00000	 62.57972	 96.00000
100.00000	 95.83000	 62.30461	 95.83000
100.20000	 95.67000	 62.02375	 95.67000
100.40000	 95.57000	 61.78320	 95.57000
100.60000	 95.81000	 61.81584	 95.81000
100.80000	 96.30000	 62.04871	 96.30000
101.00000	 96.84000	 62.31680	 96.84000
101.20000	 97.33000	 62.53676	 97.33000
101.40000	 97.69000	 62.64233	 97.69000
101.60000	 97.85000	 62.57671	 97.85000
101.80000	 97.75000	 62.29293	 97.75000
102.00000	 97.07000	 61.53328	 97.07000
102.20000	 95.78000	 60.28130	 95.78000
102.40000	 94.28000	 58.87573	 94.28000
102.60000	 92.72000	 57.45056	 92.72000
102.80000	 91.50000	 56.34257	 91.50000
103.00000	 90.98000	 55.85109	 90.98000
103.20000	 90.67000	 55.57348	 90.67000
103.40000	 90.52000	 55.46501	 90.52000
103.60000	 90.50000	 55.49615	 90.50000
103.80000	 90.56000	 55.62040	 90.56000
104.00000	 90.60000	 55.75030	 90.60000
104.20000	 90.55000	 55.82375	 90.55000
104.40000	 90.52000	 55.92711	 90.52000
104.60000	 90.48000	 56.03254	 90.48000
104.80000	 90.43000	 56.13723	 90.43000
105.00000	 90.33000	 56.20608	 90.33000
105.20000	 90.17000	 56.22928	 90.17000
105.40000	 89.99000	 56.23858	 89.99000
105.60000	 89.77000	 56.21698	 89.77000
105.80000	 89.52000	 56.17241	 89.52000
106.00000	 89.09000	 55.98225	 89.09000
106.20000	 88.55000	 55.70521	 88.55000
106.40000	 88.13000	 55.53142	 88.13000
106.60000	 87.91000	 55.52704	 87.91000
106.80000	 88.10000	 55.86269	 88.10000
107.00000	 89.02000	 56.79570	 89.02000
107.20000	 90.10000	 57.85044	 90.10000
107.40000	 91.23000	 58.92771	 91.23000
107.60000	 92.15000	 59.80689	 92.15000
107.80000	 92.73000	 60.37697	 92.73000
108.00000	 93.17000	 60.80058	 93.17000
108.20000	 93.49000	 61.09484	 93.49000
108.40000	 93.71000	 61.27807	 93.71000
108.60000	 93.82000	 61.34486	 93.82000
108.80000	 93.86000	 61.33148	 93.86000
109.00000	 93.84000	 61.24991	 93.84000
109.20000	 93.77000	 61.11222	 93.77000
109.40000	 93.67000	 60.93864	 93.67000
109.60000	 93.57000	 60.75733	 93.57000
109.80000	 93.49000	 60.58777	 93.49000
110.00000	 93.49000	 60.48156	 93.49000
110.20000	 93.59000	 60.45655	 93.59000
110.40000	 93.72000	 60.45597	 93.72000
110.60000	 93.88000	 60.47995	 93.88000
110.80000	 94.08000	 60.53654	 94.08000
111.00000	 94.31000	 60.61714	 94.31000
111.20000	 94.49000	 60.65574	 94.49000
111.40000	 94.58000	 60.61954	 94.58000
111.60000	 94.44000	 60.39474	 94.44000
111.80000	 94.04000	 59.95928	 94.04000
112.00000	 93.54000	 59.44812	 93.54000
112.20000	 92.99000	 58.90641	 92.99000
112.40000	 92.41000	 58.35437	 92.41000
112.60000	 91.91000	 57.88528	 91.91000
112.80000	 91.44000	 57.46025	 91.44000
113.00000	 91.04000	 57.11317	 91.04000
113.20000	 90.73000	 56.86062	 90.73000
113.40000	 90.54000	 56.72632	 90.54000
113.60000	 90.65000	 56.85559	 90.65000
113.80000	 90.81000	 57.03981	 90.81000
114.00000	 90.99000	 57.25032	 90.99000
114.20000	 91.14000	 57.44252	 91.14000
114.40000	 91.07000	 57.45806	 91.07000
114.60000	 90.92000	 57.41068	 90.92000
114.80000	 90.72000	 57.32491	 90.72000
115.00000	 90.50000	 57.22564	 90.50000
115.20000	 90.25000	 57.10515	 90.25000
115.40000	 90.01000	 56.99673	 90.01000
115.60000	 89.78000	 56.90076	 89.78000
115.80000	 89.58000	 56.83375	 89.58000
116.00000	 89.43000	 56.81194	 89.43000
116.20000	 89.34000	 56.84291	 89.34000
116.40000	 89.31000	 56.92566	 89.31000
116.60000	 89.36000	 57.07516	 89.36000
116.80000	 89.51000	 57.30594	 89.51000
117.00000	 89.87000	 57.70560	 89.87000
117.20000	 90.27000	 58.13149	 90.27000
117.40000	 90.68000	 58.55574	 90.68000
117.60000	 91.01000	 58.90198	 91.01000
117.80000	 91.15000	 59.07873	 91.15000
118.00000	 91.21000	 59.17633	 91.21000
118.20000	 91.20000	 59.20409	 91.20000
118.40000	 91.11000	 59.15553	 91.11000
118.60000	 90.94000	 59.03280	 90.94000
118.80000	 90.72000	 58.86304	 90.72000
119.00000	 90.44000	 58.64071	 90.44000
119.20000	 90.12000	 58.38494	 90.12000
119.40000	 89.63000	 57.99210	 89.63000
119.60000	 89.14000	 57.60478	 89.14000
119.80000	 88.73000	 57.29137	 88.73000
120.00000	 88.49000	 57.12721	 88.49000
120.20000	 88.73000	 57.36576	 88.73000
120.40000	 89.28000	 57.86397	 89.28000
120.60000	 89.95000	 58.46050	 89.95000
120.80000	 90.64000	 59.06754	 90.64000
121.00000	 91.18000	 59.54092	 91.18000
121.20000	 91.61000	 59.91033	 91.61000
121.40000	 91.94000	 60.18245	 91.94000
121.60000	 92.15000	 60.34068	 92.15000
121.80000	 92.10000	 60.27146	 92.10000
122.00000	 91.91000	 60.07599	 91.91000
122.20000	 91.64000	 59.80718	 91.64000
122.40000	 91.30000	 59.47719	 91.30000
122.60000	 90.90000	 59.09816	 90.90000
122.80000	 90.52000	 58.73934	 90.52000
123.00000	 90.20000	 58.43646	 90.20000
123.20000	 90.01000	 58.24873	 90.01000
123.40000	 90.20000	 58.38107	 90.20000
123.60000	 90.59000	 58.68353	 90.59000
123.80000	 91.04000	 59.03760	 91.04000
124.00000	 91.47000	 59.37396	 91.47000
124.20000	 91.69000	 59.53413	 91.69000
124.40000	 91.80000	 59.59901	 91.80000
124.60000	 91.82000	 59.58518	 91.82000
124.80000	 91.75000	 59.49361	 91.75000
125.00000	 91.51000	 59.26051	 91.51000
125.20000	 91.18000	 58.95405	 91.18000
125.40000	 90.81000	 58.61817	 90.81000
125.60000	 90.41000	 58.26392	 90.41000
125.80000	 89.95000	 57.86935	 89.95000
126.00000	 89.53000	 57.51881	 89.53000
126.20000	 89.19000	 57.24672	 89.19000
126.40000	 89.01000	 57.11913	 89.01000
126.60000	 89.21000	 57.31502	 89.21000
126.80000	 89.66000	 57.72407	 89.66000
127.00000	 90.20000	 58.20998	 90.20000
127.20000	 90.75000	 58.70191	 90.75000
127.40000	 91.14000	 59.05625	 91.14000
127.60000	 91.44000	 59.32774	 91.44000
127.80000	 91.65000	 59.51511	 91.65000
128.00000	 91.74000	 59.59360	 91.74000
128.20000	 91.59000	 59.46600	 91.59000
128.40000	 91.36000	 59.26598	 91.36000
128.60000	 91.07000	 59.01300	 91.07000
128.80000	 90.77000	 58.75109	 90.77000
129.00000	 90.50000	 58.51572	 90.50000
129.20000	 90.29000	 58.33345	 90.29000
129.40000	 90.18000	 58.23819	 90.18000
129.60000	 90.25000	 58.29547	 90.25000
129.80000	 90.67000	 58.64286	 90.67000
130.00000	 91.19000	 59.07188	 91.19000
130.20000	 91.75000	 59.52919	 91.75000
130.40000	 92.23000	 59.91283	 92.23000
130.60000	 92.58000	 60.17940	 92.58000
130.80000	 92.86000	 60.37702	 92.86000
131.00000	 93.05000	 60.48926	 93.05000
131.20000	 93.09000	 60.46785	 93.09000
131.40000	 93.01000	 60.33932	 93.01000
131.60000	 92.88000	 60.16369	 92.88000
131.80000	 92.72000	 59.96011	 92.72000
132.00000	 92.61000	 59.79666	 92.61000
132.20000	 92.56000	 59.68333	 92.56000
132.40000	 92.51000	 59.57211	 92.51000
132.60000	 92.46000	 59.46385	 92.46000
132.80000	 92.39000	 59.34289	 92.39000
133.00000	 92.30000	 59.20993	 92.30000
133.20000	 92.18000	 59.05750	 92.18000
133.40000	 92.03000	 58.88638	 92.03000
133.60000	 91.83000	 58.68105	 91.83000
133.80000	 91.43000	 58.31991	 91.43000
134.00000	 91.05000	 57.98526	 91.05000
134.20000	 90.75000	 57.72792	 90.75000
134.40000	 90.61000	 57.61400	 90.61000
134.60000	 90.89000	 57.85523	 90.89000
134.80000	 91.31000	 58.21840	 91.31000
135.00000	 91.81000	 58.64963	 91.81000
135.20000	 92.33000	 59.09512	 92.33000
135.40000	 92.81000	 59.50167	 92.81000
135.60000	 93.24000	 59.85803	 93.24000
135.80000	 93.62000	 60.16210	 93.62000
136.00000	 93.88000	 60.35543	 93.88000
136.20000	 93.99000	 60.41358	 93.99000
136.40000	 94.00000	 60.37886	 94.00000
136.60000	 93.89000	 60.23706	 93.89000
136.80000	 93.61000	 59.95020	 93.61000
137.00000	 93.13000	 59.49762	 93.13000
137.20000	 92.60000	 59.00690	 92.60000
137.40000	 92.09000	 58.53980	 92.09000
137.60000	 91.69000	 58.17346	 91.69000
137.80000	 91.54000	 58.02434	 91.54000
138.00000	 91.49000	 57.96930	 91.49000
138.20000	 91.54000	 58.00695	 91.54000
138.40000	 91.67000	 58.11884	 91.67000
138.60000	 91.92000	 58.33516	 91.92000
138.80000	 92.22000	 58.59551	 92.22000
139.00000	 92.52000	 58.85590	 92.52000
139.20000	 92.79000	 59.08917	 92.79000
139.40000	 92.88000	 59.17077	 92.88000
139.60000	 92.93000	 59.21503	 92.93000
139.80000	 92.93000	 59.21407	 92.93000
140.00000	 92.91000	 59.19312	 92.91000
140.20000	 92.95000	 59.21837	 92.95000
140.40000	 92.96000	 59.21644	 92.96000
140.60000	 92.96000	 59.20414	 92.96000
140.80000	 92.91000	 59.14925	 92.91000
141.00000	 92.71000	 58.97083	 92.71000
141.20000	 92.48000	 58.76893	 92.48000
141.40000	 92.27000	 58.58630	 92.27000
141.60000	 92.12000	 58.45702	 92.12000
141.80000	 92.19000	 58.51252	 92.19000
142.00000	 92.40000	 58.68608	 92.40000
142.20000	 92.67000	 58.90997	 92.67000
142.40000	 92.97000	 59.15724	 92.97000
142.60000	 93.28000	 59.40924	 93.28000
142.80000	 93.56000	 59.63131	 93.56000
143.00000	 93.79000	 59.80573	 93.79000
143.20000	 93.93000	 59.89915	 93.93000
143.40000	 93.84000	 59.79735	 93.84000
143.60000	 93.64000	 59.60064	 93.64000
143.80000	 93.36000	 59.33633	 93.36000
144.00000	 93.04000	 59.04013	 93.04000
144.20000	 92.76000	 58.78034	 92.76000
144.40000	 92.47000	 58.51809	 92.47000
144.60000	 92.17000	 58.25514	 92.17000
144.80000	 91.85000	 57.98477	 91.85000
145.00000	 91.46000	 57.66739	 91.46000
145.20000	 91.04000	 57.33725	 91.04000
145.40000	 90.67000	 57.06120	 90.67000
145.60000	 90.38000	 56.86438	 90.38000
145.80000	 90.23000	 56.79561	 90.23000
146.00000	 90.24000	 56.86970	 90.24000
146.20000	 90.38000	 57.05942	 90.38000
146.40000	 90.64000	 57.35315	 90.64000
146.60000	 91.08000	 57.79598	 91.08000
146.80000	 91.65000	 58.34223	 91.65000
147.00000	 92.26000	 58.91323	 92.26000
147.20000	 92.84000	 59.44723	 92.84000
147.40000	 93.23000	 59.80998	 93.23000
147.60000	 93.52000	 60.07391	 93.52000
147.80000	 93.73000	 60.25541	 93.73000
148.00000	 93.86000	 60.35535	 93.86000
148.20000	 93.91000	 60.37528	 93.91000
148.40000	 93.88000	 60.31733	 93.88000
148.60000	 93.77000	 60.18410	 93.77000
148.80000	 93.58000	 59.97851	 93.58000
149.00000	 93.20000	 59.61383	 93.20000
149.20000	 92.74000	 59.18428	 92.74000
149.40000	 92.27000	 58.75136	 92.27000
149.60000	 91.85000	 58.36773	 91.85000
149.80000	 91.63000	 58.15858	 91.63000
150.00000	 91.65000	 58.15701	 91.65000
150.20000	 91.74000	 58.22226	 91.74000
150.40000	 91.83000	 58.29495	 91.83000
150.60000	 91.87000	 58.33229	 91.87000
150.80000	 91.75000	 58.24309	 91.75000
151.00000	 91.58000	 58.11750	 91.58000
151.20000	 91.36000	 57.95604	 91.36000
151.40000	 91.09000	 57.75952	 91.09000
151.60000	 90.75000	 57.51259	 90.75000
151.80000	 90.37000	 57.24114	 90.37000
152.00000	 89.99000	 56.97924	 89.99000
152.20000	 89.60000	 56.71976	 89.60000
152.40000	 89.27000	 56.52078	 89.27000
152.60000	 88.98000	 56.36606	 88.98000
152.80000	 88.70000	 56.23069	 88.70000
153.00000	 88.43000	 56.11416	 88.43000
153.20000	 88.18000	 56.02399	 88.18000
153.40000	 87.79000	 55.82857	 87.79000
153.60000	 87.46000	 55.69178	 87.46000
153.80000	 87.23000	 55.64602	 87.23000
154.00000	 87.12000	 55.70649	 87.12000
154.20000	 87.32000	 56.02648	 87.32000
154.40000	 87.75000	 56.53626	 87.75000
154.60000	 88.30000	 57.14036	 88.30000
154.80000	 88.92000	 57.79231	 88.92000
155.00000	 89.58000	 58.46238	 89.58000
155.20000	 90.24000	 59.11336	 90.24000
155.40000	 90.88000	 59.72529	 90.88000
155.60000	 91.47000	 60.27103	 91.47000
155.80000	 91.90000	 60.65912	 91.90000
156.00000	 92.23000	 60.93894	 92.23000
156.20000	 92.48000	 61.12823	 92.48000
156.40000	 92.66000	 61.23726	 92.66000
156.60000	 92.73000	 61.23592	 92.73000
156.80000	 92.74000	 61.16839	 92.74000
157.00000	 92.73000	 61.07084	 92.73000
157.20000	 92.72000	 60.96286	 92.72000
157.40000	 92.80000	 60.92085	 92.80000
157.60000	 92.93000	 60.91387	 92.93000
157.80000	 93.09000	 60.92667	 93.09000
158.00000	 93.28000	 60.96001	 93.28000
158.20000	 93.55000	 61.05520	 93.55000
158.40000	 93.85000	 61.17111	 93.85000
158.60000	 94.09000	 61.23375	 94.09000
158.80000	 94.23000	 61.21060	 94.23000
159.00000	 94.04000	 60.91462	 94.04000
159.20000	 93.64000	 60.44751	 93.64000
159.40000	 93.13000	 59.89576	 93.13000
159.60000	 92.56000	 59.30507	 92.56000
159.80000	 92.03000	 58.76162	 92.03000
160.00000	 91.58000	 58.30137	 91.58000
160.20000	 91.13000	 57.86080	 91.13000
160.40000	 90.69000	 57.44944	 90.69000
160.60000	 90.26000	 57.06813	 90.26000
160.80000	 89.78000	 56.66820	 89.78000
161.00000	 89.28000	 56.27466	 89.28000
161.20000	 88.83000	 55.94506	 88.83000
161.40000	 88.43000	 55.67900	 88.43000
161.60000	 88.12000	 55.50819	 88.12000
161.80000	 87.98000	 55.49624	 87.98000
162.00000	 87.93000	 55.57461	 87.93000
162.20000	 87.97000	 55.73973	 87.97000
162.40000	 88.07000	 55.96321	 88.07000
162.60000	 88.30000	 56.29844	 88.30000
162.80000	 88.57000	 56.66744	 88.57000
163.00000	 88.86000	 57.04987	 88.86000
163.20000	 89.13000	 57.40949	 89.13000
163.40000	 89.26000	 57.64548	 89.26000
163.60000	 89.35000	 57.83855	 89.35000
163.80000	 89.40000	 57.98825	 89.40000
164.00000	 89.43000	 58.11101	 89.43000
164.20000	 89.50000	 58.25622	 89.50000
164.40000	 89.55000	 58.37489	 89.55000
164.60000	 89.58000	 58.46738	 89.58000
164.80000	 89.57000	 58.51787	 89.57000
165.00000	 89.41000	 58.43733	 89.41000
165.20000	 89.19000	 58.30142	 89.19000
165.40000	 89.02000	 58.20238	 89.02000
165.60000	 88.96000	 58.19084	 88.96000
165.80000	 89.24000	 58.45531	 89.24000
166.00000	 89.72000	 58.87897	 89.72000
166.20000	 90.26000	 59.34377	 90.26000
166.40000	 90.81000	 59.80542	 90.81000
166.60000	 91.26000	 60.17116	 91.26000
166.80000	 91.62000	 60.44774	 91.62000
167.00000	 91.86000	 60.61036	 91.86000
167.20000	 91.87000	 60.57000	 91.87000
167.40000	 91.48000	 60.19047	 91.48000
167.60000	 90.98000	 59.71466	 90.98000
167.80000	 90.41000	 59.18108	 90.41000
168.00000	 89.89000	 58.69333	 89.89000
168.20000	 89.71000	 58.49268	 89.71000
168.40000	 89.59000	 58.35082	 89.59000
168.60000	 89.51000	 58.25131	 89.51000
168.80000	 89.44000	 58.16914	 89.44000
169.00000	 89.31000	 58.04646	 89.31000
169.20000	 89.05000	 57.82595	 89.05000
169.40000	 88.78000	 57.60659	 88.78000
169.60000	 88.49000	 57.38091	 88.49000
169.80000	 88.21000	 57.17409	 88.21000
170.00000	 87.85000	 56.91291	 87.85000
170.20000	 87.52000	 56.68812	 87.52000
170.40000	 87.30000	 56.56545	 87.30000
170.60000	 87.24000	 56.58503	 87.24000
170.80000	 87.54000	 56.90829	 87.54000
171.00000	 88.28000	 57.59586	 88.28000
171.20000	 89.13000	 58.37027	 89.13000
171.40000	 90.02000	 59.16695	 90.02000
171.60000	 90.80000	 59.85690	 90.80000
171.80000	 91.36000	 60.34587	 91.36000
172.00000	 91.82000	 60.73042	 91.82000
172.20000	 92.15000	 60.98574	 92.15000
172.40000	 92.27000	 61.04751	 92.27000
172.60000	 92.20000	 60.93497	 92.20000
172.80000	 92.03000	 60.72587	 92.03000
173.00000	 91.79000	 60.44925	 91.79000
173.20000	 91.55000	 60.16681	 91.55000
173.40000	 91.47000	 60.01320	 91.47000
173.60000	 91.40000	 59.86772	 91.40000
173.80000	 91.32000	 59.71557	 91.32000
174.00000	 91.22000	 59.54996	 91.22000
174.20000	 91.07000	 59.34764	 91.07000
174.40000	 90.76000	 59.02012	 90.76000
174.60000	 90.45000	 58.70069	 90.45000
174.80000	 90.19000	 58.43219	 90.19000
175.00000	 90.00000	 58.23215	 90.00000
175.20000	 90.01000	 58.20712	 90.01000
175.40000	 90.19000	 58.33105	 90.19000
175.60000	 90.46000	 58.53574	 90.46000
175.80000	 90.79000	 58.79351	 90.79000
176.00000	 91.18000	 59.10116	 91.18000
176.20000	 91.62000	 59.44734	 91.62000
176.40000	 92.05000	 59.77992	 92.05000
176.60000	 92.45000	 60.08012	 92.45000
176.80000	 92.76000	 60.29713	 92.76000
177.00000	 92.95000	 60.40585	 92.95000
177.20000	 93.07000	 60.44770	 93.07000
177.40000	 93.13000	 60.43205	 93.13000
177.60000	 93.12000	 60.35227	 93.12000
177.80000	 93.02000	 60.19398	 93.02000
178.00000	 92.88000	 60.00050	 92.88000
178.20000	 92.71000	 59.78241	 92.71000
178.40000	 92.53000	 59.55834	 92.53000
178.60000	 92.35000	 59.33844	 92.35000
178.80000	 92.19000	 59.14068	 92.19000
179.00000	 92.04000	 58.95801	 92.04000
179.20000	 91.92000	 58.80759	 91.92000
179.40000	 91.85000	 58.70610	 91.85000
179.60000	 91.83000	 58.65334	 91.83000
179.80000	 91.85000	 58.64045	 91.85000
180.00000	 91.92000	 58.67464	 91.92000
180.20000	 92.07000	 58.77915	 92.07000
180.40000	 92.33000	 58.97671	 92.33000
180.60000	 92.59000	 59.17493	 92.59000
180.80000	 92.82000	 59.34722	 92.82000
181.00000	 92.94000	 59.42669	 92.94000
181.20000	 92.91000	 59.38032	 92.91000
181.40000	 92.83000	 59.29087	 92.83000
181.60000	 92.69000	 59.15141	 92.69000
181.80000	 92.52000	 58.98806	 92.52000
182.00000	 92.36000	 58.83507	 92.36000
182.20000	 92.17000	 58.66093	 92.17000
182.40000	 91.95000	 58.46688	 91.95000
182.60000	 91.72000	 58.27049	 91.72000
182.80000	 91.34000	 57.95834	 91.34000
183.00000	 90.94000	 57.63874	 90.94000
183.20000	 90.62000	 57.39524	 90.62000
183.40000	 90.41000	 57.25307	 90.41000
183.60000	 90.51000	 57.37536	 90.51000
183.80000	 90.91000	 57.75092	 90.91000
184.00000	 91.40000	 58.20300	 91.40000
184.20000	 91.95000	 58.70203	 91.95000
184.40000	 92.44000	 59.14521	 92.44000
184.60000	 92.85000	 59.51279	 92.85000
184.80000	 93.21000	 59.82720	 93.21000
185.00000	 93.49000	 60.06269	 93.49000
185.20000	 93.60000	 60.14547	 93.60000
185.40000	 93.60000	 60.12593	 93.60000
185.60000	 93.53000	 60.03895	 93.53000
185.80000	 93.42000	 59.91157	 93.42000
186.00000	 93.26000	 59.73814	 93.26000
186.20000	 93.09000	 59.55396	 93.09000
186.40000	 92.97000	 59.41039	 92.97000
186.60000	 92.91000	 59.31711	 92.91000
186.80000	 93.07000	 59.40574	 93.07000
187.00000	 93.32000	 59.56882	 93.32000
187.20000	 93.62000	 59.77194	 93.62000
187.40000	 93.93000	 59.98055	 93.93000
187.60000	 94.22000	 60.16850	 94.22000
187.80000	 94.46000	 60.31013	 94.46000
188.00000	 94.64000	 60.39677	 94.64000
188.20000	 94.70000	 60.37951	 94.70000
188.40000	 94.56000	 60.19409	 94.56000
188.60000	 94.34000	 59.94128	 94.34000
188.80000	 94.05000	 59.63218	 94.05000
189.00000	 93.71000	 59.28616	 93.71000
189.20000	 93.37000	 58.94699	 93.37000
189.40000	 93.01000	 58.60069	 93.01000
189.60000	 92.61000	 58.23296	 92.61000
189.80000	 92.20000	 57.87027	 92.20000
190.00000	 91.66000	 57.41605	 91.66000
190.20000	 91.11000	 56.97065	 91.11000
190.40000	 90.63000	 56.60121	 90.63000
190.60000	 90.28000	 56.35750	 90.28000
190.80000	 90.26000	 56.40237	 90.26000
191.00000	 90.52000	 56.69144	 90.52000
191.20000	 90.86000	 57.05582	 90.86000
191.40000	 91.21000	 57.43298	 91.21000
191.60000	 91.40000	 57.67933	 91.40000
191.80000	 91.48000	 57.83320	 91.48000
192.00000	 91.49000	 57.92607	 91.49000
192.20000	 91.42000	 57.94932	 91.42000
192.40000	 91.20000	 57.84608	 91.20000
192.60000	 90.92000	 57.69147	 90.92000
192.80000	 90.60000	 57.50367	 90.60000
193.00000	 90.27000	 57.30909	 90.27000
193.20000	 89.93000	 57.10936	 89.93000
193.40000	 89.64000	 56.95496	 89.64000
193.60000	 89.41000	 56.85481	 89.41000
193.80000	 89.29000	 56.84988	 89.29000
194.00000	 89.42000	 57.05375	 89.42000
194.20000	 89.71000	 57.38999	 89.71000
194.40000	 90.08000	 57.78949	 90.08000
194.60000	 90.49000	 58.21579	 90.49000
194.80000	 90.89000	 58.62460	 90.89000
195.00000	 91.26000	 58.99685	 91.26000
195.20000	 91.56000	 59.29796	 91.56000
195.40000	 91.76000	 59.50253	 91.76000
195.60000	 91.72000	 59.49633	 91.72000
195.80000	 91.59000	 59.40435	 91.59000
196.00000	 91.39000	 59.24576	 91.39000
196.20000	 91.15000	 59.04814	 91.15000
196.40000	 90.93000	 58.86352	 90.93000
196.60000	 90.71000	 58.67794	 90.71000
196.80000	 90.49000	 58.49338	 90.49000
197.00000	 90.30000	 58.33608	 90.30000
197.20000	 90.11000	 58.18264	 90.11000
197.40000	 90.00000	 58.09938	 90.00000
197.60000	 89.99000	 58.10274	 89.99000
197.80000	 90.22000	 58.30635	 90.22000
198.00000	 90.76000	 58.76479	 90.76000
198.20000	 91.33000	 59.24430	 91.33000
198.40000	 91.85000	 59.67522	 91.85000
198.60000	 92.08000	 59.85824	 92.08000
198.80000	 92.05000	 59.81777	 92.05000
199.00000	 91.88000	 59.65407	 91.88000
199.20000	 91.60000	 59.39471	 91.60000
199.40000	 91.24000	 59.06775	 91.24000
199.60000	 90.82000	 58.69317	 90.82000
199.80000	 90.36000	 58.29088	 90.36000
200.00000	 89.89000	 57.88865	 89.89000
200.20000	 89.39000	 57.47286	 89.39000
200.40000	 88.92000	 57.09500	 88.92000
200.60000	 88.53000	 56.79758	 88.53000
200.80000	 88.26000	 56.61389	 88.26000
201.00000	 88.27000	 56.67406	 88.27000
201.20000	 88.54000	 56.95874	 88.54000
201.40000	 88.90000	 57.32412	 88.90000
201.60000	 89.29000	 57.71632	 89.29000
201.80000	 89.55000	 58.00015	 89.55000
202.00000	 89.73000	 58.21391	 89.73000
202.20000	 89.85000	 58.37249	 89.85000
202.40000	 89.92000	 58.48339	 89.92000
202.60000	 89.89000	 58.50562	 89.89000
202.80000	 89.80000	 58.47271	 89.80000
203.00000	 89.69000	 58.41862	 89.69000
203.20000	 89.54000	 58.32824	 89.54000
203.40000	 89.37000	 58.21936	 89.37000
203.60000	 89.21000	 58.11791	 89.21000
203.80000	 89.09000	 58.04951	 89.09000
204.00000	 89.04000	 58.03928	 89.04000
204.20000	 89.15000	 58.16073	 89.15000
204.40000	 89.33000	 58.33889	 89.33000
204.60000	 89.58000	 58.57203	 89.58000
204.80000	 89.90000	 58.85815	 89.90000
205.00000	 90.32000	 59.21958	 90.32000
205.20000	 90.74000	 59.57194	 90.74000
205.40000	 91.11000	 59.87226	 91.11000
205.60000	 91.31000	 60.02119	 91.31000
205.80000	 91.33000	 60.01105	 91.33000
206.00000	 91.25000	 59.90926	 91.25000
206.20000	 91.10000	 59.74296	 91.10000
206.40000	 90.90000	 59.53136	 90.90000
206.60000	 90.66000	 59.28549	 90.66000
206.80000	 90.39000	 59.01629	 90.39000
207.00000	 90.10000	 58.73449	 90.10000
207.20000	 89.74000	 58.40146	 89.74000
207.40000	 89.36000	 58.06051	 89.36000
207.60000	 89.04000	 57.77914	 89.04000
207.80000	 88.84000	 57.60759	 88.84000
208.00000	 88.99000	 57.73377	 88.99000
208.20000	 89.41000	 58.08919	 89.41000
208.40000	 89.87000	 58.48090	 89.87000
208.60000	 90.29000	 58.83900	 90.29000
208.80000	 90.40000	 58.93928	 90.40000
209.00000	 90.34000	 58.89589	 90.34000
209.20000	 90.18000	 58.76723	 90.18000
209.40000	 89.91000	 58.54696	 89.91000
209.60000	 89.50000	 58.21300	 89.50000
209.80000	 89.05000	 57.85033	 89.05000
210.00000	 88.58000	 57.47828	 88.58000
210.20000	 88.15000	 57.14849	 88.15000
210.40000	 87.85000	 56.93632	 87.85000
210.60000	 87.63000	 56.80118	 87.63000
210.80000	 87.50000	 56.75069	 87.50000
211.00000	 87.47000	 56.79174	 87.47000
211.20000	 87.60000	 56.97135	 87.60000
211.40000	 87.86000	 57.26191	 87.86000
211.60000	 88.19000	 57.61063	 88.19000
211.80000	 88.58000	 58.00563	 88.58000
212.00000	 88.99000	 58.41061	 88.99000
212.20000	 89.40000	 58.80612	 89.40000
212.40000	 89.79000	 59.17328	 89.79000
212.60000	 90.12000	 59.47758	 90.12000
212.80000	 90.27000	 59.62000	 90.27000
213.00000	 90.31000	 59.65866	 90.31000
213.20000	 90.28000	 59.62805	 90.28000
213.40000	 90.21000	 59.55491	 90.21000
213.60000	 90.14000	 59.47425	 90.14000
213.80000	 90.08000	 59.39626	 90.08000
214.00000	 89.99000	 59.28991	 89.99000
214.20000	 89.88000	 59.16508	 89.88000
214.40000	 89.67000	 58.95799	 89.67000
214.60000	 89.36000	 58.67081	 89.36000
214.80000	 89.10000	 58.42883	 89.10000
215.00000	 88.96000	 58.29104	 88.96000
215.20000	 89.07000	 58.36418	 89.07000
215.40000	 89.54000	 58.73644	 89.54000
215.60000	 90.14000	 59.21531	 90.14000
215.80000	 90.79000	 59.73058	 90.79000
216.00000	 91.43000	 60.22878	 91.43000
216.20000	 92.02000	 60.67365	 92.02000
216.40000	 92.54000	 61.04643	 92.54000
216.60000	 92.97000	 61.32944	 92.97000
216.80000	 93.17000	 61.40802	 93.17000
217.00000	 93.24000	 61.36584	 93.24000
217.20000	 93.22000	 61.23842	 93.22000
217.40000	 93.13000	 61.04533	 93.13000
217.60000	 93.04000	 60.84721	 93.04000
217.80000	 92.91000	 60.61426	 92.91000
218.00000	 92.77000	 60.37381	 92.77000
218.20000	 92.62000	 60.12828	 92.62000
218.40000	 92.42000	 59.84707	 92.42000
218.60000	 92.26000	 59.60587	 92.26000
218.80000	 92.15000	 59.41424	 92.15000
219.00000	 92.15000	 59.32189	 92.15000
219.20000	 92.48000	 59.50824	 92.48000
219.40000	 92.95000	 59.81477	 92.95000
219.60000	 93.43000	 60.13133	 93.43000
219.80000	 93.85000	 60.39730	 93.85000
220.00000	 94.00000	 60.43868	 94.00000
220.20000	 94.00000	 60.35384	 94.00000
220.40000	 93.89000	 60.17701	 93.89000
220.60000	 93.66000	 59.90219	 93.66000
220.80000	 93.30000	 59.52402	 93.30000
221.00000	 92.87000	 59.09496	 92.87000
221.20000	 92.39000	 58.63472	 92.39000
221.40000	 91.89000	 58.17097	 91.89000
221.60000	 91.48000	 57.79630	 91.48000
221.80000	 91.10000	 57.46299	 91.10000
222.00000	 90.72000	 57.14720	 90.72000
222.20000	 90.31000	 56.82479	 90.31000
222.40000	 89.80000	 56.43890	 89.80000
222.60000	 89.15000	 55.95775	 89.15000
222.80000	 88.55000	 55.53840	 88.55000
223.00000	 88.05000	 55.22254	 88.05000
223.20000	 87.76000	 55.09971	 87.76000
223.40000	 87.87000	 55.32299	 87.87000
223.60000	 88.13000	 55.68261	 88.13000
223.80000	 88.51000	 56.14810	 88.51000
224.00000	 88.95000	 56.66439	 88.95000
224.20000	 89.41000	 57.19317	 89.41000
224.40000	 89.87000	 57.71324	 89.87000
224.60000	 90.28000	 58.17977	 90.28000
224.80000	 90.51000	 58.48366	 90.51000
225.00000	 90.57000	 58.63237	 90.57000
225.20000	 90.57000	 58.71680	 90.57000
225.40000	 90.52000	 58.74660	 90.52000
225.60000	 90.49000	 58.78079	 90.49000
225.80000	 90.48000	 58.82085	 90.48000
226.00000	 90.47000	 58.85165	 90.47000
226.20000	 90.46000	 58.87428	 90.46000
226.40000	 90.49000	 58.92249	 90.49000
226.60000	 90.52000	 58.96418	 90.52000
226.80000	 90.54000	 58.99178	 90.54000
227.00000	 90.54000	 58.99775	 90.54000
227.20000	 90.40000	 58.88475	 90.40000
227.40000	 90.24000	 58.75273	 90.24000
227.60000	 90.15000	 58.67701	 90.15000
227.80000	 90.19000	 58.70756	 90.19000
228.00000	 90.72000	 59.13842	 90.72000
228.20000	 91.34000	 59.63830	 91.34000
228.40000	 91.96000	 60.12936	 91.96000
228.60000	 92.40000	 60.46094	 92.40000
228.80000	 92.50000	 60.50088	 92.50000
229.00000	 92.46000	 60.41451	 92.46000
229.20000	 92.28000	 60.20463	 92.28000
229.40000	 91.94000	 59.85848	 91.94000
229.60000	 91.48000	 59.41313	 91.48000
229.80000	 90.98000	 58.93871	 90.98000
230.00000	 90.47000	 58.46395	 90.47000
230.20000	 90.03000	 58.05784	 90.03000
230.40000	 89.77000	 57.81261	 89.77000
230.60000	 89.59000	 57.64682	 89.59000
230.80000	 89.51000	 57.57627	 89.51000
231.00000	 89.52000	 57.59138	 89.52000
231.20000	 89.71000	 57.76366	 89.71000
231.40000	 90.02000	 58.04074	 90.02000
231.60000	 90.38000	 58.36155	 90.38000
231.80000	 90.76000	 58.69787	 90.76000
232.00000	 91.03000	 58.94016	 91.03000
232.20000	 91.23000	 59.11934	 91.23000
232.40000	 91.44000	 59.29994	 91.44000
232.60000	 91.69000	 59.50575	 91.69000
232.80000	 92.08000	 59.81765	 92.08000
233.00000	 92.57000	 60.20116	 92.57000
233.20000	 93.08000	 60.58867	 93.08000
233.40000	 93.58000	 60.95377	 93.58000
233.60000	 94.10000	 61.31964	 94.10000
233.80000	 94.55000	 61.61158	 94.55000
234.00000	 94.85000	 61.76398	 94.85000
234.20000	 94.87000	 61.67180	 94.87000
234.40000	 94.41000	 61.17503	 94.41000
234.60000	 93.80000	 60.55049	 93.80000
234.80000	 93.10000	 59.85440	 93.10000
235.00000	 92.51000	 59.25706	 92.51000
235.20000	 92.03000	 58.76316	 92.03000
235.40000	 91.61000	 58.33472	 91.61000
235.60000	 91.25000	 57.97351	 91.25000
235.80000	 90.98000	 57.70488	 90.98000
236.00000	 90.81000	 57.53673	 90.81000
236.20000	 90.69000	 57.42694	 90.69000
236.40000	 90.63000	 57.38202	 90.63000
236.60000	 90.60000	 57.37541	 90.60000
236.80000	 90.60000	 57.40496	 90.60000
237.00000	 90.61000	 57.45216	 90.61000
237.20000	 90.63000	 57.51500	 90.63000
237.40000	 90.63000	 57.56710	 90.63000
237.60000	 90.58000	 57.58246	 90.58000
237.80000	 90.51000	 57.58474	 90.51000
238.00000	 90.39000	 57.54881	 90.39000
238.20000	 90.24000	 57.49089	 90.24000
238.40000	 90.00000	 57.36203	 90.00000
238.60000	 89.72000	 57.20390	 89.72000
238.80000	 89.41000	 57.02563	 89.41000
239.00000	 89.08000	 56.83640	 89.08000
239.20000	 88.65000	 56.57174	 88.65000
239.40000	 88.21000	 56.30680	 88.21000
239.60000	 87.87000	 56.13278	 87.87000
239.80000	 87.67000	 56.08258	 87.67000
240.00000	 87.76000	 56.27774	 87.76000
240.20000	 88.11000	 56.69034	 88.11000
240.40000	 88.66000	 57.26631	 88.66000
240.60000	 89.41000	 57.99978	 89.41000
240.80000	 90.51000	 59.00690	 90.51000
241.00000	 91.72000	 60.08326	 91.72000
241.20000	 92.96000	 61.15589	 92.96000
241.40000	 94.11000	 62.12037	 94.11000
241.60000	 95.08000	 62.89892	 95.08000
241.80000	 95.85000	 63.47357	 95.85000
242.00000	 96.38000	 63.81231	 96.38000
242.20000	 96.34000	 63.64833	 96.34000
242.40000	 95.99000	 63.20177	 95.99000
242.60000	 95.49000	 62.61269	 95.49000
242.80000	 94.94000	 61.97206	 94.94000
243.00000	 94.75000	 61.62338	 94.75000
243.20000	 94.68000	 61.37451	 94.68000
243.40000	 94.66000	 61.17063	 94.66000
243.60000	 94.67000	 60.99698	 94.67000
243.80000	 94.69000	 60.83824	 94.69000
244.00000	 94.69000	 60.67060	 94.69000
244.20000	 94.66000	 60.48656	 94.66000
244.40000	 94.60000	 60.28686	 94.60000
244.60000	 94.47000	 60.03953	 94.47000
244.80000	 94.08000	 59.59035	 94.08000
245.00000	 93.54000	 59.03218	 93.54000
245.20000	 93.08000	 58.55661	 93.08000
245.40000	 92.76000	 58.21484	 92.76000
245.60000	 92.86000	 58.23624	 92.86000
245.80000	 93.42000	 58.65026	 93.42000
246.00000	 94.14000	 59.20492	 94.14000
246.20000	 94.95000	 59.83595	 94.95000
246.40000	 95.76000	 60.46305	 95.76000
246.60000	 96.52000	 61.03976	 96.52000
246.80000	 97.17000	 61.51281	 97.17000
247.00000	 97.67000	 61.84701	 97.67000
247.20000	 97.76000	 61.82910	 97.76000
247.40000	 97.60000	 61.59283	 97.60000
247.60000	 97.31000	 61.24100	 97.31000
247.80000	 96.93000	 60.81142	 96.93000
248.00000	 96.61000	 60.43179	 96.61000
248.20000	 96.29000	 60.05684	 96.29000
248.40000	 95.99000	 59.70604	 95.99000
248.60000	 95.71000	 59.38179	 95.71000
248.80000	 95.55000	 59.16756	 95.55000
249.00000	 95.44000	 59.00648	 95.44000
249.20000	 95.36000	 58.88194	 95.36000
249.40000	 95.27000	 58.76065	 95.27000
249.60000	 95.14000	 58.61753	 95.14000
249.80000	 94.98000	 58.46052	 94.98000
250.00000	 94.77000	 58.27318	 94.77000
250.20000	 94.52000	 58.06390	 94.52000
250.40000	 94.14000	 57.75948	 94.14000
250.60000	 93.69000	 57.41026	 93.69000
250.80000	 93.19000	 57.03409	 93.19000
251.00000	 92.66000	 56.64883	 92.66000
251.20000	 92.11000	 56.26401	 92.11000
251.40000	 91.58000	 55.91345	 91.58000
251.60000	 91.06000	 55.58955	 91.06000
251.80000	 90.56000	 55.30069	 90.56000
252.00000	 90.09000	 55.05483	 90.09000
252.20000	 89.64000	 54.84319	 89.64000
252.40000	 89.21000	 54.66488	 89.21000
252.60000	 88.86000	 54.56786	 88.86000
252.80000	 88.61000	 54.56675	 88.61000
253.00000	 88.49000	 54.68360	 88.49000
253.20000	 88.76000	 55.12778	 88.76000
253.40000	 89.13000	 55.65614	 89.13000
253.60000	 89.54000	 56.21374	 89.54000
253.80000	 89.93000	 56.74625	 89.93000
254.00000	 90.12000	 57.10233	 90.12000
254.20000	 90.15000	 57.31296	 90.15000
254.40000	 90.13000	 57.46808	 90.13000
254.60000	 90.08000	 57.58461	 90.08000
254.80000	 90.03000	 57.68796	 90.03000
255.00000	 89.98000	 57.77903	 89.98000
255.20000	 89.96000	 57.88322	 89.96000
255.40000	 89.97000	 58.00118	 89.97000
255.60000	 90.03000	 58.14964	 90.03000
255.80000	 90.16000	 58.34501	 90.16000
256.00000	 90.36000	 58.58688	 90.36000
256.20000	 90.65000	 58.89079	 90.65000
256.40000	 91.12000	 59.32905	 91.12000
256.60000	 91.80000	 59.92378	 91.80000
256.80000	 92.48000	 60.49971	 92.48000
257.00000	 93.12000	 61.02134	 93.12000
257.20000	 93.51000	 61.31517	 93.51000
257.40000	 93.60000	 61.34112	 93.60000
257.60000	 93.55000	 61.23337	 93.55000
257.80000	 93.40000	 61.02881	 93.40000
258.00000	 93.19000	 60.76465	 93.19000
258.20000	 92.97000	 60.48617	 92.97000
258.40000	 92.69000	 60.15635	 92.69000
258.60000	 92.38000	 59.80348	 92.38000
258.80000	 92.03000	 59.42277	 92.03000
259.00000	 91.59000	 58.97649	 91.59000
259.20000	 91.13000	 58.52513	 91.13000
259.40000	 90.70000	 58.11240	 90.70000
259.60000	 90.34000	 57.77295	 90.34000
259.80000	 90.18000	 57.61397	 90.18000
260.00000	 90.25000	 57.65894	 90.25000
260.20000	 90.39000	 57.77408	 90.39000
260.40000	 90.54000	 57.90716	 90.54000
260.60000	 90.63000	 57.99805	 90.63000
260.80000	 90.59000	 57.98752	 90.59000
261.00000	 90.49000	 57.93210	 90.49000
261.20000	 90.34000	 57.83984	 90.34000
261.40000	 90.13000	 57.70281	 90.13000
261.60000	 89.82000	 57.48896	 89.82000
261.80000	 89.47000	 57.24865	 89.47000
262.00000	 89.10000	 56.99960	 89.10000
262.20000	 88.72000	 56.75120	 88.72000
262.40000	 88.35000	 56.52083	 88.35000
262.60000	 87.99000	 56.30913	 87.99000
262.80000	 87.67000	 56.14101	 87.67000
263.00000	 87.40000	 56.02450	 87.40000
263.20000	 87.20000	 55.97529	 87.20000
263.40000	 87.08000	 56.00035	 87.08000
263.60000	 87.07000	 56.12241	 87.07000
263.80000	 87.18000	 56.34718	 87.18000
264.00000	 87.48000	 56.72877	 87.48000
264.20000	 88.04000	 57.32022	 88.04000
264.40000	 88.65000	 57.94423	 88.65000
264.60000	 89.27000	 58.56303	 89.27000
264.80000	 89.76000	 59.05798	 89.76000
265.00000	 90.10000	 59.41046	 90.10000
265.20000	 90.37000	 59.68541	 90.37000
265.40000	 90.57000	 59.88323	 90.57000
265.60000	 90.69000	 59.99688	 90.69000
265.80000	 90.76000	 60.05270	 90.76000
266.00000	 90.78000	 60.05281	 90.78000
266.20000	 90.76000	 60.00774	 90.76000
266.40000	 90.75000	 59.96083	 90.75000
266.60000	 90.72000	 59.88964	 90.72000
266.80000	 90.66000	 59.78801	 90.66000
267.00000	 90.59000	 59.67429	 90.59000
267.20000	 90.49000	 59.53394	 90.49000
267.40000	 90.36000	 59.36877	 90.36000
267.60000	 90.23000	 59.20506	 90.23000
267.80000	 90.09000	 59.03610	 90.09000
268.00000	 89.97000	 58.88770	 89.97000
268.20000	 89.86000	 58.75256	 89.86000
268.40000	 89.74000	 58.61491	 89.74000
268.60000	 89.60000	 58.46711	 89.60000
268.80000	 89.44000	 58.30969	 89.44000
269.00000	 89.24000	 58.12682	 89.24000
269.20000	 89.02000	 57.93557	 89.02000
269.40000	 88.77000	 57.72841	 88.77000
269.60000	 88.47000	 57.48971	 88.47000
269.80000	 88.12000	 57.22035	 88.12000
270.00000	 87.74000	 56.93775	 87.74000
270.20000	 87.32000	 56.63474	 87.32000
270.40000	 86.88000	 56.32870	 86.88000
270.60000	 86.34000	 55.95511	 86.34000
270.80000	 85.78000	 55.58079	 85.78000
271.00000	 85.24000	 55.23962	 85.24000
271.20000	 84.75000	 54.95676	 84.75000
271.40000	 84.36000	 54.77303	 84.36000
271.60000	 84.11000	 54.72008	 84.11000
271.80000	 83.96000	 54.76299	 83.96000
272.00000	 83.94000	 54.92345	 83.94000
272.20000	 84.04000	 55.18971	 84.04000
272.40000	 84.44000	 55.70487	 84.44000
272.60000	 84.93000	 56.29131	 84.93000
272.80000	 85.43000	 56.87794	 85.43000
273.00000	 85.91000	 57.43543	 85.91000
273.20000	 86.14000	 57.77201	 86.14000
273.40000	 86.30000	 58.03394	 86.30000
273.60000	 86.40000	 58.22938	 86.40000
273.80000	 86.46000	 58.37537	 86.46000
274.00000	 86.53000	 58.51387	 86.53000
274.20000	 86.58000	 58.62135	 86.58000
274.40000	 86.61000	 58.69898	 86.61000
274.60000	 86.63000	 58.75624	 86.63000
274.80000	 86.61000	 58.76991	 86.61000
275.00000	 86.59000	 58.77424	 86.59000
275.20000	 86.61000	 58.80334	 86.61000
275.40000	 86.70000	 58.88270	 86.70000
275.60000	 86.96000	 59.09437	 86.96000
275.80000	 87.36000	 59.41278	 87.36000
276.00000	 87.82000	 59.77056	 87.82000
276.20000	 88.33000	 60.15754	 88.33000
276.40000	 88.89000	 60.57171	 88.89000
276.60000	 89.44000	 60.96211	 89.44000
276.80000	 89.95000	 61.30285	 89.95000
277.00000	 90.39000	 61.56875	 90.39000
277.20000	 90.64000	 61.66193	 90.64000
277.40000	 90.79000	 61.65793	 90.79000
277.60000	 90.87000	 61.58387	 90.87000
277.80000	 90.87000	 61.43451	 90.87000
278.00000	 90.81000	 61.22941	 90.81000
278.20000	 90.70000	 60.98002	 90.70000
278.40000	 90.57000	 60.71407	 90.57000
278.60000	 90.45000	 60.45896	 90.45000
278.80000	 90.39000	 60.25785	 90.39000
279.00000	 90.32000	 60.05492	 90.32000
279.20000	 90.25000	 59.85952	 90.25000
279.40000	 90.15000	 59.64803	 90.15000
279.60000	 89.94000	 59.35596	 89.94000
279.80000	 89.70000	 59.05029	 89.70000
280.00000	 89.49000	 58.78153	 89.49000
280.20000	 89.33000	 58.56685	 89.33000
280.40000	 89.38000	 58.53724	 89.38000
280.60000	 89.51000	 58.58465	 89.51000
280.80000	 89.66000	 58.65779	 89.66000
281.00000	 89.79000	 58.72181	 89.79000
281.20000	 89.74000	 58.64414	 89.74000
281.40000	 89.62000	 58.51468	 89.62000
281.60000	 89.46000	 58.35841	 89.46000
281.80000	 89.26000	 58.17601	 89.26000
282.00000	 89.05000	 57.99279	 89.05000
282.20000	 88.84000	 57.81761	 88.84000
282.40000	 88.61000	 57.63460	 88.61000
282.60000	 88.36000	 57.44424	 88.36000
282.80000	 88.05000	 57.21428	 88.05000
283.00000	 87.67000	 56.93731	 87.67000
283.20000	 87.35000	 56.72075	 87.35000
283.40000	 87.12000	 56.58943	 87.12000
283.60000	 87.08000	 56.62453	 87.08000
283.80000	 87.40000	 56.96286	 87.40000
284.00000	 87.82000	 57.38699	 87.82000
284.20000	 88.29000	 57.85107	 88.29000
284.40000	 88.73000	 58.28513	 88.73000
284.60000	 89.07000	 58.62839	 89.07000
284.80000	 89.35000	 58.91148	 89.35000
285.00000	 89.55000	 59.11693	 89.55000
285.20000	 89.59000	 59.17915	 89.59000
285.40000	 89.43000	 59.06676	 89.43000
285.60000	 89.20000	 58.88889	 89.20000
285.80000	 88.93000	 58.67314	 88.93000
286.00000	 88.63000	 58.43065	 88.63000
286.20000	 88.35000	 58.20505	 88.35000
286.40000	 88.13000	 58.03123	 88.13000
286.60000	 88.01000	 57.94317	 88.01000
286.80000	 88.11000	 58.03923	 88.11000
287.00000	 88.51000	 58.38318	 88.51000
287.20000	 88.99000	 58.79128	 88.99000
287.40000	 89.48000	 59.20241	 89.48000
287.60000	 89.86000	 59.51515	 89.86000
