  0.00000	 91.59000	 59.51480	 91.59000
  0.20000	 91.33000	 59.28491	 91.33000
  0.40000	 91.30000	 59.24632	 91.30000
  0.60000	 91.46000	 59.36596	 91.46000
  0.80000	 91.76000	 59.60203	 91.76000
  1.00000	 92.16000	 59.92091	 92.16000
  1.20000	 92.61000	 60.28060	 92.61000
  1.40000	 93.08000	 60.65580	 93.08000
  1.60000	 93.52000	 61.00464	 93.52000
  1.80000	 93.85000	 61.26047	 93.85000
  2.00000	 94.10000	 61.44836	 94.10000
  2.20000	 94.24000	 61.54359	 94.24000
  2.40000	 94.18000	 61.47164	 94.18000
  2.60000	 93.99000	 61.29131	 93.99000
  2.80000	 93.72000	 61.04482	 93.72000
  3.00000	 93.43000	 60.78262	 93.43000
  3.20000	 93.15000	 60.53006	 93.15000
  3.40000	 92.86000	 60.27074	 92.86000
  3.60000	 92.57000	 60.01315	 92.57000
  3.80000	 92.32000	 59.79066	 92.32000
  4.00000	 92.11000	 59.60323	 92.11000
  4.20000	 91.91000	 59.42583	 91.91000
  4.40000	 91.71000	 59.25002	 91.71000
  4.60000	 91.51000	 59.07573	 91.51000
  4.80000	 91.26000	 58.86128	 91.26000
  5.00000	 91.01000	 58.64830	 91.01000
  5.20000	 90.78000	 58.45341	 90.78000
  5.40000	 90.58000	 58.28489	 90.58000
  5.60000	 90.41000	 58.14264	 90.41000
  5.80000	 90.28000	 58.03485	 90.28000
  6.00000	 90.21000	 57.97799	 90.21000
  6.20000	 90.23000	 57.99679	 90.23000
  6.40000	 90.36000	 58.10759	 90.36000
  6.60000	 90.63000	 58.33493	 90.63000
  6.80000	 90.97000	 58.62008	 90.97000
  7.00000	 91.38000	 58.96259	 91.38000
  7.20000	 91.88000	 59.37868	 91.88000
  7.40000	 92.43000	 59.83465	 92.43000
  7.60000	 92.96000	 60.27192	 92.96000
  7.80000	 93.44000	 60.66535	 93.44000
  8.00000	 93.80000	 60.95669	 93.80000
  8.20000	 94.08000	 61.17942	 94.08000
  8.40000	 94.29000	 61.34215	 94.29000
  8.60000	 94.48000	 61.48682	 94.48000
  8.80000	 94.56000	 61.53883	 94.56000
  9.00000	 94.46000	 61.44032	 94.46000
  9.20000	 93.97000	 61.01719	 93.97000
  9.40000	 93.16000	 60.32869	 93.16000
  9.60000	 92.28000	 59.58402	 92.28000
  9.80000	 91.45000	 58.88394	 91.45000
 10.00000	 91.23000	 58.69480	 91.23000
 10.20000	 91.23000	 58.69148	 91.23000
 10.40000	 91.32000	 58.76498	 91.32000
 10.60000	 91.45000	 58.87294	 91.45000
 10.80000	 91.52000	 58.93159	 91.52000
 11.00000	 91.24000	 58.69936	 91.24000
 11.20000	 90.91000	 58.42619	 90.91000
 11.40000	 90.52000	 58.10409	 90.52000
 11.60000	 90.11000	 57.76665	 90.11000
 11.80000	 89.69000	 57.42240	 89.69000
 12.00000	 89.27000	 57.07985	 89.27000
 12.20000	 88.89000	 56.77234	 88.89000
 12.40000	 88.55000	 56.49986	 88.55000
 12.60000	 88.30000	 56.30390	 88.30000
 12.80000	 88.20000	 56.23414	 88.20000
 13.00000	 88.16000	 56.21529	 88.16000
 13.20000	 88.19000	 56.25528	 88.19000
 13.40000	 88.27000	 56.33706	 88.27000
 13.60000	 88.39000	 56.45198	 88.39000
 13.80000	 88.56000	 56.60804	 88.56000
 14.00000	 88.77000	 56.79664	 88.77000
 14.20000	 89.02000	 57.01753	 89.02000
 14.40000	 89.32000	 57.27879	 89.32000
 14.60000	 89.65000	 57.56357	 89.65000
 14.80000	 90.00000	 57.86335	 90.00000
 15.00000	 90.38000	 58.18631	 90.38000
 15.20000	 90.87000	 58.59886	 90.87000
 15.40000	 91.30000	 58.95934	 91.30000
 15.60000	 91.62000	 59.22609	 91.62000
 15.80000	 91.67000	 59.26620	 91.67000
 16.00000	 91.43000	 59.06362	 91.43000
 16.20000	 91.05000	 58.74400	 91.05000
 16.40000	 90.58000	 58.34981	 90.58000
 16.60000	 90.08000	 57.93167	 90.08000
 16.80000	 89.56000	 57.49843	 89.56000
 17.00000	 89.05000	 57.07542	 89.05000
 17.20000	 88.57000	 56.67951	 88.57000
 17.40000	 88.30000	 56.46052	 88.30000
 17.60000	 88.14000	 56.33493	 88.14000
 17.80000	 88.02000	 56.24410	 88.02000
 18.00000	 87.92000	 56.17103	 87.92000
 18.20000	 87.82000	 56.09878	 87.82000
 18.40000	 87.60000	 55.92733	 87.60000
 18.60000	 87.35000	 55.73160	 87.35000
 18.80000	 87.11000	 55.54493	 87.11000
 19.00000	 86.86000	 55.35073	 86.86000
 19.20000	 86.63000	 55.17397	 86.63000
 19.40000	 86.42000	 55.01463	 86.42000
 19.60000	 86.24000	 54.88099	 86.24000
 19.80000	 86.13000	 54.80620	 86.13000
 20.00000	 86.08000	 54.78178	 86.08000
 20.20000	 86.14000	 54.84908	 86.14000
 20.40000	 86.30000	 54.99944	 86.30000
 20.60000	 86.55000	 55.22414	 86.55000
 20.80000	 86.88000	 55.51445	 86.88000
 21.00000	 87.34000	 55.91155	 87.34000
 21.20000	 87.91000	 56.39833	 87.91000
 21.40000	 88.53000	 56.92440	 88.53000
 21.60000	 89.18000	 57.47270	 89.18000
 21.80000	 89.82000	 58.00969	 89.82000
 22.00000	 90.44000	 58.52690	 90.44000
 22.20000	 91.00000	 58.99100	 91.00000
 22.40000	 91.45000	 59.36051	 91.45000
 22.60000	 91.75000	 59.60245	 91.75000
 22.80000	 91.95000	 59.75888	 91.95000
 23.00000	 92.04000	 59.82199	 92.04000
 23.20000	 92.06000	 59.82560	 92.06000
 23.40000	 91.97000	 59.73695	 91.97000
 23.60000	 91.79000	 59.57319	 91.79000
 23.80000	 91.47000	 59.29326	 91.47000
 24.00000	 91.03000	 58.91436	 91.03000
 24.20000	 90.56000	 58.51196	 90.56000
 24.40000	 90.07000	 58.09480	 90.07000
 24.60000	 89.72000	 57.79629	 89.72000
 24.80000	 89.44000	 57.55815	 89.44000
 25.00000	 89.19000	 57.34695	 89.19000
 25.20000	 88.97000	 57.16249	 88.97000
 25.40000	 88.76000	 56.98795	 88.76000
 25.60000	 88.53000	 56.79821	 88.53000
 25.80000	 88.32000	 56.62645	 88.32000
 26.00000	 88.12000	 56.46424	 88.12000
 26.20000	 87.94000	 56.31980	 87.94000
 26.40000	 87.78000	 56.19301	 87.78000
 26.60000	 87.64000	 56.08375	 87.64000
 26.80000	 87.54000	 56.00853	 87.54000
 27.00000	 87.48000	 55.96720	 87.48000
 27.20000	 87.47000	 55.96788	 87.47000
 27.40000	 87.57000	 56.06030	 87.57000
 27.60000	 87.71000	 56.18587	 87.71000
 27.80000	 87.88000	 56.33600	 87.88000
 28.00000	 88.05000	 56.48549	 88.05000
 28.20000	 88.14000	 56.56763	 88.14000
 28.40000	 88.20000	 56.62405	 88.20000
 28.60000	 88.32000	 56.72969	 88.32000
 28.80000	 88.52000	 56.90116	 88.52000
 29.00000	 88.93000	 57.24645	 88.93000
 29.20000	 89.49000	 57.71519	 89.49000
 29.40000	 90.13000	 58.24862	 90.13000
 29.60000	 90.82000	 58.82131	 90.82000
 29.80000	 91.51000	 59.39127	 91.51000
 30.00000	 92.23000	 59.98323	 92.23000
 30.20000	 92.95000	 60.57205	 92.95000
 30.40000	 93.72000	 61.19922	 93.72000
 30.60000	 94.49000	 61.82305	 94.49000
 30.80000	 95.15000	 62.35199	 95.15000
 31.00000	 95.58000	 62.68640	 95.58000
 31.20000	 95.68000	 62.74363	 95.68000
 31.40000	 95.60000	 62.64941	 95.60000
 31.60000	 95.38000	 62.43797	 95.38000
 31.80000	 95.03000	 62.11853	 95.03000
 32.00000	 94.60000	 61.73350	 94.60000
 32.20000	 94.14000	 61.32514	 94.14000
 32.40000	 93.69000	 60.92725	 93.69000
 32.60000	 93.51000	 60.75640	 93.51000
 32.80000	 93.41000	 60.65426	 93.41000
 33.00000	 93.32000	 60.56227	 93.32000
 33.20000	 93.22000	 60.46353	 93.22000
 33.40000	 93.04000	 60.29963	 93.04000
 33.60000	 92.58000	 59.90419	 92.58000
 33.80000	 92.07000	 59.46899	 92.07000
 34.00000	 91.52000	 59.00272	 91.52000
 34.20000	 90.97000	 58.53895	 90.97000
 34.40000	 90.49000	 58.13610	 90.49000
 34.60000	 90.10000	 57.81076	 90.10000
 34.80000	 89.75000	 57.52117	 89.75000
 35.00000	 89.44000	 57.26709	 89.44000
 35.20000	 89.17000	 57.04829	 89.17000
 35.40000	 88.95000	 56.87283	 88.95000
 35.60000	 88.79000	 56.74877	 88.79000
 35.80000	 88.66000	 56.65085	 88.66000
 36.00000	 88.56000	 56.57880	 88.56000
 36.20000	 88.49000	 56.53239	 88.49000
 36.40000	 88.40000	 56.46980	 88.40000
 36.60000	 88.33000	 56.42419	 88.33000
 36.80000	 88.31000	 56.42039	 88.31000
 37.00000	 88.36000	 56.47488	 88.36000
 37.20000	 88.51000	 56.61239	 88.51000
 37.40000	 88.79000	 56.85754	 88.79000
 37.60000	 89.17000	 57.18495	 89.17000
 37.80000	 89.67000	 57.61080	 89.67000
 38.00000	 90.31000	 58.15126	 90.31000
 38.20000	 91.20000	 58.89727	 91.20000
 38.40000	 92.14000	 59.68169	 92.14000
 38.60000	 93.06000	 60.44572	 93.06000
 38.80000	 93.87000	 61.11418	 93.87000
 39.00000	 94.49000	 61.62052	 94.49000
 39.20000	 94.98000	 62.01503	 94.98000
 39.40000	 95.33000	 62.28988	 95.33000
 39.60000	 95.51000	 62.42071	 95.51000
 39.80000	 95.54000	 62.42489	 95.54000
 40.00000	 95.43000	 62.31149	 95.43000
 40.20000	 95.11000	 62.02305	 95.11000
 40.40000	 94.65000	 61.61865	 94.65000
 40.60000	 94.14000	 61.17399	 94.14000
 40.80000	 93.62000	 60.72298	 93.62000
 41.00000	 93.34000	 60.47398	 93.34000
 41.20000	 93.12000	 60.27715	 93.12000
 41.40000	 92.94000	 60.11562	 92.94000
 41.60000	 92.78000	 59.97253	 92.78000
 41.80000	 92.61000	 59.82271	 92.61000
 42.00000	 92.41000	 59.64938	 92.41000
 42.20000	 92.21000	 59.47743	 92.21000
 42.40000	 92.00000	 59.29850	 92.00000
 42.60000	 91.79000	 59.12087	 91.79000
 42.80000	 91.53000	 58.90290	 91.53000
 43.00000	 91.26000	 58.67792	 91.26000
 43.20000	 91.00000	 58.46261	 91.00000
 43.40000	 90.75000	 58.25694	 90.75000
 43.60000	 90.53000	 58.07754	 90.53000
 43.80000	 90.36000	 57.94094	 90.36000
 44.00000	 90.22000	 57.83035	 90.22000
 44.20000	 90.12000	 57.75394	 90.12000
 44.40000	 90.05000	 57.70319	 90.05000
 44.60000	 90.04000	 57.70287	 90.04000
 44.80000	 90.06000	 57.72781	 90.06000
 45.00000	 90.12000	 57.78610	 90.12000
 45.20000	 90.20000	 57.86089	 90.20000
 45.40000	 90.32000	 57.96867	 90.32000
 45.60000	 90.46000	 58.09259	 90.46000
 45.80000	 90.61000	 58.22419	 90.61000
 46.00000	 90.76000	 58.35505	 90.76000
 46.20000	 90.89000	 58.46844	 90.89000
 46.40000	 91.02000	 58.58101	 91.02000
 46.60000	 91.15000	 58.69276	 91.15000
 46.80000	 91.27000	 58.79537	 91.27000
 47.00000	 91.39000	 58.89721	 91.39000
 47.20000	 91.48000	 58.97334	 91.48000
 47.40000	 91.56000	 59.04048	 91.56000
 47.60000	 91.58000	 59.05711	 91.58000
 47.80000	 91.52000	 59.00675	 91.52000
 48.00000	 91.46000	 58.95620	 91.46000
 48.20000	 91.41000	 58.91394	 91.41000
 48.40000	 91.47000	 58.96326	 91.47000
 48.60000	 91.64000	 59.10404	 91.64000
 48.80000	 91.80000	 59.23619	 91.80000
 49.00000	 91.93000	 59.34293	 91.93000
 49.20000	 91.92000	 59.33268	 91.92000
 49.40000	 91.77000	 59.20565	 91.77000
 49.60000	 91.56000	 59.02877	 91.56000
 49.80000	 91.31000	 58.81903	 91.31000
 50.00000	 91.02000	 58.57672	 91.02000
 50.20000	 90.71000	 58.31876	 90.71000
 50.40000	 90.37000	 58.03702	 90.37000
 50.60000	 90.03000	 57.75664	 90.03000
 50.80000	 89.68000	 57.46940	 89.68000
 51.00000	 89.34000	 57.19202	 89.34000
 51.20000	 89.00000	 56.91620	 89.00000
 51.40000	 88.67000	 56.65025	 88.67000
 51.60000	 88.36000	 56.40246	 88.36000
 51.80000	 88.05000	 56.15612	 88.05000
 52.00000	 87.77000	 55.93612	 87.77000
 52.20000	 87.51000	 55.73404	 87.51000
 52.40000	 87.27000	 55.54975	 87.27000
 52.60000	 87.06000	 55.39146	 87.06000
 52.80000	 86.88000	 55.25901	 86.88000
 53.00000	 86.73000	 55.15224	 86.73000
 53.20000	 86.63000	 55.08764	 86.63000
 53.40000	 86.58000	 55.06499	 86.58000
 53.60000	 86.58000	 55.08409	 86.58000
 53.80000	 86.63000	 55.14468	 86.63000
 54.00000	 86.74000	 55.25484	 86.74000
 54.20000	 86.90000	 55.40600	 86.90000
 54.40000	 87.12000	 55.60621	 87.12000
 54.60000	 87.41000	 55.86354	 87.41000
 54.80000	 87.79000	 56.19433	 87.79000
 55.00000	 88.34000	 56.66481	 88.34000
 55.20000	 89.13000	 57.33271	 89.13000
 55.40000	 89.93000	 58.00599	 89.93000
 55.60000	 90.66000	 58.61764	 90.66000
 55.80000	 91.13000	 59.00943	 91.13000
 56.00000	 91.36000	 59.19835	 91.36000
 56.20000	 91.48000	 59.29322	 91.48000
 56.40000	 91.52000	 59.31966	 91.52000
 56.60000	 91.55000	 59.33651	 91.55000
 56.80000	 91.51000	 59.29428	 91.51000
 57.00000	 91.42000	 59.21005	 91.42000
 57.20000	 91.25000	 59.05923	 91.25000
 57.40000	 91.01000	 58.85053	 91.01000
 57.60000	 90.74000	 58.61760	 90.74000
 57.80000	 90.46000	 58.37738	 90.46000
 58.00000	 90.21000	 58.16336	 90.21000
 58.20000	 89.98000	 57.96729	 89.98000
 58.40000	 89.76000	 57.78087	 89.76000
 58.60000	 89.54000	 57.59575	 89.54000
 58.80000	 89.32000	 57.41190	 89.32000
 59.00000	 89.09000	 57.22097	 89.09000
 59.20000	 88.88000	 57.04790	 88.88000
 59.40000	 88.67000	 56.87600	 88.67000
 59.60000	 88.48000	 56.72184	 88.48000
 59.80000	 88.33000	 56.60200	 88.33000
 60.00000	 88.21000	 56.50801	 88.21000
 60.20000	 88.09000	 56.41478	 88.09000
 60.40000	 87.97000	 56.32219	 87.97000
 60.60000	 87.82000	 56.20522	 87.82000
 60.80000	 87.62000	 56.04721	 87.62000
 61.00000	 87.43000	 55.89815	 87.43000
 61.20000	 87.27000	 55.77470	 87.27000
 61.40000	 87.16000	 55.69346	 87.16000
 61.60000	 87.15000	 55.69590	 87.15000
 61.80000	 87.21000	 55.75681	 87.21000
 62.00000	 87.33000	 55.86760	 87.33000
 62.20000	 87.52000	 56.03628	 87.52000
 62.40000	 87.77000	 56.25422	 87.77000
 62.60000	 88.10000	 56.53775	 88.10000
 62.80000	 88.50000	 56.87822	 88.50000
 63.00000	 89.00000	 57.30026	 89.00000
 63.20000	 89.72000	 57.90330	 89.72000
 63.40000	 90.48000	 58.53703	 90.48000
 63.60000	 91.23000	 59.15940	 91.23000
 63.80000	 91.88000	 59.69527	 91.88000
 64.00000	 92.35000	 60.07814	 92.35000
 64.20000	 92.66000	 60.32497	 92.66000
 64.40000	 92.80000	 60.42799	 92.80000
 64.60000	 92.59000	 60.23813	 92.59000
 64.80000	 92.17000	 59.87290	 92.17000
 65.00000	 91.67000	 59.44152	 91.67000
 65.20000	 91.20000	 59.03635	 91.20000
 65.40000	 90.98000	 58.84093	 90.98000
 65.60000	 90.80000	 58.68049	 90.80000
 65.80000	 90.67000	 58.56320	 90.67000
 66.00000	 90.55000	 58.45559	 90.55000
 66.20000	 90.38000	 58.30761	 90.38000
 66.40000	 90.20000	 58.15247	 90.20000
 66.60000	 90.02000	 57.99849	 90.02000
 66.80000	 89.84000	 57.84563	 89.84000
 67.00000	 89.67000	 57.70218	 89.67000
 67.20000	 89.52000	 57.57642	 89.52000
 67.40000	 89.37000	 57.45162	 89.37000
 67.60000	 89.22000	 57.32774	 89.22000
 67.80000	 89.07000	 57.20472	 89.07000
 68.00000	 88.94000	 57.09916	 88.94000
 68.20000	 88.81000	 56.99433	 88.81000
 68.40000	 88.66000	 56.87357	 88.66000
 68.60000	 88.50000	 56.74516	 88.50000
 68.80000	 88.28000	 56.56752	 88.28000
 69.00000	 88.01000	 56.34906	 88.01000
 69.20000	 87.76000	 56.14816	 87.76000
 69.40000	 87.53000	 55.96486	 87.53000
 69.60000	 87.39000	 55.85739	 87.39000
 69.80000	 87.34000	 55.82558	 87.34000
 70.00000	 87.32000	 55.81925	 87.32000
 70.20000	 87.33000	 55.83817	 87.33000
 70.40000	 87.30000	 55.82389	 87.30000
 70.60000	 87.18000	 55.73473	 87.18000
 70.80000	 87.09000	 55.67062	 87.09000
 71.00000	 87.08000	 55.67316	 87.08000
 71.20000	 87.17000	 55.75886	 87.17000
 71.40000	 87.44000	 55.99402	 87.44000
 71.60000	 87.85000	 56.34491	 87.85000
 71.80000	 88.39000	 56.80265	 88.39000
 72.00000	 89.10000	 57.39995	 89.10000
 72.20000	 90.02000	 58.16943	 90.02000
 72.40000	 91.02000	 59.00218	 91.02000
 72.60000	 92.06000	 59.86431	 92.06000
 72.80000	 93.12000	 60.73871	 93.12000
 73.00000	 94.12000	 61.55856	 94.12000
 73.20000	 94.96000	 62.24060	 94.96000
 73.40000	 95.55000	 62.71024	 95.55000
 73.60000	 95.86000	 62.94318	 95.86000
 73.80000	 95.89000	 62.94036	 95.89000
 74.00000	 95.47000	 62.56150	 95.47000
 74.20000	 94.74000	 61.92460	 94.74000
 74.40000	 93.86000	 61.16432	 93.86000
 74.60000	 93.05000	 60.46496	 93.05000
 74.80000	 92.31000	 59.82728	 92.31000
 75.00000	 91.62000	 59.23498	 91.62000
 75.20000	 90.99000	 58.69649	 90.99000
 75.40000	 90.52000	 58.29496	 90.52000
 75.60000	 90.17000	 57.99675	 90.17000
 75.80000	 89.89000	 57.75981	 89.89000
 76.00000	 89.64000	 57.55040	 89.64000
 76.20000	 89.40000	 57.35149	 89.40000
 76.40000	 89.09000	 57.09622	 89.09000
 76.60000	 88.70000	 56.77616	 88.70000
 76.80000	 88.32000	 56.46623	 88.32000
 77.00000	 87.94000	 56.15809	 87.94000
 77.20000	 87.58000	 55.86837	 87.58000
 77.40000	 87.22000	 55.58035	 87.22000
 77.60000	 86.90000	 55.32725	 86.90000
 77.80000	 86.64000	 55.12559	 86.64000
 78.00000	 86.47000	 55.00012	 86.47000
 78.20000	 86.41000	 54.96717	 86.41000
 78.40000	 86.55000	 55.10122	 86.55000
 78.60000	 86.81000	 55.33510	 86.81000
 78.80000	 87.20000	 55.67654	 87.20000
 79.00000	 87.71000	 56.11657	 87.71000
 79.20000	 88.43000	 56.72945	 88.43000
 79.40000	 89.27000	 57.43956	 89.27000
 79.60000	 90.12000	 58.15473	 90.12000
 79.80000	 90.91000	 58.81626	 90.91000
 80.00000	 91.48000	 59.29090	 91.48000
 80.20000	 91.95000	 59.67875	 91.95000
 80.40000	 92.34000	 59.99686	 92.34000
 80.60000	 92.77000	 60.34549	 92.77000
 80.80000	 93.11000	 60.61674	 93.11000
 81.00000	 93.27000	 60.73611	 93.27000
 81.20000	 93.02000	 60.51283	 93.02000
 81.40000	 92.38000	 59.96461	 92.38000
 81.60000	 91.61000	 59.30912	 91.61000
 81.80000	 90.84000	 58.65565	 90.84000
 82.00000	 90.34000	 58.22957	 90.34000
 82.20000	 89.91000	 57.86456	 89.91000
 82.40000	 89.55000	 57.56048	 89.55000
 82.60000	 89.25000	 57.30881	 89.25000
 82.80000	 89.03000	 57.12590	 89.03000
 83.00000	 88.85000	 56.97813	 88.85000
 83.20000	 88.70000	 56.85687	 88.70000
 83.40000	 88.55000	 56.73688	 88.55000
 83.60000	 88.40000	 56.61796	 88.40000
 83.80000	 88.14000	 56.40844	 88.14000
 84.00000	 87.87000	 56.19159	 87.87000
 84.20000	 87.59000	 55.96747	 87.59000
 84.40000	 87.30000	 55.73612	 87.30000
 84.60000	 87.02000	 55.51420	 87.02000
 84.80000	 86.75000	 55.30173	 86.75000
 85.00000	 86.49000	 55.09866	 86.49000
 85.20000	 86.26000	 54.92159	 86.26000
 85.40000	 86.07000	 54.77874	 86.07000
 85.60000	 85.94000	 54.68661	 85.94000
 85.80000	 85.86000	 54.63668	 85.86000
 86.00000	 85.83000	 54.62873	 85.83000
 86.20000	 85.86000	 54.67082	 85.86000
 86.40000	 85.92000	 54.73774	 85.92000
 86.60000	 86.03000	 54.84590	 86.03000
 86.80000	 86.26000	 55.05329	 86.26000
 87.00000	 86.63000	 55.37619	 86.63000
 87.20000	 87.29000	 55.93892	 87.29000
 87.40000	 88.20000	 56.70743	 88.20000
 87.60000	 89.22000	 57.56432	 89.22000
 87.80000	 90.28000	 58.45058	 90.28000
 88.00000	 91.29000	 59.29078	 91.29000
 88.20000	 92.23000	 60.06804	 92.23000
 88.40000	 93.10000	 60.78235	 93.10000
 88.60000	 93.91000	 61.44218	 93.91000
 88.80000	 94.60000	 61.99787	 94.60000
 89.00000	 95.09000	 62.38330	 95.09000
 89.20000	 95.22000	 62.46600	 95.22000
 89.40000	 94.93000	 62.19716	 94.93000
 89.60000	 94.42000	 61.74460	 94.42000
 89.80000	 93.81000	 61.20949	 93.81000
 90.00000	 93.25000	 60.71771	 93.25000
 90.20000	 92.68000	 60.21998	 92.68000
 90.40000	 92.13000	 59.74167	 92.13000
 90.60000	 91.63000	 59.30799	 91.63000
 90.80000	 91.32000	 59.03542	 91.32000
 91.00000	 91.06000	 58.80719	 91.06000
 91.20000	 90.84000	 58.61466	 90.84000
 91.40000	 90.63000	 58.43255	 90.63000
 91.60000	 90.40000	 58.23566	 90.40000
 91.80000	 90.08000	 57.96561	 90.08000
 92.00000	 89.75000	 57.68896	 89.75000
 92.20000	 89.42000	 57.41405	 89.42000
 92.40000	 89.10000	 57.14921	 89.10000
 92.60000	 88.78000	 56.88607	 88.78000
 92.80000	 88.49000	 56.64954	 88.49000
 93.00000	 88.23000	 56.43953	 88.23000
 93.20000	 88.02000	 56.27255	 88.02000
 93.40000	 87.89000	 56.17336	 87.89000
 93.60000	 87.91000	 56.19993	 87.91000
 93.80000	 87.99000	 56.27694	 87.99000
 94.00000	 88.10000	 56.37902	 88.10000
 94.20000	 88.25000	 56.51418	 88.25000
 94.40000	 88.30000	 56.56566	 88.30000
 94.60000	 88.34000	 56.60830	 88.34000
 94.80000	 88.45000	 56.70866	 88.45000
 95.00000	 88.67000	 56.89990	 88.67000
 95.20000	 89.20000	 57.34816	 89.20000
 95.40000	 89.89000	 57.92796	 89.89000
 95.60000	 90.63000	 58.54710	 90.63000
 95.80000	 91.36000	 59.15512	 91.36000
 96.00000	 91.99000	 59.67682	 91.99000
 96.20000	 92.55000	 60.13714	 92.55000
 96.40000	 93.02000	 60.51958	 93.02000
 96.60000	 93.44000	 60.85767	 93.44000
 96.80000	 93.72000	 61.07685	 93.72000
 97.00000	 93.78000	 61.11102	 93.78000
 97.20000	 93.41000	 60.78618	 93.41000
 97.40000	 92.66000	 60.14514	 92.66000
 97.60000	 91.76000	 59.38067	 91.76000
 97.80000	 90.83000	 58.59383	 90.83000
 98.00000	 90.13000	 58.00174	 90.13000
 98.20000	 89.49000	 57.46315	 89.49000
 98.40000	 88.90000	 56.96973	 88.90000
 98.60000	 88.37000	 56.52966	 88.37000
 98.80000	 87.93000	 56.16767	 87.93000
 99.00000	 87.56000	 55.86678	 87.56000
 99.20000	 87.24000	 55.60999	 87.24000
 99.40000	 86.97000	 55.39693	 86.97000
 99.60000	 86.75000	 55.22725	 86.75000
 99.80000	 86.57000	 55.09229	 86.57000
100.00000	 86.42000	 54.98343	 86.42000
100.20000	 86.28000	 54.88375	 86.28000
100.40000	 86.16000	 54.80136	 86.16000
100.60000	 86.03000	 54.71112	 86.03000
100.80000	 85.82000	 54.55468	 85.82000
101.00000	 85.61000	 54.39866	 85.61000
101.20000	 85.39000	 54.23476	 85.39000
101.40000	 85.20000	 54.09628	 85.20000
101.60000	 85.03000	 53.97489	 85.03000
101.80000	 84.90000	 53.88716	 84.90000
102.00000	 84.81000	 53.83297	 84.81000
102.20000	 84.77000	 53.82051	 84.77000
102.40000	 84.80000	 53.86622	 84.80000
102.60000	 84.96000	 54.01978	 84.96000
102.80000	 85.18000	 54.22258	 85.18000
103.00000	 85.46000	 54.47428	 85.46000
103.20000	 85.76000	 54.74126	 85.76000
103.40000	 86.02000	 54.97338	 86.02000
103.60000	 86.29000	 55.21214	 86.29000
103.80000	 86.62000	 55.49909	 86.62000
104.00000	 87.02000	 55.84242	 87.02000
104.20000	 87.65000	 56.37506	 87.65000
104.40000	 88.36000	 56.97173	 88.36000
104.60000	 89.06000	 57.55712	 89.06000
104.80000	 89.69000	 58.08109	 89.69000
105.00000	 90.14000	 58.45210	 90.14000
105.20000	 90.49000	 58.73701	 90.49000
105.40000	 90.74000	 58.93624	 90.74000
105.60000	 90.92000	 59.07521	 90.92000
105.80000	 90.99000	 59.12111	 90.99000
106.00000	 90.92000	 59.04949	 90.92000
106.20000	 90.62000	 58.78607	 90.62000
106.40000	 90.10000	 58.33995	 90.10000
106.60000	 89.50000	 57.82850	 89.50000
106.80000	 88.87000	 57.29405	 88.87000
107.00000	 88.43000	 56.92012	 88.43000
107.20000	 88.08000	 56.62356	 88.08000
107.40000	 87.78000	 56.37093	 87.78000
107.60000	 87.54000	 56.17032	 87.54000
107.80000	 87.36000	 56.02148	 87.36000
108.00000	 87.23000	 55.91577	 87.23000
108.20000	 87.12000	 55.82795	 87.12000
108.40000	 87.01000	 55.74112	 87.01000
108.60000	 86.88000	 55.63846	 86.88000
108.80000	 86.60000	 55.41173	 86.60000
109.00000	 86.29000	 55.16094	 86.29000
109.20000	 85.98000	 54.91120	 85.98000
109.40000	 85.68000	 54.67092	 85.68000
109.60000	 85.43000	 54.47343	 85.43000
109.80000	 85.23000	 54.31864	 85.23000
110.00000	 85.11000	 54.23138	 85.11000
110.20000	 85.06000	 54.20309	 85.06000
110.40000	 85.11000	 54.25844	 85.11000
110.60000	 85.36000	 54.48025	 85.36000
110.80000	 85.68000	 54.75979	 85.68000
111.00000	 86.04000	 55.07161	 86.04000
111.20000	 86.42000	 55.39866	 86.42000
111.40000	 86.67000	 55.61587	 86.67000
111.60000	 86.94000	 55.84805	 86.94000
111.80000	 87.22000	 56.08690	 87.22000
112.00000	 87.58000	 56.39065	 87.58000
112.20000	 88.08000	 56.80909	 88.08000
112.40000	 88.59000	 57.23379	 88.59000
112.60000	 89.04000	 57.60634	 89.04000
112.80000	 89.37000	 57.87679	 89.37000
113.00000	 89.55000	 58.02042	 89.55000
113.20000	 89.61000	 58.06260	 89.61000
113.40000	 89.55000	 58.00382	 89.55000
113.60000	 89.31000	 57.79473	 89.31000
113.80000	 88.96000	 57.49423	 88.96000
114.00000	 88.55000	 57.14457	 88.55000
114.20000	 88.10000	 56.76290	 88.10000
114.40000	 87.67000	 56.39956	 87.67000
114.60000	 87.24000	 56.03813	 87.24000
114.80000	 86.83000	 55.69540	 86.83000
115.00000	 86.45000	 55.37973	 86.45000
115.20000	 86.19000	 55.16593	 86.19000
115.40000	 86.00000	 55.01217	 86.00000
115.60000	 85.85000	 54.89319	 85.85000
115.80000	 85.71000	 54.78373	 85.71000
116.00000	 85.57000	 54.67526	 85.57000
116.20000	 85.36000	 54.50939	 85.36000
116.40000	 85.11000	 54.31106	 85.11000
116.60000	 84.87000	 54.12193	 84.87000
116.80000	 84.64000	 53.94201	 84.64000
117.00000	 84.44000	 53.78792	 84.44000
117.20000	 84.24000	 53.63464	 84.24000
117.40000	 84.09000	 53.52369	 84.09000
117.60000	 84.00000	 53.46328	 84.00000
117.80000	 83.99000	 53.46985	 83.99000
118.00000	 84.07000	 53.55144	 84.07000
118.20000	 84.26000	 53.72436	 84.26000
118.40000	 84.56000	 53.98820	 84.56000
118.60000	 84.99000	 54.35914	 84.99000
118.80000	 85.57000	 54.85331	 85.57000
119.00000	 86.39000	 55.54499	 86.39000
119.20000	 87.31000	 56.31694	 87.31000
119.40000	 88.27000	 57.11858	 88.27000
119.60000	 89.23000	 57.91616	 89.23000
119.80000	 90.14000	 58.66780	 90.14000
120.00000	 91.00000	 59.37344	 91.00000
120.20000	 91.77000	 59.99986	 91.77000
120.40000	 92.44000	 60.53901	 92.44000
120.60000	 92.95000	 60.94135	 92.95000
120.80000	 93.27000	 61.18248	 93.27000
121.00000	 93.17000	 61.07180	 93.17000
121.20000	 92.89000	 60.81018	 92.89000
121.40000	 92.52000	 60.47362	 92.52000
121.60000	 92.26000	 60.22942	 92.26000
121.80000	 92.11000	 60.07802	 92.11000
122.00000	 91.97000	 59.93634	 91.97000
122.20000	 91.82000	 59.78777	 91.82000
122.40000	 91.61000	 59.59075	 91.61000
122.60000	 91.35000	 59.35370	 91.35000
122.80000	 91.06000	 59.09341	 91.06000
123.00000	 90.74000	 58.80999	 90.74000
123.20000	 90.39000	 58.50357	 90.39000
123.40000	 90.00000	 58.16594	 90.00000
123.60000	 89.59000	 57.81385	 89.59000
123.80000	 89.19000	 57.47235	 89.19000
124.00000	 88.80000	 57.14148	 88.80000
124.20000	 88.44000	 56.83784	 88.44000
124.40000	 88.12000	 56.56966	 88.12000
124.60000	 87.84000	 56.33680	 87.84000
124.80000	 87.60000	 56.13907	 87.60000
125.00000	 87.40000	 55.97625	 87.40000
125.20000	 87.32000	 55.91467	 87.32000
125.40000	 87.29000	 55.89573	 87.29000
125.60000	 87.27000	 55.88580	 87.27000
125.80000	 87.23000	 55.85968	 87.23000
126.00000	 87.08000	 55.74235	 87.08000
126.20000	 86.75000	 55.47566	 86.75000
126.40000	 86.45000	 55.23466	 86.45000
126.60000	 86.25000	 55.07774	 86.25000
126.80000	 86.28000	 55.11301	 86.28000
127.00000	 86.67000	 55.44818	 86.67000
127.20000	 87.18000	 55.88271	 87.18000
127.40000	 87.76000	 56.37420	 87.76000
127.60000	 88.36000	 56.88041	 88.36000
127.80000	 88.91000	 57.34266	 88.91000
128.00000	 89.43000	 57.77737	 89.43000
128.20000	 89.88000	 58.15122	 89.88000
128.40000	 90.17000	 58.38943	 90.17000
128.60000	 90.36000	 58.54227	 90.36000
128.80000	 90.46000	 58.61851	 90.46000
129.00000	 90.50000	 58.64355	 90.50000
129.20000	 90.47000	 58.60950	 90.47000
129.40000	 90.33000	 58.48350	 90.33000
129.60000	 90.02000	 58.21612	 90.02000
129.80000	 89.47000	 57.74972	 89.47000
130.00000	 88.84000	 57.21820	 88.84000
130.20000	 88.17000	 56.65550	 88.17000
130.40000	 87.57000	 56.15363	 87.57000
130.60000	 87.04000	 55.71278	 87.04000
130.80000	 86.56000	 55.31630	 86.56000
131.00000	 86.12000	 54.95575	 86.12000
131.20000	 85.74000	 54.64760	 85.74000
131.40000	 85.48000	 54.44152	 85.48000
131.60000	 85.27000	 54.27888	 85.27000
131.80000	 85.09000	 54.14270	 85.09000
132.00000	 84.92000	 54.01600	 84.92000
132.20000	 84.74000	 53.88193	 84.74000
132.40000	 84.48000	 53.68209	 84.48000
132.60000	 84.21000	 53.47473	 84.21000
132.80000	 83.94000	 53.26818	 83.94000
133.00000	 83.68000	 53.07078	 83.68000
133.20000	 83.44000	 52.89083	 83.44000
133.40000	 83.24000	 52.74490	 83.24000
133.60000	 83.05000	 52.60792	 83.05000
133.80000	 82.87000	 52.47981	 82.87000
134.00000	 82.71000	 52.36878	 82.71000
134.20000	 82.45000	 52.17491	 82.45000
134.40000	 82.21000	 51.99813	 82.21000
134.60000	 82.06000	 51.89670	 82.06000
134.80000	 82.03000	 51.89542	 82.03000
135.00000	 82.24000	 52.09384	 82.24000
135.20000	 82.73000	 52.52462	 82.73000
135.40000	 83.38000	 53.08707	 83.38000
135.60000	 84.18000	 53.77204	 84.18000
135.80000	 85.12000	 54.57040	 85.12000
136.00000	 86.21000	 55.48972	 86.21000
136.20000	 87.34000	 56.43778	 87.34000
136.40000	 88.45000	 57.36416	 88.45000
136.60000	 89.44000	 58.18542	 89.44000
136.80000	 90.30000	 58.89330	 90.30000
137.00000	 91.05000	 59.50476	 91.05000
137.20000	 91.72000	 60.04520	 91.72000
137.40000	 92.27000	 60.48184	 92.27000
137.60000	 92.64000	 60.76534	 92.64000
137.80000	 92.73000	 60.81321	 92.73000
138.00000	 92.44000	 60.54327	 92.44000
138.20000	 91.99000	 60.13984	 91.99000
138.40000	 91.44000	 59.65399	 91.44000
138.60000	 91.02000	 59.27800	 91.02000
138.80000	 90.63000	 58.92911	 90.63000
139.00000	 90.25000	 58.59088	 90.25000
139.20000	 89.89000	 58.27174	 89.89000
139.40000	 89.55000	 57.97170	 89.55000
139.60000	 89.25000	 57.70734	 89.25000
139.80000	 88.96000	 57.45359	 88.96000
140.00000	 88.67000	 57.20200	 88.67000
140.20000	 88.37000	 56.94415	 88.37000
140.40000	 88.03000	 56.65500	 88.03000
140.60000	 87.64000	 56.32624	 87.64000
140.80000	 87.25000	 55.99951	 87.25000
141.00000	 86.85000	 55.66652	 86.85000
141.20000	 86.46000	 55.34391	 86.46000
141.40000	 86.09000	 55.03998	 86.09000
141.60000	 85.74000	 54.75465	 85.74000
141.80000	 85.42000	 54.49612	 85.42000
142.00000	 85.14000	 54.27260	 85.14000
142.20000	 84.91000	 54.09220	 84.91000
142.40000	 84.75000	 53.97136	 84.75000
142.60000	 84.64000	 53.89315	 84.64000
142.80000	 84.60000	 53.87394	 84.60000
143.00000	 84.62000	 53.90507	 84.62000
143.20000	 84.72000	 54.00288	 84.72000
143.40000	 84.95000	 54.20860	 84.95000
143.60000	 85.24000	 54.46354	 85.24000
143.80000	 85.56000	 54.74236	 85.56000
144.00000	 85.90000	 55.03643	 85.90000
144.20000	 86.21000	 55.30391	 86.21000
144.40000	 86.50000	 55.55303	 86.50000
144.60000	 86.76000	 55.77547	 86.76000
144.80000	 87.00000	 55.97960	 87.00000
145.00000	 87.18000	 56.13224	 87.18000
145.20000	 87.31000	 56.24188	 87.31000
145.40000	 87.43000	 56.34202	 87.43000
145.60000	 87.53000	 56.42451	 87.53000
145.80000	 87.68000	 56.54775	 87.68000
146.00000	 87.84000	 56.67850	 87.84000
146.20000	 87.97000	 56.78351	 87.97000
146.40000	 88.08000	 56.87115	 88.08000
146.60000	 88.10000	 56.88328	 88.10000
146.80000	 88.05000	 56.83677	 88.05000
147.00000	 87.96000	 56.75682	 87.96000
147.20000	 87.85000	 56.66034	 87.85000
147.40000	 87.73000	 56.55583	 87.73000
147.60000	 87.60000	 56.44346	 87.60000
147.80000	 87.47000	 56.33165	 87.47000
148.00000	 87.33000	 56.21215	 87.33000
148.20000	 87.22000	 56.11831	 87.22000
148.40000	 87.12000	 56.03347	 87.12000
148.60000	 87.04000	 55.96590	 87.04000
148.80000	 86.98000	 55.91556	 86.98000
149.00000	 86.93000	 55.87404	 86.93000
149.20000	 86.93000	 55.87453	 86.93000
149.40000	 86.93000	 55.87531	 86.93000
149.60000	 86.93000	 55.87626	 86.93000
149.80000	 86.91000	 55.86070	 86.91000
150.00000	 86.76000	 55.73710	 86.76000
150.20000	 86.60000	 55.60548	 86.60000
150.40000	 86.47000	 55.49928	 86.47000
150.60000	 86.40000	 55.44350	 86.40000
150.80000	 86.53000	 55.55453	 86.53000
151.00000	 86.74000	 55.73217	 86.74000
151.20000	 87.01000	 55.95937	 87.01000
151.40000	 87.31000	 56.21082	 87.31000
151.60000	 87.65000	 56.49455	 87.65000
151.80000	 87.98000	 56.76870	 87.98000
152.00000	 88.27000	 57.00818	 88.27000
152.20000	 88.49000	 57.18801	 88.49000
152.40000	 88.55000	 57.23345	 88.55000
152.60000	 88.54000	 57.21972	 88.54000
152.80000	 88.46000	 57.14720	 88.46000
153.00000	 88.36000	 57.05784	 88.36000
153.20000	 88.22000	 56.93531	 88.22000
153.40000	 88.02000	 56.76322	 88.02000
153.60000	 87.76000	 56.54186	 87.76000
153.80000	 87.34000	 56.18832	 87.34000
154.00000	 86.83000	 55.76127	 86.83000
154.20000	 86.29000	 55.31106	 86.29000
154.40000	 85.76000	 54.87131	 85.76000
154.60000	 85.34000	 54.52539	 85.34000
154.80000	 85.08000	 54.31481	 85.08000
155.00000	 84.88000	 54.15604	 84.88000
155.20000	 84.73000	 54.04041	 84.73000
155.40000	 84.62000	 53.95927	 84.62000
155.60000	 84.52000	 53.88735	 84.52000
155.80000	 84.42000	 53.81610	 84.42000
156.00000	 84.33000	 53.75367	 84.33000
156.20000	 84.24000	 53.69160	 84.24000
156.40000	 84.15000	 53.62981	 84.15000
156.60000	 84.03000	 53.54326	 84.03000
156.80000	 83.88000	 53.43196	 83.88000
157.00000	 83.73000	 53.32092	 83.73000
157.20000	 83.58000	 53.21016	 83.58000
157.40000	 83.43000	 53.09970	 83.43000
157.60000	 83.23000	 52.94796	 83.23000
157.80000	 83.05000	 52.81326	 83.05000
158.00000	 82.94000	 52.73721	 82.94000
158.20000	 82.93000	 52.74466	 82.93000
158.40000	 83.08000	 52.88528	 83.08000
158.60000	 83.41000	 53.17528	 83.41000
158.80000	 83.89000	 53.58911	 83.89000
159.00000	 84.51000	 54.11781	 84.51000
159.20000	 85.32000	 54.80233	 85.32000
159.40000	 86.36000	 55.67519	 86.36000
159.60000	 87.45000	 56.58582	 87.45000
159.80000	 88.54000	 57.49198	 88.54000
160.00000	 89.52000	 58.30180	 89.52000
160.20000	 90.39000	 59.01525	 90.39000
160.40000	 91.15000	 59.63254	 91.15000
160.60000	 91.79000	 60.14573	 91.79000
160.80000	 92.31000	 60.55531	 92.31000
161.00000	 92.63000	 60.79530	 92.63000
161.20000	 92.63000	 60.76665	 92.63000
161.40000	 92.26000	 60.42883	 92.26000
161.60000	 91.72000	 59.94958	 91.72000
161.80000	 91.07000	 59.38000	 91.07000
162.00000	 90.51000	 58.88746	 90.51000
162.20000	 89.95000	 58.39760	 89.95000
162.40000	 89.42000	 57.93568	 89.42000
162.60000	 88.93000	 57.51017	 88.93000
162.80000	 88.65000	 57.26247	 88.65000
163.00000	 88.44000	 57.07574	 88.44000
163.20000	 88.26000	 56.91629	 88.26000
163.40000	 88.09000	 56.76715	 88.09000
163.60000	 87.90000	 56.60307	 87.90000
163.80000	 87.54000	 56.29911	 87.54000
164.00000	 87.13000	 55.95525	 87.13000
164.20000	 86.69000	 55.58829	 86.69000
164.40000	 86.24000	 55.21502	 86.24000
164.60000	 85.80000	 54.85217	 85.80000
164.80000	 85.41000	 54.53304	 85.41000
165.00000	 85.04000	 54.23259	 85.04000
165.20000	 84.69000	 53.95072	 84.69000
165.40000	 84.37000	 53.69560	 84.37000
165.60000	 84.06000	 53.45044	 84.06000
165.80000	 83.79000	 53.24008	 83.79000
166.00000	 83.54000	 53.04768	 83.54000
166.20000	 83.31000	 52.87308	 83.31000
166.40000	 83.11000	 52.72445	 83.11000
166.60000	 82.93000	 52.59330	 82.93000
166.80000	 82.71000	 52.42956	 82.71000
167.00000	 82.53000	 52.29973	 82.53000
167.20000	 82.41000	 52.22036	 82.41000
167.40000	 82.36000	 52.19957	 82.36000
167.60000	 82.39000	 52.24544	 82.39000
167.80000	 82.53000	 52.38265	 82.53000
168.00000	 82.79000	 52.61912	 82.79000
168.20000	 83.18000	 52.96271	 83.18000
168.40000	 83.72000	 53.42955	 83.72000
168.60000	 84.59000	 54.16879	 84.59000
168.80000	 85.57000	 54.99650	 85.57000
169.00000	 86.61000	 55.87029	 86.61000
169.20000	 87.67000	 56.75630	 87.67000
169.40000	 88.67000	 57.58759	 88.67000
169.60000	 89.63000	 58.38068	 89.63000
169.80000	 90.53000	 59.11896	 90.53000
170.00000	 91.38000	 59.81093	 91.38000
170.20000	 92.11000	 60.39860	 92.11000
170.40000	 92.66000	 60.83248	 92.66000
170.60000	 92.87000	 60.98008	 92.87000
170.80000	 92.84000	 60.92562	 92.84000
171.00000	 92.67000	 60.75340	 92.67000
171.20000	 92.47000	 60.55593	 92.47000
171.40000	 92.28000	 60.36722	 92.28000
171.60000	 92.03000	 60.12953	 92.03000
171.80000	 91.71000	 59.83495	 91.71000
172.00000	 91.27000	 59.44227	 91.27000
172.20000	 90.75000	 58.98522	 90.75000
172.40000	 90.20000	 58.50581	 90.20000
172.60000	 89.67000	 58.04592	 89.67000
172.80000	 89.25000	 57.68058	 89.25000
173.00000	 89.00000	 57.45958	 89.00000
173.20000	 88.79000	 57.27439	 88.79000
173.40000	 88.61000	 57.11634	 88.61000
173.60000	 88.44000	 56.96847	 88.44000
173.80000	 88.21000	 56.77230	 88.21000
174.00000	 87.88000	 56.49447	 87.88000
174.20000	 87.55000	 56.21827	 87.55000
174.40000	 87.23000	 55.95205	 87.23000
174.60000	 86.93000	 55.70414	 86.93000
174.80000	 86.69000	 55.50776	 86.69000
175.00000	 86.51000	 55.36275	 86.51000
175.20000	 86.35000	 55.23563	 86.35000
175.40000	 86.23000	 55.14284	 86.23000
175.60000	 86.14000	 55.07586	 86.14000
175.80000	 86.10000	 55.05111	 86.10000
176.00000	 86.07000	 55.03511	 86.07000
176.20000	 86.05000	 55.02767	 86.05000
176.40000	 86.02000	 55.01202	 86.02000
176.60000	 85.95000	 54.96312	 85.95000
176.80000	 85.85000	 54.88932	 85.85000
177.00000	 85.74000	 54.80730	 85.74000
177.20000	 85.62000	 54.71711	 85.62000
177.40000	 85.51000	 54.63546	 85.51000
177.60000	 85.41000	 54.56236	 85.41000
177.80000	 85.31000	 54.48947	 85.31000
178.00000	 85.21000	 54.41680	 85.21000
178.20000	 85.10000	 54.33601	 85.10000
178.40000	 84.96000	 54.23049	 84.96000
178.60000	 84.81000	 54.11691	 84.81000
178.80000	 84.66000	 54.00366	 84.66000
179.00000	 84.51000	 53.89076	 84.51000
179.20000	 84.33000	 53.75328	 84.33000
179.40000	 84.13000	 53.59959	 84.13000
179.60000	 83.97000	 53.47967	 83.97000
179.80000	 83.88000	 53.41845	 83.88000
180.00000	 83.89000	 53.44076	 83.89000
180.20000	 84.07000	 53.60455	 84.07000
180.40000	 84.39000	 53.88441	 84.39000
180.60000	 84.84000	 54.27148	 84.84000
180.80000	 85.44000	 54.78181	 85.44000
181.00000	 86.31000	 55.51461	 86.31000
181.20000	 87.31000	 56.35256	 87.31000
181.40000	 88.35000	 57.22003	 88.35000
181.60000	 89.39000	 58.08318	 89.39000
181.80000	 90.41000	 58.92506	 90.41000
182.00000	 91.24000	 59.60409	 91.24000
182.20000	 91.79000	 60.04568	 91.79000
182.40000	 91.57000	 59.84291	 91.57000
182.60000	 91.08000	 59.41349	 91.08000
182.80000	 90.46000	 58.87558	 90.46000
183.00000	 90.13000	 58.57992	 90.13000
183.20000	 90.10000	 58.53526	 90.10000
183.40000	 90.15000	 58.55839	 90.15000
183.60000	 90.25000	 58.62405	 90.25000
183.80000	 90.37000	 58.70699	 90.37000
184.00000	 90.33000	 58.65725	 90.33000
184.20000	 90.27000	 58.59138	 90.27000
184.40000	 90.21000	 58.52611	 90.21000
184.60000	 90.17000	 58.47815	 90.17000
184.80000	 90.16000	 58.45580	 90.16000
185.00000	 90.20000	 58.47567	 90.20000
185.20000	 90.30000	 58.54592	 90.30000
185.40000	 90.45000	 58.65806	 90.45000
185.60000	 90.69000	 58.84514	 90.69000
185.80000	 91.08000	 59.15678	 91.08000
186.00000	 91.52000	 59.50934	 91.52000
186.20000	 91.96000	 59.86084	 91.96000
186.40000	 92.38000	 60.19440	 92.38000
186.60000	 92.72000	 60.45999	 92.72000
186.80000	 93.00000	 60.67430	 93.00000
187.00000	 93.22000	 60.83749	 93.22000
187.20000	 93.45000	 61.00801	 93.45000
187.40000	 93.57000	 61.08618	 93.57000
187.60000	 93.48000	 60.98910	 93.48000
187.80000	 92.98000	 60.55095	 92.98000
188.00000	 91.80000	 59.54818	 91.80000
188.20000	 90.42000	 58.38192	 90.42000
188.40000	 89.00000	 57.18684	 89.00000
188.60000	 88.06000	 56.39657	 88.06000
188.80000	 87.69000	 56.08586	 87.69000
189.00000	 87.53000	 55.95416	 87.53000
189.20000	 87.50000	 55.93379	 87.50000
189.40000	 87.55000	 55.98215	 87.55000
189.60000	 87.60000	 56.03182	 87.60000
189.80000	 87.26000	 55.75782	 87.26000
190.00000	 86.92000	 55.48479	 86.92000
190.20000	 86.61000	 55.23785	 86.61000
190.40000	 86.35000	 55.03368	 86.35000
190.60000	 86.19000	 54.91380	 86.19000
190.80000	 86.19000	 54.92792	 86.19000
191.00000	 86.28000	 55.01737	 86.28000
191.20000	 86.45000	 55.17339	 86.45000
191.40000	 86.69000	 55.38722	 86.69000
191.60000	 87.03000	 55.68341	 87.03000
191.80000	 87.43000	 56.02826	 87.43000
192.00000	 87.85000	 56.38810	 87.85000
192.20000	 88.27000	 56.74602	 88.27000
192.40000	 88.66000	 57.07690	 88.66000
192.60000	 89.00000	 57.36404	 89.00000
192.80000	 89.28000	 57.59922	 89.28000
193.00000	 89.49000	 57.77428	 89.49000
193.20000	 89.58000	 57.84787	 89.58000
193.40000	 89.59000	 57.85366	 89.59000
193.60000	 89.51000	 57.78375	 89.51000
193.80000	 89.31000	 57.61361	 89.31000
194.00000	 89.03000	 57.37701	 89.03000
194.20000	 88.69000	 57.09106	 88.69000
194.40000	 88.33000	 56.78947	 88.33000
194.60000	 88.00000	 56.51411	 88.00000
194.80000	 87.69000	 56.25683	 87.69000
195.00000	 87.39000	 56.00935	 87.39000
195.20000	 87.14000	 55.80495	 87.14000
195.40000	 86.97000	 55.66849	 86.97000
195.60000	 86.90000	 55.61640	 86.90000
195.80000	 86.86000	 55.59012	 86.86000
196.00000	 86.84000	 55.58105	 86.84000
196.20000	 86.84000	 55.58898	 86.84000
196.40000	 86.83000	 55.58875	 86.83000
196.60000	 86.81000	 55.58024	 86.81000
196.80000	 86.77000	 55.55508	 86.77000
197.00000	 86.72000	 55.52157	 86.72000
197.20000	 86.59000	 55.42150	 86.59000
197.40000	 86.37000	 55.24669	 86.37000
197.60000	 86.18000	 55.09720	 86.18000
197.80000	 86.04000	 54.98978	 86.04000
198.00000	 86.02000	 54.98266	 86.02000
198.20000	 86.20000	 55.14217	 86.20000
198.40000	 86.49000	 55.39296	 86.49000
198.60000	 86.87000	 55.71789	 86.87000
198.80000	 87.37000	 56.14143	 87.37000
199.00000	 87.98000	 56.65473	 87.98000
199.20000	 88.61000	 57.18242	 88.61000
199.40000	 89.22000	 57.69086	 89.22000
199.60000	 89.73000	 58.11331	 89.73000
199.80000	 90.16000	 58.46647	 90.16000
200.00000	 90.51000	 58.75055	 90.51000
200.20000	 90.70000	 58.89930	 90.70000
200.40000	 90.79000	 58.96312	 90.79000
200.60000	 90.81000	 58.96749	 90.81000
200.80000	 90.82000	 58.96279	 90.82000
201.00000	 90.80000	 58.93275	 90.80000
201.20000	 90.71000	 58.84438	 90.71000
201.40000	 90.52000	 58.67304	 90.52000
201.60000	 90.18000	 58.37752	 90.18000
201.80000	 89.75000	 58.00823	 89.75000
202.00000	 89.24000	 57.57397	 89.24000
202.20000	 88.65000	 57.07518	 88.65000
202.40000	 87.99000	 56.52060	 87.99000
202.60000	 87.31000	 55.95219	 87.31000
202.80000	 86.63000	 55.38685	 86.63000
203.00000	 86.01000	 54.87464	 86.01000
203.20000	 85.58000	 54.52366	 85.58000
203.40000	 85.20000	 54.21709	 85.20000
203.60000	 84.86000	 53.94625	 84.86000
203.80000	 84.56000	 53.71078	 84.56000
204.00000	 84.28000	 53.49375	 84.28000
204.20000	 83.95000	 53.23666	 83.95000
204.40000	 83.63000	 52.98929	 83.63000
204.60000	 83.33000	 52.75987	 83.33000
204.80000	 83.06000	 52.55659	 83.06000
205.00000	 82.82000	 52.37931	 82.82000
205.20000	 82.58000	 52.20291	 82.58000
205.40000	 82.38000	 52.06055	 82.38000
205.60000	 82.25000	 51.97704	 82.25000
205.80000	 82.18000	 51.94383	 82.18000
206.00000	 82.21000	 51.99393	 82.21000
206.20000	 82.37000	 52.15196	 82.37000
206.40000	 82.62000	 52.38420	 82.62000
206.60000	 82.99000	 52.71516	 82.99000
206.80000	 83.46000	 53.12770	 83.46000
207.00000	 84.10000	 53.67958	 84.10000
207.20000	 84.87000	 54.33691	 84.87000
207.40000	 85.69000	 55.03257	 85.69000
207.60000	 86.55000	 55.75778	 86.55000
207.80000	 87.37000	 56.44566	 87.37000
208.00000	 88.19000	 57.12935	 88.19000
208.20000	 89.00000	 57.80050	 89.00000
208.40000	 89.84000	 58.49242	 89.84000
208.60000	 90.66000	 59.16351	 90.66000
208.80000	 91.37000	 59.73900	 91.37000
209.00000	 91.92000	 60.17758	 91.92000
209.20000	 92.27000	 60.44647	 92.27000
209.40000	 92.39000	 60.52141	 92.39000
209.60000	 92.14000	 60.28683	 92.14000
209.80000	 91.40000	 59.64414	 91.40000
210.00000	 90.51000	 58.87784	 90.51000
210.20000	 89.59000	 58.08912	 89.59000
210.40000	 89.20000	 57.74477	 89.20000
210.60000	 89.12000	 57.66152	 89.12000
210.80000	 89.16000	 57.68058	 89.16000
211.00000	 89.25000	 57.74300	 89.25000
211.20000	 89.34000	 57.80660	 89.34000
211.40000	 89.17000	 57.65467	 89.17000
211.60000	 88.84000	 57.37056	 88.84000
211.80000	 88.45000	 57.03780	 88.45000
212.00000	 88.01000	 56.66503	 88.01000
212.20000	 87.55000	 56.27751	 87.55000
212.40000	 87.06000	 55.86713	 87.06000
212.60000	 86.58000	 55.46733	 86.58000
212.80000	 86.10000	 55.06987	 86.10000
213.00000	 85.63000	 54.68311	 85.63000
213.20000	 85.19000	 54.32366	 85.19000
213.40000	 84.81000	 54.01638	 84.81000
213.60000	 84.47000	 53.74447	 84.47000
213.80000	 84.19000	 53.52434	 84.19000
214.00000	 83.96000	 53.34742	 83.96000
214.20000	 83.80000	 53.23007	 83.80000
214.40000	 83.77000	 53.22187	 83.77000
214.60000	 83.80000	 53.26416	 83.80000
214.80000	 83.88000	 53.34821	 83.88000
215.00000	 84.00000	 53.46534	 84.00000
215.20000	 84.13000	 53.59028	 84.13000
215.40000	 84.26000	 53.71450	 84.26000
215.60000	 84.44000	 53.87943	 84.44000
215.80000	 84.68000	 54.09324	 84.68000
216.00000	 85.01000	 54.38066	 85.01000
216.20000	 85.50000	 54.79965	 85.50000
216.40000	 86.03000	 55.24994	 86.03000
216.60000	 86.57000	 55.70624	 86.57000
216.80000	 87.11000	 56.16000	 87.11000
217.00000	 87.59000	 56.56117	 87.59000
217.20000	 88.03000	 56.92643	 88.03000
217.40000	 88.40000	 57.23095	 88.40000
217.60000	 88.70000	 57.47494	 88.70000
217.80000	 88.90000	 57.63374	 88.90000
218.00000	 89.03000	 57.73269	 89.03000
218.20000	 89.07000	 57.75555	 89.07000
218.40000	 89.02000	 57.70274	 89.02000
218.60000	 88.90000	 57.59136	 88.90000
218.80000	 88.71000	 57.42183	 88.71000
219.00000	 88.45000	 57.19455	 88.45000
219.20000	 88.13000	 56.91824	 88.13000
219.40000	 87.79000	 56.62651	 87.79000
219.60000	 87.45000	 56.33627	 87.45000
219.80000	 87.15000	 56.08096	 87.15000
220.00000	 87.02000	 55.96875	 87.02000
220.20000	 86.92000	 55.88289	 86.92000
220.40000	 86.85000	 55.82313	 86.85000
220.60000	 86.79000	 55.77260	 86.79000
220.80000	 86.69000	 55.68953	 86.69000
221.00000	 86.52000	 55.54887	 86.52000
221.20000	 86.35000	 55.40895	 86.35000
221.40000	 86.17000	 55.26146	 86.17000
221.60000	 85.98000	 55.10645	 85.98000
221.80000	 85.76000	 54.92730	 85.76000
222.00000	 85.55000	 54.75737	 85.55000
222.20000	 85.39000	 54.62993	 85.39000
222.40000	 85.30000	 54.56155	 85.30000
222.60000	 85.36000	 54.61859	 85.36000
222.80000	 85.58000	 54.80901	 85.58000
223.00000	 85.90000	 55.08234	 85.90000
223.20000	 86.30000	 55.42145	 86.30000
223.40000	 86.80000	 55.84249	 86.80000
223.60000	 87.40000	 56.34498	 87.40000
223.80000	 88.01000	 56.85356	 88.01000
224.00000	 88.59000	 57.33467	 88.59000
224.20000	 89.05000	 57.71327	 89.05000
224.40000	 89.40000	 57.99783	 89.40000
224.60000	 89.67000	 58.21359	 89.67000
224.80000	 89.89000	 58.38587	 89.89000
225.00000	 90.08000	 58.53165	 90.08000
225.20000	 90.15000	 58.57637	 90.15000
225.40000	 90.04000	 58.47053	 90.04000
225.60000	 89.49000	 57.99843	 89.49000
225.80000	 88.74000	 57.36086	 88.74000
226.00000	 87.92000	 56.66706	 87.92000
226.20000	 87.14000	 56.00937	 87.14000
226.40000	 86.82000	 55.73765	 86.82000
226.60000	 86.60000	 55.55197	 86.60000
226.80000	 86.46000	 55.43516	 86.46000
227.00000	 86.38000	 55.37007	 86.38000
227.20000	 86.31000	 55.31467	 86.31000
227.40000	 86.13000	 55.16876	 86.13000
227.60000	 85.94000	 55.01549	 85.94000
227.80000	 85.73000	 54.84649	 85.73000
228.00000	 85.50000	 54.66176	 85.50000
228.20000	 85.24000	 54.45302	 85.24000
228.40000	 84.90000	 54.17872	 84.90000
228.60000	 84.54000	 53.88895	 84.54000
228.80000	 84.19000	 53.60878	 84.19000
229.00000	 83.85000	 53.33827	 83.85000
229.20000	 83.54000	 53.09409	 83.54000
229.40000	 83.28000	 52.89280	 83.28000
229.60000	 83.06000	 52.72595	 83.06000
229.80000	 82.90000	 52.61001	 82.90000
230.00000	 82.80000	 52.54476	 82.80000
230.20000	 82.77000	 52.53825	 82.77000
230.40000	 82.81000	 52.59019	 82.81000
230.60000	 82.96000	 52.73353	 82.96000
230.80000	 83.20000	 52.95122	 83.20000
231.00000	 83.61000	 53.30941	 83.61000
231.20000	 84.21000	 53.82416	 84.21000
231.40000	 84.89000	 54.40331	 84.89000
231.60000	 85.65000	 55.04626	 85.65000
231.80000	 86.44000	 55.71094	 86.44000
232.00000	 87.23000	 56.37203	 87.23000
232.20000	 88.01000	 57.02101	 88.01000
232.40000	 88.73000	 57.61620	 88.73000
232.60000	 89.30000	 58.08282	 89.30000
232.80000	 89.81000	 58.49606	 89.81000
233.00000	 90.28000	 58.87294	 90.28000
233.20000	 90.80000	 59.28868	 90.80000
233.40000	 91.35000	 59.72681	 91.35000
233.60000	 91.86000	 60.12920	 91.86000
233.80000	 92.35000	 60.51265	 92.35000
234.00000	 92.80000	 60.86069	 92.80000
234.20000	 93.07000	 61.05705	 93.07000
234.40000	 93.06000	 61.01900	 93.06000
234.60000	 92.46000	 60.48946	 92.46000
234.80000	 91.63000	 59.76942	 91.63000
235.00000	 90.68000	 58.95179	 90.68000
235.20000	 89.89000	 58.27064	 89.89000
235.40000	 89.22000	 57.69316	 89.22000
235.60000	 88.60000	 57.16121	 88.60000
235.80000	 88.02000	 56.66641	 88.02000
236.00000	 87.49000	 56.21691	 87.49000
236.20000	 87.03000	 55.82915	 87.03000
236.40000	 86.60000	 55.46953	 86.60000
236.60000	 86.21000	 55.14609	 86.21000
236.80000	 85.85000	 54.85023	 85.85000
237.00000	 85.51000	 54.57334	 85.51000
237.20000	 85.13000	 54.26528	 85.13000
237.40000	 84.76000	 53.96752	 84.76000
237.60000	 84.43000	 53.70489	 84.43000
237.80000	 84.14000	 53.47723	 84.14000
238.00000	 83.91000	 53.30098	 83.91000
238.20000	 83.75000	 53.18422	 83.75000
238.40000	 83.67000	 53.13495	 83.67000
238.60000	 83.66000	 53.14453	 83.66000
238.80000	 83.74000	 53.22923	 83.74000
239.00000	 83.93000	 53.40528	 83.93000
239.20000	 84.31000	 53.73880	 84.31000
239.40000	 84.78000	 54.14598	 84.78000
239.60000	 85.29000	 54.58466	 85.29000
239.80000	 85.83000	 55.04611	 85.83000
240.00000	 86.34000	 55.48008	 86.34000
240.20000	 86.82000	 55.88645	 86.82000
240.40000	 87.29000	 56.28182	 87.29000
240.60000	 87.75000	 56.66623	 87.75000
240.80000	 88.21000	 57.04806	 88.21000
241.00000	 88.59000	 57.36082	 88.59000
241.20000	 88.87000	 57.58810	 88.87000
241.40000	 88.90000	 57.60543	 88.90000
241.60000	 88.79000	 57.50498	 88.79000
241.80000	 88.58000	 57.32072	 88.58000
242.00000	 88.30000	 57.07825	 88.30000
242.20000	 87.97000	 56.79476	 87.97000
242.40000	 87.63000	 56.50398	 87.63000
242.60000	 87.30000	 56.22287	 87.30000
242.80000	 87.08000	 56.03479	 87.08000
243.00000	 86.98000	 55.94800	 86.98000
243.20000	 86.92000	 55.89567	 86.92000
243.40000	 86.88000	 55.86091	 86.88000
243.60000	 86.85000	 55.83519	 86.85000
243.80000	 86.76000	 55.76010	 86.76000
244.00000	 86.64000	 55.66058	 86.64000
244.20000	 86.51000	 55.55330	 86.51000
244.40000	 86.38000	 55.44659	 86.38000
244.60000	 86.26000	 55.34881	 86.26000
244.80000	 86.15000	 55.25993	 86.15000
245.00000	 86.04000	 55.17160	 86.04000
245.20000	 85.93000	 55.08380	 85.93000
245.40000	 85.81000	 54.98819	 85.81000
245.60000	 85.63000	 54.84317	 85.63000
245.80000	 85.44000	 54.69043	 85.44000
246.00000	 85.28000	 54.56330	 85.28000
246.20000	 85.15000	 54.46180	 85.15000
246.40000	 85.09000	 54.41912	 85.09000
246.60000	 85.11000	 54.44342	 85.11000
246.80000	 85.21000	 54.53446	 85.21000
247.00000	 85.39000	 54.69193	 85.39000
247.20000	 85.71000	 54.96540	 85.71000
247.40000	 86.16000	 55.34610	 86.16000
247.60000	 86.65000	 55.75864	 86.65000
247.80000	 87.16000	 56.18597	 87.16000
248.00000	 87.63000	 56.57790	 87.63000
248.20000	 88.06000	 56.93431	 88.06000
248.40000	 88.44000	 57.24691	 88.44000
248.60000	 88.78000	 57.52411	 88.78000
248.80000	 89.06000	 57.74947	 89.06000
249.00000	 89.27000	 57.91488	 89.27000
249.20000	 89.42000	 58.02895	 89.42000
249.40000	 89.46000	 58.05042	 89.46000
249.60000	 89.43000	 58.01295	 89.43000
249.80000	 89.32000	 57.90862	 89.32000
250.00000	 89.13000	 57.73786	 89.13000
250.20000	 88.87000	 57.50938	 88.87000
250.40000	 88.57000	 57.24853	 88.57000
250.60000	 88.25000	 56.97227	 88.25000
250.80000	 87.96000	 56.72243	 87.96000
251.00000	 87.68000	 56.48248	 87.68000
251.20000	 87.41000	 56.25245	 87.41000
251.40000	 87.15000	 56.03232	 87.15000
251.60000	 86.91000	 55.83039	 86.91000
251.80000	 86.68000	 55.63826	 86.68000
252.00000	 86.48000	 55.47248	 86.48000
252.20000	 86.30000	 55.32461	 86.30000
252.40000	 86.14000	 55.19453	 86.14000
252.60000	 86.02000	 55.09874	 86.02000
252.80000	 85.93000	 55.02876	 85.93000
253.00000	 85.88000	 54.99273	 85.88000
253.20000	 85.85000	 54.97383	 85.85000
253.40000	 85.81000	 54.94693	 85.81000
253.60000	 85.81000	 54.95353	 85.81000
253.80000	 85.90000	 55.03508	 85.90000
254.00000	 86.09000	 55.19965	 86.09000
254.20000	 86.57000	 55.60498	 86.57000
254.40000	 87.18000	 56.11726	 87.18000
254.60000	 87.78000	 56.61935	 87.78000
254.80000	 88.31000	 57.06090	 88.31000
255.00000	 88.50000	 57.21717	 88.50000
255.20000	 88.66000	 57.34652	 88.66000
255.40000	 88.85000	 57.49925	 88.85000
255.60000	 89.30000	 57.86694	 89.30000
255.80000	 89.86000	 58.32455	 89.86000
256.00000	 90.46000	 58.81351	 90.46000
256.20000	 91.04000	 59.28362	 91.04000
256.40000	 91.58000	 59.71812	 91.58000
256.60000	 92.06000	 60.10036	 92.06000
256.80000	 92.47000	 60.42215	 92.47000
257.00000	 92.77000	 60.65043	 92.77000
257.20000	 92.93000	 60.76061	 92.93000
257.40000	 92.87000	 60.68662	 92.87000
257.60000	 92.57000	 60.41253	 92.57000
257.80000	 92.12000	 60.01411	 92.12000
258.00000	 91.54000	 59.50884	 91.54000
258.20000	 90.86000	 58.92245	 90.86000
258.40000	 90.13000	 58.29721	 90.13000
258.60000	 89.41000	 57.68355	 89.41000
258.80000	 88.80000	 57.16497	 88.80000
259.00000	 88.42000	 56.84125	 88.42000
259.20000	 88.11000	 56.57889	 88.11000
259.40000	 87.85000	 56.36081	 87.85000
259.60000	 87.61000	 56.16164	 87.61000
259.80000	 87.31000	 55.91450	 87.31000
260.00000	 86.93000	 55.60260	 86.93000
260.20000	 86.55000	 55.29252	 86.55000
260.40000	 86.17000	 54.98424	 86.17000
260.60000	 85.81000	 54.69438	 85.81000
260.80000	 85.50000	 54.44782	 85.50000
261.00000	 85.22000	 54.22779	 85.22000
261.20000	 84.96000	 54.02579	 84.96000
261.40000	 84.73000	 53.85000	 84.73000
261.60000	 84.49000	 53.66696	 84.49000
261.80000	 84.21000	 53.45161	 84.21000
262.00000	 83.98000	 53.27880	 83.98000
262.20000	 83.85000	 53.19001	 83.85000
262.40000	 83.83000	 53.19333	 83.83000
262.60000	 84.07000	 53.41316	 84.07000
262.80000	 84.46000	 53.75733	 84.46000
263.00000	 84.96000	 54.19187	 84.96000
263.20000	 85.56000	 54.70779	 85.56000
263.40000	 86.26000	 55.30451	 86.26000
263.60000	 87.01000	 55.93990	 87.01000
263.80000	 87.76000	 56.57192	 87.76000
264.00000	 88.44000	 57.14210	 88.44000
264.20000	 89.04000	 57.64211	 89.04000
264.40000	 89.62000	 58.12199	 89.62000
264.60000	 90.20000	 58.59858	 90.20000
264.80000	 90.78000	 59.07201	 90.78000
265.00000	 91.31000	 59.50083	 91.31000
265.20000	 91.74000	 59.84365	 91.74000
265.40000	 92.03000	 60.06753	 92.03000
265.60000	 92.20000	 60.18959	 92.20000
265.80000	 92.23000	 60.19375	 92.23000
266.00000	 92.09000	 60.05566	 92.09000
266.20000	 91.84000	 59.82595	 91.84000
266.40000	 91.52000	 59.53858	 91.52000
266.60000	 91.17000	 59.22737	 91.17000
266.80000	 90.82000	 58.91771	 90.82000
267.00000	 90.47000	 58.60986	 90.47000
267.20000	 90.11000	 58.29569	 90.11000
267.40000	 89.78000	 58.00856	 89.78000
267.60000	 89.56000	 57.81504	 89.56000
267.80000	 89.37000	 57.64838	 89.37000
268.00000	 89.18000	 57.48341	 89.18000
268.20000	 89.00000	 57.32830	 89.00000
268.40000	 88.79000	 57.14963	 88.79000
268.60000	 88.51000	 56.91407	 88.51000
268.80000	 88.23000	 56.67991	 88.23000
269.00000	 87.93000	 56.43055	 87.93000
269.20000	 87.63000	 56.18266	 87.63000
269.40000	 87.28000	 55.89466	 87.28000
269.60000	 86.93000	 55.60822	 86.93000
269.80000	 86.63000	 55.36497	 86.63000
270.00000	 86.39000	 55.17315	 86.39000
270.20000	 86.27000	 55.08251	 86.27000
270.40000	 86.30000	 55.11767	 86.30000
270.60000	 86.41000	 55.21994	 86.41000
270.80000	 86.61000	 55.39715	 86.61000
271.00000	 86.90000	 55.64885	 86.90000
271.20000	 87.30000	 55.99120	 87.30000
271.40000	 87.74000	 56.36549	 87.74000
271.60000	 88.20000	 56.75469	 88.20000
271.80000	 88.66000	 57.14188	 88.66000
272.00000	 89.09000	 57.50195	 89.09000
272.20000	 89.49000	 57.83484	 89.49000
272.40000	 89.83000	 58.11565	 89.83000
272.60000	 90.06000	 58.30293	 90.06000
272.80000	 90.22000	 58.43026	 90.22000
273.00000	 90.32000	 58.50630	 90.32000
273.20000	 90.37000	 58.53972	 90.37000
273.40000	 90.36000	 58.52252	 90.36000
273.60000	 90.28000	 58.44672	 90.28000
273.80000	 90.12000	 58.30434	 90.12000
274.00000	 89.88000	 58.09576	 89.88000
274.20000	 89.56000	 57.82134	 89.56000
274.40000	 89.18000	 57.49812	 89.18000
274.60000	 88.67000	 57.06821	 88.67000
274.80000	 88.10000	 56.59028	 88.10000
275.00000	 87.51000	 56.09799	 87.51000
275.20000	 86.96000	 55.64151	 86.96000
275.40000	 86.60000	 55.34573	 86.60000
275.60000	 86.44000	 55.21866	 86.44000
275.80000	 86.33000	 55.13500	 86.33000
276.00000	 86.27000	 55.09426	 86.27000
276.20000	 86.21000	 55.05444	 86.21000
276.40000	 86.06000	 54.94037	 86.06000
276.60000	 85.85000	 54.77695	 85.85000
276.80000	 85.63000	 54.60584	 85.63000
277.00000	 85.40000	 54.42708	 85.40000
277.20000	 85.17000	 54.24902	 85.17000
277.40000	 84.93000	 54.06338	 84.93000
277.60000	 84.72000	 53.90346	 84.72000
277.80000	 84.56000	 53.78585	 84.56000
278.00000	 84.46000	 53.71875	 84.46000
278.20000	 84.51000	 53.77684	 84.51000
278.40000	 84.65000	 53.90983	 84.65000
278.60000	 84.83000	 54.07572	 84.83000
278.80000	 85.06000	 54.28248	 85.06000
279.00000	 85.30000	 54.49654	 85.30000
279.20000	 85.55000	 54.71768	 85.55000
279.40000	 85.81000	 54.94575	 85.81000
279.60000	 86.06000	 55.16400	 86.06000
279.80000	 86.25000	 55.33080	 86.25000
280.00000	 86.44000	 55.49616	 86.44000
280.20000	 86.65000	 55.67678	 86.65000
280.40000	 86.91000	 55.89765	 86.91000
280.60000	 87.24000	 56.17535	 87.24000
280.80000	 87.58000	 56.45985	 87.58000
281.00000	 87.91000	 56.73441	 87.91000
281.20000	 88.15000	 56.93245	 88.15000
281.40000	 88.34000	 57.08739	 88.34000
281.60000	 88.51000	 57.22439	 88.51000
281.80000	 88.68000	 57.36025	 88.68000
282.00000	 88.86000	 57.50344	 88.86000
282.20000	 89.05000	 57.65404	 89.05000
282.40000	 89.26000	 57.82041	 89.26000
282.60000	 89.60000	 58.09408	 89.60000
282.80000	 89.94000	 58.36669	 89.94000
283.00000	 90.18000	 58.55493	 90.18000
283.20000	 90.20000	 58.55908	 90.20000
283.40000	 89.91000	 58.30470	 89.91000
283.60000	 89.49000	 57.94236	 89.49000
283.80000	 88.97000	 57.49777	 88.97000
284.00000	 88.40000	 57.01322	 88.40000
284.20000	 87.80000	 56.50588	 87.80000
284.40000	 87.19000	 55.99276	 87.19000
284.60000	 86.63000	 55.52404	 86.63000
284.80000	 86.20000	 55.16634	 86.20000
285.00000	 85.81000	 54.84457	 85.81000
285.20000	 85.47000	 54.56683	 85.47000
285.40000	 85.17000	 54.32454	 85.17000
285.60000	 84.87000	 54.08415	 84.87000
285.80000	 84.60000	 53.87041	 84.60000
286.00000	 84.40000	 53.71640	 84.40000
286.20000	 84.27000	 53.62185	 84.27000
286.40000	 84.25000	 53.61972	 84.25000
286.60000	 84.36000	 53.72625	 84.36000
286.80000	 84.55000	 53.89933	 84.55000
287.00000	 84.81000	 54.13019	 84.81000
287.20000	 85.14000	 54.41839	 85.14000
287.40000	 85.53000	 54.75521	 85.53000
287.60000	 85.93000	 55.09870	 85.93000
