  0.00000	 83.88000	 58.81441	 83.88000
  0.20000	 82.39000	 57.43136	 82.39000
  0.40000	 81.10000	 56.23493	 81.10000
  0.60000	 79.97000	 55.18997	 79.97000
  0.80000	 79.00000	 54.29729	 79.00000
  1.00000	 78.13000	 53.50184	 78.13000
  1.20000	 77.35000	 52.79431	 77.35000
  1.40000	 76.63000	 52.14679	 76.63000
  1.60000	 75.88000	 51.47603	 75.88000
  1.80000	 75.06000	 50.74495	 75.06000
  2.00000	 74.30000	 50.07324	 74.30000
  2.20000	 73.62000	 49.47914	 73.62000
  2.40000	 73.02000	 48.96231	 73.02000
  2.60000	 72.57000	 48.58684	 72.57000
  2.80000	 72.34000	 48.41663	 72.34000
  3.00000	 72.38000	 48.49692	 72.38000
  3.20000	 72.90000	 49.02006	 72.90000
  3.40000	 73.78000	 49.87390	 73.78000
  3.60000	 74.95000	 50.99219	 74.95000
  3.80000	 76.45000	 52.41009	 76.45000
  4.00000	 78.30000	 54.14429	 78.30000
  4.20000	 80.31000	 56.01801	 80.31000
  4.40000	 82.38000	 57.93773	 82.38000
  4.60000	 84.33000	 59.73667	 84.33000
  4.80000	 86.17000	 61.42369	 86.17000
  5.00000	 87.91000	 63.00809	 87.91000
  5.20000	 89.53000	 64.47178	 89.53000
  5.40000	 91.00000	 65.78768	 91.00000
  5.60000	 92.32000	 66.95654	 92.32000
  5.80000	 93.49000	 67.97924	 93.49000
  6.00000	 94.51000	 68.85673	 94.51000
  6.20000	 95.34000	 69.55315	 95.34000
  6.40000	 95.97000	 70.06039	 95.97000
  6.60000	 96.36000	 70.34274	 96.36000
  6.80000	 96.48000	 70.37385	 96.48000
  7.00000	 96.33000	 70.15509	 96.33000
  7.20000	 95.87000	 69.65108	 95.87000
  7.40000	 94.99000	 68.76203	 94.99000
  7.60000	 93.85000	 67.63714	 93.85000
  7.80000	 92.51000	 66.33336	 92.51000
  8.00000	 91.00000	 64.87978	 91.00000
  8.20000	 89.40000	 63.35132	 89.40000
  8.40000	 87.77000	 61.80418	 87.77000
  8.60000	 86.21000	 60.33107	 86.21000
  8.80000	 84.79000	 58.99665	 84.79000
  9.00000	 83.51000	 57.80069	 83.51000
  9.20000	 82.41000	 56.77952	 82.41000
  9.40000	 81.60000	 56.03370	 81.60000
  9.60000	 81.04000	 55.52524	 81.04000
  9.80000	 80.67000	 55.19758	 80.67000
 10.00000	 80.49000	 55.04941	 80.49000
 10.20000	 80.51000	 55.08867	 80.51000
 10.40000	 80.65000	 55.24039	 80.65000
 10.60000	 80.87000	 55.46664	 80.87000
 10.80000	 81.13000	 55.72965	 81.13000
 11.00000	 81.40000	 56.00111	 81.40000
 11.20000	 81.63000	 56.23447	 81.63000
 11.40000	 81.79000	 56.40187	 81.79000
 11.60000	 81.73000	 56.36510	 81.73000
 11.80000	 81.47000	 56.14300	 81.47000
 12.00000	 81.13000	 55.84676	 81.13000
 12.20000	 80.76000	 55.52305	 80.76000
 12.40000	 80.40000	 55.20917	 80.40000
 12.60000	 80.08000	 54.93303	 80.08000
 12.80000	 79.82000	 54.71319	 79.82000
 13.00000	 79.64000	 54.56801	 79.64000
 13.20000	 79.59000	 54.54338	 79.59000
 13.40000	 79.67000	 54.63891	 79.67000
 13.60000	 79.90000	 54.87252	 79.90000
 13.80000	 80.35000	 55.30810	 80.35000
 14.00000	 81.14000	 56.05536	 81.14000
 14.20000	 82.05000	 56.91048	 82.05000
 14.40000	 83.01000	 57.80798	 83.01000
 14.60000	 83.93000	 58.66425	 83.93000
 14.80000	 84.78000	 59.45126	 84.78000
 15.00000	 85.53000	 60.14131	 85.53000
 15.20000	 86.13000	 60.68851	 86.13000
 15.40000	 86.38000	 60.90907	 86.38000
 15.60000	 86.61000	 61.10798	 86.61000
 15.80000	 86.90000	 61.35965	 86.90000
 16.00000	 87.57000	 61.95930	 87.57000
 16.20000	 88.46000	 62.75912	 88.46000
 16.40000	 89.46000	 63.65716	 89.46000
 16.60000	 90.50000	 64.58831	 90.50000
 16.80000	 91.54000	 65.51527	 91.54000
 17.00000	 92.58000	 66.43778	 92.58000
 17.20000	 93.58000	 67.31886	 93.58000
 17.40000	 94.53000	 68.14932	 94.53000
 17.60000	 95.38000	 68.88325	 95.38000
 17.80000	 96.11000	 69.50258	 96.11000
 18.00000	 96.61000	 69.90645	 96.61000
 18.20000	 96.94000	 70.15094	 96.94000
 18.40000	 97.15000	 70.28298	 97.15000
 18.60000	 97.33000	 70.38631	 97.33000
 18.80000	 97.53000	 70.50763	 97.53000
 19.00000	 97.52000	 70.43547	 97.52000
 19.20000	 97.24000	 70.11521	 97.24000
 19.40000	 96.31000	 69.19777	 96.31000
 19.60000	 95.05000	 67.97972	 95.05000
 19.80000	 93.55000	 66.54580	 93.55000
 20.00000	 91.90000	 64.98051	 91.90000
 20.20000	 90.18000	 63.35888	 90.18000
 20.40000	 88.44000	 61.72789	 88.44000
 20.60000	 86.72000	 60.12498	 86.72000
 20.80000	 85.15000	 58.67016	 85.15000
 21.00000	 83.74000	 57.37245	 83.74000
 21.20000	 82.49000	 56.23133	 82.49000
 21.40000	 81.40000	 55.24605	 81.40000
 21.60000	 80.58000	 54.51705	 80.58000
 21.80000	 79.97000	 53.98789	 79.97000
 22.00000	 79.53000	 53.62047	 79.53000
 22.20000	 79.24000	 53.39515	 79.24000
 22.40000	 79.08000	 53.29238	 79.08000
 22.60000	 79.05000	 53.31110	 79.05000
 22.80000	 79.14000	 53.44114	 79.14000
 23.00000	 79.35000	 53.68161	 79.35000
 23.20000	 79.66000	 54.01327	 79.66000
 23.40000	 80.11000	 54.47223	 80.11000
 23.60000	 80.69000	 55.04853	 80.69000
 23.80000	 81.53000	 55.86121	 81.53000
 24.00000	 82.47000	 56.76194	 82.47000
 24.20000	 83.45000	 57.69468	 83.45000
 24.40000	 84.28000	 58.48384	 84.28000
 24.60000	 84.98000	 59.14781	 84.98000
 24.80000	 85.70000	 59.82502	 85.70000
 25.00000	 86.56000	 60.62620	 86.56000
 25.20000	 87.68000	 61.66182	 87.68000
 25.40000	 88.86000	 62.74715	 88.86000
 25.60000	 90.05000	 63.83577	 90.05000
 25.80000	 91.14000	 64.82611	 91.14000
 26.00000	 92.18000	 65.76435	 92.18000
 26.20000	 93.15000	 66.63228	 93.15000
 26.40000	 94.02000	 67.40258	 94.02000
 26.60000	 94.80000	 68.08496	 94.80000
 26.80000	 95.45000	 68.64308	 95.45000
 27.00000	 96.01000	 69.11445	 96.01000
 27.20000	 96.44000	 69.46287	 96.44000
 27.40000	 96.68000	 69.63377	 96.68000
 27.60000	 96.66000	 69.56353	 96.66000
 27.80000	 96.14000	 69.03216	 96.14000
 28.00000	 95.37000	 68.27159	 95.37000
 28.20000	 94.43000	 67.35711	 94.43000
 28.40000	 93.46000	 66.41903	 93.46000
 28.60000	 92.51000	 65.50436	 92.51000
 28.80000	 91.52000	 64.55837	 91.52000
 29.00000	 90.48000	 63.57225	 90.48000
 29.20000	 89.36000	 62.51866	 89.36000
 29.40000	 88.19000	 61.42554	 88.19000
 29.60000	 87.03000	 60.34836	 87.03000
 29.80000	 85.88000	 59.28720	 85.88000
 30.00000	 84.76000	 58.26045	 84.76000
 30.20000	 83.72000	 57.31400	 83.72000
 30.40000	 82.79000	 56.47518	 82.79000
 30.60000	 81.98000	 55.75271	 81.98000
 30.80000	 81.30000	 55.15521	 81.30000
 31.00000	 80.85000	 54.77408	 80.85000
 31.20000	 80.70000	 54.67286	 80.70000
 31.40000	 81.09000	 55.07140	 81.09000
 31.60000	 81.83000	 55.79282	 81.83000
 31.80000	 82.81000	 56.73388	 82.81000
 32.00000	 83.93000	 57.80073	 83.93000
 32.20000	 85.11000	 58.91828	 85.11000
 32.40000	 86.39000	 60.12236	 86.39000
 32.60000	 87.71000	 61.35688	 87.71000
 32.80000	 89.07000	 62.62128	 89.07000
 33.00000	 90.42000	 63.86910	 90.42000
 33.20000	 91.72000	 65.06332	 91.72000
 33.40000	 92.99000	 66.22242	 92.99000
 33.60000	 94.14000	 67.26365	 94.14000
 33.80000	 95.09000	 68.11374	 95.09000
 34.00000	 95.66000	 68.60758	 95.66000
 34.20000	 95.84000	 68.73721	 95.84000
 34.40000	 95.79000	 68.65163	 95.79000
 34.60000	 95.58000	 68.41688	 95.58000
 34.80000	 95.31000	 68.12645	 95.31000
 35.00000	 94.94000	 67.74453	 94.94000
 35.20000	 94.49000	 67.29045	 94.49000
 35.40000	 93.98000	 66.78335	 93.98000
 35.60000	 93.41000	 66.22384	 93.41000
 35.80000	 92.81000	 65.64002	 92.81000
 36.00000	 92.19000	 65.04147	 92.19000
 36.20000	 91.56000	 64.43762	 91.56000
 36.40000	 90.93000	 63.83783	 90.93000
 36.60000	 90.31000	 63.25137	 90.31000
 36.80000	 89.72000	 62.69665	 89.72000
 37.00000	 89.18000	 62.19196	 89.18000
 37.20000	 88.65000	 61.70027	 88.65000
 37.40000	 88.13000	 61.22136	 88.13000
 37.60000	 87.67000	 60.80112	 87.67000
 37.80000	 87.18000	 60.35636	 87.18000
 38.00000	 86.64000	 59.86850	 86.64000
 38.20000	 85.91000	 59.20852	 85.91000
 38.40000	 84.95000	 58.33988	 84.95000
 38.60000	 84.04000	 57.52109	 84.04000
 38.80000	 83.32000	 56.88137	 83.32000
 39.00000	 83.13000	 56.73372	 83.13000
 39.20000	 83.25000	 56.87432	 83.25000
 39.40000	 83.64000	 57.26495	 83.64000
 39.60000	 84.29000	 57.89494	 84.29000
 39.80000	 85.17000	 58.73519	 85.17000
 40.00000	 86.15000	 59.66455	 86.15000
 40.20000	 87.15000	 60.60822	 87.15000
 40.40000	 88.06000	 61.46411	 88.06000
 40.60000	 88.85000	 62.20430	 88.85000
 40.80000	 89.47000	 62.78280	 89.47000
 41.00000	 89.74000	 63.03422	 89.74000
 41.20000	 89.74000	 63.03321	 89.74000
 41.40000	 89.53000	 62.83625	 89.53000
 41.60000	 89.13000	 62.46299	 89.13000
 41.80000	 88.57000	 61.94225	 88.57000
 42.00000	 87.87000	 61.29357	 87.87000
 42.20000	 87.06000	 60.54558	 87.06000
 42.40000	 86.15000	 59.70837	 86.15000
 42.60000	 85.18000	 58.81951	 85.18000
 42.80000	 84.20000	 57.92565	 84.20000
 43.00000	 83.24000	 57.05478	 83.24000
 43.20000	 82.34000	 56.24394	 82.34000
 43.40000	 81.51000	 55.50228	 81.51000
 43.60000	 80.78000	 54.85724	 80.78000
 43.80000	 80.19000	 54.34529	 80.19000
 44.00000	 79.73000	 53.95667	 79.73000
 44.20000	 79.38000	 53.67231	 79.38000
 44.40000	 79.12000	 53.47311	 79.12000
 44.60000	 78.94000	 53.34921	 78.94000
 44.80000	 78.89000	 53.34608	 78.89000
 45.00000	 78.97000	 53.46304	 78.97000
 45.20000	 79.32000	 53.82837	 79.32000
 45.40000	 79.79000	 54.30294	 79.79000
 45.60000	 80.31000	 54.82140	 80.31000
 45.80000	 80.77000	 55.28175	 80.77000
 46.00000	 81.11000	 55.62843	 81.11000
 46.20000	 81.39000	 55.91674	 81.39000
 46.40000	 81.61000	 56.14686	 81.61000
 46.60000	 81.73000	 56.28220	 81.73000
 46.80000	 81.83000	 56.39683	 81.83000
 47.00000	 81.94000	 56.51870	 81.94000
 47.20000	 82.08000	 56.66648	 82.08000
 47.40000	 82.30000	 56.88631	 82.30000
 47.60000	 82.67000	 57.24263	 82.67000
 47.80000	 83.32000	 57.85489	 83.32000
 48.00000	 84.32000	 58.78688	 84.32000
 48.20000	 85.43000	 59.81643	 85.43000
 48.40000	 86.54000	 60.84129	 86.54000
 48.60000	 87.42000	 61.64903	 87.42000
 48.80000	 88.22000	 62.37792	 88.22000
 49.00000	 88.95000	 63.03742	 88.95000
 49.20000	 89.68000	 63.69237	 89.68000
 49.40000	 90.37000	 64.30621	 90.37000
 49.60000	 90.90000	 64.76871	 90.90000
 49.80000	 91.17000	 64.98829	 91.17000
 50.00000	 91.04000	 64.83689	 91.04000
 50.20000	 90.65000	 64.44483	 90.65000
 50.40000	 90.03000	 63.84116	 90.03000
 50.60000	 89.15000	 62.99963	 89.15000
 50.80000	 88.09000	 61.99533	 88.09000
 51.00000	 86.93000	 60.90323	 86.93000
 51.20000	 85.73000	 59.77957	 85.73000
 51.40000	 84.62000	 58.74482	 84.62000
 51.60000	 83.56000	 57.76237	 83.56000
 51.80000	 82.57000	 56.85066	 82.57000
 52.00000	 81.68000	 56.03715	 81.68000
 52.20000	 80.91000	 55.33989	 80.91000
 52.40000	 80.29000	 54.78598	 80.29000
 52.60000	 79.87000	 54.42080	 79.87000
 52.80000	 79.72000	 54.30794	 79.72000
 53.00000	 79.91000	 54.51076	 79.91000
 53.20000	 80.27000	 54.87124	 80.27000
 53.40000	 80.76000	 55.35123	 80.76000
 53.60000	 81.23000	 55.81145	 81.23000
 53.80000	 81.78000	 56.34332	 81.78000
 54.00000	 82.45000	 56.98306	 82.45000
 54.20000	 83.27000	 57.75770	 83.27000
 54.40000	 84.26000	 58.68501	 84.26000
 54.60000	 85.42000	 59.76428	 85.42000
 54.80000	 86.90000	 61.13291	 86.90000
 55.00000	 88.58000	 62.67931	 88.58000
 55.20000	 90.23000	 64.19061	 90.23000
 55.40000	 91.61000	 65.44516	 91.61000
 55.60000	 92.67000	 66.39710	 92.67000
 55.80000	 93.54000	 67.16698	 93.54000
 56.00000	 94.27000	 67.80182	 94.27000
 56.20000	 94.86000	 68.30260	 94.86000
 56.40000	 95.19000	 68.55975	 95.19000
 56.60000	 95.16000	 68.48233	 95.16000
 56.80000	 94.67000	 67.97973	 94.67000
 57.00000	 93.90000	 67.21963	 93.90000
 57.20000	 92.89000	 66.24067	 92.89000
 57.40000	 91.68000	 65.08133	 91.68000
 57.60000	 90.35000	 63.81675	 90.35000
 57.80000	 88.97000	 62.51256	 88.97000
 58.00000	 87.66000	 61.28011	 87.66000
 58.20000	 86.46000	 60.15659	 86.46000
 58.40000	 85.33000	 59.10511	 85.33000
 58.60000	 84.28000	 58.13466	 84.28000
 58.80000	 83.35000	 57.28170	 83.35000
 59.00000	 82.52000	 56.52726	 82.52000
 59.20000	 81.79000	 55.87072	 81.79000
 59.40000	 81.15000	 55.30220	 81.15000
 59.60000	 80.61000	 54.83025	 80.61000
 59.80000	 80.17000	 54.45417	 80.17000
 60.00000	 79.84000	 54.18251	 79.84000
 60.20000	 79.66000	 54.05139	 79.66000
 60.40000	 79.63000	 54.06006	 79.63000
 60.60000	 79.65000	 54.11556	 79.65000
 60.80000	 79.69000	 54.18961	 79.69000
 61.00000	 79.64000	 54.18039	 79.64000
 61.20000	 79.54000	 54.12460	 79.54000
 61.40000	 79.40000	 54.03142	 79.40000
 61.60000	 79.10000	 53.79039	 79.10000
 61.80000	 78.69000	 53.44792	 78.69000
 62.00000	 78.41000	 53.22553	 78.41000
 62.20000	 78.41000	 53.26144	 78.41000
 62.40000	 79.04000	 53.87759	 79.04000
 62.60000	 79.98000	 54.77771	 79.98000
 62.80000	 81.17000	 55.90497	 81.17000
 63.00000	 82.63000	 57.27630	 82.63000
 63.20000	 84.23000	 58.77047	 84.23000
 63.40000	 85.86000	 60.28497	 85.86000
 63.60000	 87.36000	 61.67162	 87.36000
 63.80000	 88.68000	 62.88414	 88.68000
 64.00000	 89.83000	 63.93200	 89.83000
 64.20000	 90.80000	 64.80656	 90.80000
 64.40000	 91.53000	 65.45337	 91.53000
 64.60000	 92.02000	 65.87346	 92.02000
 64.80000	 92.26000	 66.05884	 92.26000
 65.00000	 92.13000	 65.90029	 92.13000
 65.20000	 91.75000	 65.50998	 91.75000
 65.40000	 91.16000	 64.92632	 91.16000
 65.60000	 90.42000	 64.20605	 90.42000
 65.80000	 89.57000	 63.38726	 89.57000
 66.00000	 88.64000	 62.49860	 88.64000
 66.20000	 87.69000	 61.59617	 87.69000
 66.40000	 86.86000	 60.80945	 86.86000
 66.60000	 86.10000	 60.09248	 86.10000
 66.80000	 85.35000	 59.38988	 85.35000
 67.00000	 84.59000	 58.68307	 84.59000
 67.20000	 83.71000	 57.87060	 83.71000
 67.40000	 82.78000	 57.01701	 82.78000
 67.60000	 81.88000	 56.19611	 81.88000
 67.80000	 81.04000	 55.43549	 81.04000
 68.00000	 80.42000	 54.88235	 80.42000
 68.20000	 79.90000	 54.42557	 79.90000
 68.40000	 79.42000	 54.00925	 79.42000
 68.60000	 78.96000	 53.61445	 78.96000
 68.80000	 78.43000	 53.15782	 78.43000
 69.00000	 77.90000	 52.70366	 77.90000
 69.20000	 77.38000	 52.26102	 77.38000
 69.40000	 76.84000	 51.80213	 76.84000
 69.60000	 76.23000	 51.28085	 76.23000
 69.80000	 75.75000	 50.88144	 75.75000
 70.00000	 75.48000	 50.67739	 75.48000
 70.20000	 75.66000	 50.88922	 75.66000
 70.40000	 76.23000	 51.46042	 76.23000
 70.60000	 77.03000	 52.24206	 77.03000
 70.80000	 78.01000	 53.18662	 78.01000
 71.00000	 79.12000	 54.24674	 79.12000
 71.20000	 80.30000	 55.36608	 80.30000
 71.40000	 81.49000	 56.48854	 81.49000
 71.60000	 82.59000	 57.52151	 82.59000
 71.80000	 83.56000	 58.42802	 83.56000
 72.00000	 84.44000	 59.24516	 84.44000
 72.20000	 85.23000	 59.97329	 85.23000
 72.40000	 85.94000	 60.62214	 85.94000
 72.60000	 86.53000	 61.15538	 86.53000
 72.80000	 86.99000	 61.56443	 86.99000
 73.00000	 87.31000	 61.84082	 87.31000
 73.20000	 87.47000	 61.96689	 87.47000
 73.40000	 87.45000	 61.92507	 87.45000
 73.60000	 87.21000	 61.67946	 87.21000
 73.80000	 86.64000	 61.12977	 86.64000
 74.00000	 85.93000	 60.45237	 85.93000
 74.20000	 85.12000	 59.68522	 85.12000
 74.40000	 84.34000	 58.94904	 84.34000
 74.60000	 83.60000	 58.25357	 83.60000
 74.80000	 82.86000	 57.56224	 82.86000
 75.00000	 82.13000	 56.88440	 82.13000
 75.20000	 81.39000	 56.20164	 81.39000
 75.40000	 80.67000	 55.54161	 80.67000
 75.60000	 79.96000	 54.89501	 79.96000
 75.80000	 79.28000	 54.28015	 79.28000
 76.00000	 78.60000	 53.66922	 78.60000
 76.20000	 77.97000	 53.10811	 77.97000
 76.40000	 77.42000	 52.62423	 77.42000
 76.60000	 77.02000	 52.28170	 77.02000
 76.80000	 76.77000	 52.08000	 76.77000
 77.00000	 76.60000	 51.95397	 76.60000
 77.20000	 76.51000	 51.90297	 76.51000
 77.40000	 76.42000	 51.85274	 76.42000
 77.60000	 76.38000	 51.84893	 76.38000
 77.80000	 76.38000	 51.88195	 76.38000
 78.00000	 76.46000	 51.98832	 76.46000
 78.20000	 76.62000	 52.16769	 76.62000
 78.40000	 76.82000	 52.38280	 76.82000
 78.60000	 77.05000	 52.62413	 77.05000
 78.80000	 77.27000	 52.85457	 77.27000
 79.00000	 77.48000	 53.07396	 77.48000
 79.20000	 77.67000	 53.27304	 77.67000
 79.40000	 77.83000	 53.44261	 77.83000
 79.60000	 77.80000	 53.43537	 77.80000
 79.80000	 77.83000	 53.48203	 77.83000
 80.00000	 77.99000	 53.64726	 77.99000
 80.20000	 78.55000	 54.17969	 78.55000
 80.40000	 79.45000	 55.02325	 79.45000
 80.60000	 80.52000	 56.02021	 80.52000
 80.80000	 81.68000	 57.09580	 81.68000
 81.00000	 82.84000	 58.16629	 82.84000
 81.20000	 83.98000	 59.21272	 83.98000
 81.40000	 85.06000	 60.19799	 85.06000
 81.60000	 85.96000	 61.01155	 85.96000
 81.80000	 86.68000	 61.65379	 86.68000
 82.00000	 87.28000	 62.18062	 87.28000
 82.20000	 87.76000	 62.59276	 87.76000
 82.40000	 88.19000	 62.95543	 88.19000
 82.60000	 88.49000	 63.19557	 88.49000
 82.80000	 88.62000	 63.27703	 88.62000
 83.00000	 88.51000	 63.13614	 88.51000
 83.20000	 88.14000	 62.75549	 88.14000
 83.40000	 87.61000	 62.22834	 87.61000
 83.60000	 86.92000	 61.55579	 86.92000
 83.80000	 86.14000	 60.80332	 86.14000
 84.00000	 85.26000	 59.96254	 85.26000
 84.20000	 84.28000	 59.03416	 84.28000
 84.40000	 83.21000	 58.02800	 83.21000
 84.60000	 81.97000	 56.87090	 81.97000
 84.80000	 80.70000	 55.69246	 80.70000
 85.00000	 79.44000	 54.52993	 79.44000
 85.20000	 78.27000	 53.45719	 78.27000
 85.40000	 77.36000	 52.63076	 77.36000
 85.60000	 76.57000	 51.92104	 76.57000
 85.80000	 75.90000	 51.32734	 75.90000
 86.00000	 75.32000	 50.82126	 75.32000
 86.20000	 74.82000	 50.39288	 74.82000
 86.40000	 74.42000	 50.05994	 74.42000
 86.60000	 74.12000	 49.82174	 74.12000
 86.80000	 73.92000	 49.67763	 73.92000
 87.00000	 73.75000	 49.56246	 73.75000
 87.20000	 73.73000	 49.58625	 73.73000
 87.40000	 73.91000	 49.79441	 73.91000
 87.60000	 74.34000	 50.23222	 74.34000
 87.80000	 75.08000	 50.95393	 75.08000
 88.00000	 76.07000	 51.90305	 76.07000
 88.20000	 77.34000	 53.10593	 77.34000
 88.40000	 79.03000	 54.69020	 79.03000
 88.60000	 80.93000	 56.46079	 80.93000
 88.80000	 82.93000	 58.31494	 82.93000
 89.00000	 84.87000	 60.10421	 84.87000
 89.20000	 86.71000	 61.79122	 86.71000
 89.40000	 88.44000	 63.36670	 88.44000
 89.60000	 90.01000	 64.78486	 90.01000
 89.80000	 91.36000	 65.99098	 91.36000
 90.00000	 92.50000	 66.99517	 92.50000
 90.20000	 93.40000	 67.77087	 93.40000
 90.40000	 94.01000	 68.27327	 94.01000
 90.60000	 94.37000	 68.54066	 94.37000
 90.80000	 94.48000	 68.57452	 94.48000
 91.00000	 94.29000	 68.33031	 94.29000
 91.20000	 93.88000	 67.88331	 93.88000
 91.40000	 93.29000	 67.27187	 93.29000
 91.60000	 92.58000	 66.55257	 92.58000
 91.80000	 91.80000	 65.77258	 91.80000
 92.00000	 90.97000	 64.95117	 90.97000
 92.20000	 90.09000	 64.08894	 90.09000
 92.40000	 89.24000	 63.26005	 89.24000
 92.60000	 88.46000	 62.50155	 88.46000
 92.80000	 87.67000	 61.73969	 87.67000
 93.00000	 86.85000	 60.95596	 86.85000
 93.20000	 85.98000	 60.13191	 85.98000
 93.40000	 85.03000	 59.23987	 85.03000
 93.60000	 84.04000	 58.31681	 84.04000
 93.80000	 83.02000	 57.37199	 83.02000
 94.00000	 81.97000	 56.40547	 81.97000
 94.20000	 80.92000	 55.44491	 80.92000
 94.40000	 79.85000	 54.47185	 79.85000
 94.60000	 78.77000	 53.49546	 78.77000
 94.80000	 77.62000	 52.46037	 77.62000
 95.00000	 76.40000	 51.36663	 76.40000
 95.20000	 75.31000	 50.39854	 75.31000
 95.40000	 74.43000	 49.62956	 74.43000
 95.60000	 74.04000	 49.31701	 74.04000
 95.80000	 74.05000	 49.37661	 74.05000
 96.00000	 74.34000	 49.69612	 74.34000
 96.20000	 74.87000	 50.23700	 74.87000
 96.40000	 75.60000	 50.96082	 75.60000
 96.60000	 76.49000	 51.82927	 76.49000
 96.80000	 77.47000	 52.77664	 77.47000
 97.00000	 78.50000	 53.76509	 78.50000
 97.20000	 79.53000	 54.74788	 79.53000
 97.40000	 80.52000	 55.68773	 80.52000
 97.60000	 81.42000	 56.53842	 81.42000
 97.80000	 82.09000	 57.17112	 82.09000
 98.00000	 82.62000	 57.66931	 82.62000
 98.20000	 83.03000	 58.05211	 83.03000
 98.40000	 83.31000	 58.31105	 83.31000
 98.60000	 83.48000	 58.46534	 83.48000
 98.80000	 83.56000	 58.53418	 83.56000
 99.00000	 83.56000	 58.52750	 83.56000
 99.20000	 83.52000	 58.48279	 83.52000
 99.40000	 83.43000	 58.39138	 83.43000
 99.60000	 83.26000	 58.22608	 83.26000
 99.80000	 82.99000	 57.96894	 82.99000
100.00000	 82.63000	 57.62966	 82.63000
100.20000	 82.23000	 57.25479	 82.23000
100.40000	 81.83000	 56.88158	 81.83000
100.60000	 81.50000	 56.57477	 81.50000
100.80000	 81.18000	 56.27910	 81.18000
101.00000	 80.85000	 55.97614	 80.85000
101.20000	 80.50000	 55.65665	 80.50000
101.40000	 80.12000	 55.31144	 80.12000
101.60000	 79.70000	 54.93133	 79.70000
101.80000	 79.25000	 54.52561	 79.25000
102.00000	 78.62000	 53.95621	 78.62000
102.20000	 77.96000	 53.36167	 77.96000
102.40000	 77.39000	 52.85281	 77.39000
102.60000	 77.05000	 52.55859	 77.05000
102.80000	 77.15000	 52.67201	 77.15000
103.00000	 77.43000	 52.95243	 77.43000
103.20000	 77.83000	 53.34345	 77.83000
103.40000	 78.27000	 53.77039	 78.27000
103.60000	 78.74000	 54.22332	 78.74000
103.80000	 79.23000	 54.69249	 79.23000
104.00000	 79.73000	 55.16830	 79.73000
104.20000	 80.18000	 55.59522	 80.18000
104.40000	 80.61000	 56.00086	 80.61000
104.60000	 81.02000	 56.38523	 81.02000
104.80000	 81.44000	 56.77606	 81.44000
105.00000	 81.83000	 57.13657	 81.83000
105.20000	 82.13000	 57.41161	 82.13000
105.40000	 82.31000	 57.57384	 82.31000
105.60000	 82.31000	 57.56842	 82.31000
105.80000	 82.14000	 57.40519	 82.14000
106.00000	 81.82000	 57.10335	 81.82000
106.20000	 81.24000	 56.56238	 81.24000
106.40000	 80.46000	 55.83855	 80.46000
106.60000	 79.61000	 55.05268	 79.61000
106.80000	 78.74000	 54.25162	 78.74000
107.00000	 78.06000	 53.62940	 78.06000
107.20000	 77.42000	 53.04782	 77.42000
107.40000	 76.83000	 52.51599	 76.83000
107.60000	 76.28000	 52.02447	 76.28000
107.80000	 75.74000	 51.54540	 75.74000
108.00000	 75.25000	 51.11538	 75.25000
108.20000	 74.81000	 50.73416	 74.81000
108.40000	 74.46000	 50.43827	 74.46000
108.60000	 74.18000	 50.20889	 74.18000
108.80000	 73.98000	 50.05481	 73.98000
109.00000	 73.85000	 49.96638	 73.85000
109.20000	 73.77000	 49.92472	 73.77000
109.40000	 73.75000	 49.93865	 73.75000
109.60000	 73.81000	 50.02620	 73.81000
109.80000	 73.97000	 50.20538	 73.97000
110.00000	 74.26000	 50.50337	 74.26000
110.20000	 74.60000	 50.84594	 74.60000
110.40000	 74.99000	 51.23264	 74.99000
110.60000	 75.37000	 51.60782	 75.37000
110.80000	 75.74000	 51.97127	 75.74000
111.00000	 76.09000	 52.31368	 76.09000
111.20000	 76.32000	 52.54292	 76.32000
111.40000	 76.41000	 52.64081	 76.41000
111.60000	 76.56000	 52.79204	 76.56000
111.80000	 76.85000	 53.07051	 76.85000
112.00000	 77.57000	 53.74325	 77.57000
112.20000	 78.47000	 54.57915	 78.47000
112.40000	 79.52000	 55.54969	 79.52000
112.60000	 80.70000	 56.63561	 80.70000
112.80000	 81.95000	 57.78087	 81.95000
113.00000	 83.20000	 58.92040	 83.20000
113.20000	 84.39000	 59.99858	 84.39000
113.40000	 85.40000	 60.90480	 85.40000
113.60000	 86.31000	 61.71311	 86.31000
113.80000	 87.10000	 62.40555	 87.10000
114.00000	 87.79000	 63.00116	 87.79000
114.20000	 88.34000	 63.46372	 88.34000
114.40000	 88.73000	 63.77555	 88.73000
114.60000	 88.91000	 63.89141	 88.91000
114.80000	 88.84000	 63.77543	 88.84000
115.00000	 88.59000	 63.49324	 88.59000
115.20000	 88.17000	 63.05516	 88.17000
115.40000	 87.51000	 62.39775	 87.51000
115.60000	 86.70000	 61.60508	 86.70000
115.80000	 85.84000	 60.77029	 85.84000
116.00000	 84.99000	 59.94940	 84.99000
116.20000	 84.47000	 59.43762	 84.47000
116.40000	 83.98000	 58.95826	 83.98000
116.60000	 83.48000	 58.47411	 83.48000
116.80000	 82.89000	 57.91123	 82.89000
117.00000	 82.04000	 57.11296	 82.04000
117.20000	 81.09000	 56.22709	 81.09000
117.40000	 80.04000	 55.25404	 80.04000
117.60000	 78.92000	 54.22184	 78.92000
117.80000	 77.65000	 53.05718	 77.65000
118.00000	 76.37000	 51.88947	 76.37000
118.20000	 75.15000	 50.78347	 75.15000
118.40000	 74.04000	 49.78524	 74.04000
118.60000	 73.24000	 49.07876	 73.24000
118.80000	 72.60000	 48.52504	 72.60000
119.00000	 72.13000	 48.13240	 72.13000
119.20000	 71.83000	 47.89986	 71.83000
119.40000	 71.70000	 47.82642	 71.70000
119.60000	 71.75000	 47.92026	 71.75000
119.80000	 71.99000	 48.18956	 71.99000
120.00000	 72.43000	 48.64246	 72.43000
120.20000	 73.16000	 49.36078	 73.16000
120.40000	 74.05000	 50.22352	 74.05000
120.60000	 75.05000	 51.18350	 75.05000
120.80000	 76.16000	 52.23980	 76.16000
121.00000	 77.34000	 53.35479	 77.34000
121.20000	 78.48000	 54.42654	 78.48000
121.40000	 79.53000	 55.40873	 79.53000
121.60000	 80.18000	 56.01583	 80.18000
121.80000	 80.74000	 56.53425	 80.74000
122.00000	 81.29000	 57.03848	 81.29000
122.20000	 82.05000	 57.73176	 82.05000
122.40000	 82.98000	 58.57733	 82.98000
122.60000	 83.95000	 59.45522	 83.95000
122.80000	 84.92000	 60.32839	 84.92000
123.00000	 85.86000	 61.16914	 85.86000
123.20000	 86.75000	 61.95910	 86.75000
123.40000	 87.54000	 62.65237	 87.54000
123.60000	 88.20000	 63.22168	 88.20000
123.80000	 88.72000	 63.65834	 88.72000
124.00000	 89.04000	 63.90771	 89.04000
124.20000	 89.14000	 63.95222	 89.14000
124.40000	 88.90000	 63.68233	 88.90000
124.60000	 88.45000	 63.21910	 88.45000
124.80000	 87.83000	 62.60066	 87.83000
125.00000	 87.08000	 61.86504	 87.08000
125.20000	 86.24000	 61.05007	 86.24000
125.40000	 85.31000	 60.15659	 85.31000
125.60000	 84.33000	 59.22212	 84.33000
125.80000	 83.34000	 58.28400	 83.34000
126.00000	 82.36000	 57.36096	 82.36000
126.20000	 81.38000	 56.44393	 81.38000
126.40000	 80.40000	 55.53292	 80.40000
126.60000	 79.41000	 54.61869	 79.41000
126.80000	 78.42000	 53.71038	 78.42000
127.00000	 77.45000	 52.82630	 77.45000
127.20000	 76.50000	 51.96629	 76.50000
127.40000	 75.57000	 51.13015	 75.57000
127.60000	 74.50000	 50.17024	 74.50000
127.80000	 73.55000	 49.32613	 73.55000
128.00000	 72.80000	 48.67126	 72.80000
128.20000	 72.38000	 48.32481	 72.38000
128.40000	 72.51000	 48.48838	 72.51000
128.60000	 72.94000	 48.92992	 72.94000
128.80000	 73.67000	 49.64767	 73.67000
129.00000	 74.74000	 50.67672	 74.74000
129.20000	 76.06000	 51.93236	 76.06000
129.40000	 77.51000	 53.30242	 77.51000
129.60000	 79.00000	 54.70267	 79.00000
129.80000	 80.41000	 56.02169	 80.41000
130.00000	 81.73000	 57.24987	 81.73000
130.20000	 82.88000	 58.31352	 82.88000
130.40000	 83.70000	 59.06561	 83.70000
130.60000	 84.28000	 59.59000	 84.28000
130.80000	 84.66000	 59.92469	 84.66000
131.00000	 84.86000	 60.08930	 84.86000
131.20000	 84.91000	 60.11266	 84.91000
131.40000	 84.84000	 60.02352	 84.84000
131.60000	 84.68000	 59.85053	 84.68000
131.80000	 84.48000	 59.64059	 84.48000
132.00000	 84.23000	 59.38515	 84.23000
132.20000	 83.91000	 59.06632	 83.91000
132.40000	 83.54000	 58.70301	 83.54000
132.60000	 83.12000	 58.29562	 83.12000
132.80000	 82.67000	 57.86291	 82.67000
133.00000	 82.22000	 57.43279	 82.22000
133.20000	 81.86000	 57.08832	 81.86000
133.40000	 81.46000	 56.70967	 81.46000
133.60000	 80.99000	 56.26918	 80.99000
133.80000	 80.29000	 55.61956	 80.29000
134.00000	 79.33000	 54.73365	 79.33000
134.20000	 78.38000	 53.86091	 78.38000
134.40000	 77.52000	 53.07549	 77.52000
134.60000	 76.98000	 52.58937	 76.98000
134.80000	 76.69000	 52.33749	 76.69000
135.00000	 76.62000	 52.29135	 76.62000
135.20000	 76.82000	 52.49595	 76.82000
135.40000	 77.35000	 53.00535	 77.35000
135.60000	 78.08000	 53.69835	 78.08000
135.80000	 78.96000	 54.52753	 78.96000
136.00000	 79.97000	 55.47332	 79.97000
136.20000	 81.04000	 56.47021	 81.04000
136.40000	 82.07000	 57.42534	 82.07000
136.60000	 82.97000	 58.25542	 82.97000
136.80000	 83.58000	 58.81309	 83.58000
137.00000	 84.03000	 59.21871	 84.03000
137.20000	 84.32000	 59.47302	 84.32000
137.40000	 84.45000	 59.57688	 84.45000
137.60000	 84.43000	 59.54040	 84.43000
137.80000	 84.30000	 59.40134	 84.30000
138.00000	 84.06000	 59.16053	 84.06000
138.20000	 83.72000	 58.82795	 83.72000
138.40000	 83.32000	 58.44116	 83.32000
138.60000	 82.87000	 58.00996	 82.87000
138.80000	 82.36000	 57.52560	 82.36000
139.00000	 81.83000	 57.02534	 81.83000
139.20000	 81.34000	 56.56473	 81.34000
139.40000	 80.93000	 56.18073	 80.93000
139.60000	 80.78000	 56.03902	 80.78000
139.80000	 80.68000	 55.94558	 80.68000
140.00000	 80.55000	 55.82621	 80.55000
140.20000	 80.26000	 55.56085	 80.26000
140.40000	 79.81000	 55.14957	 79.81000
140.60000	 79.28000	 54.66638	 79.28000
140.80000	 78.70000	 54.13928	 78.70000
141.00000	 78.01000	 53.51331	 78.01000
141.20000	 77.35000	 52.91781	 77.35000
141.40000	 76.80000	 52.42668	 76.80000
141.60000	 76.51000	 52.17795	 76.51000
141.80000	 76.54000	 52.22634	 76.54000
142.00000	 76.77000	 52.46028	 76.77000
142.20000	 77.17000	 52.85107	 77.17000
142.40000	 77.77000	 53.42531	 77.77000
142.60000	 78.49000	 54.10823	 78.49000
142.80000	 79.26000	 54.83443	 79.26000
143.00000	 80.00000	 55.52951	 80.00000
143.20000	 80.63000	 56.11940	 80.63000
143.40000	 81.22000	 56.66855	 81.22000
143.60000	 81.74000	 57.14944	 81.74000
143.80000	 82.22000	 57.58993	 82.22000
144.00000	 82.61000	 57.94424	 82.61000
144.20000	 82.86000	 58.16668	 82.86000
144.40000	 82.89000	 58.18411	 82.89000
144.60000	 82.54000	 57.84995	 82.54000
144.80000	 82.05000	 57.38652	 82.05000
145.00000	 81.47000	 56.84102	 81.47000
145.20000	 80.93000	 56.33410	 80.93000
145.40000	 80.46000	 55.89394	 80.46000
145.60000	 80.02000	 55.48389	 80.02000
145.80000	 79.60000	 55.09482	 79.60000
146.00000	 79.27000	 54.79118	 79.27000
146.20000	 78.99000	 54.53592	 78.99000
146.40000	 78.71000	 54.28273	 78.71000
146.60000	 78.39000	 53.99456	 78.39000
146.80000	 77.84000	 53.49633	 77.84000
147.00000	 77.20000	 52.91735	 77.20000
147.20000	 76.67000	 52.44223	 76.67000
147.40000	 76.32000	 52.13549	 76.32000
147.60000	 76.49000	 52.30999	 76.49000
147.80000	 76.92000	 52.72503	 76.92000
148.00000	 77.60000	 53.37007	 77.60000
148.20000	 78.53000	 54.24377	 78.53000
148.40000	 79.70000	 55.33556	 79.70000
148.60000	 81.01000	 56.55198	 81.01000
148.80000	 82.38000	 57.81822	 82.38000
149.00000	 83.78000	 59.10581	 83.78000
149.20000	 85.12000	 60.33131	 85.12000
149.40000	 86.34000	 61.43924	 86.34000
149.60000	 87.32000	 62.31924	 87.32000
149.80000	 87.96000	 62.87979	 87.96000
150.00000	 88.38000	 63.23255	 88.38000
150.20000	 88.56000	 63.36030	 88.56000
150.40000	 88.46000	 63.22751	 88.46000
150.60000	 88.15000	 62.90008	 88.15000
150.80000	 87.71000	 62.45309	 87.71000
151.00000	 87.19000	 61.93375	 87.19000
151.20000	 86.67000	 61.41669	 86.67000
151.40000	 86.13000	 60.88409	 86.13000
151.60000	 85.57000	 60.33638	 85.57000
151.80000	 85.06000	 59.83833	 85.06000
152.00000	 84.60000	 59.39001	 84.60000
152.20000	 84.11000	 58.91765	 84.11000
152.40000	 83.59000	 58.42120	 83.59000
152.60000	 82.99000	 57.85461	 82.99000
152.80000	 82.29000	 57.19956	 82.29000
153.00000	 81.52000	 56.48391	 81.52000
153.20000	 80.68000	 55.70790	 80.68000
153.40000	 79.58000	 54.69676	 79.58000
153.60000	 78.42000	 53.63532	 78.42000
153.80000	 77.35000	 52.66224	 77.35000
154.00000	 76.46000	 51.86052	 76.46000
154.20000	 76.07000	 51.52462	 76.07000
154.40000	 75.95000	 51.44148	 75.95000
154.60000	 76.09000	 51.60053	 76.09000
154.80000	 76.49000	 52.00037	 76.49000
155.00000	 77.18000	 52.66715	 77.18000
155.20000	 78.05000	 53.49804	 78.05000
155.40000	 79.04000	 54.43641	 79.04000
155.60000	 80.14000	 55.47194	 80.14000
155.80000	 81.26000	 56.52081	 81.26000
156.00000	 82.33000	 57.51793	 82.33000
156.20000	 83.27000	 58.38934	 83.27000
156.40000	 83.93000	 58.99699	 83.93000
156.60000	 84.41000	 59.43365	 84.41000
156.80000	 84.69000	 59.68172	 84.69000
157.00000	 84.72000	 59.69612	 84.72000
157.20000	 84.52000	 59.49644	 84.52000
157.40000	 84.16000	 59.14838	 84.16000
157.60000	 83.68000	 58.68994	 83.68000
157.80000	 83.10000	 58.14054	 83.10000
158.00000	 82.46000	 57.53787	 82.46000
158.20000	 81.80000	 56.91945	 81.80000
158.40000	 81.17000	 56.33181	 81.17000
158.60000	 80.67000	 55.86728	 80.67000
158.80000	 80.20000	 55.43364	 80.20000
159.00000	 79.75000	 55.02151	 79.75000
159.20000	 79.32000	 54.63070	 79.32000
159.40000	 78.90000	 54.25182	 78.90000
159.60000	 78.46000	 53.85705	 78.46000
159.80000	 77.99000	 53.43708	 77.99000
160.00000	 77.36000	 52.87211	 77.36000
160.20000	 76.61000	 52.19923	 76.61000
160.40000	 75.94000	 51.60304	 75.94000
160.60000	 75.40000	 51.12965	 75.40000
160.80000	 75.23000	 50.99993	 75.23000
161.00000	 75.29000	 51.08406	 75.29000
161.20000	 75.56000	 51.36256	 75.56000
161.40000	 76.06000	 51.85278	 76.06000
161.60000	 76.79000	 52.55355	 76.79000
161.80000	 77.66000	 53.38075	 77.66000
162.00000	 78.62000	 54.28727	 78.62000
162.20000	 79.68000	 55.28149	 79.68000
162.40000	 80.73000	 56.26136	 80.73000
162.60000	 81.70000	 57.16197	 81.70000
162.80000	 82.43000	 57.83587	 82.43000
163.00000	 82.85000	 58.21902	 82.85000
163.20000	 83.11000	 58.45052	 83.11000
163.40000	 83.22000	 58.54054	 83.22000
163.60000	 83.29000	 58.59138	 83.29000
163.80000	 83.22000	 58.51168	 83.22000
164.00000	 83.03000	 58.32064	 83.03000
164.20000	 82.65000	 57.95456	 82.65000
164.40000	 82.07000	 57.40508	 82.07000
164.60000	 81.38000	 56.75607	 81.38000
164.80000	 80.63000	 56.05441	 80.63000
165.00000	 79.90000	 55.37445	 79.90000
165.20000	 79.17000	 54.69814	 79.17000
165.40000	 78.42000	 54.00726	 78.42000
165.60000	 77.65000	 53.30197	 77.65000
165.80000	 76.82000	 52.54552	 76.82000
166.00000	 75.97000	 51.77488	 75.97000
166.20000	 75.12000	 51.00857	 75.12000
166.40000	 74.29000	 50.26502	 74.29000
166.60000	 73.35000	 49.42441	 73.35000
166.80000	 72.51000	 48.68030	 72.51000
167.00000	 71.86000	 48.11544	 71.86000
167.20000	 71.54000	 47.85830	 71.54000
167.40000	 71.78000	 48.11977	 71.78000
167.60000	 72.28000	 48.62177	 72.28000
167.80000	 73.02000	 49.34421	 73.02000
168.00000	 73.95000	 50.23946	 73.95000
168.20000	 75.01000	 51.25087	 75.01000
168.40000	 76.15000	 52.33122	 76.15000
168.60000	 77.30000	 53.41516	 77.30000
168.80000	 78.34000	 54.39157	 78.34000
169.00000	 79.32000	 55.30639	 79.32000
169.20000	 80.21000	 56.13210	 80.21000
169.40000	 80.95000	 56.81370	 80.95000
169.60000	 81.53000	 57.34252	 81.53000
169.80000	 82.00000	 57.76534	 82.00000
170.00000	 82.34000	 58.06445	 82.34000
170.20000	 82.57000	 58.25907	 82.57000
170.40000	 82.69000	 58.34995	 82.69000
170.60000	 82.70000	 58.33784	 82.70000
170.80000	 82.59000	 58.21426	 82.59000
171.00000	 82.36000	 57.97993	 82.36000
171.20000	 82.05000	 57.67240	 82.05000
171.40000	 81.66000	 57.29233	 81.66000
171.60000	 81.21000	 56.85867	 81.21000
171.80000	 80.71000	 56.38114	 80.71000
172.00000	 80.17000	 55.86933	 80.17000
172.20000	 79.62000	 55.35119	 79.62000
172.40000	 79.12000	 54.88221	 79.12000
172.60000	 78.60000	 54.39790	 78.60000
172.80000	 78.06000	 53.89830	 78.06000
173.00000	 77.42000	 53.30972	 77.42000
173.20000	 76.55000	 52.51258	 76.55000
173.40000	 75.75000	 51.78372	 75.75000
173.60000	 75.12000	 51.21545	 75.12000
173.80000	 74.84000	 50.97333	 74.84000
174.00000	 74.98000	 51.12101	 74.98000
174.20000	 75.41000	 51.53736	 75.41000
174.40000	 76.13000	 52.22089	 76.13000
174.60000	 77.27000	 53.28981	 77.27000
174.80000	 78.62000	 54.54887	 78.62000
175.00000	 80.09000	 55.91358	 80.09000
175.20000	 81.58000	 57.29057	 81.58000
175.40000	 83.03000	 58.62375	 83.03000
175.60000	 84.32000	 59.80217	 84.32000
175.80000	 85.38000	 60.76141	 85.38000
176.00000	 85.90000	 61.21649	 85.90000
176.20000	 86.10000	 61.37149	 86.10000
176.40000	 86.04000	 61.28330	 86.04000
176.60000	 85.75000	 60.98118	 85.75000
176.80000	 85.26000	 60.49431	 85.26000
177.00000	 84.62000	 59.87017	 84.62000
177.20000	 83.88000	 59.15605	 83.88000
177.40000	 83.14000	 58.44507	 83.14000
177.60000	 82.38000	 57.71947	 82.38000
177.80000	 81.58000	 56.96125	 81.58000
178.00000	 80.76000	 56.18918	 80.76000
178.20000	 79.88000	 55.36662	 79.88000
178.40000	 79.00000	 54.54905	 79.00000
178.60000	 78.14000	 53.75499	 78.14000
178.80000	 77.32000	 53.00284	 77.32000
179.00000	 76.58000	 52.32931	 76.58000
179.20000	 75.92000	 51.73409	 75.92000
179.40000	 75.36000	 51.23523	 75.36000
179.60000	 74.91000	 50.84144	 74.91000
179.80000	 74.66000	 50.63504	 74.66000
180.00000	 74.53000	 50.54156	 74.53000
180.20000	 74.50000	 50.54179	 74.50000
180.40000	 74.53000	 50.59815	 74.53000
180.60000	 74.61000	 50.70080	 74.61000
180.80000	 74.73000	 50.84003	 74.73000
181.00000	 74.86000	 50.98778	 74.86000
181.20000	 74.90000	 51.05164	 74.90000
181.40000	 74.84000	 51.02235	 74.84000
181.60000	 74.94000	 51.13962	 74.94000
181.80000	 75.34000	 51.53222	 75.34000
182.00000	 76.31000	 52.44823	 76.31000
182.20000	 77.56000	 53.61901	 77.56000
182.40000	 79.00000	 54.96019	 79.00000
182.60000	 80.66000	 56.49807	 80.66000
182.80000	 82.32000	 58.02876	 82.32000
183.00000	 83.87000	 59.45015	 83.87000
183.20000	 84.98000	 60.45803	 84.98000
183.40000	 85.83000	 61.21892	 85.83000
183.60000	 86.42000	 61.73388	 86.42000
183.80000	 86.72000	 61.97653	 86.72000
184.00000	 86.78000	 61.99436	 86.78000
184.20000	 86.65000	 61.83490	 86.65000
184.40000	 86.36000	 61.52714	 86.36000
184.60000	 85.94000	 61.09995	 85.94000
184.80000	 85.41000	 60.57282	 85.41000
185.00000	 84.80000	 59.97432	 84.80000
185.20000	 84.10000	 59.29598	 84.10000
185.40000	 83.38000	 58.60292	 83.38000
185.60000	 82.66000	 57.91400	 82.66000
185.80000	 82.05000	 57.33082	 82.05000
186.00000	 81.55000	 56.85330	 81.55000
186.20000	 81.09000	 56.41665	 81.09000
186.40000	 80.65000	 56.00215	 80.65000
186.60000	 80.20000	 55.58188	 80.20000
186.80000	 79.75000	 55.16482	 79.75000
187.00000	 79.31000	 54.76002	 79.31000
187.20000	 78.89000	 54.37652	 78.89000
187.40000	 78.48000	 54.00492	 78.48000
187.60000	 78.09000	 53.65428	 78.09000
187.80000	 77.72000	 53.32441	 77.72000
188.00000	 77.44000	 53.07961	 77.44000
188.20000	 77.18000	 52.85510	 77.18000
188.40000	 76.91000	 52.62297	 76.91000
188.60000	 76.57000	 52.32778	 76.57000
188.80000	 76.08000	 51.89582	 76.08000
189.00000	 75.57000	 51.44710	 75.57000
189.20000	 75.09000	 51.02788	 75.09000
189.40000	 74.67000	 50.66586	 74.67000
189.60000	 74.36000	 50.40699	 74.36000
189.80000	 74.20000	 50.28784	 74.20000
190.00000	 74.26000	 50.37242	 74.26000
190.20000	 74.69000	 50.79815	 74.69000
190.40000	 75.30000	 51.38882	 75.30000
190.60000	 76.04000	 52.09724	 76.04000
190.80000	 76.90000	 52.91321	 76.90000
191.00000	 77.80000	 53.76216	 77.80000
191.20000	 78.70000	 54.60663	 78.70000
191.40000	 79.53000	 55.38177	 79.53000
191.60000	 80.15000	 55.95852	 80.15000
191.80000	 80.67000	 56.43860	 80.67000
192.00000	 81.09000	 56.82249	 81.09000
192.20000	 81.43000	 57.12918	 81.43000
192.40000	 81.68000	 57.35002	 81.68000
192.60000	 81.82000	 57.46716	 81.82000
192.80000	 81.84000	 57.47201	 81.84000
193.00000	 81.67000	 57.30074	 81.67000
193.20000	 81.40000	 57.03708	 81.40000
193.40000	 81.04000	 56.69096	 81.04000
193.60000	 80.62000	 56.29069	 80.62000
193.80000	 80.16000	 55.85525	 80.16000
194.00000	 79.66000	 55.38505	 79.66000
194.20000	 79.14000	 54.89888	 79.14000
194.40000	 78.61000	 54.40619	 78.61000
194.60000	 78.09000	 53.92555	 78.09000
194.80000	 77.58000	 53.45705	 77.58000
195.00000	 77.10000	 53.01909	 77.10000
195.20000	 76.68000	 52.63921	 76.68000
195.40000	 76.29000	 52.28960	 76.29000
195.60000	 75.95000	 51.98844	 75.95000
195.80000	 75.67000	 51.74470	 75.67000
196.00000	 75.45000	 51.55805	 75.45000
196.20000	 75.25000	 51.39132	 75.25000
196.40000	 75.09000	 51.26264	 75.09000
196.60000	 74.92000	 51.12568	 74.92000
196.80000	 74.77000	 51.00789	 74.77000
197.00000	 74.65000	 50.91831	 74.65000
197.20000	 74.49000	 50.79230	 74.49000
197.40000	 74.35000	 50.68506	 74.35000
197.60000	 74.34000	 50.69787	 74.34000
197.80000	 74.56000	 50.92253	 74.56000
198.00000	 75.24000	 51.57029	 75.24000
198.20000	 76.11000	 52.39118	 76.11000
198.40000	 77.15000	 53.36558	 77.15000
198.60000	 78.28000	 54.41870	 78.28000
198.80000	 79.46000	 55.51284	 79.46000
199.00000	 80.63000	 56.59209	 80.63000
199.20000	 81.74000	 57.61004	 81.74000
199.40000	 82.69000	 58.47451	 82.69000
199.60000	 83.50000	 59.20422	 83.50000
199.80000	 84.12000	 59.75364	 84.12000
200.00000	 84.43000	 60.01299	 84.43000
200.20000	 84.49000	 60.03868	 84.49000
200.40000	 84.38000	 59.90566	 84.38000
200.60000	 84.18000	 59.68883	 84.18000
200.80000	 83.99000	 59.48127	 83.99000
201.00000	 83.67000	 59.15470	 83.67000
201.20000	 83.19000	 58.68213	 83.19000
201.40000	 82.37000	 57.89851	 82.37000
201.60000	 81.22000	 56.81416	 81.22000
201.80000	 79.99000	 55.66069	 79.99000
202.00000	 78.75000	 54.50359	 78.75000
202.20000	 77.79000	 53.61065	 77.79000
202.40000	 77.04000	 52.91725	 77.04000
202.60000	 76.40000	 52.33072	 76.40000
202.80000	 75.87000	 51.85044	 75.87000
203.00000	 75.39000	 51.42046	 75.39000
203.20000	 74.98000	 51.05862	 74.98000
203.40000	 74.65000	 50.77354	 74.65000
203.60000	 74.41000	 50.57388	 74.41000
203.80000	 74.29000	 50.48670	 74.29000
204.00000	 74.26000	 50.48373	 74.26000
204.20000	 74.30000	 50.54593	 74.30000
204.40000	 74.38000	 50.64513	 74.38000
204.60000	 74.35000	 50.64269	 74.35000
204.80000	 74.40000	 50.71355	 74.40000
205.00000	 74.59000	 50.91275	 74.59000
205.20000	 75.02000	 51.33202	 75.02000
205.40000	 75.77000	 52.04436	 75.77000
205.60000	 76.77000	 52.98422	 76.77000
205.80000	 78.01000	 54.14126	 78.01000
206.00000	 79.69000	 55.69853	 79.69000
206.20000	 81.58000	 57.44258	 81.58000
206.40000	 83.50000	 59.20624	 83.50000
206.60000	 85.31000	 60.85961	 85.31000
206.80000	 86.87000	 62.27341	 86.87000
207.00000	 88.17000	 63.43876	 88.17000
207.20000	 89.13000	 64.28274	 89.13000
207.40000	 89.46000	 64.53948	 89.46000
207.60000	 89.43000	 64.45976	 89.43000
207.80000	 89.10000	 64.10098	 89.10000
208.00000	 88.54000	 63.52964	 88.54000
208.20000	 87.79000	 62.78440	 87.79000
208.40000	 86.93000	 61.94051	 86.93000
208.60000	 86.00000	 61.03607	 86.00000
208.80000	 85.17000	 60.22861	 85.17000
209.00000	 84.37000	 59.45405	 84.37000
209.20000	 83.60000	 58.71255	 83.60000
209.40000	 82.86000	 58.00412	 82.86000
209.60000	 82.23000	 57.40234	 82.23000
209.80000	 81.64000	 56.84241	 81.64000
210.00000	 81.04000	 56.27791	 81.04000
210.20000	 80.40000	 55.68095	 80.40000
210.40000	 79.47000	 54.82109	 79.47000
210.60000	 78.45000	 53.88295	 78.45000
210.80000	 77.50000	 53.01430	 77.50000
211.00000	 76.69000	 52.27970	 76.69000
211.20000	 76.29000	 51.92763	 76.29000
211.40000	 76.14000	 51.80970	 76.14000
211.60000	 76.21000	 51.89714	 76.21000
211.80000	 76.49000	 52.17949	 76.49000
212.00000	 77.04000	 52.71081	 77.04000
212.20000	 77.72000	 53.36078	 77.72000
212.40000	 78.49000	 54.09143	 78.49000
212.60000	 79.29000	 54.84656	 79.29000
212.80000	 80.08000	 55.58868	 80.08000
213.00000	 80.79000	 56.25293	 80.79000
213.20000	 81.39000	 56.81159	 81.39000
213.40000	 81.76000	 57.15433	 81.76000
213.60000	 81.92000	 57.30017	 81.92000
213.80000	 81.90000	 57.27756	 81.90000
214.00000	 81.62000	 57.01374	 81.62000
214.20000	 81.06000	 56.49141	 81.06000
214.40000	 80.35000	 55.83159	 80.35000
214.60000	 79.52000	 55.06308	 79.52000
214.80000	 78.65000	 54.26054	 78.65000
215.00000	 77.76000	 53.44311	 77.76000
215.20000	 76.87000	 52.62969	 76.87000
215.40000	 76.01000	 51.84822	 76.01000
215.60000	 75.29000	 51.20011	 75.29000
215.80000	 74.66000	 50.63908	 74.66000
216.00000	 74.10000	 50.14634	 74.10000
216.20000	 73.59000	 49.70304	 73.59000
216.40000	 72.98000	 49.17060	 72.98000
216.60000	 72.38000	 48.65023	 72.38000
216.80000	 71.95000	 48.28918	 71.95000
217.00000	 71.77000	 48.16072	 71.77000
217.20000	 72.10000	 48.50356	 72.10000
217.40000	 72.83000	 49.21491	 72.83000
217.60000	 73.83000	 50.17326	 73.83000
217.80000	 75.06000	 51.34010	 75.06000
218.00000	 76.60000	 52.78760	 76.60000
218.20000	 78.25000	 54.32997	 78.25000
218.40000	 79.90000	 55.86469	 79.90000
218.60000	 81.41000	 57.26205	 81.41000
218.80000	 82.67000	 58.42056	 82.67000
219.00000	 83.78000	 59.43278	 83.78000
219.20000	 84.71000	 60.27173	 84.71000
219.40000	 85.41000	 60.89221	 85.41000
219.60000	 85.93000	 61.34133	 85.93000
219.80000	 86.28000	 61.62943	 86.28000
220.00000	 86.45000	 61.74841	 86.45000
220.20000	 86.45000	 61.70860	 86.45000
220.40000	 86.35000	 61.57558	 86.35000
220.60000	 86.15000	 61.35030	 86.15000
220.80000	 85.94000	 61.11648	 85.94000
221.00000	 85.69000	 60.84707	 85.69000
221.20000	 85.39000	 60.53331	 85.39000
221.40000	 85.06000	 60.19399	 85.06000
221.60000	 84.74000	 59.86627	 84.74000
221.80000	 84.36000	 59.48581	 84.36000
222.00000	 83.91000	 59.04360	 83.91000
222.20000	 83.35000	 58.50302	 83.35000
222.40000	 82.65000	 57.83678	 82.65000
222.60000	 81.88000	 57.10979	 81.88000
222.80000	 81.06000	 56.34089	 81.06000
223.00000	 80.17000	 55.51197	 80.17000
223.20000	 79.26000	 54.66939	 79.26000
223.40000	 78.35000	 53.83177	 78.35000
223.60000	 77.49000	 53.04525	 77.49000
223.80000	 76.67000	 52.30053	 76.67000
224.00000	 75.94000	 51.64350	 75.94000
224.20000	 75.37000	 51.13828	 75.37000
224.40000	 75.01000	 50.83039	 75.01000
224.60000	 75.05000	 50.89401	 75.05000
224.80000	 75.36000	 51.20808	 75.36000
225.00000	 75.85000	 51.68829	 75.85000
225.20000	 76.46000	 52.27807	 76.46000
225.40000	 77.13000	 52.92106	 77.13000
225.60000	 77.86000	 53.61642	 77.86000
225.80000	 78.60000	 54.31745	 78.60000
226.00000	 79.33000	 55.00531	 79.33000
226.20000	 80.00000	 55.63370	 80.00000
226.40000	 80.61000	 56.20262	 80.61000
226.60000	 81.13000	 56.68458	 81.13000
226.80000	 81.53000	 57.05226	 81.53000
227.00000	 81.79000	 57.28771	 81.79000
227.20000	 81.92000	 57.40074	 81.92000
227.40000	 81.90000	 57.37362	 81.90000
227.60000	 81.62000	 57.10576	 81.62000
227.80000	 81.21000	 56.71794	 81.21000
228.00000	 80.70000	 56.23871	 80.70000
228.20000	 80.11000	 55.68730	 80.11000
228.40000	 79.47000	 55.09203	 79.47000
228.60000	 78.83000	 54.49949	 78.83000
228.80000	 78.19000	 53.91001	 78.19000
229.00000	 77.69000	 53.45277	 77.69000
229.20000	 77.29000	 53.09074	 77.29000
229.40000	 76.92000	 52.75913	 76.92000
229.60000	 76.54000	 52.42080	 76.54000
229.80000	 76.06000	 51.99262	 76.06000
230.00000	 75.54000	 51.52989	 75.54000
230.20000	 75.02000	 51.06950	 75.02000
230.40000	 74.51000	 50.62070	 74.51000
230.60000	 73.88000	 50.06370	 73.88000
230.80000	 73.39000	 49.63819	 73.39000
231.00000	 73.10000	 49.39926	 73.10000
231.20000	 73.25000	 49.56750	 73.25000
231.40000	 73.92000	 50.21544	 73.92000
231.60000	 74.86000	 51.11101	 74.86000
231.80000	 76.00000	 52.18805	 76.00000
232.00000	 77.29000	 53.39902	 77.29000
232.20000	 78.66000	 54.67819	 78.66000
232.40000	 80.05000	 55.96936	 80.05000
232.60000	 81.34000	 57.16137	 81.34000
232.80000	 82.45000	 58.18037	 82.45000
233.00000	 83.49000	 59.12798	 83.49000
233.20000	 84.45000	 59.99538	 84.45000
233.40000	 85.43000	 60.87519	 85.43000
233.60000	 86.31000	 61.65721	 86.31000
233.80000	 87.04000	 62.29586	 87.04000
234.00000	 87.54000	 62.71810	 87.54000
234.20000	 87.77000	 62.88800	 87.77000
234.40000	 87.84000	 62.90805	 87.84000
234.60000	 87.78000	 62.80699	 87.78000
234.80000	 87.65000	 62.64109	 87.65000
235.00000	 87.43000	 62.39274	 87.43000
235.20000	 87.13000	 62.07186	 87.13000
235.40000	 86.75000	 61.67910	 86.75000
235.60000	 86.32000	 61.24262	 86.32000
235.80000	 85.81000	 60.73524	 85.81000
236.00000	 85.23000	 60.16659	 85.23000
236.20000	 84.56000	 59.51864	 84.56000
236.40000	 83.75000	 58.74572	 83.75000
236.60000	 82.90000	 57.94042	 82.90000
236.80000	 82.03000	 57.12152	 82.03000
237.00000	 81.19000	 56.33533	 81.19000
237.20000	 80.45000	 55.64636	 80.45000
237.40000	 79.73000	 54.98074	 79.73000
237.60000	 79.01000	 54.31980	 79.01000
237.80000	 78.25000	 53.62651	 78.25000
238.00000	 77.34000	 52.79944	 77.34000
238.20000	 76.50000	 52.04139	 76.50000
238.40000	 75.82000	 51.43522	 75.82000
238.60000	 75.42000	 51.09107	 75.42000
238.80000	 75.40000	 51.10024	 75.40000
239.00000	 75.63000	 51.34169	 75.63000
239.20000	 76.09000	 51.79565	 76.09000
239.40000	 76.85000	 52.52524	 76.85000
239.60000	 77.83000	 53.45531	 77.83000
239.80000	 78.90000	 54.46471	 78.90000
240.00000	 79.99000	 55.48791	 79.99000
240.20000	 80.93000	 56.36758	 80.93000
240.40000	 81.79000	 57.16805	 81.79000
240.60000	 82.52000	 57.84336	 82.52000
240.80000	 83.07000	 58.34780	 83.07000
241.00000	 83.41000	 58.65438	 83.41000
241.20000	 83.60000	 58.81920	 83.60000
241.40000	 83.66000	 58.86160	 83.66000
241.60000	 83.58000	 58.77324	 83.58000
241.80000	 83.39000	 58.58261	 83.39000
242.00000	 83.13000	 58.32738	 83.13000
242.20000	 82.83000	 58.03585	 82.83000
242.40000	 82.51000	 57.72698	 82.51000
242.60000	 82.18000	 57.41036	 82.18000
242.80000	 81.83000	 57.07704	 81.83000
243.00000	 81.51000	 56.77329	 81.51000
243.20000	 81.21000	 56.48996	 81.21000
243.40000	 80.90000	 56.19939	 80.90000
243.60000	 80.55000	 55.87394	 80.55000
243.80000	 80.15000	 55.50444	 80.15000
244.00000	 79.69000	 55.08179	 79.69000
244.20000	 79.16000	 54.59693	 79.16000
244.40000	 78.53000	 54.02244	 78.53000
244.60000	 77.62000	 53.19283	 77.62000
244.80000	 76.75000	 52.40355	 76.75000
245.00000	 75.99000	 51.71946	 75.99000
245.20000	 75.61000	 51.38927	 75.61000
245.40000	 75.62000	 51.42146	 75.62000
245.60000	 75.85000	 51.65818	 75.85000
245.80000	 76.24000	 52.04290	 76.24000
246.00000	 76.77000	 52.55602	 76.77000
246.20000	 77.38000	 53.14122	 77.38000
246.40000	 78.04000	 53.77004	 78.04000
246.60000	 78.65000	 54.34970	 78.65000
246.80000	 79.19000	 54.86148	 79.19000
247.00000	 79.72000	 55.36060	 79.72000
247.20000	 80.25000	 55.85628	 80.25000
247.40000	 80.83000	 56.39463	 80.83000
247.60000	 81.40000	 56.92037	 81.40000
247.80000	 81.92000	 57.39666	 81.92000
248.00000	 82.37000	 57.80525	 82.37000
248.20000	 82.74000	 58.13719	 82.74000
248.40000	 82.98000	 58.34676	 82.98000
248.60000	 83.05000	 58.39763	 83.05000
248.80000	 82.77000	 58.12468	 82.77000
249.00000	 82.33000	 57.70404	 82.33000
249.20000	 81.79000	 57.19204	 81.79000
249.40000	 81.22000	 56.65406	 81.22000
249.60000	 80.69000	 56.15524	 80.69000
249.80000	 80.13000	 55.63143	 80.13000
250.00000	 79.55000	 55.09212	 79.55000
250.20000	 78.91000	 54.50063	 78.91000
250.40000	 78.23000	 53.87560	 78.23000
250.60000	 77.55000	 53.25406	 77.55000
250.80000	 76.87000	 52.63610	 76.87000
251.00000	 76.23000	 52.05858	 76.23000
251.20000	 75.63000	 51.52142	 75.63000
251.40000	 75.08000	 51.03365	 75.08000
251.60000	 74.58000	 50.59503	 74.58000
251.80000	 74.11000	 50.18685	 74.11000
252.00000	 73.73000	 49.86410	 73.73000
252.20000	 73.44000	 49.62640	 73.44000
252.40000	 73.28000	 49.51015	 73.28000
252.60000	 73.22000	 49.48715	 73.22000
252.80000	 73.35000	 49.63973	 73.35000
253.00000	 73.68000	 49.97637	 73.68000
253.20000	 74.35000	 50.62513	 74.35000
253.40000	 75.37000	 51.59404	 75.37000
253.60000	 76.55000	 52.70661	 76.55000
253.80000	 77.84000	 53.91555	 77.84000
254.00000	 79.13000	 55.11854	 79.13000
254.20000	 80.43000	 56.32417	 80.43000
254.40000	 81.69000	 57.48600	 81.69000
254.60000	 82.90000	 58.59472	 82.90000
254.80000	 84.02000	 59.61357	 84.02000
255.00000	 84.99000	 60.48757	 84.99000
255.20000	 85.77000	 61.18042	 85.77000
255.40000	 86.28000	 61.61921	 86.28000
255.60000	 86.56000	 61.84186	 86.56000
255.80000	 86.63000	 61.86800	 86.63000
256.00000	 86.41000	 61.62518	 86.41000
256.20000	 85.97000	 61.17927	 85.97000
256.40000	 85.38000	 60.59610	 85.38000
256.60000	 84.67000	 59.90449	 84.67000
256.80000	 83.92000	 59.17916	 83.92000
257.00000	 83.12000	 58.41162	 83.12000
257.20000	 82.30000	 57.63005	 82.30000
257.40000	 81.49000	 56.86246	 81.49000
257.60000	 80.76000	 56.17350	 80.76000
257.80000	 80.06000	 55.51705	 80.06000
258.00000	 79.38000	 54.88374	 79.38000
258.20000	 78.74000	 54.29181	 78.74000
258.40000	 78.13000	 53.73180	 78.13000
258.60000	 77.54000	 53.19423	 77.54000
258.80000	 76.97000	 52.67884	 76.97000
259.00000	 76.40000	 52.16697	 76.40000
259.20000	 75.76000	 51.59391	 75.76000
259.40000	 75.17000	 51.07018	 75.17000
259.60000	 74.64000	 50.60482	 74.64000
259.80000	 74.18000	 50.20681	 74.18000
260.00000	 73.80000	 49.88503	 73.80000
260.20000	 73.60000	 49.73119	 73.60000
260.40000	 73.65000	 49.80917	 73.65000
260.60000	 74.16000	 50.31151	 74.16000
260.80000	 75.03000	 51.14462	 75.03000
261.00000	 76.10000	 52.15948	 76.10000
261.20000	 77.31000	 53.29934	 77.31000
261.40000	 78.58000	 54.48929	 78.58000
261.60000	 79.87000	 55.69162	 79.87000
261.80000	 81.11000	 56.84124	 81.11000
262.00000	 82.19000	 57.83661	 82.19000
262.20000	 83.11000	 58.67793	 83.11000
262.40000	 83.88000	 59.37490	 83.88000
262.60000	 84.45000	 59.88215	 84.45000
262.80000	 84.77000	 60.15451	 84.77000
263.00000	 84.93000	 60.27599	 84.93000
263.20000	 84.94000	 60.25687	 84.94000
263.40000	 84.84000	 60.13506	 84.84000
263.60000	 84.63000	 59.91146	 84.63000
263.80000	 84.31000	 59.58691	 84.31000
264.00000	 83.87000	 59.15296	 83.87000
264.20000	 83.26000	 58.56430	 83.26000
264.40000	 82.57000	 57.90461	 82.57000
264.60000	 81.83000	 57.20218	 81.83000
264.80000	 81.07000	 56.48517	 81.07000
265.00000	 80.40000	 55.85523	 80.40000
265.20000	 79.75000	 55.24792	 79.75000
265.40000	 79.11000	 54.65396	 79.11000
265.60000	 78.51000	 54.10089	 78.51000
265.80000	 77.93000	 53.57009	 77.93000
266.00000	 77.38000	 53.07059	 77.38000
266.20000	 76.85000	 52.59293	 76.85000
266.40000	 76.33000	 52.12769	 76.33000
266.60000	 75.81000	 51.66545	 75.81000
266.80000	 75.31000	 51.22446	 75.31000
267.00000	 74.81000	 50.78611	 74.81000
267.20000	 74.29000	 50.33185	 74.29000
267.40000	 73.74000	 49.85236	 73.74000
267.60000	 73.27000	 49.44894	 73.27000
267.80000	 72.90000	 49.13983	 72.90000
268.00000	 72.73000	 49.01680	 72.73000
268.20000	 72.77000	 49.08846	 72.77000
268.40000	 73.03000	 49.36320	 73.03000
268.60000	 73.52000	 49.84925	 73.52000
268.80000	 74.41000	 50.70215	 74.41000
269.00000	 75.53000	 51.76385	 75.53000
269.20000	 76.81000	 52.96848	 76.81000
269.40000	 78.21000	 54.27800	 78.21000
269.60000	 79.69000	 55.65461	 79.69000
269.80000	 81.13000	 56.98701	 81.13000
270.00000	 82.47000	 58.21958	 82.47000
270.20000	 83.53000	 59.18653	 83.53000
270.40000	 84.35000	 59.92531	 84.35000
270.60000	 84.96000	 60.46447	 84.96000
270.80000	 85.30000	 60.74983	 85.30000
271.00000	 85.34000	 60.75503	 85.34000
271.20000	 85.17000	 60.56444	 85.17000
271.40000	 84.85000	 60.23474	 84.85000
271.60000	 84.41000	 59.79478	 84.41000
271.80000	 83.89000	 59.28250	 83.89000
272.00000	 83.29000	 58.69874	 83.29000
272.20000	 82.64000	 58.07184	 82.64000
272.40000	 81.99000	 57.44841	 81.99000
272.60000	 81.33000	 56.81957	 81.33000
272.80000	 80.66000	 56.18552	 80.66000
273.00000	 79.98000	 55.54639	 79.98000
273.20000	 79.30000	 54.91146	 79.30000
273.40000	 78.63000	 54.28991	 78.63000
273.60000	 77.96000	 53.67250	 77.96000
273.80000	 77.30000	 53.06834	 77.30000
274.00000	 76.67000	 52.49573	 76.67000
274.20000	 76.06000	 51.94531	 76.06000
274.40000	 75.46000	 51.40765	 75.46000
274.60000	 74.87000	 50.88259	 74.87000
274.80000	 74.14000	 50.23176	 74.14000
275.00000	 73.47000	 49.63950	 73.47000
275.20000	 72.97000	 49.20708	 72.97000
275.40000	 72.71000	 48.99857	 72.71000
275.60000	 72.98000	 49.28038	 72.98000
275.80000	 73.54000	 49.82992	 73.54000
276.00000	 74.40000	 50.65485	 74.40000
276.20000	 75.57000	 51.76277	 75.57000
276.40000	 77.10000	 53.19811	 77.10000
276.60000	 78.79000	 54.77491	 78.79000
276.80000	 80.56000	 56.41804	 80.56000
277.00000	 82.26000	 57.98831	 82.26000
277.20000	 83.88000	 59.47601	 83.88000
277.40000	 85.39000	 60.85340	 85.39000
277.60000	 86.73000	 62.06545	 86.73000
277.80000	 87.82000	 63.03901	 87.82000
278.00000	 88.71000	 63.82107	 88.71000
278.20000	 89.40000	 64.41268	 89.40000
278.40000	 89.87000	 64.79658	 89.87000
278.60000	 90.14000	 64.99244	 90.14000
278.80000	 90.22000	 65.01071	 90.22000
279.00000	 90.14000	 64.88026	 90.14000
279.20000	 89.90000	 64.60224	 89.90000
279.40000	 89.53000	 64.20534	 89.53000
279.60000	 89.03000	 63.69054	 89.03000
279.80000	 88.40000	 63.05870	 88.40000
280.00000	 87.62000	 62.29220	 87.62000
280.20000	 86.77000	 61.46554	 86.77000
280.40000	 85.92000	 60.64381	 85.92000
280.60000	 85.10000	 59.85502	 85.10000
280.80000	 84.41000	 59.19145	 84.41000
281.00000	 83.80000	 58.60682	 83.80000
281.20000	 83.30000	 58.12845	 83.30000
281.40000	 82.93000	 57.77428	 82.93000
281.60000	 82.78000	 57.62661	 82.78000
281.80000	 82.73000	 57.57404	 82.73000
282.00000	 82.77000	 57.60656	 82.77000
282.20000	 82.87000	 57.69581	 82.87000
282.40000	 83.00000	 57.81353	 83.00000
282.60000	 83.15000	 57.95001	 83.15000
282.80000	 83.30000	 58.08648	 83.30000
283.00000	 83.42000	 58.19503	 83.42000
283.20000	 83.51000	 58.27556	 83.51000
283.40000	 83.53000	 58.29121	 83.53000
283.60000	 83.48000	 58.24209	 83.48000
283.80000	 83.30000	 58.07314	 83.30000
284.00000	 82.97000	 57.76634	 82.97000
284.20000	 82.56000	 57.38669	 82.56000
284.40000	 82.11000	 56.97155	 82.11000
284.60000	 81.65000	 56.54895	 81.65000
284.80000	 81.20000	 56.13760	 81.20000
285.00000	 80.74000	 55.71921	 80.74000
285.20000	 80.27000	 55.29388	 80.27000
285.40000	 79.77000	 54.84326	 79.77000
285.60000	 79.26000	 54.38583	 79.26000
285.80000	 78.76000	 53.94007	 78.76000
286.00000	 78.28000	 53.51518	 78.28000
286.20000	 77.74000	 53.03739	 77.74000
286.40000	 77.26000	 52.61728	 77.26000
286.60000	 76.95000	 52.35607	 76.95000
286.80000	 76.89000	 52.32705	 76.89000
287.00000	 77.44000	 52.86107	 77.44000
287.20000	 78.24000	 53.62487	 78.24000
287.40000	 79.25000	 54.58002	 79.25000
287.60000	 80.39000	 55.65139	 80.39000
