  0.00000	 92.39000	 58.95292	 92.39000
  0.20000	 93.42000	 59.73218	 93.42000
  0.40000	 94.28000	 60.30471	 94.28000
  0.60000	 94.98000	 60.64665	 94.98000
  0.80000	 95.52000	 60.75740	 95.52000
  1.00000	 95.93000	 60.68274	 95.93000
  1.20000	 96.21000	 60.45471	 96.21000
  1.40000	 96.39000	 60.13434	 96.39000
  1.60000	 96.44000	 59.73098	 96.44000
  1.80000	 96.38000	 59.29206	 96.38000
  2.00000	 96.28000	 58.89956	 96.28000
  2.20000	 96.19000	 58.60701	 96.19000
  2.40000	 96.21000	 58.49550	 96.21000
  2.60000	 96.40000	 58.59664	 96.40000
  2.80000	 96.63000	 58.77219	 96.63000
  3.00000	 96.86000	 58.96036	 96.86000
  3.20000	 97.05000	 59.10709	 97.05000
  3.40000	 97.18000	 59.18513	 97.18000
  3.60000	 97.24000	 59.18515	 97.24000
  3.80000	 97.23000	 59.11364	 97.23000
  4.00000	 97.11000	 58.94904	 97.11000
  4.20000	 96.78000	 58.62597	 96.78000
  4.40000	 96.37000	 58.27671	 96.37000
  4.60000	 95.91000	 57.94617	 95.91000
  4.80000	 95.42000	 57.66293	 95.42000
  5.00000	 94.91000	 57.43912	 94.91000
  5.20000	 94.43000	 57.31272	 94.43000
  5.40000	 94.01000	 57.29704	 94.01000
  5.60000	 93.67000	 57.39031	 93.67000
  5.80000	 93.52000	 57.65970	 93.52000
  6.00000	 93.71000	 58.19574	 93.71000
  6.20000	 93.97000	 58.73069	 93.97000
  6.40000	 94.25000	 59.19138	 94.25000
  6.60000	 94.48000	 59.50528	 94.48000
  6.80000	 94.42000	 59.47938	 94.42000
  7.00000	 94.28000	 59.31933	 94.28000
  7.20000	 94.10000	 59.09393	 94.10000
  7.40000	 93.90000	 58.85064	 93.90000
  7.60000	 93.70000	 58.62900	 93.70000
  7.80000	 93.53000	 58.46756	 93.53000
  8.00000	 93.39000	 58.37036	 93.39000
  8.20000	 93.31000	 58.35870	 93.31000
  8.40000	 93.33000	 58.45504	 93.33000
  8.60000	 93.43000	 58.62586	 93.43000
  8.80000	 93.62000	 58.86053	 93.62000
  9.00000	 93.89000	 59.13194	 93.89000
  9.20000	 94.29000	 59.46453	 94.29000
  9.40000	 94.80000	 59.82494	 94.80000
  9.60000	 95.36000	 60.14991	 95.36000
  9.80000	 95.94000	 60.40849	 95.94000
 10.00000	 96.52000	 60.58620	 96.52000
 10.20000	 97.08000	 60.67565	 97.08000
 10.40000	 97.55000	 60.63413	 97.55000
 10.60000	 97.87000	 60.43489	 97.87000
 10.80000	 97.83000	 59.93639	 97.83000
 11.00000	 97.59000	 59.31809	 97.59000
 11.20000	 97.23000	 58.69011	 97.23000
 11.40000	 96.80000	 58.12502	 96.80000
 11.60000	 96.44000	 57.75316	 96.44000
 11.80000	 96.12000	 57.54280	 96.12000
 12.00000	 95.80000	 57.44103	 95.80000
 12.20000	 95.49000	 57.43176	 95.49000
 12.40000	 95.16000	 57.46490	 95.16000
 12.60000	 94.78000	 57.49420	 94.78000
 12.80000	 94.43000	 57.57031	 94.43000
 13.00000	 94.12000	 57.68681	 94.12000
 13.20000	 93.86000	 57.83798	 93.86000
 13.40000	 93.77000	 58.10916	 93.77000
 13.60000	 93.80000	 58.43947	 93.80000
 13.80000	 93.86000	 58.73612	 93.86000
 14.00000	 93.91000	 58.95630	 93.91000
 14.20000	 93.89000	 59.05120	 93.89000
 14.40000	 93.74000	 58.98369	 93.74000
 14.60000	 93.55000	 58.85077	 93.55000
 14.80000	 93.32000	 58.67481	 93.32000
 15.00000	 93.08000	 58.49981	 93.08000
 15.20000	 92.83000	 58.33916	 92.83000
 15.40000	 92.59000	 58.21711	 92.59000
 15.60000	 92.35000	 58.12729	 92.35000
 15.80000	 92.12000	 58.07610	 92.12000
 16.00000	 91.91000	 58.06684	 91.91000
 16.20000	 91.71000	 58.08401	 91.71000
 16.40000	 91.56000	 58.15277	 91.56000
 16.60000	 91.47000	 58.27125	 91.47000
 16.80000	 91.47000	 58.45242	 91.47000
 17.00000	 91.60000	 58.71519	 91.60000
 17.20000	 91.87000	 59.05066	 91.87000
 17.40000	 92.23000	 59.39945	 92.23000
 17.60000	 92.68000	 59.74764	 92.68000
 17.80000	 93.25000	 60.11032	 93.25000
 18.00000	 93.94000	 60.47977	 93.94000
 18.20000	 94.65000	 60.76842	 94.65000
 18.40000	 95.36000	 60.96358	 95.36000
 18.60000	 95.99000	 61.01123	 95.99000
 18.80000	 96.51000	 60.90857	 96.51000
 19.00000	 96.94000	 60.70105	 96.94000
 19.20000	 97.30000	 60.43496	 97.30000
 19.40000	 97.53000	 60.08740	 97.53000
 19.60000	 97.66000	 59.70853	 97.66000
 19.80000	 97.71000	 59.33524	 97.71000
 20.00000	 97.71000	 59.00564	 97.71000
 20.20000	 97.70000	 58.75761	 97.70000
 20.40000	 97.68000	 58.58701	 97.68000
 20.60000	 97.63000	 58.46727	 97.63000
 20.80000	 97.55000	 58.38644	 97.55000
 21.00000	 97.42000	 58.31619	 97.42000
 21.20000	 97.24000	 58.24713	 97.24000
 21.40000	 97.06000	 58.21345	 97.06000
 21.60000	 96.89000	 58.21536	 96.89000
 21.80000	 96.77000	 58.27668	 96.77000
 22.00000	 96.74000	 58.41843	 96.74000
 22.20000	 96.73000	 58.56779	 96.73000
 22.40000	 96.74000	 58.71331	 96.74000
 22.60000	 96.77000	 58.84743	 96.77000
 22.80000	 96.81000	 58.95786	 96.81000
 23.00000	 96.82000	 59.01132	 96.82000
 23.20000	 96.75000	 58.97186	 96.75000
 23.40000	 96.50000	 58.76980	 96.50000
 23.60000	 96.04000	 58.40411	 96.04000
 23.80000	 95.49000	 58.00433	 95.49000
 24.00000	 94.89000	 57.62801	 94.89000
 24.20000	 94.31000	 57.34728	 94.31000
 24.40000	 93.87000	 57.26156	 93.87000
 24.60000	 93.45000	 57.25539	 93.45000
 24.80000	 93.05000	 57.30925	 93.05000
 25.00000	 92.65000	 57.38763	 92.65000
 25.20000	 92.19000	 57.42590	 92.19000
 25.40000	 91.65000	 57.40061	 91.65000
 25.60000	 91.16000	 57.41904	 91.16000
 25.80000	 90.75000	 57.50234	 90.75000
 26.00000	 90.46000	 57.67487	 90.46000
 26.20000	 90.50000	 58.09427	 90.50000
 26.40000	 90.70000	 58.58896	 90.70000
 26.60000	 90.99000	 59.07228	 90.99000
 26.80000	 91.35000	 59.50870	 91.35000
 27.00000	 91.74000	 59.85679	 91.74000
 27.20000	 92.15000	 60.11076	 92.15000
 27.40000	 92.56000	 60.26483	 92.56000
 27.60000	 92.96000	 60.32762	 92.96000
 27.80000	 93.30000	 60.27848	 93.30000
 28.00000	 93.59000	 60.15012	 93.59000
 28.20000	 93.85000	 59.98329	 93.85000
 28.40000	 94.06000	 59.78213	 94.06000
 28.60000	 94.21000	 59.55580	 94.21000
 28.80000	 94.31000	 59.32680	 94.31000
 29.00000	 94.37000	 59.11338	 94.37000
 29.20000	 94.39000	 58.92099	 94.39000
 29.40000	 94.29000	 58.68592	 94.29000
 29.60000	 94.17000	 58.49498	 94.17000
 29.80000	 94.07000	 58.38015	 94.07000
 30.00000	 94.05000	 58.38283	 94.05000
 30.20000	 94.32000	 58.65840	 94.32000
 30.40000	 94.75000	 59.06389	 94.75000
 30.60000	 95.18000	 59.43102	 95.18000
 30.80000	 95.52000	 59.66394	 95.52000
 31.00000	 95.44000	 59.48994	 95.44000
 31.20000	 95.16000	 59.12480	 95.16000
 31.40000	 94.84000	 58.74197	 94.84000
 31.60000	 94.54000	 58.42164	 94.54000
 31.80000	 94.60000	 58.45746	 94.60000
 32.00000	 94.79000	 58.63907	 94.79000
 32.20000	 95.02000	 58.86382	 95.02000
 32.40000	 95.24000	 59.06670	 95.24000
 32.60000	 95.33000	 59.13495	 95.33000
 32.80000	 95.30000	 59.07913	 95.30000
 33.00000	 95.20000	 58.95335	 95.20000
 33.20000	 95.03000	 58.77329	 95.03000
 33.40000	 94.73000	 58.50575	 94.73000
 33.60000	 94.25000	 58.12894	 94.25000
 33.80000	 93.77000	 57.81329	 93.77000
 34.00000	 93.34000	 57.61001	 93.34000
 34.20000	 93.04000	 57.58110	 93.04000
 34.40000	 93.11000	 57.90410	 93.11000
 34.60000	 93.28000	 58.31259	 93.28000
 34.80000	 93.51000	 58.73431	 93.51000
 35.00000	 93.72000	 59.07531	 93.72000
 35.20000	 93.85000	 59.27436	 93.85000
 35.40000	 93.93000	 59.36091	 93.93000
 35.60000	 93.95000	 59.34075	 93.95000
 35.80000	 93.84000	 59.17632	 93.84000
 36.00000	 93.58000	 58.87835	 93.58000
 36.20000	 93.27000	 58.55977	 93.27000
 36.40000	 92.97000	 58.29308	 92.97000
 36.60000	 92.74000	 58.13866	 92.74000
 36.80000	 92.69000	 58.18379	 92.69000
 37.00000	 92.69000	 58.30171	 92.69000
 37.20000	 92.70000	 58.43873	 92.70000
 37.40000	 92.71000	 58.57036	 92.71000
 37.60000	 92.56000	 58.55499	 92.56000
 37.80000	 92.40000	 58.52146	 92.40000
 38.00000	 92.28000	 58.51666	 92.28000
 38.20000	 92.24000	 58.57478	 92.24000
 38.40000	 92.47000	 58.84637	 92.47000
 38.60000	 92.84000	 59.20203	 92.84000
 38.80000	 93.21000	 59.50354	 93.21000
 39.00000	 93.55000	 59.71507	 93.55000
 39.20000	 93.62000	 59.64101	 93.62000
 39.40000	 93.57000	 59.43109	 93.57000
 39.60000	 93.44000	 59.14942	 93.44000
 39.80000	 93.25000	 58.84077	 93.25000
 40.00000	 93.05000	 58.56815	 93.05000
 40.20000	 92.83000	 58.33529	 92.83000
 40.40000	 92.57000	 58.13027	 92.57000
 40.60000	 92.28000	 57.96165	 92.28000
 40.80000	 91.91000	 57.78532	 91.91000
 41.00000	 91.42000	 57.56693	 91.42000
 41.20000	 90.97000	 57.43998	 90.97000
 41.40000	 90.61000	 57.43860	 90.61000
 41.60000	 90.41000	 57.60360	 90.41000
 41.80000	 90.70000	 58.17792	 90.70000
 42.00000	 91.13000	 58.81880	 91.13000
 42.20000	 91.65000	 59.44009	 91.65000
 42.40000	 92.19000	 59.95521	 92.19000
 42.60000	 92.62000	 60.24763	 92.62000
 42.80000	 92.99000	 60.37207	 92.99000
 43.00000	 93.29000	 60.34573	 93.29000
 43.20000	 93.49000	 60.17583	 93.49000
 43.40000	 93.44000	 59.77513	 93.44000
 43.60000	 93.29000	 59.31226	 93.29000
 43.80000	 93.08000	 58.85748	 93.08000
 44.00000	 92.84000	 58.46046	 92.84000
 44.20000	 92.62000	 58.17399	 92.62000
 44.40000	 92.44000	 58.01222	 92.44000
 44.60000	 92.32000	 57.97822	 92.32000
 44.80000	 92.28000	 58.06717	 92.28000
 45.00000	 92.40000	 58.31829	 92.40000
 45.20000	 92.77000	 58.77192	 92.77000
 45.40000	 93.21000	 59.23911	 93.21000
 45.60000	 93.66000	 59.64068	 93.66000
 45.80000	 94.08000	 59.92932	 94.08000
 46.00000	 94.38000	 60.03196	 94.38000
 46.20000	 94.62000	 60.01545	 94.62000
 46.40000	 94.79000	 59.89511	 94.79000
 46.60000	 94.85000	 59.66424	 94.85000
 46.80000	 94.72000	 59.28570	 94.72000
 47.00000	 94.51000	 58.88272	 94.51000
 47.20000	 94.24000	 58.49686	 94.24000
 47.40000	 93.95000	 58.17658	 93.95000
 47.60000	 93.66000	 57.94290	 93.66000
 47.80000	 93.39000	 57.80720	 93.39000
 48.00000	 93.15000	 57.76496	 93.15000
 48.20000	 92.96000	 57.81496	 92.96000
 48.40000	 92.86000	 57.96907	 92.86000
 48.60000	 92.92000	 58.26039	 92.92000
 48.80000	 93.04000	 58.57770	 93.04000
 49.00000	 93.19000	 58.87372	 93.19000
 49.20000	 93.38000	 59.14292	 93.38000
 49.40000	 93.60000	 59.37026	 93.60000
 49.60000	 93.80000	 59.51409	 93.80000
 49.80000	 93.95000	 59.55725	 93.95000
 50.00000	 94.04000	 59.50610	 94.04000
 50.20000	 93.89000	 59.23237	 93.89000
 50.40000	 93.63000	 58.87615	 93.63000
 50.60000	 93.33000	 58.52570	 93.33000
 50.80000	 93.00000	 58.21007	 93.00000
 51.00000	 92.73000	 58.01396	 92.73000
 51.20000	 92.52000	 57.93384	 92.52000
 51.40000	 92.31000	 57.90731	 92.31000
 51.60000	 92.12000	 57.93643	 92.12000
 51.80000	 91.91000	 57.97334	 91.91000
 52.00000	 91.66000	 57.99045	 91.66000
 52.20000	 91.44000	 58.03901	 91.44000
 52.40000	 91.25000	 58.11196	 91.25000
 52.60000	 91.11000	 58.21849	 91.11000
 52.80000	 91.09000	 58.40777	 91.09000
 53.00000	 91.16000	 58.64206	 91.16000
 53.20000	 91.27000	 58.86719	 91.27000
 53.40000	 91.42000	 59.07491	 91.42000
 53.60000	 91.62000	 59.26937	 91.62000
 53.80000	 91.83000	 59.41642	 91.83000
 54.00000	 92.04000	 59.51141	 92.04000
 54.20000	 92.22000	 59.53714	 92.22000
 54.40000	 92.30000	 59.44800	 92.30000
 54.60000	 92.31000	 59.28725	 92.31000
 54.80000	 92.28000	 59.09910	 92.28000
 55.00000	 92.24000	 58.92419	 92.24000
 55.20000	 92.24000	 58.81332	 92.24000
 55.40000	 92.27000	 58.75917	 92.27000
 55.60000	 92.30000	 58.73248	 92.30000
 55.80000	 92.31000	 58.71102	 92.31000
 56.00000	 92.28000	 58.67384	 92.28000
 56.20000	 92.15000	 58.57013	 92.15000
 56.40000	 92.02000	 58.48659	 92.02000
 56.60000	 91.92000	 58.44925	 91.92000
 56.80000	 91.89000	 58.48752	 91.89000
 57.00000	 92.05000	 58.69019	 92.05000
 57.20000	 92.28000	 58.93743	 92.28000
 57.40000	 92.59000	 59.21826	 92.59000
 57.60000	 92.97000	 59.50818	 92.97000
 57.80000	 93.48000	 59.84420	 93.48000
 58.00000	 94.01000	 60.12389	 94.01000
 58.20000	 94.50000	 60.29489	 94.50000
 58.40000	 94.86000	 60.29156	 94.86000
 58.60000	 94.97000	 60.03760	 94.97000
 58.80000	 94.99000	 59.70226	 94.99000
 59.00000	 94.96000	 59.35243	 94.96000
 59.20000	 94.95000	 59.07029	 94.95000
 59.40000	 95.03000	 58.92397	 95.03000
 59.60000	 95.09000	 58.81837	 95.09000
 59.80000	 95.13000	 58.74601	 95.13000
 60.00000	 95.12000	 58.67402	 95.12000
 60.20000	 94.93000	 58.49022	 94.93000
 60.40000	 94.70000	 58.31530	 94.70000
 60.60000	 94.48000	 58.19354	 94.48000
 60.80000	 94.29000	 58.13865	 94.29000
 61.00000	 94.25000	 58.24062	 94.25000
 61.20000	 94.32000	 58.44650	 94.32000
 61.40000	 94.44000	 58.68354	 94.44000
 61.60000	 94.60000	 58.92431	 94.60000
 61.80000	 94.79000	 59.14700	 94.79000
 62.00000	 94.98000	 59.31941	 94.98000
 62.20000	 95.16000	 59.43279	 95.16000
 62.40000	 95.29000	 59.45964	 95.29000
 62.60000	 95.32000	 59.37077	 95.32000
 62.80000	 95.24000	 59.17693	 95.24000
 63.00000	 95.09000	 58.93366	 95.09000
 63.20000	 94.88000	 58.66955	 94.88000
 63.40000	 94.62000	 58.40876	 94.62000
 63.60000	 94.31000	 58.16199	 94.31000
 63.80000	 93.95000	 57.93522	 93.95000
 64.00000	 93.57000	 57.75517	 93.57000
 64.20000	 93.14000	 57.59434	 93.14000
 64.40000	 92.63000	 57.42429	 92.63000
 64.60000	 92.16000	 57.34115	 92.16000
 64.80000	 91.79000	 57.38444	 91.79000
 65.00000	 91.63000	 57.62569	 91.63000
 65.20000	 91.82000	 58.14819	 91.82000
 65.40000	 92.10000	 58.69171	 92.10000
 65.60000	 92.40000	 59.16415	 92.40000
 65.80000	 92.57000	 59.42552	 92.57000
 66.00000	 92.56000	 59.44269	 92.56000
 66.20000	 92.49000	 59.34199	 92.49000
 66.40000	 92.38000	 59.17037	 92.38000
 66.60000	 92.26000	 58.98019	 92.26000
 66.80000	 92.15000	 58.80883	 92.15000
 67.00000	 92.03000	 58.65271	 92.03000
 67.20000	 91.91000	 58.52739	 91.91000
 67.40000	 91.76000	 58.41054	 91.76000
 67.60000	 91.60000	 58.31921	 91.60000
 67.80000	 91.52000	 58.32499	 91.52000
 68.00000	 91.53000	 58.42566	 91.53000
 68.20000	 91.83000	 58.76865	 91.83000
 68.40000	 92.31000	 59.23042	 92.31000
 68.60000	 92.83000	 59.66227	 92.83000
 68.80000	 93.34000	 60.00250	 93.34000
 69.00000	 93.65000	 60.09001	 93.65000
 69.20000	 93.90000	 60.05892	 93.90000
 69.40000	 94.07000	 59.91760	 94.07000
 69.60000	 94.16000	 59.69348	 94.16000
 69.80000	 94.14000	 59.38874	 94.14000
 70.00000	 94.06000	 59.07022	 94.06000
 70.20000	 93.96000	 58.78980	 93.96000
 70.40000	 93.86000	 58.57347	 93.86000
 70.60000	 93.80000	 58.45454	 93.80000
 70.80000	 93.72000	 58.37522	 93.72000
 71.00000	 93.64000	 58.34202	 93.64000
 71.20000	 93.50000	 58.29471	 93.50000
 71.40000	 93.24000	 58.17775	 93.24000
 71.60000	 93.01000	 58.11570	 93.01000
 71.80000	 92.86000	 58.14560	 92.86000
 72.00000	 92.89000	 58.33798	 92.89000
 72.20000	 93.29000	 58.82533	 93.29000
 72.40000	 93.72000	 59.28644	 93.72000
 72.60000	 94.09000	 59.62037	 94.09000
 72.80000	 94.14000	 59.60753	 94.14000
 73.00000	 93.87000	 59.27540	 93.87000
 73.20000	 93.47000	 58.82811	 93.47000
 73.40000	 93.02000	 58.37550	 93.02000
 73.60000	 92.65000	 58.05510	 92.65000
 73.80000	 92.34000	 57.85975	 92.34000
 74.00000	 92.03000	 57.73503	 92.03000
 74.20000	 91.73000	 57.67871	 91.73000
 74.40000	 91.41000	 57.65260	 91.41000
 74.60000	 91.04000	 57.61981	 91.04000
 74.80000	 90.74000	 57.67048	 90.74000
 75.00000	 90.51000	 57.79127	 90.51000
 75.20000	 90.43000	 58.03184	 90.43000
 75.40000	 90.64000	 58.48463	 90.64000
 75.60000	 90.95000	 58.95941	 90.95000
 75.80000	 91.32000	 59.39739	 91.32000
 76.00000	 91.70000	 59.74323	 91.70000
 76.20000	 92.07000	 59.97928	 92.07000
 76.40000	 92.42000	 60.10686	 92.42000
 76.60000	 92.74000	 60.13459	 92.74000
 76.80000	 92.96000	 60.02629	 92.96000
 77.00000	 93.11000	 59.83378	 93.11000
 77.20000	 93.23000	 59.61652	 93.23000
 77.40000	 93.32000	 59.39534	 93.32000
 77.60000	 93.44000	 59.23403	 93.44000
 77.80000	 93.55000	 59.10447	 93.55000
 78.00000	 93.62000	 58.98228	 93.62000
 78.20000	 93.64000	 58.85863	 93.64000
 78.40000	 93.43000	 58.58596	 93.43000
 78.60000	 93.18000	 58.33310	 93.18000
 78.80000	 92.97000	 58.17284	 92.97000
 79.00000	 92.86000	 58.15067	 92.86000
 79.20000	 93.16000	 58.50465	 93.16000
 79.40000	 93.57000	 58.94384	 93.57000
 79.60000	 94.00000	 59.35518	 94.00000
 79.80000	 94.36000	 59.64039	 94.36000
 80.00000	 94.52000	 59.68795	 94.52000
 80.20000	 94.58000	 59.59816	 94.58000
 80.40000	 94.53000	 59.38855	 94.53000
 80.60000	 94.34000	 59.06355	 94.34000
 80.80000	 93.99000	 58.63757	 93.99000
 81.00000	 93.55000	 58.19844	 93.55000
 81.20000	 93.05000	 57.79300	 93.05000
 81.40000	 92.51000	 57.44974	 92.51000
 81.60000	 91.95000	 57.18749	 91.95000
 81.80000	 91.42000	 57.04113	 91.42000
 82.00000	 90.97000	 57.03646	 90.97000
 82.20000	 90.64000	 57.18247	 90.64000
 82.40000	 90.64000	 57.62035	 90.64000
 82.60000	 90.74000	 58.11380	 90.74000
 82.80000	 90.90000	 58.59161	 90.90000
 83.00000	 91.05000	 58.97148	 91.05000
 83.20000	 91.09000	 59.16352	 91.09000
 83.40000	 91.09000	 59.23696	 91.09000
 83.60000	 91.06000	 59.21947	 91.06000
 83.80000	 90.97000	 59.10855	 90.97000
 84.00000	 90.78000	 58.89552	 90.78000
 84.20000	 90.57000	 58.67191	 90.57000
 84.40000	 90.35000	 58.46498	 90.35000
 84.60000	 90.12000	 58.28633	 90.12000
 84.80000	 89.86000	 58.12494	 89.86000
 85.00000	 89.68000	 58.07277	 89.68000
 85.20000	 89.62000	 58.15371	 89.62000
 85.40000	 89.83000	 58.47187	 89.83000
 85.60000	 90.43000	 59.09052	 90.43000
 85.80000	 91.15000	 59.73690	 91.15000
 86.00000	 91.92000	 60.31536	 91.92000
 86.20000	 92.60000	 60.69134	 92.60000
 86.40000	 93.15000	 60.83724	 93.15000
 86.60000	 93.63000	 60.82726	 93.63000
 86.80000	 94.04000	 60.69343	 94.04000
 87.00000	 94.31000	 60.41232	 94.31000
 87.20000	 94.50000	 60.07012	 94.50000
 87.40000	 94.63000	 59.71454	 94.63000
 87.60000	 94.70000	 59.36847	 94.70000
 87.80000	 94.74000	 59.07129	 94.74000
 88.00000	 94.75000	 58.82861	 94.75000
 88.20000	 94.74000	 58.64727	 94.74000
 88.40000	 94.70000	 58.51236	 94.70000
 88.60000	 94.60000	 58.39021	 94.60000
 88.80000	 94.53000	 58.34681	 94.53000
 89.00000	 94.53000	 58.40217	 94.53000
 89.20000	 94.74000	 58.65274	 94.74000
 89.40000	 95.16000	 59.06790	 95.16000
 89.60000	 95.60000	 59.45582	 95.60000
 89.80000	 96.01000	 59.75300	 96.01000
 90.00000	 96.18000	 59.78060	 96.18000
 90.20000	 96.21000	 59.64061	 96.21000
 90.40000	 96.13000	 59.38720	 96.13000
 90.60000	 95.95000	 59.05964	 95.95000
 90.80000	 95.57000	 58.60456	 95.57000
 91.00000	 95.17000	 58.20055	 95.17000
 91.20000	 94.77000	 57.88084	 94.77000
 91.40000	 94.46000	 57.72274	 94.46000
 91.60000	 94.42000	 57.86081	 94.42000
 91.80000	 94.49000	 58.12791	 94.49000
 92.00000	 94.66000	 58.47864	 94.66000
 92.20000	 94.94000	 58.88767	 94.94000
 92.40000	 95.44000	 59.41638	 95.44000
 92.60000	 95.90000	 59.82143	 95.90000
 92.80000	 96.26000	 60.04411	 96.26000
 93.00000	 96.25000	 59.87410	 96.25000
 93.20000	 95.93000	 59.40427	 95.93000
 93.40000	 95.45000	 58.81552	 95.45000
 93.60000	 94.89000	 58.22460	 94.89000
 93.80000	 94.36000	 57.75706	 94.36000
 94.00000	 93.79000	 57.36869	 93.79000
 94.20000	 93.22000	 57.09367	 93.22000
 94.40000	 92.65000	 56.92227	 92.65000
 94.60000	 92.11000	 56.86249	 92.11000
 94.80000	 91.59000	 56.88417	 91.59000
 95.00000	 91.12000	 56.98895	 91.12000
 95.20000	 90.72000	 57.16955	 90.72000
 95.40000	 90.41000	 57.41888	 90.41000
 95.60000	 90.14000	 57.67347	 90.14000
 95.80000	 89.88000	 57.89271	 89.88000
 96.00000	 89.57000	 58.01979	 89.57000
 96.20000	 89.24000	 58.08249	 89.24000
 96.40000	 88.94000	 58.13003	 88.94000
 96.60000	 88.68000	 58.17783	 88.68000
 96.80000	 88.47000	 58.23912	 88.47000
 97.00000	 88.34000	 58.34074	 88.34000
 97.20000	 88.35000	 58.52963	 88.35000
 97.40000	 88.55000	 58.83717	 88.55000
 97.60000	 89.09000	 59.36850	 89.09000
 97.80000	 90.03000	 60.13988	 90.03000
 98.00000	 91.10000	 60.88575	 91.10000
 98.20000	 92.20000	 61.49594	 92.20000
 98.40000	 93.17000	 61.83287	 93.17000
 98.60000	 93.99000	 61.90115	 93.99000
 98.80000	 94.70000	 61.77322	 94.70000
 99.00000	 95.28000	 61.47864	 95.28000
 99.20000	 95.66000	 61.00753	 95.66000
 99.40000	 95.89000	 60.44997	 95.89000
 99.60000	 96.01000	 59.88067	 96.01000
 99.80000	 96.00000	 59.31330	 96.00000
100.00000	 95.83000	 58.74373	 95.83000
100.20000	 95.67000	 58.32504	 95.67000
100.40000	 95.57000	 58.09360	 95.57000
100.60000	 95.81000	 58.25757	 95.81000
100.80000	 96.30000	 58.69210	 96.30000
101.00000	 96.84000	 59.17291	 96.84000
101.20000	 97.33000	 59.57191	 97.33000
101.40000	 97.69000	 59.79926	 97.69000
101.60000	 97.85000	 59.79686	 97.85000
101.80000	 97.75000	 59.53652	 97.75000
102.00000	 97.07000	 58.79504	 97.07000
102.20000	 95.78000	 57.61917	 95.78000
102.40000	 94.28000	 56.42548	 94.28000
102.60000	 92.72000	 55.39996	 92.72000
102.80000	 91.50000	 54.89749	 91.50000
103.00000	 90.98000	 55.18271	 90.98000
103.20000	 90.67000	 55.76089	 90.67000
103.40000	 90.52000	 56.49864	 90.52000
103.60000	 90.50000	 57.29250	 90.50000
103.80000	 90.56000	 58.04183	 90.56000
104.00000	 90.60000	 58.62786	 90.60000
104.20000	 90.55000	 58.98315	 90.55000
104.40000	 90.52000	 59.21227	 90.52000
104.60000	 90.48000	 59.31281	 90.48000
104.80000	 90.43000	 59.31224	 90.43000
105.00000	 90.33000	 59.20642	 90.33000
105.20000	 90.17000	 59.01685	 90.17000
105.40000	 89.99000	 58.80460	 89.99000
105.60000	 89.77000	 58.57509	 89.77000
105.80000	 89.52000	 58.35313	 89.52000
106.00000	 89.09000	 58.02683	 89.09000
106.20000	 88.55000	 57.67048	 88.55000
106.40000	 88.13000	 57.48659	 88.13000
106.60000	 87.91000	 57.53447	 87.91000
106.80000	 88.10000	 57.95994	 88.10000
107.00000	 89.02000	 58.97163	 89.02000
107.20000	 90.10000	 60.01240	 90.10000
107.40000	 91.23000	 60.92675	 91.23000
107.60000	 92.15000	 61.46877	 92.15000
107.80000	 92.73000	 61.54401	 92.73000
108.00000	 93.17000	 61.36785	 93.17000
108.20000	 93.49000	 61.01614	 93.49000
108.40000	 93.71000	 60.56285	 93.71000
108.60000	 93.82000	 60.04916	 93.82000
108.80000	 93.86000	 59.54748	 93.86000
109.00000	 93.84000	 59.09225	 93.84000
109.20000	 93.77000	 58.70533	 93.77000
109.40000	 93.67000	 58.40598	 93.67000
109.60000	 93.57000	 58.21244	 93.57000
109.80000	 93.49000	 58.12667	 93.49000
110.00000	 93.49000	 58.17759	 93.49000
110.20000	 93.59000	 58.35481	 93.59000
110.40000	 93.72000	 58.57075	 93.72000
110.60000	 93.88000	 58.80082	 93.88000
110.80000	 94.08000	 59.03486	 94.08000
111.00000	 94.31000	 59.25167	 94.31000
111.20000	 94.49000	 59.37854	 94.49000
111.40000	 94.58000	 59.38611	 94.58000
111.60000	 94.44000	 59.17342	 94.44000
111.80000	 94.04000	 58.74575	 94.04000
112.00000	 93.54000	 58.27454	 93.54000
112.20000	 92.99000	 57.83274	 92.99000
112.40000	 92.41000	 57.45606	 92.41000
112.60000	 91.91000	 57.24162	 91.91000
112.80000	 91.44000	 57.13826	 91.44000
113.00000	 91.04000	 57.16112	 91.04000
113.20000	 90.73000	 57.30254	 90.73000
113.40000	 90.54000	 57.55934	 90.54000
113.60000	 90.65000	 58.04878	 90.65000
113.80000	 90.81000	 58.52417	 90.81000
114.00000	 90.99000	 58.93313	 90.99000
114.20000	 91.14000	 59.22181	 91.14000
114.40000	 91.07000	 59.23722	 91.07000
114.60000	 90.92000	 59.12101	 90.92000
114.80000	 90.72000	 58.92883	 90.72000
115.00000	 90.50000	 58.71391	 90.50000
115.20000	 90.25000	 58.49003	 90.25000
115.40000	 90.01000	 58.30592	 90.01000
115.60000	 89.78000	 58.16892	 89.78000
115.80000	 89.58000	 58.09602	 89.58000
116.00000	 89.43000	 58.09798	 89.43000
116.20000	 89.34000	 58.17211	 89.34000
116.40000	 89.31000	 58.30414	 89.31000
116.60000	 89.36000	 58.49515	 89.36000
116.80000	 89.51000	 58.74547	 89.51000
117.00000	 89.87000	 59.12848	 89.87000
117.20000	 90.27000	 59.48148	 90.27000
117.40000	 90.68000	 59.76644	 90.68000
117.60000	 91.01000	 59.90688	 91.01000
117.80000	 91.15000	 59.82442	 91.15000
118.00000	 91.21000	 59.63781	 91.21000
118.20000	 91.20000	 59.38490	 91.20000
118.40000	 91.11000	 59.08423	 91.11000
118.60000	 90.94000	 58.75870	 90.94000
118.80000	 90.72000	 58.45092	 90.72000
119.00000	 90.44000	 58.16347	 90.44000
119.20000	 90.12000	 57.91813	 90.12000
119.40000	 89.63000	 57.60833	 89.63000
119.60000	 89.14000	 57.37869	 89.14000
119.80000	 88.73000	 57.29095	 88.73000
120.00000	 88.49000	 57.40283	 88.49000
120.20000	 88.73000	 57.93817	 88.73000
120.40000	 89.28000	 58.69813	 89.28000
120.60000	 89.95000	 59.46514	 89.95000
120.80000	 90.64000	 60.11387	 90.64000
121.00000	 91.18000	 60.48641	 91.18000
121.20000	 91.61000	 60.62827	 91.61000
121.40000	 91.94000	 60.57816	 91.94000
121.60000	 92.15000	 60.35891	 92.15000
121.80000	 92.10000	 59.89897	 92.10000
122.00000	 91.91000	 59.34858	 91.91000
122.20000	 91.64000	 58.80123	 91.64000
122.40000	 91.30000	 58.29542	 91.30000
122.60000	 90.90000	 57.85630	 90.90000
122.80000	 90.52000	 57.55463	 90.52000
123.00000	 90.20000	 57.41381	 90.20000
123.20000	 90.01000	 57.46953	 90.01000
123.40000	 90.20000	 57.89284	 90.20000
123.60000	 90.59000	 58.47930	 90.59000
123.80000	 91.04000	 59.05962	 91.04000
124.00000	 91.47000	 59.53114	 91.47000
124.20000	 91.69000	 59.72297	 91.69000
124.40000	 91.80000	 59.73230	 91.80000
124.60000	 91.82000	 59.60323	 91.82000
124.80000	 91.75000	 59.36796	 91.75000
125.00000	 91.51000	 58.99328	 91.51000
125.20000	 91.18000	 58.57983	 91.18000
125.40000	 90.81000	 58.19641	 90.81000
125.60000	 90.41000	 57.86762	 90.41000
125.80000	 89.95000	 57.57509	 89.95000
126.00000	 89.53000	 57.40130	 89.53000
126.20000	 89.19000	 57.36830	 89.19000
126.40000	 89.01000	 57.52090	 89.01000
126.60000	 89.21000	 58.00739	 89.21000
126.80000	 89.66000	 58.66860	 89.66000
127.00000	 90.20000	 59.32094	 90.20000
127.20000	 90.75000	 59.86344	 90.75000
127.40000	 91.14000	 60.14292	 91.14000
127.60000	 91.44000	 60.23143	 91.44000
127.80000	 91.65000	 60.15717	 91.65000
128.00000	 91.74000	 59.93041	 91.74000
128.20000	 91.59000	 59.49137	 91.59000
128.40000	 91.36000	 59.01715	 91.36000
128.60000	 91.07000	 58.55934	 91.07000
128.80000	 90.77000	 58.18157	 90.77000
129.00000	 90.50000	 57.92471	 90.50000
129.20000	 90.29000	 57.80752	 90.29000
129.40000	 90.18000	 57.84560	 90.18000
129.60000	 90.25000	 58.07797	 90.25000
129.80000	 90.67000	 58.60723	 90.67000
130.00000	 91.19000	 59.17623	 91.19000
130.20000	 91.75000	 59.69576	 91.75000
130.40000	 92.23000	 60.04469	 92.23000
130.60000	 92.58000	 60.18220	 92.58000
130.80000	 92.86000	 60.17722	 92.86000
131.00000	 93.05000	 60.04054	 93.05000
131.20000	 93.09000	 59.75421	 93.09000
131.40000	 93.01000	 59.37824	 93.01000
131.60000	 92.88000	 59.00274	 92.88000
131.80000	 92.72000	 58.66667	 92.72000
132.00000	 92.61000	 58.44734	 92.61000
132.20000	 92.56000	 58.35018	 92.56000
132.40000	 92.51000	 58.31275	 92.51000
132.60000	 92.46000	 58.32015	 92.46000
132.80000	 92.39000	 58.34144	 92.39000
133.00000	 92.30000	 58.36521	 92.30000
133.20000	 92.18000	 58.37508	 92.18000
133.40000	 92.03000	 58.36667	 92.03000
133.60000	 91.83000	 58.32227	 91.83000
133.80000	 91.43000	 58.12162	 91.43000
134.00000	 91.05000	 57.96074	 91.05000
134.20000	 90.75000	 57.89612	 90.75000
134.40000	 90.61000	 57.98934	 90.61000
134.60000	 90.89000	 58.43562	 90.89000
134.80000	 91.31000	 58.96123	 91.31000
135.00000	 91.81000	 59.47882	 91.81000
135.20000	 92.33000	 59.91370	 92.33000
135.40000	 92.81000	 60.20692	 92.81000
135.60000	 93.24000	 60.35682	 93.24000
135.80000	 93.62000	 60.38138	 93.62000
136.00000	 93.88000	 60.24763	 93.88000
136.20000	 93.99000	 59.96262	 93.99000
136.40000	 94.00000	 59.60319	 94.00000
136.60000	 93.89000	 59.18478	 93.89000
136.80000	 93.61000	 58.69390	 93.61000
137.00000	 93.13000	 58.13160	 93.13000
137.20000	 92.60000	 57.64467	 92.60000
137.40000	 92.09000	 57.29985	 92.09000
137.60000	 91.69000	 57.16390	 91.69000
137.80000	 91.54000	 57.32694	 91.54000
138.00000	 91.49000	 57.62155	 91.49000
138.20000	 91.54000	 58.00444	 91.54000
138.40000	 91.67000	 58.42108	 91.67000
138.60000	 91.92000	 58.87467	 91.92000
138.80000	 92.22000	 59.28424	 92.22000
139.00000	 92.52000	 59.59673	 92.52000
139.20000	 92.79000	 59.78835	 92.79000
139.40000	 92.88000	 59.74838	 92.88000
139.60000	 92.93000	 59.62118	 92.93000
139.80000	 92.93000	 59.42748	 92.93000
140.00000	 92.91000	 59.21803	 92.91000
140.20000	 92.95000	 59.07784	 92.95000
140.40000	 92.96000	 58.94046	 92.96000
140.60000	 92.96000	 58.82684	 92.96000
140.80000	 92.91000	 58.70521	 92.91000
141.00000	 92.71000	 58.49513	 92.71000
141.20000	 92.48000	 58.30377	 92.48000
141.40000	 92.27000	 58.17647	 92.27000
141.60000	 92.12000	 58.14299	 92.12000
141.80000	 92.19000	 58.32330	 92.19000
142.00000	 92.40000	 58.62459	 92.40000
142.20000	 92.67000	 58.95127	 92.67000
142.40000	 92.97000	 59.25556	 92.97000
142.60000	 93.28000	 59.50721	 93.28000
142.80000	 93.56000	 59.66888	 93.56000
143.00000	 93.79000	 59.72949	 93.79000
143.20000	 93.93000	 59.66946	 93.93000
143.40000	 93.84000	 59.39471	 93.84000
143.60000	 93.64000	 59.03742	 93.64000
143.80000	 93.36000	 58.65337	 93.36000
144.00000	 93.04000	 58.29930	 93.04000
144.20000	 92.76000	 58.05435	 92.76000
144.40000	 92.47000	 57.87689	 92.47000
144.60000	 92.17000	 57.75998	 92.17000
144.80000	 91.85000	 57.68492	 91.85000
145.00000	 91.46000	 57.59951	 91.46000
145.20000	 91.04000	 57.52953	 91.04000
145.40000	 90.67000	 57.53405	 90.67000
145.60000	 90.38000	 57.62627	 90.38000
145.80000	 90.23000	 57.83921	 90.23000
146.00000	 90.24000	 58.16690	 90.24000
146.20000	 90.38000	 58.55874	 90.38000
146.40000	 90.64000	 58.98265	 90.64000
146.60000	 91.08000	 59.46828	 91.08000
146.80000	 91.65000	 59.95574	 91.65000
147.00000	 92.26000	 60.35832	 92.26000
147.20000	 92.84000	 60.61780	 92.84000
147.40000	 93.23000	 60.61617	 93.23000
147.60000	 93.52000	 60.46032	 93.52000
147.80000	 93.73000	 60.20410	 93.73000
148.00000	 93.86000	 59.88284	 93.86000
148.20000	 93.91000	 59.52706	 93.91000
148.40000	 93.88000	 59.16101	 93.88000
148.60000	 93.77000	 58.80233	 93.77000
148.80000	 93.58000	 58.46241	 93.58000
149.00000	 93.20000	 58.05731	 93.20000
149.20000	 92.74000	 57.68698	 92.74000
149.40000	 92.27000	 57.41218	 92.27000
149.60000	 91.85000	 57.27535	 91.85000
149.80000	 91.63000	 57.38157	 91.63000
150.00000	 91.65000	 57.72866	 91.65000
150.20000	 91.74000	 58.13108	 91.74000
150.40000	 91.83000	 58.49421	 91.83000
150.60000	 91.87000	 58.75502	 91.87000
150.80000	 91.75000	 58.81785	 91.75000
151.00000	 91.58000	 58.78716	 91.58000
151.20000	 91.36000	 58.68180	 91.36000
151.40000	 91.09000	 58.52179	 91.09000
151.60000	 90.75000	 58.30975	 90.75000
151.80000	 90.37000	 58.08816	 90.37000
152.00000	 89.99000	 57.90299	 89.99000
152.20000	 89.60000	 57.75179	 89.60000
152.40000	 89.27000	 57.69255	 89.27000
152.60000	 88.98000	 57.70080	 88.98000
152.80000	 88.70000	 57.74010	 88.70000
153.00000	 88.43000	 57.79923	 88.43000
153.20000	 88.18000	 57.87679	 88.18000
153.40000	 87.79000	 57.83357	 87.79000
153.60000	 87.46000	 57.83854	 87.46000
153.80000	 87.23000	 57.92369	 87.23000
154.00000	 87.12000	 58.09743	 87.12000
154.20000	 87.32000	 58.50143	 87.32000
154.40000	 87.75000	 59.03948	 87.75000
154.60000	 88.30000	 59.58798	 88.30000
154.80000	 88.92000	 60.08195	 88.92000
155.00000	 89.58000	 60.48544	 89.58000
155.20000	 90.24000	 60.76647	 90.24000
155.40000	 90.88000	 60.92078	 90.88000
155.60000	 91.47000	 60.94419	 91.47000
155.80000	 91.90000	 60.77315	 91.90000
156.00000	 92.23000	 60.49316	 92.23000
156.20000	 92.48000	 60.15595	 92.48000
156.40000	 92.66000	 59.79949	 92.66000
156.60000	 92.73000	 59.41342	 92.73000
156.80000	 92.74000	 59.05671	 92.74000
157.00000	 92.73000	 58.77173	 92.73000
157.20000	 92.72000	 58.57469	 92.72000
157.40000	 92.80000	 58.53076	 92.80000
157.60000	 92.93000	 58.58705	 92.93000
157.80000	 93.09000	 58.70382	 93.09000
158.00000	 93.28000	 58.85920	 93.28000
158.20000	 93.55000	 59.07532	 93.55000
158.40000	 93.85000	 59.29270	 93.85000
158.60000	 94.09000	 59.42479	 94.09000
158.80000	 94.23000	 59.43790	 94.23000
159.00000	 94.04000	 59.15441	 94.04000
159.20000	 93.64000	 58.70721	 93.64000
159.40000	 93.13000	 58.21734	 93.13000
159.60000	 92.56000	 57.75671	 92.56000
159.80000	 92.03000	 57.42572	 92.03000
160.00000	 91.58000	 57.25777	 91.58000
160.20000	 91.13000	 57.17262	 91.13000
160.40000	 90.69000	 57.16032	 90.69000
160.60000	 90.26000	 57.20146	 90.26000
160.80000	 89.78000	 57.22850	 89.78000
161.00000	 89.28000	 57.25441	 89.28000
161.20000	 88.83000	 57.32853	 88.83000
161.40000	 88.43000	 57.44088	 88.43000
161.60000	 88.12000	 57.61373	 88.12000
161.80000	 87.98000	 57.89967	 87.98000
162.00000	 87.93000	 58.21398	 87.93000
162.20000	 87.97000	 58.54073	 87.97000
162.40000	 88.07000	 58.84333	 88.07000
162.60000	 88.30000	 59.17305	 88.30000
162.80000	 88.57000	 59.44981	 88.57000
163.00000	 88.86000	 59.65782	 88.86000
163.20000	 89.13000	 59.77132	 89.13000
163.40000	 89.26000	 59.70592	 89.26000
163.60000	 89.35000	 59.56960	 89.35000
163.80000	 89.40000	 59.38716	 89.40000
164.00000	 89.43000	 59.19644	 89.43000
164.20000	 89.50000	 59.06210	 89.50000
164.40000	 89.55000	 58.94064	 89.55000
164.60000	 89.58000	 58.83463	 89.58000
164.80000	 89.57000	 58.72803	 89.57000
165.00000	 89.41000	 58.53108	 89.41000
165.20000	 89.19000	 58.32584	 89.19000
165.40000	 89.02000	 58.20879	 89.02000
165.60000	 88.96000	 58.22525	 88.96000
165.80000	 89.24000	 58.54821	 89.24000
166.00000	 89.72000	 59.02430	 89.72000
166.20000	 90.26000	 59.49792	 90.26000
166.40000	 90.81000	 59.90003	 90.81000
166.60000	 91.26000	 60.12799	 91.26000
166.80000	 91.62000	 60.19753	 91.62000
167.00000	 91.86000	 60.10420	 91.86000
167.20000	 91.87000	 59.78718	 91.87000
167.40000	 91.48000	 59.14847	 91.48000
167.60000	 90.98000	 58.48340	 90.98000
167.80000	 90.41000	 57.86731	 90.41000
168.00000	 89.89000	 57.42307	 89.89000
168.20000	 89.71000	 57.38876	 89.71000
168.40000	 89.59000	 57.49780	 89.59000
168.60000	 89.51000	 57.69433	 89.51000
168.80000	 89.44000	 57.91822	 89.44000
169.00000	 89.31000	 58.08504	 89.31000
169.20000	 89.05000	 58.12403	 89.05000
169.40000	 88.78000	 58.13583	 88.78000
169.60000	 88.49000	 58.11658	 88.49000
169.80000	 88.21000	 58.09670	 88.21000
170.00000	 87.85000	 58.00678	 87.85000
170.20000	 87.52000	 57.94612	 87.52000
170.40000	 87.30000	 57.98391	 87.30000
170.60000	 87.24000	 58.15450	 87.24000
170.80000	 87.54000	 58.60456	 87.54000
171.00000	 88.28000	 59.36193	 88.28000
171.20000	 89.13000	 60.10238	 89.13000
171.40000	 90.02000	 60.73276	 90.02000
171.60000	 90.80000	 61.11606	 90.80000
171.80000	 91.36000	 61.17561	 91.36000
172.00000	 91.82000	 61.04902	 91.82000
172.20000	 92.15000	 60.75658	 92.15000
172.40000	 92.27000	 60.27939	 92.27000
172.60000	 92.20000	 59.68320	 92.20000
172.80000	 92.03000	 59.08674	 92.03000
173.00000	 91.79000	 58.54566	 91.79000
173.20000	 91.55000	 58.13342	 91.55000
173.40000	 91.47000	 57.97983	 91.47000
173.60000	 91.40000	 57.93735	 91.40000
173.80000	 91.32000	 57.96186	 91.32000
174.00000	 91.22000	 58.01961	 91.22000
174.20000	 91.07000	 58.06519	 91.07000
174.40000	 90.76000	 57.99529	 90.76000
174.60000	 90.45000	 57.94214	 90.45000
174.80000	 90.19000	 57.94601	 90.19000
175.00000	 90.00000	 58.01753	 90.00000
175.20000	 90.01000	 58.25272	 90.01000
175.40000	 90.19000	 58.60476	 90.19000
175.60000	 90.46000	 58.98199	 90.46000
175.80000	 90.79000	 59.33948	 90.79000
176.00000	 91.18000	 59.66508	 91.18000
176.20000	 91.62000	 59.94528	 91.62000
176.40000	 92.05000	 60.13173	 92.05000
176.60000	 92.45000	 60.21742	 92.45000
176.80000	 92.76000	 60.16926	 92.76000
177.00000	 92.95000	 59.98630	 92.95000
177.20000	 93.07000	 59.73832	 93.07000
177.40000	 93.13000	 59.45956	 93.13000
177.60000	 93.12000	 59.16271	 93.12000
177.80000	 93.02000	 58.84745	 93.02000
178.00000	 92.88000	 58.56739	 92.88000
178.20000	 92.71000	 58.33610	 92.71000
178.40000	 92.53000	 58.16901	 92.53000
178.60000	 92.35000	 58.06758	 92.35000
178.80000	 92.19000	 58.03727	 92.19000
179.00000	 92.04000	 58.05569	 92.04000
179.20000	 91.92000	 58.12472	 91.92000
179.40000	 91.85000	 58.24598	 91.85000
179.60000	 91.83000	 58.40438	 91.83000
179.80000	 91.85000	 58.57788	 91.85000
180.00000	 91.92000	 58.76366	 91.92000
180.20000	 92.07000	 58.97759	 92.07000
180.40000	 92.33000	 59.23562	 92.33000
180.60000	 92.59000	 59.43791	 92.59000
180.80000	 92.82000	 59.55832	 92.82000
181.00000	 92.94000	 59.53804	 92.94000
181.20000	 92.91000	 59.36210	 92.91000
181.40000	 92.83000	 59.13902	 92.83000
181.60000	 92.69000	 58.88355	 92.69000
181.80000	 92.52000	 58.63906	 92.52000
182.00000	 92.36000	 58.45022	 92.36000
182.20000	 92.17000	 58.28733	 92.17000
182.40000	 91.95000	 58.15000	 91.95000
182.60000	 91.72000	 58.05183	 91.72000
182.80000	 91.34000	 57.87273	 91.34000
183.00000	 90.94000	 57.72251	 90.94000
183.20000	 90.62000	 57.68263	 90.62000
183.40000	 90.41000	 57.76707	 90.41000
183.60000	 90.51000	 58.12046	 90.51000
183.80000	 90.91000	 58.69655	 90.91000
184.00000	 91.40000	 59.27667	 91.40000
184.20000	 91.95000	 59.80353	 91.95000
184.40000	 92.44000	 60.16147	 92.44000
184.60000	 92.85000	 60.33788	 92.85000
184.80000	 93.21000	 60.37697	 93.21000
185.00000	 93.49000	 60.28072	 93.49000
185.20000	 93.60000	 60.00662	 93.60000
185.40000	 93.60000	 59.64180	 93.60000
185.60000	 93.53000	 59.25374	 93.53000
185.80000	 93.42000	 58.89315	 93.42000
186.00000	 93.26000	 58.56730	 93.26000
186.20000	 93.09000	 58.31622	 93.09000
186.40000	 92.97000	 58.18697	 92.97000
186.60000	 92.91000	 58.17486	 92.91000
186.80000	 93.07000	 58.39082	 93.07000
187.00000	 93.32000	 58.69353	 93.32000
187.20000	 93.62000	 59.01796	 93.62000
187.40000	 93.93000	 59.30706	 93.93000
187.60000	 94.22000	 59.52278	 94.22000
187.80000	 94.46000	 59.63818	 94.46000
188.00000	 94.64000	 59.65281	 94.64000
188.20000	 94.70000	 59.53242	 94.70000
188.40000	 94.56000	 59.23445	 94.56000
188.60000	 94.34000	 58.88933	 94.34000
188.80000	 94.05000	 58.53195	 94.05000
189.00000	 93.71000	 58.19821	 93.71000
189.20000	 93.37000	 57.94021	 93.37000
189.40000	 93.01000	 57.74219	 93.01000
189.60000	 92.61000	 57.58251	 92.61000
189.80000	 92.20000	 57.47832	 92.20000
190.00000	 91.66000	 57.32116	 91.66000
190.20000	 91.11000	 57.20678	 91.11000
190.40000	 90.63000	 57.19488	 90.63000
190.60000	 90.28000	 57.32099	 90.28000
190.80000	 90.26000	 57.72638	 90.26000
191.00000	 90.52000	 58.32886	 90.52000
191.20000	 90.86000	 58.91806	 90.86000
191.40000	 91.21000	 59.40570	 91.21000
191.60000	 91.40000	 59.64093	 91.40000
191.80000	 91.48000	 59.68006	 91.48000
192.00000	 91.49000	 59.58489	 91.49000
192.20000	 91.42000	 59.37997	 91.42000
192.40000	 91.20000	 59.04101	 91.20000
192.60000	 90.92000	 58.67685	 90.92000
192.80000	 90.60000	 58.33054	 90.60000
193.00000	 90.27000	 58.04336	 90.27000
193.20000	 89.93000	 57.82126	 89.93000
193.40000	 89.64000	 57.71127	 89.64000
193.60000	 89.41000	 57.70961	 89.41000
193.80000	 89.29000	 57.83872	 89.29000
194.00000	 89.42000	 58.18810	 89.42000
194.20000	 89.71000	 58.64641	 89.71000
194.40000	 90.08000	 59.11203	 90.08000
194.60000	 90.49000	 59.52662	 90.49000
194.80000	 90.89000	 59.83645	 90.89000
195.00000	 91.26000	 60.02617	 91.26000
195.20000	 91.56000	 60.07510	 91.56000
195.40000	 91.76000	 59.98024	 91.76000
195.60000	 91.72000	 59.65552	 91.72000
195.80000	 91.59000	 59.26459	 91.59000
196.00000	 91.39000	 58.85836	 91.39000
196.20000	 91.15000	 58.48660	 91.15000
196.40000	 90.93000	 58.21252	 90.93000
196.60000	 90.71000	 58.02035	 90.71000
196.80000	 90.49000	 57.90275	 90.49000
197.00000	 90.30000	 57.87209	 90.30000
197.20000	 90.11000	 57.88724	 90.11000
197.40000	 90.00000	 57.99780	 90.00000
197.60000	 89.99000	 58.20024	 89.99000
197.80000	 90.22000	 58.58675	 90.22000
198.00000	 90.76000	 59.18205	 90.76000
198.20000	 91.33000	 59.71544	 91.33000
198.40000	 91.85000	 60.09849	 91.85000
198.60000	 92.08000	 60.13318	 92.08000
198.80000	 92.05000	 59.87535	 92.05000
199.00000	 91.88000	 59.47207	 91.88000
199.20000	 91.60000	 58.99532	 91.60000
199.40000	 91.24000	 58.50927	 91.24000
199.60000	 90.82000	 58.05846	 90.82000
199.80000	 90.36000	 57.67534	 90.36000
200.00000	 89.89000	 57.38910	 89.89000
200.20000	 89.39000	 57.17744	 89.39000
200.40000	 88.92000	 57.07819	 88.92000
200.60000	 88.53000	 57.11385	 88.53000
200.80000	 88.26000	 57.29177	 88.26000
201.00000	 88.27000	 57.71192	 88.27000
201.20000	 88.54000	 58.31409	 88.54000
201.40000	 88.90000	 58.91211	 88.90000
201.60000	 89.29000	 59.42477	 89.29000
201.80000	 89.55000	 59.70713	 89.55000
202.00000	 89.73000	 59.81190	 89.73000
202.20000	 89.85000	 59.78031	 89.85000
202.40000	 89.92000	 59.65057	 89.92000
202.60000	 89.89000	 59.41182	 89.89000
202.80000	 89.80000	 59.12770	 89.80000
203.00000	 89.69000	 58.85654	 89.69000
203.20000	 89.54000	 58.59848	 89.54000
203.40000	 89.37000	 58.37996	 89.37000
203.60000	 89.21000	 58.22875	 89.21000
203.80000	 89.09000	 58.16525	 89.09000
204.00000	 89.04000	 58.20288	 89.04000
204.20000	 89.15000	 58.39809	 89.15000
204.40000	 89.33000	 58.65075	 89.33000
204.60000	 89.58000	 58.93715	 89.58000
204.80000	 89.90000	 59.23778	 89.90000
205.00000	 90.32000	 59.56245	 90.32000
205.20000	 90.74000	 59.81706	 90.74000
205.40000	 91.11000	 59.95884	 91.11000
205.60000	 91.31000	 59.89895	 91.31000
205.80000	 91.33000	 59.65449	 91.33000
206.00000	 91.25000	 59.32554	 91.25000
206.20000	 91.10000	 58.96850	 91.10000
206.40000	 90.90000	 58.62432	 90.90000
206.60000	 90.66000	 58.31692	 90.66000
206.80000	 90.39000	 58.06182	 90.39000
207.00000	 90.10000	 57.86729	 90.10000
207.20000	 89.74000	 57.68675	 89.74000
207.40000	 89.36000	 57.55571	 89.36000
207.60000	 89.04000	 57.53113	 89.04000
207.80000	 88.84000	 57.64623	 88.84000
208.00000	 88.99000	 58.06508	 88.99000
208.20000	 89.41000	 58.67743	 89.41000
208.40000	 89.87000	 59.24629	 89.87000
208.60000	 90.29000	 59.67655	 90.29000
208.80000	 90.40000	 59.73995	 90.40000
209.00000	 90.34000	 59.58002	 90.34000
209.20000	 90.18000	 59.29499	 90.18000
209.40000	 89.91000	 58.91676	 89.91000
209.60000	 89.50000	 58.45719	 89.50000
209.80000	 89.05000	 58.03072	 89.05000
210.00000	 88.58000	 57.67314	 88.58000
210.20000	 88.15000	 57.44040	 88.15000
210.40000	 87.85000	 57.39912	 87.85000
210.60000	 87.63000	 57.48564	 87.63000
210.80000	 87.50000	 57.68041	 87.50000
211.00000	 87.47000	 57.96231	 87.47000
211.20000	 87.60000	 58.35200	 87.60000
211.40000	 87.86000	 58.79535	 87.86000
211.60000	 88.19000	 59.21793	 88.19000
211.80000	 88.58000	 59.59606	 88.58000
212.00000	 88.99000	 59.89061	 88.99000
212.20000	 89.40000	 60.08873	 89.40000
212.40000	 89.79000	 60.18561	 89.79000
212.60000	 90.12000	 60.16611	 90.12000
212.80000	 90.27000	 59.95517	 90.27000
213.00000	 90.31000	 59.64385	 90.31000
213.20000	 90.28000	 59.29762	 90.28000
213.40000	 90.21000	 58.96685	 90.21000
213.60000	 90.14000	 58.70065	 90.14000
213.80000	 90.08000	 58.51241	 90.08000
214.00000	 89.99000	 58.36569	 89.99000
214.20000	 89.88000	 58.26209	 89.88000
214.40000	 89.67000	 58.12754	 89.67000
214.60000	 89.36000	 57.95882	 89.36000
214.80000	 89.10000	 57.87942	 89.10000
215.00000	 88.96000	 57.93879	 88.96000
215.20000	 89.07000	 58.22487	 89.07000
215.40000	 89.54000	 58.79382	 89.54000
215.60000	 90.14000	 59.40799	 90.14000
215.80000	 90.79000	 59.96353	 90.79000
216.00000	 91.43000	 60.39042	 91.43000
216.20000	 92.02000	 60.65360	 92.02000
216.40000	 92.54000	 60.75050	 92.54000
216.60000	 92.97000	 60.68996	 92.97000
216.80000	 93.17000	 60.38971	 93.17000
217.00000	 93.24000	 59.97614	 93.24000
217.20000	 93.22000	 59.52338	 93.22000
217.40000	 93.13000	 59.08003	 93.13000
217.60000	 93.04000	 58.72466	 93.04000
217.80000	 92.91000	 58.43100	 92.91000
218.00000	 92.77000	 58.22212	 92.77000
218.20000	 92.62000	 58.08898	 92.62000
218.40000	 92.42000	 57.98543	 92.42000
218.60000	 92.26000	 57.97287	 92.26000
218.80000	 92.15000	 58.04247	 92.15000
219.00000	 92.15000	 58.22385	 92.15000
219.20000	 92.48000	 58.67297	 92.48000
219.40000	 92.95000	 59.19313	 92.95000
219.60000	 93.43000	 59.64287	 93.43000
219.80000	 93.85000	 59.94731	 93.85000
220.00000	 94.00000	 59.93619	 94.00000
220.20000	 94.00000	 59.73807	 94.00000
220.40000	 93.89000	 59.42423	 93.89000
220.60000	 93.66000	 59.02396	 93.66000
220.80000	 93.30000	 58.56302	 93.30000
221.00000	 92.87000	 58.11953	 92.87000
221.20000	 92.39000	 57.72817	 92.39000
221.40000	 91.89000	 57.42116	 91.89000
221.60000	 91.48000	 57.28575	 91.48000
221.80000	 91.10000	 57.25491	 91.10000
222.00000	 90.72000	 57.28181	 90.72000
222.20000	 90.31000	 57.32103	 90.31000
222.40000	 89.80000	 57.29964	 89.80000
222.60000	 89.15000	 57.17966	 89.15000
222.80000	 88.55000	 57.12191	 88.55000
223.00000	 88.05000	 57.16525	 88.05000
223.20000	 87.76000	 57.38878	 87.76000
223.40000	 87.87000	 57.92364	 87.87000
223.60000	 88.13000	 58.51978	 88.13000
223.80000	 88.51000	 59.11552	 88.51000
224.00000	 88.95000	 59.63630	 88.95000
224.20000	 89.41000	 60.03896	 89.41000
224.40000	 89.87000	 60.31110	 89.87000
224.60000	 90.28000	 60.42696	 90.28000
224.80000	 90.51000	 60.30541	 90.51000
225.00000	 90.57000	 59.99427	 90.57000
225.20000	 90.57000	 59.62858	 90.57000
225.40000	 90.52000	 59.25283	 90.52000
225.60000	 90.49000	 58.95028	 90.49000
225.80000	 90.48000	 58.73202	 90.48000
226.00000	 90.47000	 58.58146	 90.47000
226.20000	 90.46000	 58.49199	 90.46000
226.40000	 90.49000	 58.48598	 90.49000
226.60000	 90.52000	 58.51572	 90.52000
226.80000	 90.54000	 58.55928	 90.54000
227.00000	 90.54000	 58.59760	 90.54000
227.20000	 90.40000	 58.52553	 90.40000
227.40000	 90.24000	 58.44654	 90.24000
227.60000	 90.15000	 58.43854	 90.15000
227.80000	 90.19000	 58.54697	 90.19000
228.00000	 90.72000	 59.05286	 90.72000
228.20000	 91.34000	 59.58305	 91.34000
228.40000	 91.96000	 60.02990	 91.96000
228.60000	 92.40000	 60.23052	 92.40000
228.80000	 92.50000	 60.06626	 92.50000
229.00000	 92.46000	 59.74309	 92.46000
229.20000	 92.28000	 59.30522	 92.28000
229.40000	 91.94000	 58.77754	 91.94000
229.60000	 91.48000	 58.22957	 91.48000
229.80000	 90.98000	 57.75395	 90.98000
230.00000	 90.47000	 57.38712	 90.47000
230.20000	 90.03000	 57.19245	 90.03000
230.40000	 89.77000	 57.24227	 89.77000
230.60000	 89.59000	 57.41975	 89.59000
230.80000	 89.51000	 57.70501	 89.51000
231.00000	 89.52000	 58.05474	 89.52000
231.20000	 89.71000	 58.51222	 89.71000
231.40000	 90.02000	 58.99753	 90.02000
231.60000	 90.38000	 59.42957	 90.38000
231.80000	 90.76000	 59.77246	 90.76000
232.00000	 91.03000	 59.92048	 91.03000
232.20000	 91.23000	 59.92503	 91.23000
232.40000	 91.44000	 59.87793	 91.44000
232.60000	 91.69000	 59.82691	 91.69000
232.80000	 92.08000	 59.87021	 92.08000
233.00000	 92.57000	 59.97783	 92.57000
233.20000	 93.08000	 60.08030	 93.08000
233.40000	 93.58000	 60.15079	 93.58000
233.60000	 94.10000	 60.21526	 94.10000
233.80000	 94.55000	 60.20171	 94.55000
234.00000	 94.85000	 60.05310	 94.85000
234.20000	 94.87000	 59.68149	 94.87000
234.40000	 94.41000	 58.95675	 94.41000
234.60000	 93.80000	 58.20450	 93.80000
234.80000	 93.10000	 57.51479	 93.10000
235.00000	 92.51000	 57.07348	 92.51000
235.20000	 92.03000	 56.87267	 92.03000
235.40000	 91.61000	 56.84344	 91.61000
235.60000	 91.25000	 56.95019	 91.25000
235.80000	 90.98000	 57.18005	 90.98000
236.00000	 90.81000	 57.50377	 90.81000
236.20000	 90.69000	 57.84585	 90.69000
236.40000	 90.63000	 58.18880	 90.63000
236.60000	 90.60000	 58.49038	 90.60000
236.80000	 90.60000	 58.74226	 90.60000
237.00000	 90.61000	 58.92707	 90.61000
237.20000	 90.63000	 59.05050	 90.63000
237.40000	 90.63000	 59.09775	 90.63000
237.60000	 90.58000	 59.05824	 90.58000
237.80000	 90.51000	 58.97427	 90.51000
238.00000	 90.39000	 58.83781	 90.39000
238.20000	 90.24000	 58.68151	 90.24000
238.40000	 90.00000	 58.46944	 90.00000
238.60000	 89.72000	 58.25670	 89.72000
238.80000	 89.41000	 58.06132	 89.41000
239.00000	 89.08000	 57.89661	 89.08000
239.20000	 88.65000	 57.69777	 88.65000
239.40000	 88.21000	 57.54188	 88.21000
239.60000	 87.87000	 57.51724	 87.87000
239.80000	 87.67000	 57.64313	 87.67000
240.00000	 87.76000	 58.01887	 87.76000
240.20000	 88.11000	 58.58057	 88.11000
240.40000	 88.66000	 59.23474	 88.66000
240.60000	 89.41000	 59.94215	 89.41000
240.80000	 90.51000	 60.79357	 90.51000
241.00000	 91.72000	 61.55761	 91.72000
241.20000	 92.96000	 62.15295	 92.96000
241.40000	 94.11000	 62.48649	 94.11000
241.60000	 95.08000	 62.51276	 95.08000
241.80000	 95.85000	 62.26368	 95.85000
242.00000	 96.38000	 61.76573	 96.38000
242.20000	 96.34000	 60.81325	 96.34000
242.40000	 95.99000	 59.70539	 95.99000
242.60000	 95.49000	 58.64715	 95.49000
242.80000	 94.94000	 57.76668	 94.94000
243.00000	 94.75000	 57.41446	 94.75000
243.20000	 94.68000	 57.35532	 94.68000
243.40000	 94.66000	 57.47754	 94.66000
243.60000	 94.67000	 57.70994	 94.67000
243.80000	 94.69000	 57.98782	 94.69000
244.00000	 94.69000	 58.24890	 94.69000
244.20000	 94.66000	 58.46043	 94.66000
244.40000	 94.60000	 58.61002	 94.60000
244.60000	 94.47000	 58.66224	 94.47000
244.80000	 94.08000	 58.46893	 94.08000
245.00000	 93.54000	 58.14787	 93.54000
245.20000	 93.08000	 57.91825	 93.08000
245.40000	 92.76000	 57.84214	 92.76000
245.60000	 92.86000	 58.14317	 92.86000
245.80000	 93.42000	 58.81533	 93.42000
246.00000	 94.14000	 59.55208	 94.14000
246.20000	 94.95000	 60.24793	 94.95000
246.40000	 95.76000	 60.79991	 95.76000
246.60000	 96.52000	 61.16039	 96.52000
246.80000	 97.17000	 61.29370	 97.17000
247.00000	 97.67000	 61.19776	 97.67000
247.20000	 97.76000	 60.70263	 97.76000
247.40000	 97.60000	 60.00584	 97.60000
247.60000	 97.31000	 59.27038	 97.31000
247.80000	 96.93000	 58.57732	 96.93000
248.00000	 96.61000	 58.07865	 96.61000
248.20000	 96.29000	 57.72731	 96.29000
248.40000	 95.99000	 57.52708	 95.99000
248.60000	 95.71000	 57.45500	 95.71000
248.80000	 95.55000	 57.56481	 95.55000
249.00000	 95.44000	 57.76287	 95.44000
249.20000	 95.36000	 57.99932	 95.36000
249.40000	 95.27000	 58.21469	 95.27000
249.60000	 95.14000	 58.36788	 95.14000
249.80000	 94.98000	 58.46145	 94.98000
250.00000	 94.77000	 58.48072	 94.77000
250.20000	 94.52000	 58.44200	 94.52000
250.40000	 94.14000	 58.28278	 94.14000
250.60000	 93.69000	 58.07096	 93.69000
250.80000	 93.19000	 57.84082	 93.19000
251.00000	 92.66000	 57.62280	 92.66000
251.20000	 92.11000	 57.43361	 92.11000
251.40000	 91.58000	 57.30912	 91.58000
251.60000	 91.06000	 57.23723	 91.06000
251.80000	 90.56000	 57.21846	 90.56000
252.00000	 90.09000	 57.25068	 90.09000
252.20000	 89.64000	 57.31378	 89.64000
252.40000	 89.21000	 57.39663	 89.21000
252.60000	 88.86000	 57.53873	 88.86000
252.80000	 88.61000	 57.74433	 88.61000
253.00000	 88.49000	 58.02372	 88.49000
253.20000	 88.76000	 58.57286	 88.76000
253.40000	 89.13000	 59.11818	 89.13000
253.60000	 89.54000	 59.58589	 89.54000
253.80000	 89.93000	 59.91724	 89.93000
254.00000	 90.12000	 59.97121	 90.12000
254.20000	 90.15000	 59.81072	 90.15000
254.40000	 90.13000	 59.56670	 90.13000
254.60000	 90.08000	 59.29168	 90.08000
254.80000	 90.03000	 59.03814	 90.03000
255.00000	 89.98000	 58.82341	 89.98000
255.20000	 89.96000	 58.68032	 89.96000
255.40000	 89.97000	 58.60789	 89.97000
255.60000	 90.03000	 58.61516	 90.03000
255.80000	 90.16000	 58.70593	 90.16000
256.00000	 90.36000	 58.86374	 90.36000
256.20000	 90.65000	 59.08728	 90.65000
256.40000	 91.12000	 59.43185	 91.12000
256.60000	 91.80000	 59.89812	 91.80000
256.80000	 92.48000	 60.28668	 92.48000
257.00000	 93.12000	 60.55302	 93.12000
257.20000	 93.51000	 60.52874	 93.51000
257.40000	 93.60000	 60.20239	 93.60000
257.60000	 93.55000	 59.75331	 93.55000
257.80000	 93.40000	 59.25917	 93.40000
258.00000	 93.19000	 58.78794	 93.19000
258.20000	 92.97000	 58.40265	 92.97000
258.40000	 92.69000	 58.06959	 92.69000
258.60000	 92.38000	 57.81323	 92.38000
258.80000	 92.03000	 57.61802	 92.03000
259.00000	 91.59000	 57.43216	 91.59000
259.20000	 91.13000	 57.30427	 91.13000
259.40000	 90.70000	 57.26376	 90.70000
259.60000	 90.34000	 57.32717	 90.34000
259.80000	 90.18000	 57.57985	 90.18000
260.00000	 90.25000	 58.01426	 90.25000
260.20000	 90.39000	 58.46049	 90.39000
260.40000	 90.54000	 58.84143	 90.54000
260.60000	 90.63000	 59.08662	 90.63000
260.80000	 90.59000	 59.14243	 90.59000
261.00000	 90.49000	 59.08631	 90.49000
261.20000	 90.34000	 58.95093	 90.34000
261.40000	 90.13000	 58.75253	 90.13000
261.60000	 89.82000	 58.48114	 89.82000
261.80000	 89.47000	 58.20834	 89.47000
262.00000	 89.10000	 57.96614	 89.10000
262.20000	 88.72000	 57.77062	 88.72000
262.40000	 88.35000	 57.63918	 88.35000
262.60000	 87.99000	 57.56650	 87.99000
262.80000	 87.67000	 57.56785	 87.67000
263.00000	 87.40000	 57.63808	 87.40000
263.20000	 87.20000	 57.77785	 87.20000
263.40000	 87.08000	 57.97802	 87.08000
263.60000	 87.07000	 58.24552	 87.07000
263.80000	 87.18000	 58.57013	 87.18000
264.00000	 87.48000	 58.99116	 87.48000
264.20000	 88.04000	 59.54456	 88.04000
264.40000	 88.65000	 60.03179	 88.65000
264.60000	 89.27000	 60.40790	 89.27000
264.80000	 89.76000	 60.56049	 89.76000
265.00000	 90.10000	 60.49557	 90.10000
265.20000	 90.37000	 60.31443	 90.37000
265.40000	 90.57000	 60.05278	 90.57000
265.60000	 90.69000	 59.73469	 90.69000
265.80000	 90.76000	 59.41223	 90.76000
266.00000	 90.78000	 59.10479	 90.78000
266.20000	 90.76000	 58.83250	 90.76000
266.40000	 90.75000	 58.64111	 90.75000
266.60000	 90.72000	 58.50181	 90.72000
266.80000	 90.66000	 58.39851	 90.66000
267.00000	 90.59000	 58.33862	 90.59000
267.20000	 90.49000	 58.29549	 90.49000
267.40000	 90.36000	 58.26033	 90.36000
267.60000	 90.23000	 58.25081	 90.23000
267.80000	 90.09000	 58.25155	 90.09000
268.00000	 89.97000	 58.28113	 89.97000
268.20000	 89.86000	 58.32454	 89.86000
268.40000	 89.74000	 58.35941	 89.74000
268.60000	 89.60000	 58.37419	 89.60000
268.80000	 89.44000	 58.36841	 89.44000
269.00000	 89.24000	 58.32731	 89.24000
269.20000	 89.02000	 58.27164	 89.02000
269.40000	 88.77000	 58.19759	 88.77000
269.60000	 88.47000	 58.09355	 88.47000
269.80000	 88.12000	 57.96555	 88.12000
270.00000	 87.74000	 57.83632	 87.74000
270.20000	 87.32000	 57.70215	 87.32000
270.40000	 86.88000	 57.58290	 86.88000
270.60000	 86.34000	 57.41416	 86.34000
270.80000	 85.78000	 57.26654	 85.78000
271.00000	 85.24000	 57.17433	 85.24000
271.20000	 84.75000	 57.15793	 84.75000
271.40000	 84.36000	 57.24827	 84.36000
271.60000	 84.11000	 57.46121	 84.11000
271.80000	 83.96000	 57.74100	 83.96000
272.00000	 83.94000	 58.09003	 83.94000
272.20000	 84.04000	 58.47846	 84.04000
272.40000	 84.44000	 59.03489	 84.44000
272.60000	 84.93000	 59.55936	 84.93000
272.80000	 85.43000	 59.97003	 85.43000
273.00000	 85.91000	 60.24180	 85.91000
273.20000	 86.14000	 60.19933	 86.14000
273.40000	 86.30000	 60.02797	 86.30000
273.60000	 86.40000	 59.77441	 86.40000
273.80000	 86.46000	 59.48937	 86.46000
274.00000	 86.53000	 59.24043	 86.53000
274.20000	 86.58000	 59.01814	 86.58000
274.40000	 86.61000	 58.83040	 86.61000
274.60000	 86.63000	 58.68753	 86.63000
274.80000	 86.61000	 58.56225	 86.61000
275.00000	 86.59000	 58.48362	 86.59000
275.20000	 86.61000	 58.47740	 86.61000
275.40000	 86.70000	 58.55652	 86.70000
275.60000	 86.96000	 58.78674	 86.96000
275.80000	 87.36000	 59.11842	 87.36000
276.00000	 87.82000	 59.45937	 87.82000
276.20000	 88.33000	 59.78209	 88.33000
276.40000	 88.89000	 60.07500	 88.89000
276.60000	 89.44000	 60.28393	 89.44000
276.80000	 89.95000	 60.38875	 89.95000
277.00000	 90.39000	 60.37776	 90.39000
277.20000	 90.64000	 60.17260	 90.64000
277.40000	 90.79000	 59.87861	 90.79000
277.60000	 90.87000	 59.55055	 90.87000
277.80000	 90.87000	 59.20431	 90.87000
278.00000	 90.81000	 58.87448	 90.81000
278.20000	 90.70000	 58.58024	 90.70000
278.40000	 90.57000	 58.35026	 90.57000
278.60000	 90.45000	 58.20585	 90.45000
278.80000	 90.39000	 58.17756	 90.39000
279.00000	 90.32000	 58.19010	 90.32000
279.20000	 90.25000	 58.23528	 90.25000
279.40000	 90.15000	 58.27414	 90.15000
279.60000	 89.94000	 58.23183	 89.94000
279.80000	 89.70000	 58.17475	 89.70000
280.00000	 89.49000	 58.15398	 89.49000
280.20000	 89.33000	 58.18390	 89.33000
280.40000	 89.38000	 58.38921	 89.38000
280.60000	 89.51000	 58.64315	 89.51000
280.80000	 89.66000	 58.87796	 89.66000
281.00000	 89.79000	 59.04987	 89.79000
281.20000	 89.74000	 59.02631	 89.74000
281.40000	 89.62000	 58.91422	 89.62000
281.60000	 89.46000	 58.75820	 89.46000
281.80000	 89.26000	 58.57621	 89.26000
282.00000	 89.05000	 58.40764	 89.05000
282.20000	 88.84000	 58.26965	 88.84000
282.40000	 88.61000	 58.14922	 88.61000
282.60000	 88.36000	 58.04696	 88.36000
282.80000	 88.05000	 57.92884	 88.05000
283.00000	 87.67000	 57.78716	 87.67000
283.20000	 87.35000	 57.73069	 87.35000
283.40000	 87.12000	 57.77768	 87.12000
283.60000	 87.08000	 57.99589	 87.08000
283.80000	 87.40000	 58.49872	 87.40000
284.00000	 87.82000	 59.02947	 87.82000
284.20000	 88.29000	 59.51422	 88.29000
284.40000	 88.73000	 59.86914	 88.73000
284.60000	 89.07000	 60.03646	 89.07000
284.80000	 89.35000	 60.06614	 89.35000
285.00000	 89.55000	 59.96672	 89.55000
285.20000	 89.59000	 59.70209	 89.59000
285.40000	 89.43000	 59.27526	 89.43000
285.60000	 89.20000	 58.83226	 89.20000
285.80000	 88.93000	 58.42658	 88.93000
286.00000	 88.63000	 58.08284	 88.63000
286.20000	 88.35000	 57.84739	 88.35000
286.40000	 88.13000	 57.74650	 88.13000
286.60000	 88.01000	 57.79578	 88.01000
286.80000	 88.11000	 58.06745	 88.11000
287.00000	 88.51000	 58.58827	 88.51000
287.20000	 88.99000	 59.12849	 88.99000
287.40000	 89.48000	 59.59462	 89.48000
287.60000	 89.86000	 59.87050	 89.86000
