  0.00000	 95.47000	 68.26024	 95.47000
  0.20000	 95.13000	 67.71413	 95.13000
  0.40000	 94.77000	 67.21739	 94.77000
  0.60000	 94.40000	 66.80475	 94.40000
  0.80000	 94.01000	 66.47678	 94.01000
  1.00000	 93.63000	 66.25966	 93.63000
  1.20000	 93.25000	 66.13281	 93.25000
  1.40000	 92.90000	 66.10731	 92.90000
  1.60000	 92.58000	 66.16223	 92.58000
  1.80000	 92.30000	 66.28469	 92.30000
  2.00000	 92.07000	 66.46227	 92.07000
  2.20000	 91.92000	 66.70236	 91.92000
  2.40000	 91.84000	 66.97614	 91.84000
  2.60000	 91.82000	 67.25774	 91.82000
  2.80000	 91.86000	 67.53498	 91.86000
  3.00000	 91.97000	 67.80910	 91.97000
  3.20000	 92.16000	 68.08419	 92.16000
  3.40000	 92.42000	 68.34761	 92.42000
  3.60000	 92.74000	 68.58906	 92.74000
  3.80000	 93.11000	 68.80072	 93.11000
  4.00000	 93.62000	 69.06892	 93.62000
  4.20000	 94.16000	 69.29044	 94.16000
  4.40000	 94.70000	 69.44058	 94.70000
  4.60000	 95.23000	 69.51887	 95.23000
  4.80000	 95.65000	 69.44649	 95.65000
  5.00000	 96.00000	 69.28303	 96.00000
  5.20000	 96.29000	 69.06202	 96.29000
  5.40000	 96.51000	 68.79652	 96.51000
  5.60000	 96.63000	 68.47852	 96.63000
  5.80000	 96.68000	 68.15380	 96.68000
  6.00000	 96.66000	 67.83551	 96.66000
  6.20000	 96.58000	 67.54121	 96.58000
  6.40000	 96.46000	 67.29264	 96.46000
  6.60000	 96.29000	 67.07864	 96.29000
  6.80000	 96.09000	 66.91274	 96.09000
  7.00000	 95.86000	 66.78707	 95.86000
  7.20000	 95.62000	 66.71059	 95.62000
  7.40000	 95.39000	 66.69051	 95.39000
  7.60000	 95.15000	 66.69547	 95.15000
  7.80000	 94.91000	 66.72322	 94.91000
  8.00000	 94.67000	 66.76371	 94.67000
  8.20000	 94.42000	 66.79960	 94.42000
  8.40000	 94.15000	 66.81650	 94.15000
  8.60000	 93.87000	 66.82171	 93.87000
  8.80000	 93.60000	 66.83335	 93.60000
  9.00000	 93.35000	 66.85985	 93.35000
  9.20000	 93.11000	 66.89017	 93.11000
  9.40000	 92.89000	 66.93183	 92.89000
  9.60000	 92.71000	 67.00097	 92.71000
  9.80000	 92.55000	 67.07523	 92.55000
 10.00000	 92.44000	 67.17885	 92.44000
 10.20000	 92.38000	 67.30689	 92.38000
 10.40000	 92.39000	 67.47202	 92.39000
 10.60000	 92.45000	 67.64863	 92.45000
 10.80000	 92.54000	 67.81233	 92.54000
 11.00000	 92.66000	 67.96021	 92.66000
 11.20000	 92.82000	 68.10097	 92.82000
 11.40000	 93.00000	 68.21670	 93.00000
 11.60000	 93.19000	 68.30094	 93.19000
 11.80000	 93.37000	 68.34022	 93.37000
 12.00000	 93.51000	 68.31467	 93.51000
 12.20000	 93.62000	 68.24478	 93.62000
 12.40000	 93.70000	 68.14256	 93.70000
 12.60000	 93.73000	 68.00098	 93.73000
 12.80000	 93.72000	 67.84069	 93.72000
 13.00000	 93.65000	 67.65299	 93.65000
 13.20000	 93.54000	 67.46539	 93.54000
 13.40000	 93.39000	 67.28414	 93.39000
 13.60000	 93.20000	 67.11292	 93.20000
 13.80000	 92.97000	 66.95325	 92.97000
 14.00000	 92.71000	 66.81417	 92.71000
 14.20000	 92.43000	 66.70278	 92.43000
 14.40000	 92.13000	 66.61497	 92.13000
 14.60000	 91.81000	 66.54565	 91.81000
 14.80000	 91.47000	 66.48949	 91.47000
 15.00000	 91.14000	 66.46902	 91.14000
 15.20000	 90.82000	 66.47745	 90.82000
 15.40000	 90.53000	 66.52566	 90.53000
 15.60000	 90.29000	 66.62313	 90.29000
 15.80000	 90.12000	 66.77747	 90.12000
 16.00000	 89.99000	 66.94852	 89.99000
 16.20000	 89.89000	 67.11685	 89.89000
 16.40000	 89.81000	 67.26646	 89.81000
 16.60000	 89.71000	 67.35781	 89.71000
 16.80000	 89.62000	 67.42185	 89.62000
 17.00000	 89.57000	 67.49107	 89.57000
 17.20000	 89.58000	 67.58683	 89.58000
 17.40000	 89.66000	 67.71798	 89.66000
 17.60000	 89.94000	 68.00018	 89.94000
 17.80000	 90.27000	 68.27969	 90.27000
 18.00000	 90.64000	 68.53637	 90.64000
 18.20000	 91.03000	 68.74654	 91.03000
 18.40000	 91.39000	 68.86513	 91.39000
 18.60000	 91.73000	 68.91042	 91.73000
 18.80000	 92.03000	 68.87730	 92.03000
 19.00000	 92.30000	 68.79144	 92.30000
 19.20000	 92.47000	 68.60508	 92.47000
 19.40000	 92.57000	 68.36639	 92.57000
 19.60000	 92.61000	 68.10365	 92.61000
 19.80000	 92.61000	 67.85064	 92.61000
 20.00000	 92.58000	 67.62619	 92.58000
 20.20000	 92.52000	 67.43425	 92.52000
 20.40000	 92.43000	 67.27444	 92.43000
 20.60000	 92.29000	 67.12506	 92.29000
 20.80000	 92.11000	 66.99188	 92.11000
 21.00000	 91.86000	 66.84344	 91.86000
 21.20000	 91.58000	 66.71498	 91.58000
 21.40000	 91.28000	 66.61273	 91.28000
 21.60000	 90.95000	 66.52298	 90.95000
 21.80000	 90.61000	 66.45968	 90.61000
 22.00000	 90.25000	 66.40811	 90.25000
 22.20000	 89.91000	 66.39994	 89.91000
 22.40000	 89.58000	 66.41846	 89.58000
 22.60000	 89.28000	 66.47427	 89.28000
 22.80000	 89.08000	 66.62269	 89.08000
 23.00000	 88.93000	 66.80320	 88.93000
 23.20000	 88.81000	 66.98435	 88.81000
 23.40000	 88.70000	 67.13871	 88.70000
 23.60000	 88.60000	 67.26255	 88.60000
 23.80000	 88.47000	 67.31953	 88.47000
 24.00000	 88.35000	 67.35280	 88.35000
 24.20000	 88.26000	 67.38742	 88.26000
 24.40000	 88.22000	 67.44634	 88.22000
 24.60000	 88.24000	 67.53967	 88.24000
 24.80000	 88.32000	 67.66494	 88.32000
 25.00000	 88.45000	 67.80836	 88.45000
 25.20000	 88.65000	 67.98340	 88.65000
 25.40000	 88.91000	 68.17468	 88.91000
 25.60000	 89.25000	 68.39478	 89.25000
 25.80000	 89.66000	 68.62796	 89.66000
 26.00000	 90.13000	 68.85942	 90.13000
 26.20000	 90.72000	 69.14046	 90.72000
 26.40000	 91.43000	 69.46406	 91.43000
 26.60000	 92.17000	 69.73910	 92.17000
 26.80000	 92.89000	 69.91842	 92.89000
 27.00000	 93.52000	 69.94598	 93.52000
 27.20000	 94.03000	 69.81411	 94.03000
 27.40000	 94.47000	 69.59721	 94.47000
 27.60000	 94.81000	 69.29553	 94.81000
 27.80000	 95.03000	 68.91780	 95.03000
 28.00000	 95.11000	 68.47141	 95.11000
 28.20000	 95.12000	 68.04456	 95.12000
 28.40000	 95.08000	 67.67026	 95.08000
 28.60000	 95.03000	 67.39024	 95.03000
 28.80000	 95.04000	 67.26324	 95.04000
 29.00000	 95.04000	 67.20700	 95.04000
 29.20000	 95.03000	 67.20224	 95.03000
 29.40000	 94.99000	 67.21243	 94.99000
 29.60000	 94.93000	 67.23264	 94.93000
 29.80000	 94.83000	 67.23380	 94.83000
 30.00000	 94.70000	 67.21938	 94.70000
 30.20000	 94.54000	 67.18685	 94.54000
 30.40000	 94.35000	 67.13614	 94.35000
 30.60000	 94.10000	 67.04137	 94.10000
 30.80000	 93.81000	 66.92605	 93.81000
 31.00000	 93.51000	 66.82312	 93.51000
 31.20000	 93.18000	 66.71685	 93.18000
 31.40000	 92.86000	 66.64595	 92.86000
 31.60000	 92.53000	 66.59019	 92.53000
 31.80000	 92.21000	 66.56512	 92.21000
 32.00000	 91.91000	 66.57509	 91.91000
 32.20000	 91.64000	 66.62266	 91.64000
 32.40000	 91.39000	 66.69058	 91.39000
 32.60000	 91.21000	 66.81717	 91.21000
 32.80000	 91.09000	 66.98265	 91.09000
 33.00000	 91.00000	 67.14860	 91.00000
 33.20000	 90.95000	 67.31664	 90.95000
 33.40000	 90.92000	 67.46307	 90.92000
 33.60000	 90.90000	 67.57711	 90.90000
 33.80000	 90.89000	 67.66071	 90.89000
 34.00000	 90.92000	 67.74560	 90.92000
 34.20000	 90.97000	 67.81636	 90.97000
 34.40000	 91.06000	 67.89468	 91.06000
 34.60000	 91.19000	 67.98225	 91.19000
 34.80000	 91.36000	 68.07944	 91.36000
 35.00000	 91.56000	 68.17649	 91.56000
 35.20000	 91.79000	 68.27306	 91.79000
 35.40000	 92.06000	 68.37817	 92.06000
 35.60000	 92.36000	 68.48182	 92.36000
 35.80000	 92.68000	 68.57447	 92.68000
 36.00000	 93.01000	 68.64776	 93.01000
 36.20000	 93.33000	 68.68578	 93.33000
 36.40000	 93.62000	 68.67520	 93.62000
 36.60000	 93.90000	 68.64233	 93.90000
 36.80000	 94.16000	 68.58566	 94.16000
 37.00000	 94.37000	 68.48521	 94.37000
 37.20000	 94.54000	 68.35939	 94.54000
 37.40000	 94.66000	 68.20777	 94.66000
 37.60000	 94.74000	 68.04793	 94.74000
 37.80000	 94.76000	 67.86806	 94.76000
 38.00000	 94.74000	 67.69281	 94.74000
 38.20000	 94.65000	 67.49855	 94.65000
 38.40000	 94.51000	 67.30796	 94.51000
 38.60000	 94.33000	 67.13278	 94.33000
 38.80000	 94.11000	 66.97326	 94.11000
 39.00000	 93.84000	 66.81887	 93.84000
 39.20000	 93.53000	 66.67725	 93.53000
 39.40000	 93.19000	 66.55523	 93.19000
 39.60000	 92.84000	 66.46759	 92.84000
 39.80000	 92.48000	 66.40864	 92.48000
 40.00000	 92.15000	 66.40833	 92.15000
 40.20000	 91.83000	 66.43821	 91.83000
 40.40000	 91.52000	 66.48842	 91.52000
 40.60000	 91.22000	 66.55023	 91.22000
 40.80000	 90.91000	 66.59820	 90.91000
 41.00000	 90.60000	 66.63786	 90.60000
 41.20000	 90.27000	 66.64913	 90.27000
 41.40000	 89.97000	 66.67930	 89.97000
 41.60000	 89.69000	 66.71845	 89.69000
 41.80000	 89.44000	 66.77444	 89.44000
 42.00000	 89.26000	 66.88144	 89.26000
 42.20000	 89.16000	 67.04221	 89.16000
 42.40000	 89.10000	 67.21072	 89.10000
 42.60000	 89.08000	 67.37981	 89.08000
 42.80000	 89.09000	 67.53536	 89.09000
 43.00000	 89.13000	 67.67529	 89.13000
 43.20000	 89.19000	 67.79052	 89.19000
 43.40000	 89.27000	 67.88348	 89.27000
 43.60000	 89.37000	 67.95801	 89.37000
 43.80000	 89.49000	 68.01852	 89.49000
 44.00000	 89.57000	 68.01449	 89.57000
 44.20000	 89.67000	 68.00997	 89.67000
 44.40000	 89.81000	 68.02969	 89.81000
 44.60000	 90.03000	 68.11248	 90.03000
 44.80000	 90.37000	 68.29067	 90.37000
 45.00000	 90.90000	 68.61657	 90.90000
 45.20000	 91.49000	 68.94927	 91.49000
 45.40000	 92.11000	 69.24562	 92.11000
 45.60000	 92.74000	 69.47997	 92.74000
 45.80000	 93.32000	 69.59815	 93.32000
 46.00000	 93.86000	 69.62080	 93.86000
 46.20000	 94.34000	 69.54649	 94.34000
 46.40000	 94.73000	 69.36855	 94.73000
 46.60000	 94.97000	 69.05603	 94.97000
 46.80000	 95.11000	 68.68389	 95.11000
 47.00000	 95.17000	 68.29607	 95.17000
 47.20000	 95.15000	 67.91168	 95.15000
 47.40000	 95.01000	 67.50681	 95.01000
 47.60000	 94.81000	 67.14700	 94.81000
 47.80000	 94.56000	 66.84435	 94.56000
 48.00000	 94.27000	 66.60457	 94.27000
 48.20000	 93.98000	 66.45586	 93.98000
 48.40000	 93.70000	 66.39295	 93.70000
 48.60000	 93.40000	 66.37025	 93.40000
 48.80000	 93.10000	 66.38969	 93.10000
 49.00000	 92.80000	 66.43595	 92.80000
 49.20000	 92.50000	 66.49587	 92.50000
 49.40000	 92.20000	 66.55907	 92.20000
 49.60000	 91.91000	 66.62718	 91.91000
 49.80000	 91.64000	 66.70372	 91.64000
 50.00000	 91.39000	 66.78403	 91.39000
 50.20000	 91.20000	 66.90118	 91.20000
 50.40000	 91.07000	 67.04934	 91.07000
 50.60000	 90.94000	 67.16665	 90.94000
 50.80000	 90.82000	 67.26044	 90.82000
 51.00000	 90.70000	 67.32252	 90.70000
 51.20000	 90.51000	 67.29242	 90.51000
 51.40000	 90.28000	 67.20879	 90.28000
 51.60000	 90.05000	 67.12099	 90.05000
 51.80000	 89.84000	 67.05652	 89.84000
 52.00000	 89.67000	 67.03792	 89.67000
 52.20000	 89.57000	 67.09129	 89.57000
 52.40000	 89.52000	 67.19066	 89.52000
 52.60000	 89.52000	 67.32649	 89.52000
 52.80000	 89.57000	 67.48879	 89.57000
 53.00000	 89.69000	 67.68655	 89.69000
 53.20000	 89.89000	 67.91924	 89.89000
 53.40000	 90.14000	 68.14949	 90.14000
 53.60000	 90.44000	 68.37079	 90.44000
 53.80000	 90.81000	 68.59787	 90.81000
 54.00000	 91.27000	 68.84615	 91.27000
 54.20000	 91.78000	 69.07512	 91.78000
 54.40000	 92.30000	 69.24738	 92.30000
 54.60000	 92.79000	 69.33115	 92.79000
 54.80000	 93.19000	 69.28316	 93.19000
 55.00000	 93.51000	 69.13297	 93.51000
 55.20000	 93.77000	 68.92259	 93.77000
 55.40000	 93.95000	 68.65565	 93.95000
 55.60000	 94.06000	 68.36177	 94.06000
 55.80000	 94.07000	 68.03003	 94.07000
 56.00000	 94.02000	 67.71197	 94.02000
 56.20000	 93.93000	 67.43480	 93.93000
 56.40000	 93.80000	 67.20076	 93.80000
 56.60000	 93.67000	 67.04387	 93.67000
 56.80000	 93.51000	 66.92755	 93.51000
 57.00000	 93.34000	 66.85991	 93.34000
 57.20000	 93.16000	 66.82926	 93.16000
 57.40000	 92.98000	 66.83315	 92.98000
 57.60000	 92.83000	 66.88776	 92.83000
 57.80000	 92.66000	 66.93470	 92.66000
 58.00000	 92.49000	 66.98428	 92.49000
 58.20000	 92.30000	 67.01237	 92.30000
 58.40000	 92.09000	 67.01697	 92.09000
 58.60000	 91.84000	 66.98053	 91.84000
 58.80000	 91.58000	 66.93492	 91.58000
 59.00000	 91.32000	 66.89315	 91.32000
 59.20000	 91.05000	 66.84840	 91.05000
 59.40000	 90.78000	 66.81169	 90.78000
 59.60000	 90.52000	 66.79272	 90.52000
 59.80000	 90.27000	 66.79018	 90.27000
 60.00000	 90.05000	 66.81998	 90.05000
 60.20000	 89.86000	 66.87741	 89.86000
 60.40000	 89.71000	 66.96582	 89.71000
 60.60000	 89.62000	 67.09665	 89.62000
 60.80000	 89.59000	 67.26121	 89.59000
 61.00000	 89.61000	 67.44125	 89.61000
 61.20000	 89.71000	 67.65657	 89.71000
 61.40000	 89.92000	 67.92613	 89.92000
 61.60000	 90.23000	 68.22993	 90.23000
 61.80000	 90.59000	 68.51160	 90.59000
 62.00000	 90.98000	 68.74767	 90.98000
 62.20000	 91.40000	 68.93896	 91.40000
 62.40000	 91.78000	 69.02619	 91.78000
 62.60000	 92.17000	 69.06832	 92.17000
 62.80000	 92.57000	 69.07872	 92.57000
 63.00000	 92.98000	 69.06969	 92.98000
 63.20000	 93.42000	 69.06992	 93.42000
 63.40000	 93.87000	 69.06742	 93.87000
 63.60000	 94.30000	 69.03940	 94.30000
 63.80000	 94.69000	 68.97314	 94.69000
 64.00000	 95.00000	 68.83944	 95.00000
 64.20000	 95.24000	 68.65887	 95.24000
 64.40000	 95.43000	 68.46194	 95.43000
 64.60000	 95.55000	 68.24024	 95.55000
 64.80000	 95.61000	 68.01203	 95.61000
 65.00000	 95.61000	 67.78411	 95.61000
 65.20000	 95.57000	 67.57937	 95.57000
 65.40000	 95.49000	 67.39872	 95.49000
 65.60000	 95.39000	 67.25876	 95.39000
 65.80000	 95.30000	 67.18190	 95.30000
 66.00000	 95.18000	 67.12200	 95.18000
 66.20000	 95.03000	 67.07087	 95.03000
 66.40000	 94.85000	 67.02193	 94.85000
 66.60000	 94.59000	 66.92456	 94.59000
 66.80000	 94.27000	 66.79820	 94.27000
 67.00000	 93.93000	 66.68292	 93.93000
 67.20000	 93.56000	 66.57083	 93.56000
 67.40000	 93.18000	 66.48079	 93.18000
 67.60000	 92.79000	 66.41105	 92.79000
 67.80000	 92.40000	 66.36764	 92.40000
 68.00000	 92.03000	 66.36422	 92.03000
 68.20000	 91.68000	 66.39379	 91.68000
 68.40000	 91.37000	 66.46676	 91.37000
 68.60000	 91.17000	 66.63773	 91.17000
 68.80000	 91.02000	 66.83606	 91.02000
 69.00000	 90.90000	 67.03005	 90.90000
 69.20000	 90.80000	 67.20177	 90.80000
 69.40000	 90.72000	 67.34728	 90.72000
 69.60000	 90.59000	 67.40223	 90.59000
 69.80000	 90.49000	 67.44826	 90.49000
 70.00000	 90.44000	 67.51036	 90.44000
 70.20000	 90.46000	 67.61003	 90.46000
 70.40000	 90.63000	 67.81933	 90.63000
 70.60000	 90.92000	 68.09980	 90.92000
 70.80000	 91.26000	 68.37319	 91.26000
 71.00000	 91.62000	 68.60301	 91.62000
 71.20000	 91.97000	 68.75967	 91.97000
 71.40000	 92.29000	 68.83032	 92.29000
 71.60000	 92.57000	 68.81768	 92.57000
 71.80000	 92.78000	 68.71030	 92.78000
 72.00000	 92.88000	 68.49149	 92.88000
 72.20000	 92.77000	 68.09381	 92.77000
 72.40000	 92.60000	 67.68797	 92.60000
 72.60000	 92.38000	 67.30686	 92.38000
 72.80000	 92.14000	 66.99196	 92.14000
 73.00000	 91.98000	 66.83827	 91.98000
 73.20000	 91.83000	 66.76887	 91.83000
 73.40000	 91.71000	 66.78529	 91.71000
 73.60000	 91.60000	 66.84949	 91.60000
 73.80000	 91.50000	 66.94332	 91.50000
 74.00000	 91.40000	 67.04226	 91.40000
 74.20000	 91.34000	 67.17184	 91.34000
 74.40000	 91.33000	 67.33071	 91.33000
 74.60000	 91.37000	 67.50887	 91.37000
 74.80000	 91.56000	 67.78931	 91.56000
 75.00000	 91.87000	 68.12912	 91.87000
 75.20000	 92.23000	 68.44811	 92.23000
 75.40000	 92.61000	 68.70971	 92.61000
 75.60000	 92.99000	 68.89480	 92.99000
 75.80000	 93.34000	 68.98256	 93.34000
 76.00000	 93.65000	 68.97763	 93.65000
 76.20000	 93.90000	 68.87993	 93.90000
 76.40000	 94.08000	 68.70163	 94.08000
 76.60000	 94.08000	 68.36420	 94.08000
 76.80000	 93.98000	 67.97112	 93.98000
 77.00000	 93.83000	 67.59416	 93.83000
 77.20000	 93.65000	 67.26802	 93.65000
 77.40000	 93.49000	 67.04497	 93.49000
 77.60000	 93.34000	 66.91061	 93.34000
 77.80000	 93.19000	 66.84378	 93.19000
 78.00000	 93.04000	 66.82975	 93.04000
 78.20000	 92.88000	 66.84419	 92.88000
 78.40000	 92.70000	 66.86472	 92.70000
 78.60000	 92.52000	 66.89988	 92.52000
 78.80000	 92.35000	 66.95071	 92.35000
 79.00000	 92.20000	 67.01924	 92.20000
 79.20000	 92.09000	 67.11725	 92.09000
 79.40000	 92.04000	 67.25578	 92.04000
 79.60000	 92.03000	 67.40777	 92.03000
 79.80000	 92.06000	 67.56593	 92.06000
 80.00000	 92.12000	 67.71556	 92.12000
 80.20000	 92.23000	 67.87201	 92.23000
 80.40000	 92.38000	 68.02348	 92.38000
 80.60000	 92.57000	 68.16870	 92.57000
 80.80000	 92.80000	 68.30745	 92.80000
 81.00000	 93.08000	 68.44942	 93.08000
 81.20000	 93.47000	 68.64972	 93.47000
 81.40000	 93.86000	 68.80235	 93.86000
 81.60000	 94.23000	 68.88989	 94.23000
 81.80000	 94.54000	 68.88244	 94.54000
 82.00000	 94.69000	 68.70195	 94.69000
 82.20000	 94.75000	 68.43803	 94.75000
 82.40000	 94.74000	 68.13440	 94.74000
 82.60000	 94.67000	 67.82144	 94.67000
 82.80000	 94.50000	 67.47797	 94.50000
 83.00000	 94.29000	 67.17237	 94.29000
 83.20000	 94.04000	 66.91030	 94.04000
 83.40000	 93.79000	 66.72810	 93.79000
 83.60000	 93.57000	 66.64549	 93.57000
 83.80000	 93.39000	 66.65689	 93.39000
 84.00000	 93.22000	 66.71577	 93.22000
 84.20000	 93.07000	 66.81364	 93.07000
 84.40000	 92.93000	 66.92544	 92.93000
 84.60000	 92.79000	 67.02973	 92.79000
 84.80000	 92.67000	 67.13701	 92.67000
 85.00000	 92.58000	 67.25081	 92.58000
 85.20000	 92.52000	 67.36663	 92.52000
 85.40000	 92.50000	 67.49042	 92.50000
 85.60000	 92.53000	 67.62839	 92.53000
 85.80000	 92.60000	 67.76810	 92.60000
 86.00000	 92.71000	 67.90720	 92.71000
 86.20000	 92.86000	 68.04416	 92.86000
 86.40000	 93.06000	 68.18737	 93.06000
 86.60000	 93.32000	 68.34495	 93.32000
 86.80000	 93.64000	 68.51492	 93.64000
 87.00000	 94.05000	 68.72234	 94.05000
 87.20000	 94.58000	 68.98959	 94.58000
 87.40000	 95.16000	 69.24360	 95.16000
 87.60000	 95.76000	 69.45199	 95.76000
 87.80000	 96.33000	 69.56996	 96.33000
 88.00000	 96.87000	 69.60669	 96.87000
 88.20000	 97.37000	 69.56701	 97.37000
 88.40000	 97.84000	 69.47695	 97.84000
 88.60000	 98.26000	 69.33458	 98.26000
 88.80000	 98.62000	 69.14694	 98.62000
 89.00000	 98.92000	 68.92943	 98.92000
 89.20000	 99.14000	 68.67714	 99.14000
 89.40000	 99.23000	 68.35667	 99.23000
 89.60000	 99.25000	 68.03781	 99.25000
 89.80000	 99.21000	 67.73974	 99.21000
 90.00000	 99.13000	 67.48560	 99.13000
 90.20000	 99.00000	 67.26537	 99.00000
 90.40000	 98.86000	 67.11179	 98.86000
 90.60000	 98.71000	 67.01583	 98.71000
 90.80000	 98.58000	 66.99325	 98.58000
 91.00000	 98.52000	 67.07482	 98.52000
 91.20000	 98.51000	 67.22209	 98.51000
 91.40000	 98.54000	 67.40580	 98.54000
 91.60000	 98.60000	 67.59952	 98.60000
 91.80000	 98.69000	 67.79039	 98.69000
 92.00000	 98.85000	 68.00647	 98.85000
 92.20000	 99.02000	 68.18459	 99.02000
 92.40000	 99.17000	 68.29520	 99.17000
 92.60000	 99.27000	 68.31574	 99.27000
 92.80000	 99.27000	 68.21225	 99.27000
 93.00000	 99.23000	 68.05948	 99.23000
 93.20000	 99.17000	 67.89402	 99.17000
 93.40000	 99.14000	 67.77551	 99.14000
 93.60000	 99.14000	 67.70913	 99.14000
 93.80000	 99.12000	 67.64777	 99.12000
 94.00000	 99.06000	 67.57170	 99.06000
 94.20000	 98.88000	 67.40799	 98.88000
 94.40000	 98.65000	 67.22909	 98.65000
 94.60000	 98.38000	 67.05128	 98.38000
 94.80000	 98.08000	 66.88848	 98.08000
 95.00000	 97.76000	 66.75166	 97.76000
 95.20000	 97.48000	 66.69456	 97.48000
 95.40000	 97.26000	 66.72717	 97.26000
 95.60000	 97.29000	 67.00937	 97.29000
 95.80000	 97.40000	 67.35245	 97.40000
 96.00000	 97.55000	 67.69128	 97.55000
 96.20000	 97.70000	 67.96999	 97.70000
 96.40000	 97.81000	 68.14431	 97.81000
 96.60000	 97.85000	 68.19128	 97.85000
 96.80000	 97.77000	 68.08018	 97.77000
 97.00000	 97.44000	 67.71711	 97.44000
 97.20000	 96.93000	 67.20706	 96.93000
 97.40000	 96.30000	 66.64688	 96.30000
 97.60000	 95.61000	 66.12508	 95.61000
 97.80000	 94.93000	 65.72527	 94.93000
 98.00000	 94.22000	 65.41277	 94.22000
 98.20000	 93.50000	 65.19892	 93.50000
 98.40000	 92.77000	 65.06955	 92.77000
 98.60000	 92.06000	 65.03432	 92.06000
 98.80000	 91.35000	 65.05367	 91.35000
 99.00000	 90.66000	 65.12608	 90.66000
 99.20000	 89.98000	 65.22363	 89.98000
 99.40000	 89.32000	 65.34017	 89.32000
 99.60000	 88.69000	 65.47246	 88.69000
 99.80000	 88.08000	 65.60133	 88.08000
100.00000	 87.53000	 65.75687	 87.53000
100.20000	 87.02000	 65.91378	 87.02000
100.40000	 86.57000	 66.08548	 86.57000
100.60000	 86.19000	 66.27648	 86.19000
100.80000	 85.90000	 66.50013	 85.90000
101.00000	 85.71000	 66.75925	 85.71000
101.20000	 85.65000	 67.07373	 85.65000
101.40000	 85.74000	 67.45162	 85.74000
101.60000	 85.95000	 67.85259	 85.95000
101.80000	 86.27000	 68.25661	 86.27000
102.00000	 86.70000	 68.65605	 86.70000
102.20000	 87.25000	 69.05540	 87.25000
102.40000	 87.91000	 69.44252	 87.91000
102.60000	 88.66000	 69.79834	 88.66000
102.80000	 89.55000	 70.17127	 89.55000
103.00000	 90.53000	 70.51596	 90.53000
103.20000	 91.53000	 70.77139	 91.53000
103.40000	 92.50000	 70.90242	 92.50000
103.60000	 93.41000	 70.90066	 93.41000
103.80000	 94.19000	 70.72768	 94.19000
104.00000	 94.82000	 70.39892	 94.82000
104.20000	 95.14000	 69.80569	 95.14000
104.40000	 95.14000	 68.98953	 95.14000
104.60000	 94.97000	 68.14353	 94.97000
104.80000	 94.68000	 67.35454	 94.68000
105.00000	 94.41000	 66.77366	 94.41000
105.20000	 94.14000	 66.37868	 94.14000
105.40000	 93.85000	 66.13102	 93.85000
105.60000	 93.55000	 66.01180	 93.55000
105.80000	 93.27000	 66.01695	 93.27000
106.00000	 93.03000	 66.13118	 93.03000
106.20000	 92.80000	 66.29348	 92.80000
106.40000	 92.58000	 66.47613	 92.58000
106.60000	 92.38000	 66.66716	 92.38000
106.80000	 92.17000	 66.82372	 92.17000
107.00000	 91.96000	 66.94757	 91.96000
107.20000	 91.78000	 67.06417	 91.78000
107.40000	 91.64000	 67.18201	 91.64000
107.60000	 91.54000	 67.30059	 91.54000
107.80000	 91.55000	 67.48368	 91.55000
108.00000	 91.62000	 67.67932	 91.62000
108.20000	 91.74000	 67.87300	 91.74000
108.40000	 91.90000	 68.05212	 91.90000
108.60000	 92.08000	 68.19743	 92.08000
108.80000	 92.31000	 68.33902	 92.31000
109.00000	 92.53000	 68.42415	 92.53000
109.20000	 92.72000	 68.44138	 92.72000
109.40000	 92.85000	 68.37435	 92.85000
109.60000	 92.80000	 68.12873	 92.80000
109.80000	 92.64000	 67.79602	 92.64000
110.00000	 92.43000	 67.45819	 92.43000
110.20000	 92.16000	 67.12520	 92.16000
110.40000	 91.88000	 66.85549	 91.88000
110.60000	 91.59000	 66.65183	 91.59000
110.80000	 91.30000	 66.51902	 91.30000
111.00000	 91.01000	 66.44732	 91.01000
111.20000	 90.73000	 66.43338	 90.73000
111.40000	 90.50000	 66.49972	 90.50000
111.60000	 90.31000	 66.61990	 90.31000
111.80000	 90.14000	 66.75859	 90.14000
112.00000	 90.00000	 66.91147	 90.00000
112.20000	 89.87000	 67.04960	 89.87000
112.40000	 89.72000	 67.13954	 89.72000
112.60000	 89.56000	 67.19087	 89.56000
112.80000	 89.43000	 67.24416	 89.43000
113.00000	 89.36000	 67.32947	 89.36000
113.20000	 89.35000	 67.44567	 89.35000
113.40000	 89.47000	 67.65326	 89.47000
113.60000	 89.68000	 67.90469	 89.68000
113.80000	 89.98000	 68.18839	 89.98000
114.00000	 90.36000	 68.48431	 90.36000
114.20000	 90.85000	 68.81135	 90.85000
114.40000	 91.48000	 69.18832	 91.48000
114.60000	 92.15000	 69.51312	 92.15000
114.80000	 92.82000	 69.74683	 92.82000
115.00000	 93.46000	 69.86904	 93.46000
115.20000	 93.99000	 69.82186	 93.99000
115.40000	 94.45000	 69.66843	 94.45000
115.60000	 94.79000	 69.39122	 94.79000
115.80000	 95.01000	 69.02134	 95.01000
116.00000	 94.94000	 68.43314	 94.94000
116.20000	 94.76000	 67.83252	 94.76000
116.40000	 94.50000	 67.27632	 94.50000
116.60000	 94.19000	 66.80801	 94.19000
116.80000	 93.93000	 66.52187	 93.93000
117.00000	 93.70000	 66.38426	 93.70000
117.20000	 93.48000	 66.35223	 93.48000
117.40000	 93.27000	 66.39878	 93.27000
117.60000	 93.09000	 66.51608	 93.09000
117.80000	 92.99000	 66.72522	 92.99000
118.00000	 92.93000	 66.96387	 92.93000
118.20000	 92.90000	 67.20236	 92.90000
118.40000	 92.88000	 67.40825	 92.88000
118.60000	 92.86000	 67.56570	 92.86000
118.80000	 92.78000	 67.61971	 92.78000
119.00000	 92.68000	 67.61658	 92.68000
119.20000	 92.60000	 67.60503	 92.60000
119.40000	 92.56000	 67.61255	 92.56000
119.60000	 92.59000	 67.67126	 92.59000
119.80000	 92.80000	 67.88040	 92.80000
120.00000	 93.10000	 68.14254	 93.10000
120.20000	 93.46000	 68.41496	 93.46000
120.40000	 93.85000	 68.65875	 93.85000
120.60000	 94.27000	 68.86879	 94.27000
120.80000	 94.70000	 69.02642	 94.70000
121.00000	 95.11000	 69.10894	 95.11000
121.20000	 95.47000	 69.09924	 95.47000
121.40000	 95.73000	 68.96733	 95.73000
121.60000	 95.81000	 68.66229	 95.81000
121.80000	 95.82000	 68.31643	 95.82000
122.00000	 95.79000	 67.98284	 95.79000
122.20000	 95.73000	 67.68714	 95.73000
122.40000	 95.73000	 67.51957	 95.73000
122.60000	 95.71000	 67.40019	 95.71000
122.80000	 95.66000	 67.31064	 95.66000
123.00000	 95.58000	 67.24168	 95.58000
123.20000	 95.44000	 67.15742	 95.44000
123.40000	 95.24000	 67.05340	 95.24000
123.60000	 95.01000	 66.95576	 95.01000
123.80000	 94.76000	 66.87210	 94.76000
124.00000	 94.51000	 66.81828	 94.51000
124.20000	 94.27000	 66.79894	 94.27000
124.40000	 94.04000	 66.80771	 94.04000
124.60000	 93.82000	 66.83752	 93.82000
124.80000	 93.61000	 66.88153	 93.61000
125.00000	 93.41000	 66.93364	 93.41000
125.20000	 93.23000	 66.99806	 93.23000
125.40000	 93.07000	 67.07024	 93.07000
125.60000	 92.93000	 67.14631	 92.93000
125.80000	 92.80000	 67.21410	 92.80000
126.00000	 92.67000	 67.26318	 92.67000
126.20000	 92.54000	 67.29443	 92.54000
126.40000	 92.45000	 67.34680	 92.45000
126.60000	 92.40000	 67.41995	 92.40000
126.80000	 92.42000	 67.53923	 92.42000
127.00000	 92.60000	 67.78137	 92.60000
127.20000	 92.85000	 68.04860	 92.85000
127.40000	 93.15000	 68.30975	 93.15000
127.60000	 93.46000	 68.51994	 93.46000
127.80000	 93.75000	 68.65081	 93.75000
128.00000	 94.02000	 68.70926	 94.02000
128.20000	 94.25000	 68.68853	 94.25000
128.40000	 94.45000	 68.61325	 94.45000
128.60000	 94.59000	 68.47172	 94.59000
128.80000	 94.65000	 68.26275	 94.65000
129.00000	 94.66000	 68.03190	 94.66000
129.20000	 94.62000	 67.79369	 94.62000
129.40000	 94.53000	 67.55877	 94.53000
129.60000	 94.38000	 67.32496	 94.38000
129.80000	 94.20000	 67.12436	 94.20000
130.00000	 93.98000	 66.94782	 93.98000
130.20000	 93.75000	 66.82047	 93.75000
130.40000	 93.51000	 66.73602	 93.51000
130.60000	 93.26000	 66.68603	 93.26000
130.80000	 93.01000	 66.67053	 93.01000
131.00000	 92.75000	 66.67079	 92.75000
131.20000	 92.49000	 66.68783	 92.49000
131.40000	 92.23000	 66.71441	 92.23000
131.60000	 91.98000	 66.75379	 91.98000
131.80000	 91.73000	 66.79154	 91.73000
132.00000	 91.49000	 66.83330	 91.49000
132.20000	 91.24000	 66.85798	 91.24000
132.40000	 91.00000	 66.88355	 91.00000
132.60000	 90.78000	 66.91889	 90.78000
132.80000	 90.60000	 66.98122	 90.60000
133.00000	 90.46000	 67.06730	 90.46000
133.20000	 90.42000	 67.22767	 90.42000
133.40000	 90.45000	 67.42492	 90.45000
133.60000	 90.52000	 67.62133	 90.52000
133.80000	 90.65000	 67.82829	 90.65000
134.00000	 90.81000	 68.01260	 90.81000
134.20000	 91.05000	 68.21833	 91.05000
134.40000	 91.29000	 68.36908	 91.29000
134.60000	 91.52000	 68.45876	 91.52000
134.80000	 91.71000	 68.46777	 91.71000
135.00000	 91.76000	 68.31751	 91.76000
135.20000	 91.75000	 68.10514	 91.75000
135.40000	 91.69000	 67.86210	 91.69000
135.60000	 91.59000	 67.61580	 91.59000
135.80000	 91.46000	 67.38828	 91.46000
136.00000	 91.31000	 67.19577	 91.31000
136.20000	 91.14000	 67.03983	 91.14000
136.40000	 90.97000	 66.93637	 90.97000
136.60000	 90.80000	 66.87873	 90.80000
136.80000	 90.67000	 66.89462	 90.67000
137.00000	 90.55000	 66.94348	 90.55000
137.20000	 90.45000	 67.02232	 90.45000
137.40000	 90.35000	 67.10157	 90.35000
137.60000	 90.24000	 67.16429	 90.24000
137.80000	 90.09000	 67.17913	 90.09000
138.00000	 89.96000	 67.20284	 89.96000
138.20000	 89.87000	 67.25418	 89.87000
138.40000	 89.81000	 67.32175	 89.81000
138.60000	 89.85000	 67.46664	 89.85000
138.80000	 90.00000	 67.68876	 90.00000
139.00000	 90.19000	 67.91045	 90.19000
139.20000	 90.42000	 68.12246	 90.42000
139.40000	 90.66000	 68.29189	 90.66000
139.60000	 90.89000	 68.40072	 90.89000
139.80000	 91.13000	 68.47318	 91.13000
140.00000	 91.38000	 68.51685	 91.38000
140.20000	 91.64000	 68.53970	 91.64000
140.40000	 91.88000	 68.52176	 91.88000
140.60000	 92.11000	 68.48122	 92.11000
140.80000	 92.36000	 68.45394	 92.36000
141.00000	 92.63000	 68.44448	 92.63000
141.20000	 92.93000	 68.46353	 92.93000
141.40000	 93.33000	 68.57362	 93.33000
141.60000	 93.76000	 68.70106	 93.76000
141.80000	 94.19000	 68.81017	 94.19000
142.00000	 94.62000	 68.89700	 94.62000
142.20000	 95.01000	 68.92430	 95.01000
142.40000	 95.34000	 68.87887	 95.34000
142.60000	 95.63000	 68.78938	 95.63000
142.80000	 95.89000	 68.67625	 95.89000
143.00000	 96.11000	 68.54029	 96.11000
143.20000	 96.29000	 68.39050	 96.29000
143.40000	 96.43000	 68.23437	 96.43000
143.60000	 96.53000	 68.07759	 96.53000
143.80000	 96.60000	 67.93326	 96.60000
144.00000	 96.63000	 67.79372	 96.63000
144.20000	 96.61000	 67.65033	 96.61000
144.40000	 96.54000	 67.50372	 96.54000
144.60000	 96.45000	 67.38202	 96.45000
144.80000	 96.37000	 67.31078	 96.37000
145.00000	 96.31000	 67.29306	 96.31000
145.20000	 96.33000	 67.37458	 96.33000
145.40000	 96.42000	 67.53049	 96.42000
145.60000	 96.53000	 67.69723	 96.53000
145.80000	 96.67000	 67.87068	 96.67000
146.00000	 96.81000	 68.01356	 96.81000
146.20000	 96.95000	 68.12200	 96.95000
146.40000	 97.08000	 68.18740	 97.08000
146.60000	 97.19000	 68.20507	 97.19000
146.80000	 97.29000	 68.19173	 97.29000
147.00000	 97.36000	 68.13723	 97.36000
147.20000	 97.38000	 68.03272	 97.38000
147.40000	 97.37000	 67.90775	 97.37000
147.60000	 97.33000	 67.77198	 97.33000
147.80000	 97.26000	 67.63306	 97.26000
148.00000	 97.15000	 67.48737	 97.15000
148.20000	 97.00000	 67.33932	 97.00000
148.40000	 96.84000	 67.21961	 96.84000
148.60000	 96.68000	 67.13690	 96.68000
148.80000	 96.53000	 67.09653	 96.53000
149.00000	 96.42000	 67.11934	 96.42000
149.20000	 96.36000	 67.20397	 96.36000
149.40000	 96.30000	 67.29157	 96.30000
149.60000	 96.26000	 67.39115	 96.26000
149.80000	 96.23000	 67.48601	 96.23000
150.00000	 96.16000	 67.52557	 96.16000
150.20000	 96.09000	 67.54836	 96.09000
150.40000	 96.04000	 67.57558	 96.04000
150.60000	 95.99000	 67.59052	 95.99000
150.80000	 95.98000	 67.63210	 95.98000
151.00000	 96.05000	 67.73608	 96.05000
151.20000	 96.15000	 67.85029	 96.15000
151.40000	 96.24000	 67.93275	 96.24000
151.60000	 96.32000	 67.98277	 96.32000
151.80000	 96.34000	 67.95710	 96.34000
152.00000	 96.30000	 67.86459	 96.30000
152.20000	 96.23000	 67.74507	 96.23000
152.40000	 96.14000	 67.61873	 96.14000
152.60000	 96.01000	 67.47554	 96.01000
152.80000	 95.87000	 67.35020	 95.87000
153.00000	 95.71000	 67.23688	 95.71000
153.20000	 95.53000	 67.13668	 95.53000
153.40000	 95.34000	 67.05827	 95.34000
153.60000	 95.15000	 67.00838	 95.15000
153.80000	 94.97000	 66.99179	 94.97000
154.00000	 94.79000	 66.99317	 94.79000
154.20000	 94.59000	 66.98822	 94.59000
154.40000	 94.38000	 66.98254	 94.38000
154.60000	 94.14000	 66.95538	 94.14000
154.80000	 93.87000	 66.90706	 93.87000
155.00000	 93.59000	 66.85805	 93.59000
155.20000	 93.28000	 66.79159	 93.28000
155.40000	 92.96000	 66.72866	 92.96000
155.60000	 92.60000	 66.64327	 92.60000
155.80000	 92.21000	 66.54769	 92.21000
156.00000	 91.83000	 66.48161	 91.83000
156.20000	 91.46000	 66.44436	 91.46000
156.40000	 91.12000	 66.45111	 91.12000
156.60000	 90.86000	 66.54134	 90.86000
156.80000	 90.69000	 66.71208	 90.69000
157.00000	 90.56000	 66.90168	 90.56000
157.20000	 90.48000	 67.10658	 90.48000
157.40000	 90.44000	 67.30747	 90.44000
157.60000	 90.40000	 67.46113	 90.40000
157.80000	 90.36000	 67.56747	 90.36000
158.00000	 90.38000	 67.68589	 90.38000
158.20000	 90.47000	 67.82756	 90.47000
158.40000	 90.63000	 67.99180	 90.63000
158.60000	 90.94000	 68.24941	 90.94000
158.80000	 91.35000	 68.54429	 91.35000
159.00000	 91.82000	 68.82931	 91.82000
159.20000	 92.36000	 69.10741	 92.36000
159.40000	 92.97000	 69.37505	 92.97000
159.60000	 93.63000	 69.61259	 93.63000
159.80000	 94.29000	 69.77622	 94.29000
160.00000	 94.94000	 69.86519	 94.94000
160.20000	 95.51000	 69.82822	 95.51000
160.40000	 95.97000	 69.65852	 95.97000
160.60000	 96.36000	 69.41944	 96.36000
160.80000	 96.70000	 69.15422	 96.70000
161.00000	 96.98000	 68.87336	 96.98000
161.20000	 97.22000	 68.61014	 97.22000
161.40000	 97.40000	 68.35489	 97.40000
161.60000	 97.53000	 68.12187	 97.53000
161.80000	 97.63000	 67.93076	 97.63000
162.00000	 97.69000	 67.76932	 97.69000
162.20000	 97.71000	 67.63253	 97.71000
162.40000	 97.70000	 67.52367	 97.70000
162.60000	 97.65000	 67.42683	 97.65000
162.80000	 97.58000	 67.35443	 97.58000
163.00000	 97.47000	 67.28173	 97.47000
163.20000	 97.34000	 67.22256	 97.34000
163.40000	 97.18000	 67.16333	 97.18000
163.60000	 96.98000	 67.09178	 96.98000
163.80000	 96.75000	 67.01601	 96.75000
164.00000	 96.47000	 66.91731	 96.47000
164.20000	 96.15000	 66.80667	 96.15000
164.40000	 95.80000	 66.69556	 95.80000
164.60000	 95.43000	 66.59475	 95.43000
164.80000	 95.04000	 66.50434	 95.04000
165.00000	 94.61000	 66.40504	 94.61000
165.20000	 94.17000	 66.32445	 94.17000
165.40000	 93.74000	 66.27920	 93.74000
165.60000	 93.34000	 66.28307	 93.34000
165.80000	 92.99000	 66.34668	 92.99000
166.00000	 92.77000	 66.53240	 92.77000
166.20000	 92.60000	 66.74804	 92.60000
166.40000	 92.49000	 66.98694	 92.49000
166.60000	 92.41000	 67.20857	 92.41000
166.80000	 92.38000	 67.42390	 92.38000
167.00000	 92.38000	 67.61020	 92.38000
167.20000	 92.42000	 67.77637	 92.42000
167.40000	 92.49000	 67.91508	 92.49000
167.60000	 92.59000	 68.03020	 92.59000
167.80000	 92.76000	 68.16338	 92.76000
168.00000	 92.95000	 68.27066	 92.95000
168.20000	 93.15000	 68.34667	 93.15000
168.40000	 93.35000	 68.38784	 93.35000
168.60000	 93.50000	 68.35553	 93.50000
168.80000	 93.60000	 68.26158	 93.60000
169.00000	 93.68000	 68.14741	 93.68000
169.20000	 93.76000	 68.04287	 93.76000
169.40000	 93.83000	 67.94588	 93.83000
169.60000	 93.91000	 67.87892	 93.91000
169.80000	 93.99000	 67.83289	 93.99000
170.00000	 94.09000	 67.82416	 94.09000
170.20000	 94.19000	 67.82957	 94.19000
170.40000	 94.31000	 67.86276	 94.31000
170.60000	 94.45000	 67.91788	 94.45000
170.80000	 94.59000	 67.97052	 94.59000
171.00000	 94.74000	 68.02587	 94.74000
171.20000	 94.88000	 68.06261	 94.88000
171.40000	 95.02000	 68.08957	 95.02000
171.60000	 95.15000	 68.09829	 95.15000
171.80000	 95.25000	 68.07265	 95.25000
172.00000	 95.32000	 68.01736	 95.32000
172.20000	 95.32000	 67.90179	 95.32000
172.40000	 95.27000	 67.75404	 95.27000
172.60000	 95.19000	 67.60213	 95.19000
172.80000	 95.07000	 67.44396	 95.07000
173.00000	 94.93000	 67.30328	 94.93000
173.20000	 94.78000	 67.19131	 94.78000
173.40000	 94.60000	 67.08840	 94.60000
173.60000	 94.41000	 67.01108	 94.41000
173.80000	 94.21000	 66.95563	 94.21000
174.00000	 94.00000	 66.91742	 94.00000
174.20000	 93.77000	 66.88240	 93.77000
174.40000	 93.56000	 66.88353	 93.56000
174.60000	 93.37000	 66.91485	 93.37000
174.80000	 93.21000	 66.97856	 93.21000
175.00000	 93.15000	 67.13098	 93.15000
175.20000	 93.12000	 67.29434	 93.12000
175.40000	 93.13000	 67.46737	 93.13000
175.60000	 93.17000	 67.63284	 93.17000
175.80000	 93.21000	 67.75846	 93.21000
176.00000	 93.28000	 67.87215	 93.28000
176.20000	 93.38000	 67.97539	 93.38000
176.40000	 93.52000	 68.07942	 93.52000
176.60000	 93.72000	 68.20398	 93.72000
176.80000	 93.99000	 68.35738	 93.99000
177.00000	 94.29000	 68.49979	 94.29000
177.20000	 94.62000	 68.63007	 94.62000
177.40000	 94.99000	 68.75782	 94.99000
177.60000	 95.40000	 68.88363	 95.40000
177.80000	 95.79000	 68.95321	 95.79000
178.00000	 96.14000	 68.95400	 96.14000
178.20000	 96.39000	 68.84145	 96.39000
178.40000	 96.55000	 68.64250	 96.55000
178.60000	 96.64000	 68.39580	 96.64000
178.80000	 96.67000	 68.12898	 96.67000
179.00000	 96.58000	 67.80168	 96.58000
179.20000	 96.46000	 67.51195	 96.46000
179.40000	 96.35000	 67.30364	 96.35000
179.60000	 96.35000	 67.26566	 96.35000
179.80000	 96.49000	 67.40769	 96.49000
180.00000	 96.66000	 67.59982	 96.66000
180.20000	 96.82000	 67.78056	 96.82000
180.40000	 96.89000	 67.86047	 96.89000
180.60000	 96.88000	 67.84693	 96.88000
180.80000	 96.84000	 67.79320	 96.84000
181.00000	 96.78000	 67.71739	 96.78000
181.20000	 96.79000	 67.71015	 96.79000
181.40000	 96.80000	 67.70671	 96.80000
181.60000	 96.78000	 67.67876	 96.78000
181.80000	 96.72000	 67.61883	 96.72000
182.00000	 96.51000	 67.43028	 96.51000
182.20000	 96.21000	 67.18287	 96.21000
182.40000	 95.89000	 66.95636	 95.89000
182.60000	 95.54000	 66.75042	 95.54000
182.80000	 95.23000	 66.63327	 95.23000
183.00000	 94.93000	 66.57194	 94.93000
183.20000	 94.67000	 66.58485	 94.67000
183.40000	 94.45000	 66.65875	 94.45000
183.60000	 94.35000	 66.85206	 94.35000
183.80000	 94.35000	 67.12506	 94.35000
184.00000	 94.39000	 67.40061	 94.39000
184.20000	 94.43000	 67.62655	 94.43000
184.40000	 94.46000	 67.78764	 94.46000
184.60000	 94.34000	 67.75759	 94.34000
184.80000	 94.15000	 67.62883	 94.15000
185.00000	 93.91000	 67.44220	 93.91000
185.20000	 93.65000	 67.24615	 93.65000
185.40000	 93.37000	 67.05604	 93.37000
185.60000	 93.07000	 66.88192	 93.07000
185.80000	 92.77000	 66.74752	 92.77000
186.00000	 92.48000	 66.66199	 92.48000
186.20000	 92.23000	 66.64818	 92.23000
186.40000	 92.02000	 66.69617	 92.02000
186.60000	 91.89000	 66.82996	 91.89000
186.80000	 91.82000	 67.01449	 91.82000
187.00000	 91.83000	 67.25178	 91.83000
187.20000	 91.90000	 67.50738	 91.90000
187.40000	 92.05000	 67.78682	 92.05000
187.60000	 92.30000	 68.09743	 92.30000
187.80000	 92.63000	 68.41051	 92.63000
188.00000	 93.02000	 68.70047	 93.02000
188.20000	 93.48000	 68.97372	 93.48000
188.40000	 94.02000	 69.23921	 94.02000
188.60000	 94.62000	 69.47937	 94.62000
188.80000	 95.25000	 69.66972	 95.25000
189.00000	 95.89000	 69.79880	 95.89000
189.20000	 96.55000	 69.88632	 96.55000
189.40000	 97.20000	 69.91609	 97.20000
189.60000	 97.81000	 69.87389	 97.81000
189.80000	 98.36000	 69.75731	 98.36000
190.00000	 98.75000	 69.49272	 98.75000
190.20000	 99.02000	 69.14292	 99.02000
190.40000	 99.23000	 68.78886	 99.23000
190.60000	 99.39000	 68.45799	 99.39000
190.80000	 99.52000	 68.17899	 99.52000
191.00000	 99.63000	 67.96326	 99.63000
191.20000	 99.73000	 67.81546	 99.73000
191.40000	 99.83000	 67.73520	 99.83000
191.60000	 99.97000	 67.74612	 99.97000
191.80000	100.17000	 67.84896	100.17000
192.00000	100.37000	 67.96800	100.37000
192.20000	100.57000	 68.08733	100.57000
192.40000	100.74000	 68.16843	100.74000
192.60000	100.88000	 68.20723	100.88000
192.80000	100.97000	 68.18652	100.97000
193.00000	101.01000	 68.11265	101.01000
193.20000	100.99000	 67.98578	100.99000
193.40000	100.83000	 67.74399	100.83000
193.60000	100.59000	 67.46077	100.59000
193.80000	100.29000	 67.17103	100.29000
194.00000	 99.96000	 66.91425	 99.96000
194.20000	 99.62000	 66.71390	 99.62000
194.40000	 99.35000	 66.64146	 99.35000
194.60000	 99.07000	 66.61041	 99.07000
194.80000	 98.76000	 66.58933	 98.76000
195.00000	 98.43000	 66.57731	 98.43000
195.20000	 98.03000	 66.52069	 98.03000
195.40000	 97.53000	 66.39064	 97.53000
195.60000	 97.00000	 66.25715	 97.00000
195.80000	 96.44000	 66.12453	 96.44000
196.00000	 95.87000	 66.01396	 95.87000
196.20000	 95.30000	 65.93449	 95.30000
196.40000	 94.76000	 65.91056	 94.76000
196.60000	 94.21000	 65.89822	 94.21000
196.80000	 93.68000	 65.91879	 93.68000
197.00000	 93.16000	 65.95574	 93.16000
197.20000	 92.65000	 66.00246	 92.65000
197.40000	 92.14000	 66.04430	 92.14000
197.60000	 91.65000	 66.09622	 91.65000
197.80000	 91.20000	 66.17332	 91.20000
198.00000	 90.79000	 66.27105	 90.79000
198.20000	 90.44000	 66.40269	 90.44000
198.40000	 90.18000	 66.58914	 90.18000
198.60000	 89.98000	 66.79331	 89.98000
198.80000	 89.82000	 66.98866	 89.82000
199.00000	 89.72000	 67.18873	 89.72000
199.20000	 89.65000	 67.36239	 89.65000
199.40000	 89.61000	 67.50965	 89.61000
199.60000	 89.62000	 67.65141	 89.62000
199.80000	 89.69000	 67.79920	 89.69000
200.00000	 89.81000	 67.94505	 89.81000
200.20000	 90.02000	 68.12670	 90.02000
200.40000	 90.30000	 68.32334	 90.30000
200.60000	 90.63000	 68.51364	 90.63000
200.80000	 91.00000	 68.68704	 91.00000
201.00000	 91.42000	 68.85340	 91.42000
201.20000	 91.89000	 69.01396	 91.89000
201.40000	 92.37000	 69.13356	 92.37000
201.60000	 92.85000	 69.20799	 92.85000
201.80000	 93.31000	 69.22659	 93.31000
202.00000	 93.73000	 69.18163	 93.73000
202.20000	 94.10000	 69.07721	 94.10000
202.40000	 94.42000	 68.92807	 94.42000
202.60000	 94.66000	 68.72106	 94.66000
202.80000	 94.76000	 68.41648	 94.76000
203.00000	 94.77000	 68.07972	 94.77000
203.20000	 94.73000	 67.76384	 94.73000
203.40000	 94.65000	 67.48733	 94.65000
203.60000	 94.58000	 67.29865	 94.58000
203.80000	 94.53000	 67.20048	 94.53000
204.00000	 94.45000	 67.13402	 94.45000
204.20000	 94.37000	 67.11469	 94.37000
204.40000	 94.28000	 67.12053	 94.28000
204.60000	 94.17000	 67.13109	 94.17000
204.80000	 94.05000	 67.14726	 94.05000
205.00000	 93.92000	 67.16276	 93.92000
205.20000	 93.78000	 67.17328	 93.78000
205.40000	 93.63000	 67.17629	 93.63000
205.60000	 93.47000	 67.17074	 93.47000
205.80000	 93.30000	 67.15670	 93.30000
206.00000	 93.12000	 67.13499	 93.12000
206.20000	 92.94000	 67.11606	 92.94000
206.40000	 92.75000	 67.09137	 92.75000
206.60000	 92.56000	 67.07104	 92.56000
206.80000	 92.37000	 67.05533	 92.37000
207.00000	 92.17000	 67.03481	 92.17000
207.20000	 91.98000	 67.02807	 91.98000
207.40000	 91.76000	 66.99734	 91.76000
207.60000	 91.54000	 66.97156	 91.54000
207.80000	 91.36000	 66.98791	 91.36000
208.00000	 91.21000	 67.03368	 91.21000
208.20000	 91.13000	 67.14033	 91.13000
208.40000	 91.15000	 67.32610	 91.15000
208.60000	 91.22000	 67.53147	 91.22000
208.80000	 91.34000	 67.74519	 91.34000
209.00000	 91.50000	 67.94959	 91.50000
209.20000	 91.67000	 68.11226	 91.67000
209.40000	 91.88000	 68.26124	 91.88000
209.60000	 92.12000	 68.38911	 92.12000
209.80000	 92.42000	 68.52662	 92.42000
210.00000	 92.79000	 68.68437	 92.79000
210.20000	 93.23000	 68.86157	 93.23000
210.40000	 93.70000	 69.01932	 93.70000
210.60000	 94.19000	 69.14878	 94.19000
210.80000	 94.71000	 69.26203	 94.71000
211.00000	 95.23000	 69.33523	 95.23000
211.20000	 95.72000	 69.34718	 95.72000
211.40000	 96.18000	 69.30800	 96.18000
211.60000	 96.54000	 69.16534	 96.54000
211.80000	 96.77000	 68.90950	 96.77000
212.00000	 96.93000	 68.61825	 96.93000
212.20000	 97.04000	 68.32893	 97.04000
212.40000	 97.09000	 68.04527	 97.09000
212.60000	 97.12000	 67.81220	 97.12000
212.80000	 97.10000	 67.60315	 97.10000
213.00000	 97.05000	 67.43473	 97.05000
213.20000	 96.96000	 67.29266	 96.96000
213.40000	 96.82000	 67.16170	 96.82000
213.60000	 96.65000	 67.05482	 96.65000
213.80000	 96.45000	 66.96597	 96.45000
214.00000	 96.23000	 66.89837	 96.23000
214.20000	 95.98000	 66.83671	 95.98000
214.40000	 95.74000	 66.81275	 95.74000
214.60000	 95.49000	 66.80124	 95.49000
214.80000	 95.23000	 66.79619	 95.23000
215.00000	 94.96000	 66.79281	 94.96000
215.20000	 94.68000	 66.78763	 94.68000
215.40000	 94.40000	 66.78754	 94.40000
215.60000	 94.12000	 66.79051	 94.12000
215.80000	 93.83000	 66.78566	 93.83000
216.00000	 93.54000	 66.78170	 93.54000
216.20000	 93.26000	 66.78739	 93.26000
216.40000	 92.97000	 66.78322	 92.97000
216.60000	 92.70000	 66.79680	 92.70000
216.80000	 92.42000	 66.79906	 92.42000
217.00000	 92.14000	 66.79912	 92.14000
217.20000	 91.85000	 66.78801	 91.85000
217.40000	 91.56000	 66.77606	 91.56000
217.60000	 91.26000	 66.75499	 91.26000
217.80000	 90.96000	 66.73543	 90.96000
218.00000	 90.66000	 66.71824	 90.66000
218.20000	 90.37000	 66.71296	 90.37000
218.40000	 90.07000	 66.70042	 90.07000
218.60000	 89.77000	 66.68987	 89.77000
218.80000	 89.49000	 66.69949	 89.49000
219.00000	 89.24000	 66.73647	 89.24000
219.20000	 89.01000	 66.78777	 89.01000
219.40000	 88.84000	 66.88599	 88.84000
219.60000	 88.72000	 67.01486	 88.72000
219.80000	 88.64000	 67.15747	 88.64000
220.00000	 88.60000	 67.30723	 88.60000
220.20000	 88.62000	 67.47729	 88.62000
220.40000	 88.75000	 67.70805	 88.75000
220.60000	 88.92000	 67.92609	 88.92000
220.80000	 89.11000	 68.10794	 89.11000
221.00000	 89.30000	 68.23515	 89.30000
221.20000	 89.45000	 68.27618	 89.45000
221.40000	 89.53000	 68.21517	 89.53000
221.60000	 89.61000	 68.13383	 89.61000
221.80000	 89.70000	 68.05540	 89.70000
222.00000	 89.82000	 68.00772	 89.82000
222.20000	 90.06000	 68.07695	 90.06000
222.40000	 90.32000	 68.16319	 90.32000
222.60000	 90.60000	 68.25914	 90.60000
222.80000	 90.88000	 68.34053	 90.88000
223.00000	 91.09000	 68.34048	 91.09000
223.20000	 91.26000	 68.29219	 91.26000
223.40000	 91.41000	 68.22240	 91.41000
223.60000	 91.55000	 68.14812	 91.55000
223.80000	 91.70000	 68.09351	 91.70000
224.00000	 91.89000	 68.08826	 91.89000
224.20000	 92.08000	 68.09262	 92.08000
224.40000	 92.27000	 68.10357	 92.27000
224.60000	 92.45000	 68.10920	 92.45000
224.80000	 92.62000	 68.10812	 92.62000
225.00000	 92.76000	 68.08164	 92.76000
225.20000	 92.87000	 68.03187	 92.87000
225.40000	 92.96000	 67.97159	 92.96000
225.60000	 92.99000	 67.86761	 92.99000
225.80000	 92.97000	 67.73553	 92.97000
226.00000	 92.91000	 67.59152	 92.91000
226.20000	 92.82000	 67.45068	 92.82000
226.40000	 92.71000	 67.32591	 92.71000
226.60000	 92.61000	 67.24573	 92.61000
226.80000	 92.50000	 67.18834	 92.50000
227.00000	 92.37000	 67.13999	 92.37000
227.20000	 92.22000	 67.09661	 92.22000
227.40000	 92.02000	 67.02740	 92.02000
227.60000	 91.74000	 66.90494	 91.74000
227.80000	 91.43000	 66.77997	 91.43000
228.00000	 91.12000	 66.68359	 91.12000
228.20000	 90.80000	 66.60642	 90.80000
228.40000	 90.52000	 66.59230	 90.52000
228.60000	 90.31000	 66.66142	 90.31000
228.80000	 90.10000	 66.73688	 90.10000
229.00000	 89.90000	 66.81838	 89.90000
229.20000	 89.70000	 66.88964	 89.70000
229.40000	 89.45000	 66.90094	 89.45000
229.60000	 89.15000	 66.85511	 89.15000
229.80000	 88.85000	 66.80527	 88.85000
230.00000	 88.54000	 66.74768	 88.54000
230.20000	 88.25000	 66.71432	 88.25000
230.40000	 87.99000	 66.71517	 87.99000
230.60000	 87.77000	 66.75680	 87.77000
230.80000	 87.57000	 66.81529	 87.57000
231.00000	 87.40000	 66.89437	 87.40000
231.20000	 87.24000	 66.97005	 87.24000
231.40000	 87.06000	 67.01127	 87.06000
231.60000	 86.90000	 67.05543	 86.90000
231.80000	 86.78000	 67.12113	 86.78000
232.00000	 86.71000	 67.21573	 86.71000
232.20000	 86.71000	 67.35370	 86.71000
232.40000	 86.82000	 67.56499	 86.82000
232.60000	 87.01000	 67.81076	 87.01000
232.80000	 87.26000	 68.06168	 87.26000
233.00000	 87.58000	 68.31893	 87.58000
233.20000	 87.96000	 68.56732	 87.96000
233.40000	 88.40000	 68.80364	 88.40000
233.60000	 88.89000	 69.01774	 88.89000
233.80000	 89.41000	 69.19281	 89.41000
234.00000	 89.94000	 69.31533	 89.94000
234.20000	 90.48000	 69.39359	 90.48000
234.40000	 91.02000	 69.42841	 91.02000
234.60000	 91.55000	 69.42162	 91.55000
234.80000	 92.05000	 69.36646	 92.05000
235.00000	 92.49000	 69.24796	 92.49000
235.20000	 92.89000	 69.09899	 92.89000
235.40000	 93.25000	 68.93247	 93.25000
235.60000	 93.57000	 68.75889	 93.57000
235.80000	 93.85000	 68.58615	 93.85000
236.00000	 94.07000	 68.40123	 94.07000
236.20000	 94.27000	 68.24551	 94.27000
236.40000	 94.45000	 68.11944	 94.45000
236.60000	 94.63000	 68.03884	 94.63000
236.80000	 94.89000	 68.07094	 94.89000
237.00000	 95.13000	 68.10943	 95.13000
237.20000	 95.34000	 68.13430	 95.34000
237.40000	 95.51000	 68.13015	 95.51000
237.60000	 95.55000	 68.01287	 95.55000
237.80000	 95.52000	 67.84676	 95.52000
238.00000	 95.46000	 67.67943	 95.46000
238.20000	 95.38000	 67.52770	 95.38000
238.40000	 95.31000	 67.42285	 95.31000
238.60000	 95.30000	 67.40887	 95.30000
238.80000	 95.29000	 67.42106	 95.29000
239.00000	 95.28000	 67.45019	 95.28000
239.20000	 95.28000	 67.49745	 95.28000
239.40000	 95.31000	 67.57391	 95.31000
239.60000	 95.33000	 67.63522	 95.33000
239.80000	 95.35000	 67.68661	 95.35000
240.00000	 95.34000	 67.69882	 95.34000
240.20000	 95.30000	 67.67428	 95.30000
240.40000	 95.16000	 67.55396	 95.16000
240.60000	 94.98000	 67.40527	 94.98000
240.80000	 94.77000	 67.24858	 94.77000
241.00000	 94.53000	 67.09237	 94.53000
241.20000	 94.27000	 66.95157	 94.27000
241.40000	 93.98000	 66.81952	 93.98000
241.60000	 93.69000	 66.72455	 93.69000
241.80000	 93.39000	 66.65458	 93.39000
242.00000	 93.10000	 66.62352	 93.10000
242.20000	 92.84000	 66.64298	 92.84000
242.40000	 92.65000	 66.74023	 92.65000
242.60000	 92.49000	 66.86487	 92.49000
242.80000	 92.34000	 66.98653	 92.34000
243.00000	 92.20000	 67.09718	 92.20000
243.20000	 92.07000	 67.19230	 92.07000
243.40000	 91.87000	 67.19697	 91.87000
243.60000	 91.67000	 67.18263	 91.67000
243.80000	 91.50000	 67.18361	 91.50000
244.00000	 91.36000	 67.20328	 91.36000
244.20000	 91.27000	 67.26056	 91.27000
244.40000	 91.28000	 67.39819	 91.28000
244.60000	 91.36000	 67.57914	 91.36000
244.80000	 91.50000	 67.78366	 91.50000
245.00000	 91.70000	 68.00229	 91.70000
245.20000	 92.00000	 68.26389	 92.00000
245.40000	 92.42000	 68.57750	 92.42000
245.60000	 92.86000	 68.84038	 92.86000
245.80000	 93.32000	 69.04964	 93.32000
246.00000	 93.77000	 69.18093	 93.77000
246.20000	 94.10000	 69.14299	 94.10000
246.40000	 94.39000	 69.03153	 94.39000
246.60000	 94.65000	 68.87811	 94.65000
246.80000	 94.90000	 68.72048	 94.90000
247.00000	 95.12000	 68.55415	 95.12000
247.20000	 95.32000	 68.39864	 95.32000
247.40000	 95.53000	 68.28753	 95.53000
247.60000	 95.76000	 68.23001	 95.76000
247.80000	 96.02000	 68.23025	 96.02000
248.00000	 96.41000	 68.37097	 96.41000
248.20000	 96.85000	 68.55964	 96.85000
248.40000	 97.30000	 68.74188	 97.30000
248.60000	 97.75000	 68.89683	 97.75000
248.80000	 98.17000	 68.99153	 98.17000
249.00000	 98.50000	 68.97286	 98.50000
249.20000	 98.80000	 68.90764	 98.80000
249.40000	 99.05000	 68.79010	 99.05000
249.60000	 99.25000	 68.63382	 99.25000
249.80000	 99.40000	 68.45176	 99.40000
250.00000	 99.48000	 68.23693	 99.48000
250.20000	 99.51000	 68.01849	 99.51000
250.40000	 99.49000	 67.80419	 99.49000
250.60000	 99.42000	 67.59892	 99.42000
250.80000	 99.31000	 67.41427	 99.31000
251.00000	 99.15000	 67.24076	 99.15000
251.20000	 98.94000	 67.07701	 98.94000
251.40000	 98.71000	 66.94855	 98.71000
251.60000	 98.46000	 66.85065	 98.46000
251.80000	 98.18000	 66.76793	 98.18000
252.00000	 97.87000	 66.69463	 97.87000
252.20000	 97.56000	 66.65326	 97.56000
252.40000	 97.26000	 66.64655	 97.26000
252.60000	 96.97000	 66.66676	 96.97000
252.80000	 96.70000	 66.71517	 96.70000
253.00000	 96.48000	 66.81118	 96.48000
253.20000	 96.30000	 66.93559	 96.30000
253.40000	 96.16000	 67.07886	 96.16000
253.60000	 96.07000	 67.24181	 96.07000
253.80000	 96.03000	 67.41690	 96.03000
254.00000	 96.08000	 67.63447	 96.08000
254.20000	 96.18000	 67.84968	 96.18000
254.40000	 96.33000	 68.05714	 96.33000
254.60000	 96.53000	 68.25395	 96.53000
254.80000	 96.80000	 68.45752	 96.80000
255.00000	 97.15000	 68.67585	 97.15000
255.20000	 97.52000	 68.85192	 97.52000
255.40000	 97.89000	 68.97002	 97.89000
255.60000	 98.24000	 69.01914	 98.24000
255.80000	 98.49000	 68.93752	 98.49000
256.00000	 98.69000	 68.79117	 98.69000
256.20000	 98.87000	 68.62761	 98.87000
256.40000	 99.01000	 68.44396	 99.01000
256.60000	 99.15000	 68.28940	 99.15000
256.80000	 99.28000	 68.16071	 99.28000
257.00000	 99.39000	 68.05034	 99.39000
257.20000	 99.49000	 67.96683	 99.49000
257.40000	 99.57000	 67.89801	 99.57000
257.60000	 99.64000	 67.84953	 99.64000
257.80000	 99.70000	 67.81704	 99.70000
258.00000	 99.74000	 67.78681	 99.74000
258.20000	 99.76000	 67.75544	 99.76000
258.40000	 99.79000	 67.74814	 99.79000
258.60000	 99.80000	 67.73357	 99.80000
258.80000	 99.80000	 67.71889	 99.80000
259.00000	 99.78000	 67.69355	 99.78000
259.20000	 99.73000	 67.64839	 99.73000
259.40000	 99.61000	 67.54860	 99.61000
259.60000	 99.45000	 67.42798	 99.45000
259.80000	 99.28000	 67.32029	 99.28000
260.00000	 99.09000	 67.21947	 99.09000
260.20000	 98.91000	 67.15447	 98.91000
260.40000	 98.77000	 67.15041	 98.77000
260.60000	 98.63000	 67.16331	 98.63000
260.80000	 98.48000	 67.17733	 98.48000
261.00000	 98.33000	 67.19688	 98.33000
261.20000	 98.17000	 67.20898	 98.17000
261.40000	 98.00000	 67.21169	 98.00000
261.60000	 97.81000	 67.19536	 97.81000
261.80000	 97.61000	 67.17060	 97.61000
262.00000	 97.39000	 67.13001	 97.39000
262.20000	 97.14000	 67.06713	 97.14000
262.40000	 96.85000	 66.97671	 96.85000
262.60000	 96.56000	 66.90067	 96.56000
262.80000	 96.26000	 66.83210	 96.26000
263.00000	 95.95000	 66.77187	 95.95000
263.20000	 95.66000	 66.74723	 95.66000
263.40000	 95.37000	 66.73638	 95.37000
263.60000	 95.09000	 66.74477	 95.09000
263.80000	 94.82000	 66.76800	 94.82000
264.00000	 94.56000	 66.80167	 94.56000
264.20000	 94.31000	 66.84174	 94.31000
264.40000	 94.08000	 66.89400	 94.08000
264.60000	 93.87000	 66.95499	 93.87000
264.80000	 93.68000	 67.02151	 93.68000
265.00000	 93.52000	 67.10005	 93.52000
265.20000	 93.36000	 67.16015	 93.36000
265.40000	 93.25000	 67.24734	 93.25000
265.60000	 93.19000	 67.35892	 93.19000
265.80000	 93.21000	 67.51829	 93.21000
266.00000	 93.34000	 67.74574	 93.34000
266.20000	 93.61000	 68.05749	 93.61000
266.40000	 93.94000	 68.36474	 93.94000
266.60000	 94.32000	 68.64810	 94.32000
266.80000	 94.74000	 68.89369	 94.74000
267.00000	 95.17000	 69.07440	 95.17000
267.20000	 95.61000	 69.19665	 95.61000
267.40000	 96.04000	 69.25211	 96.04000
267.60000	 96.44000	 69.23569	 96.44000
267.80000	 96.78000	 69.13582	 96.78000
268.00000	 97.04000	 68.95298	 97.04000
268.20000	 97.25000	 68.73540	 97.25000
268.40000	 97.43000	 68.51896	 97.43000
268.60000	 97.56000	 68.29733	 97.56000
268.80000	 97.63000	 68.07007	 97.63000
269.00000	 97.67000	 67.87111	 97.67000
269.20000	 97.69000	 67.71135	 97.69000
269.40000	 97.69000	 67.58827	 97.69000
269.60000	 97.69000	 67.51490	 97.69000
269.80000	 97.70000	 67.49206	 97.70000
270.00000	 97.71000	 67.50004	 97.71000
270.20000	 97.74000	 67.54694	 97.74000
270.40000	 97.78000	 67.61288	 97.78000
270.60000	 97.88000	 67.73444	 97.88000
270.80000	 98.01000	 67.87260	 98.01000
271.00000	 98.15000	 67.99954	 98.15000
271.20000	 98.29000	 68.10059	 98.29000
271.40000	 98.42000	 68.16524	 98.42000
271.60000	 98.52000	 68.17764	 98.52000
271.80000	 98.62000	 68.17190	 98.62000
272.00000	 98.71000	 68.14516	 98.71000
272.20000	 98.81000	 68.12207	 98.81000
272.40000	 98.92000	 68.10669	 98.92000
272.60000	 99.02000	 68.08278	 99.02000
272.80000	 99.10000	 68.04343	 99.10000
273.00000	 99.17000	 68.00078	 99.17000
273.20000	 99.18000	 67.91138	 99.18000
273.40000	 99.16000	 67.80866	 99.16000
273.60000	 99.11000	 67.69796	 99.11000
273.80000	 99.02000	 67.57451	 99.02000
274.00000	 98.86000	 67.41501	 98.86000
274.20000	 98.65000	 67.24396	 98.65000
274.40000	 98.44000	 67.11246	 98.44000
274.60000	 98.23000	 67.02042	 98.23000
274.80000	 98.07000	 67.00986	 98.07000
275.00000	 98.00000	 67.10716	 98.00000
275.20000	 97.97000	 67.24937	 97.97000
275.40000	 97.97000	 67.41127	 97.97000
275.60000	 98.00000	 67.57992	 98.00000
275.80000	 98.03000	 67.71832	 98.03000
276.00000	 98.08000	 67.84103	 98.08000
276.20000	 98.16000	 67.95615	 98.16000
276.40000	 98.25000	 68.04540	 98.25000
276.60000	 98.38000	 68.13874	 98.38000
276.80000	 98.54000	 68.22841	 98.54000
277.00000	 98.72000	 68.30663	 98.72000
277.20000	 98.91000	 68.36630	 98.91000
277.40000	 99.13000	 68.42895	 99.13000
277.60000	 99.38000	 68.49658	 99.38000
277.80000	 99.63000	 68.54265	 99.63000
278.00000	 99.89000	 68.57903	 99.89000
278.20000	100.14000	 68.59020	100.14000
278.40000	100.41000	 68.60797	100.41000
278.60000	100.65000	 68.58892	100.65000
278.80000	100.87000	 68.54730	100.87000
279.00000	101.03000	 68.45210	101.03000
279.20000	101.09000	 68.27555	101.09000
279.40000	101.09000	 68.06794	101.09000
279.60000	101.05000	 67.85990	101.05000
279.80000	100.97000	 67.65992	100.97000
280.00000	100.89000	 67.50967	100.89000
280.20000	100.79000	 67.38962	100.79000
280.40000	100.67000	 67.29603	100.67000
280.60000	100.51000	 67.20545	100.51000
280.80000	100.33000	 67.13231	100.33000
281.00000	100.10000	 67.04472	100.10000
281.20000	 99.85000	 66.96842	 99.85000
281.40000	 99.59000	 66.91025	 99.59000
281.60000	 99.32000	 66.86686	 99.32000
281.80000	 99.07000	 66.86201	 99.07000
282.00000	 98.84000	 66.88951	 98.84000
282.20000	 98.60000	 66.91455	 98.60000
282.40000	 98.34000	 66.92313	 98.34000
282.60000	 98.07000	 66.92257	 98.07000
282.80000	 97.72000	 66.84831	 97.72000
283.00000	 97.37000	 66.78021	 97.37000
283.20000	 97.01000	 66.71304	 97.01000
283.40000	 96.67000	 66.67692	 96.67000
283.60000	 96.38000	 66.69823	 96.38000
283.80000	 96.14000	 66.77089	 96.14000
284.00000	 95.91000	 66.84925	 95.91000
284.20000	 95.69000	 66.92656	 95.69000
284.40000	 95.46000	 66.97993	 95.46000
284.60000	 95.20000	 66.99014	 95.20000
284.80000	 94.93000	 66.97891	 94.93000
285.00000	 94.64000	 66.94147	 94.64000
285.20000	 94.34000	 66.89243	 94.34000
285.40000	 94.01000	 66.81836	 94.01000
285.60000	 93.66000	 66.73409	 93.66000
285.80000	 93.31000	 66.66282	 93.31000
286.00000	 92.96000	 66.60669	 92.96000
286.20000	 92.63000	 66.58407	 92.63000
286.40000	 92.31000	 66.58270	 92.31000
286.60000	 92.02000	 66.61675	 92.02000
286.80000	 91.76000	 66.68005	 91.76000
287.00000	 91.55000	 66.78394	 91.55000
287.20000	 91.37000	 66.90150	 91.37000
287.40000	 91.24000	 67.04386	 91.24000
287.60000	 91.18000	 67.22210	 91.18000
