  0.00000	 94.23000	 94.30680	 94.23000
  0.20000	 94.09000	 93.17257	 94.09000
  0.40000	 94.17000	 92.23918	 94.17000
  0.60000	 94.41000	 91.45250	 94.41000
  0.80000	 94.77000	 90.77926	 94.77000
  1.00000	 95.21000	 90.18211	 95.21000
  1.20000	 95.67000	 89.59466	 95.67000
  1.40000	 96.12000	 88.98761	 96.12000
  1.60000	 96.47000	 88.25225	 96.47000
  1.80000	 96.67000	 87.33187	 96.67000
  2.00000	 96.78000	 86.31343	 96.78000
  2.20000	 96.80000	 85.20537	 96.80000
  2.40000	 96.65000	 83.91154	 96.65000
  2.60000	 96.42000	 82.55757	 96.42000
  2.80000	 96.18000	 81.24231	 96.18000
  3.00000	 95.99000	 80.04989	 95.99000
  3.20000	 96.09000	 79.29647	 96.09000
  3.40000	 96.37000	 78.83766	 96.37000
  3.60000	 96.70000	 78.50025	 96.70000
  3.80000	 97.01000	 78.18844	 97.01000
  4.00000	 97.23000	 77.80689	 97.23000
  4.20000	 97.15000	 77.07936	 97.15000
  4.40000	 97.02000	 76.33214	 97.02000
  4.60000	 96.86000	 75.59218	 96.86000
  4.80000	 96.77000	 74.99029	 96.77000
  5.00000	 96.84000	 74.64270	 96.84000
  5.20000	 96.85000	 74.25979	 96.85000
  5.40000	 96.74000	 73.76098	 96.74000
  5.60000	 96.33000	 72.91102	 96.33000
  5.80000	 95.66000	 71.76459	 95.66000
  6.00000	 94.84000	 70.46998	 94.84000
  6.20000	 93.87000	 69.03291	 93.87000
  6.40000	 92.66000	 67.34246	 92.66000
  6.60000	 91.41000	 65.66658	 91.41000
  6.80000	 90.19000	 64.10262	 90.19000
  7.00000	 89.08000	 62.75876	 89.08000
  7.20000	 88.56000	 62.26081	 88.56000
  7.40000	 88.27000	 62.13271	 88.27000
  7.60000	 88.11000	 62.23419	 88.11000
  7.80000	 88.03000	 62.48927	 88.03000
  8.00000	 87.96000	 62.79611	 87.96000
  8.20000	 87.64000	 62.80671	 87.64000
  8.40000	 87.29000	 62.80222	 87.29000
  8.60000	 86.95000	 62.83046	 86.95000
  8.80000	 86.65000	 62.92654	 86.65000
  9.00000	 86.47000	 63.19060	 86.47000
  9.20000	 86.37000	 63.56552	 86.37000
  9.40000	 86.29000	 63.96786	 86.29000
  9.60000	 86.20000	 64.35378	 86.20000
  9.80000	 85.92000	 64.48517	 85.92000
 10.00000	 85.61000	 64.56952	 85.61000
 10.20000	 85.37000	 64.73687	 85.37000
 10.40000	 85.29000	 65.10343	 85.29000
 10.60000	 85.85000	 66.29111	 85.85000
 10.80000	 86.53000	 67.61269	 86.53000
 11.00000	 87.21000	 68.90186	 87.21000
 11.20000	 87.79000	 70.02028	 87.79000
 11.40000	 87.68000	 70.19497	 87.68000
 11.60000	 87.41000	 70.12083	 87.41000
 11.80000	 87.17000	 70.05195	 87.17000
 12.00000	 87.11000	 70.18930	 87.11000
 12.20000	 87.54000	 70.93914	 87.54000
 12.40000	 88.15000	 71.89432	 88.15000
 12.60000	 88.90000	 72.99765	 88.90000
 12.80000	 89.81000	 74.26938	 89.81000
 13.00000	 90.81000	 75.61193	 90.81000
 13.20000	 91.73000	 76.79793	 91.73000
 13.40000	 92.46000	 77.68069	 92.46000
 13.60000	 92.51000	 77.62263	 92.51000
 13.80000	 92.40000	 77.31001	 92.40000
 14.00000	 92.25000	 76.90964	 92.25000
 14.20000	 92.33000	 76.78274	 92.33000
 14.40000	 92.96000	 77.35138	 92.96000
 14.60000	 93.70000	 78.04073	 93.70000
 14.80000	 94.45000	 78.71763	 94.45000
 15.00000	 95.14000	 79.28857	 95.14000
 15.20000	 95.43000	 79.31015	 95.43000
 15.40000	 95.51000	 79.03437	 95.51000
 15.60000	 95.52000	 78.65038	 95.52000
 15.80000	 95.48000	 78.19120	 95.48000
 16.00000	 95.59000	 77.92372	 95.59000
 16.20000	 95.68000	 77.63040	 95.68000
 16.40000	 95.68000	 77.22347	 95.68000
 16.60000	 95.48000	 76.56373	 95.48000
 16.80000	 94.82000	 75.31867	 94.82000
 17.00000	 94.06000	 73.96752	 94.06000
 17.20000	 93.31000	 72.66353	 93.31000
 17.40000	 92.79000	 71.70097	 92.79000
 17.60000	 92.73000	 71.38245	 92.73000
 17.80000	 92.78000	 71.24874	 92.78000
 18.00000	 92.87000	 71.20371	 92.87000
 18.20000	 92.94000	 71.16414	 92.94000
 18.40000	 92.71000	 70.76120	 92.71000
 18.60000	 92.37000	 70.24200	 92.37000
 18.80000	 91.98000	 69.68566	 91.98000
 19.00000	 91.55000	 69.10638	 91.55000
 19.20000	 91.08000	 68.50536	 91.08000
 19.40000	 90.62000	 67.94886	 90.62000
 19.60000	 90.21000	 67.48948	 90.21000
 19.80000	 89.91000	 67.20473	 89.91000
 20.00000	 89.90000	 67.32662	 89.90000
 20.20000	 89.96000	 67.56287	 89.96000
 20.40000	 90.04000	 67.84219	 90.04000
 20.60000	 90.00000	 67.97672	 90.00000
 20.80000	 89.81000	 67.92407	 89.81000
 21.00000	 89.64000	 67.90452	 89.64000
 21.20000	 89.53000	 67.96898	 89.53000
 21.40000	 89.74000	 68.45402	 89.74000
 21.60000	 90.11000	 69.14568	 90.11000
 21.80000	 90.50000	 69.85489	 90.50000
 22.00000	 90.82000	 70.45856	 90.82000
 22.20000	 90.81000	 70.61438	 90.81000
 22.40000	 90.54000	 70.41461	 90.54000
 22.60000	 90.23000	 70.15010	 90.23000
 22.80000	 89.94000	 69.90343	 89.94000
 23.00000	 89.85000	 69.91246	 89.85000
 23.20000	 89.87000	 70.06055	 89.87000
 23.40000	 89.94000	 70.26866	 89.94000
 23.60000	 90.01000	 70.47030	 90.01000
 23.80000	 90.05000	 70.62532	 90.05000
 24.00000	 90.12000	 70.81135	 90.12000
 24.20000	 90.24000	 71.05372	 90.24000
 24.40000	 90.56000	 71.54650	 90.56000
 24.60000	 90.97000	 72.14311	 90.97000
 24.80000	 91.35000	 72.68345	 91.35000
 25.00000	 91.63000	 73.07370	 91.63000
 25.20000	 91.47000	 72.87062	 91.47000
 25.40000	 91.13000	 72.41785	 91.13000
 25.60000	 90.73000	 71.87854	 90.73000
 25.80000	 90.35000	 71.36353	 90.35000
 26.00000	 90.20000	 71.15155	 90.20000
 26.20000	 90.13000	 71.04893	 90.13000
 26.40000	 90.17000	 71.09493	 90.17000
 26.60000	 90.37000	 71.35330	 90.37000
 26.80000	 90.73000	 71.82081	 90.73000
 27.00000	 91.14000	 72.34950	 91.14000
 27.20000	 91.52000	 72.83061	 91.52000
 27.40000	 91.73000	 73.07849	 91.73000
 27.60000	 91.84000	 73.18371	 91.84000
 27.80000	 91.90000	 73.21230	 91.90000
 28.00000	 91.90000	 73.15284	 91.90000
 28.20000	 91.84000	 73.00756	 91.84000
 28.40000	 91.76000	 72.83127	 91.76000
 28.60000	 91.68000	 72.65262	 91.68000
 28.80000	 91.68000	 72.57795	 91.68000
 29.00000	 91.85000	 72.72525	 91.85000
 29.20000	 91.99000	 72.83272	 91.99000
 29.40000	 92.04000	 72.82143	 92.04000
 29.60000	 91.90000	 72.56167	 91.90000
 29.80000	 91.18000	 71.54877	 91.18000
 30.00000	 90.41000	 70.48240	 90.41000
 30.20000	 89.68000	 69.48855	 89.68000
 30.40000	 89.25000	 68.91233	 89.25000
 30.60000	 89.24000	 68.91137	 89.24000
 30.80000	 89.40000	 69.15579	 89.40000
 31.00000	 89.70000	 69.60025	 89.70000
 31.20000	 90.08000	 70.15937	 90.08000
 31.40000	 90.51000	 70.78679	 90.51000
 31.60000	 90.98000	 71.46265	 90.98000
 31.80000	 91.47000	 72.15468	 91.47000
 32.00000	 91.96000	 72.83145	 91.96000
 32.20000	 92.39000	 73.41050	 92.39000
 32.40000	 92.71000	 73.82405	 92.71000
 32.60000	 92.82000	 73.94137	 92.82000
 32.80000	 92.55000	 73.54371	 92.55000
 33.00000	 92.15000	 72.96365	 92.15000
 33.20000	 91.69000	 72.30024	 91.69000
 33.40000	 91.21000	 71.61305	 91.21000
 33.60000	 90.77000	 70.98673	 90.77000
 33.80000	 90.42000	 70.49127	 90.42000
 34.00000	 90.20000	 70.18154	 90.20000
 34.20000	 90.35000	 70.37039	 90.35000
 34.40000	 90.80000	 70.96214	 90.80000
 34.60000	 91.30000	 71.62356	 91.30000
 34.80000	 91.75000	 72.21718	 91.75000
 35.00000	 91.74000	 72.20392	 91.74000
 35.20000	 91.58000	 71.98865	 91.58000
 35.40000	 91.37000	 71.70474	 91.37000
 35.60000	 91.16000	 71.42067	 91.16000
 35.80000	 91.29000	 71.58178	 91.29000
 36.00000	 91.44000	 71.76961	 91.44000
 36.20000	 91.54000	 71.89107	 91.54000
 36.40000	 91.54000	 71.88011	 91.54000
 36.60000	 91.07000	 71.25567	 91.07000
 36.80000	 90.50000	 70.50581	 90.50000
 37.00000	 89.93000	 69.76742	 89.93000
 37.20000	 89.52000	 69.25426	 89.52000
 37.40000	 89.52000	 69.29411	 89.52000
 37.60000	 89.60000	 69.45398	 89.60000
 37.80000	 89.69000	 69.63861	 89.69000
 38.00000	 89.60000	 69.59696	 89.60000
 38.20000	 89.37000	 69.38015	 89.37000
 38.40000	 89.11000	 69.13231	 89.11000
 38.60000	 88.87000	 68.91961	 88.87000
 38.80000	 88.82000	 68.96386	 88.82000
 39.00000	 88.82000	 69.08078	 88.82000
 39.20000	 88.82000	 69.20279	 88.82000
 39.40000	 88.79000	 69.28870	 88.79000
 39.60000	 88.52000	 69.06376	 88.52000
 39.80000	 88.20000	 68.77709	 88.20000
 40.00000	 87.89000	 68.50898	 87.89000
 40.20000	 87.63000	 68.31312	 87.63000
 40.40000	 87.68000	 68.52854	 87.68000
 40.60000	 87.80000	 68.83936	 87.80000
 40.80000	 87.88000	 69.09847	 87.88000
 41.00000	 87.76000	 69.09483	 87.76000
 41.20000	 87.18000	 68.49033	 87.18000
 41.40000	 86.57000	 67.85078	 86.57000
 41.60000	 86.06000	 67.35096	 86.06000
 41.80000	 86.04000	 67.50169	 86.04000
 42.00000	 86.37000	 68.11706	 86.37000
 42.20000	 86.86000	 68.94200	 86.86000
 42.40000	 87.41000	 69.83774	 87.41000
 42.60000	 87.98000	 70.74423	 87.98000
 42.80000	 88.46000	 71.51150	 88.46000
 43.00000	 88.78000	 72.04414	 88.78000
 43.20000	 88.84000	 72.21073	 88.84000
 43.40000	 88.03000	 71.22001	 88.03000
 43.60000	 87.07000	 70.02279	 87.07000
 43.80000	 86.13000	 68.85396	 86.13000
 44.00000	 85.53000	 68.14120	 85.53000
 44.20000	 85.65000	 68.38393	 85.65000
 44.40000	 85.89000	 68.79588	 85.89000
 44.60000	 86.13000	 69.21458	 86.13000
 44.80000	 85.87000	 68.98398	 85.87000
 45.00000	 85.34000	 68.40536	 85.34000
 45.20000	 84.83000	 67.86125	 84.83000
 45.40000	 84.48000	 67.53779	 84.48000
 45.60000	 85.05000	 68.42519	 85.05000
 45.80000	 85.77000	 69.51019	 85.77000
 46.00000	 86.47000	 70.56021	 86.47000
 46.20000	 87.00000	 71.37081	 87.00000
 46.40000	 86.54000	 70.86948	 86.54000
 46.60000	 85.80000	 69.98884	 85.80000
 46.80000	 84.98000	 69.00022	 84.98000
 47.00000	 84.19000	 68.05716	 84.19000
 47.20000	 84.00000	 67.90974	 84.00000
 47.40000	 83.92000	 67.91929	 83.92000
 47.60000	 83.88000	 67.99231	 83.88000
 47.80000	 83.74000	 67.94394	 83.74000
 48.00000	 83.37000	 67.60394	 83.37000
 48.20000	 82.99000	 67.26065	 82.99000
 48.40000	 82.63000	 66.95482	 82.63000
 48.60000	 82.45000	 66.89575	 82.45000
 48.80000	 82.44000	 67.06884	 82.44000
 49.00000	 82.48000	 67.31427	 82.48000
 49.20000	 82.51000	 67.55014	 82.51000
 49.40000	 82.45000	 67.66923	 82.45000
 49.60000	 82.27000	 67.63102	 82.27000
 49.80000	 82.05000	 67.53999	 82.05000
 50.00000	 81.78000	 67.38391	 81.78000
 50.20000	 81.47000	 67.17715	 81.47000
 50.40000	 81.09000	 66.88229	 81.09000
 50.60000	 80.74000	 66.63172	 80.74000
 50.80000	 80.45000	 66.46591	 80.45000
 51.00000	 80.37000	 66.58046	 80.37000
 51.20000	 80.42000	 66.86874	 80.42000
 51.40000	 80.47000	 67.15774	 80.47000
 51.60000	 80.44000	 67.34009	 80.44000
 51.80000	 80.08000	 67.08877	 80.08000
 52.00000	 79.70000	 66.81017	 79.70000
 52.20000	 79.39000	 66.62413	 79.39000
 52.40000	 79.46000	 66.93549	 79.46000
 52.60000	 79.89000	 67.71441	 79.89000
 52.80000	 80.33000	 68.49753	 80.33000
 53.00000	 80.65000	 69.10903	 80.65000
 53.20000	 80.29000	 68.81623	 80.29000
 53.40000	 79.59000	 68.06740	 79.59000
 53.60000	 78.87000	 67.28841	 78.87000
 53.80000	 78.35000	 66.77382	 78.35000
 54.00000	 78.55000	 67.20468	 78.55000
 54.20000	 78.93000	 67.87239	 78.93000
 54.40000	 79.36000	 68.60051	 79.36000
 54.60000	 79.60000	 69.07000	 79.60000
 54.80000	 79.68000	 69.31683	 79.68000
 55.00000	 79.73000	 69.50985	 79.73000
 55.20000	 79.82000	 69.74042	 79.82000
 55.40000	 80.01000	 70.08649	 80.01000
 55.60000	 80.23000	 70.45571	 80.23000
 55.80000	 80.47000	 70.83380	 80.47000
 56.00000	 80.76000	 71.25868	 80.76000
 56.20000	 81.06000	 71.67688	 81.06000
 56.40000	 81.32000	 72.02225	 81.32000
 56.60000	 81.49000	 72.22953	 81.49000
 56.80000	 81.33000	 71.98764	 81.33000
 57.00000	 81.09000	 71.62751	 81.09000
 57.20000	 80.88000	 71.29816	 80.88000
 57.40000	 80.87000	 71.22548	 80.87000
 57.60000	 81.19000	 71.58002	 81.19000
 57.80000	 81.55000	 71.98126	 81.55000
 58.00000	 81.90000	 72.36104	 81.90000
 58.20000	 81.93000	 72.31355	 81.93000
 58.40000	 81.88000	 72.15342	 81.88000
 58.60000	 81.82000	 71.97479	 81.82000
 58.80000	 81.88000	 71.94960	 81.88000
 59.00000	 82.09000	 72.11769	 82.09000
 59.20000	 82.35000	 72.34767	 82.35000
 59.40000	 82.65000	 72.62485	 82.65000
 59.60000	 83.03000	 72.99942	 83.03000
 59.80000	 83.43000	 73.39075	 83.43000
 60.00000	 83.75000	 73.66640	 83.75000
 60.20000	 83.95000	 73.77355	 83.95000
 60.40000	 83.77000	 73.37488	 83.77000
 60.60000	 83.35000	 72.65852	 83.35000
 60.80000	 82.86000	 71.85390	 82.86000
 61.00000	 82.39000	 71.08590	 82.39000
 61.20000	 82.20000	 70.69905	 82.20000
 61.40000	 82.10000	 70.44745	 82.10000
 61.60000	 82.08000	 70.31786	 82.08000
 61.80000	 82.13000	 70.29586	 82.13000
 62.00000	 82.23000	 70.35312	 82.23000
 62.20000	 82.36000	 70.46089	 82.36000
 62.40000	 82.50000	 70.59033	 82.50000
 62.60000	 82.60000	 70.67375	 82.60000
 62.80000	 82.69000	 70.74848	 82.69000
 63.00000	 82.75000	 70.78710	 82.75000
 63.20000	 82.78000	 70.78881	 82.78000
 63.40000	 82.77000	 70.74027	 82.77000
 63.60000	 82.72000	 70.64174	 82.72000
 63.80000	 82.65000	 70.51993	 82.65000
 64.00000	 82.56000	 70.37565	 82.56000
 64.20000	 82.41000	 70.15776	 82.41000
 64.40000	 82.28000	 69.97186	 82.28000
 64.60000	 82.18000	 69.83190	 82.18000
 64.80000	 82.23000	 69.89436	 82.23000
 65.00000	 82.46000	 70.19653	 82.46000
 65.20000	 82.67000	 70.47424	 82.67000
 65.40000	 82.78000	 70.62037	 82.78000
 65.60000	 82.45000	 70.19119	 82.45000
 65.80000	 82.02000	 69.63390	 82.02000
 66.00000	 81.57000	 69.05783	 81.57000
 66.20000	 81.34000	 68.77993	 81.34000
 66.40000	 81.31000	 68.77503	 81.31000
 66.60000	 81.36000	 68.88497	 81.36000
 66.80000	 81.47000	 69.08088	 81.47000
 67.00000	 81.62000	 69.33347	 81.62000
 67.20000	 81.78000	 69.60040	 81.78000
 67.40000	 81.92000	 69.83968	 81.92000
 67.60000	 82.02000	 70.02309	 82.02000
 67.80000	 81.99000	 70.03221	 81.99000
 68.00000	 81.88000	 69.93279	 81.88000
 68.20000	 81.71000	 69.75248	 81.71000
 68.40000	 81.46000	 69.46746	 81.46000
 68.60000	 81.05000	 68.97651	 81.05000
 68.80000	 80.59000	 68.42726	 80.59000
 69.00000	 80.14000	 67.90216	 80.14000
 69.20000	 79.74000	 67.45667	 79.74000
 69.40000	 79.55000	 67.30109	 79.55000
 69.60000	 79.47000	 67.30410	 79.47000
 69.80000	 79.46000	 67.41105	 79.46000
 70.00000	 79.50000	 67.59269	 79.50000
 70.20000	 79.58000	 67.83254	 79.58000
 70.40000	 79.68000	 68.10105	 79.68000
 70.60000	 79.75000	 68.32990	 79.75000
 70.80000	 79.71000	 68.41265	 79.71000
 71.00000	 79.57000	 68.36179	 79.57000
 71.20000	 79.43000	 68.30839	 79.43000
 71.40000	 79.32000	 68.29226	 79.32000
 71.60000	 79.43000	 68.56099	 79.43000
 71.80000	 79.66000	 68.98184	 79.66000
 72.00000	 79.87000	 69.36891	 79.87000
 72.20000	 80.01000	 69.65438	 80.01000
 72.40000	 79.82000	 69.49858	 79.82000
 72.60000	 79.41000	 69.04798	 79.41000
 72.80000	 78.98000	 68.56859	 78.98000
 73.00000	 78.58000	 68.13063	 78.58000
 73.20000	 78.68000	 68.34965	 78.68000
 73.40000	 78.79000	 68.58469	 78.79000
 73.60000	 78.76000	 68.63762	 78.76000
 73.80000	 78.19000	 67.98722	 78.19000
 74.00000	 76.90000	 66.40571	 76.90000
 74.20000	 75.46000	 64.64964	 75.46000
 74.40000	 74.06000	 62.98039	 74.06000
 74.60000	 73.58000	 62.55419	 73.58000
 74.80000	 73.77000	 63.04251	 73.77000
 75.00000	 74.22000	 63.89989	 74.22000
 75.20000	 74.82000	 64.96949	 74.82000
 75.40000	 75.47000	 66.10750	 75.47000
 75.60000	 75.97000	 67.04142	 75.97000
 75.80000	 75.68000	 66.93013	 75.68000
 76.00000	 75.31000	 66.70115	 75.31000
 76.20000	 74.92000	 66.43671	 74.92000
 76.40000	 74.54000	 66.17971	 74.54000
 76.60000	 74.28000	 66.07649	 74.28000
 76.80000	 74.24000	 66.25833	 74.24000
 77.00000	 74.30000	 66.56719	 74.30000
 77.20000	 74.47000	 67.01323	 74.47000
 77.40000	 74.79000	 67.64477	 74.79000
 77.60000	 75.31000	 68.52187	 75.31000
 77.80000	 75.85000	 69.40363	 75.85000
 78.00000	 76.36000	 70.21937	 76.36000
 78.20000	 76.64000	 70.70475	 76.64000
 78.40000	 76.68000	 70.84669	 76.68000
 78.60000	 76.70000	 70.93489	 76.70000
 78.80000	 76.73000	 71.01183	 76.73000
 79.00000	 77.08000	 71.48397	 77.08000
 79.20000	 77.57000	 72.11568	 77.57000
 79.40000	 78.04000	 72.69601	 78.04000
 79.60000	 78.43000	 73.14513	 78.43000
 79.80000	 78.58000	 73.25468	 78.58000
 80.00000	 78.50000	 73.04098	 78.50000
 80.20000	 78.24000	 72.57511	 78.24000
 80.40000	 77.79000	 71.85170	 77.79000
 80.60000	 76.90000	 70.55436	 76.90000
 80.80000	 75.84000	 69.04779	 75.84000
 81.00000	 74.79000	 67.57950	 74.79000
 81.20000	 73.85000	 66.29040	 73.85000
 81.40000	 73.85000	 66.26791	 73.85000
 81.60000	 74.21000	 66.75062	 74.21000
 81.80000	 74.75000	 67.49365	 74.75000
 82.00000	 75.40000	 68.39433	 75.40000
 82.20000	 76.06000	 69.31120	 76.06000
 82.40000	 76.51000	 69.94822	 76.51000
 82.60000	 76.39000	 69.83152	 76.39000
 82.80000	 76.18000	 69.58878	 76.18000
 83.00000	 75.92000	 69.27584	 75.92000
 83.20000	 75.65000	 68.94867	 75.65000
 83.40000	 75.39000	 68.63672	 75.39000
 83.60000	 75.14000	 68.34273	 75.14000
 83.80000	 75.00000	 68.19895	 75.00000
 84.00000	 75.03000	 68.28374	 75.03000
 84.20000	 75.37000	 68.77726	 75.37000
 84.40000	 76.35000	 70.10315	 76.35000
 84.60000	 77.35000	 71.44134	 77.35000
 84.80000	 78.22000	 72.58541	 78.22000
 85.00000	 78.42000	 72.82509	 78.42000
 85.20000	 77.69000	 71.82479	 77.69000
 85.40000	 76.79000	 70.58829	 76.79000
 85.60000	 75.90000	 69.36460	 75.90000
 85.80000	 75.49000	 68.77771	 75.49000
 86.00000	 75.78000	 69.11793	 75.78000
 86.20000	 76.22000	 69.66357	 76.22000
 86.40000	 76.74000	 70.31652	 76.74000
 86.60000	 77.10000	 70.75744	 77.10000
 86.80000	 77.32000	 71.00860	 77.32000
 87.00000	 77.47000	 71.15983	 77.47000
 87.20000	 77.55000	 71.21105	 77.55000
 87.40000	 77.43000	 70.99405	 77.43000
 87.60000	 77.28000	 70.73354	 77.28000
 87.80000	 77.15000	 70.49798	 77.15000
 88.00000	 77.14000	 70.42009	 77.14000
 88.20000	 77.55000	 70.89092	 77.55000
 88.40000	 78.02000	 71.43699	 78.02000
 88.60000	 78.51000	 72.00133	 78.51000
 88.80000	 78.94000	 72.47549	 78.94000
 89.00000	 79.06000	 72.53140	 79.06000
 89.20000	 78.96000	 72.28808	 78.96000
 89.40000	 78.76000	 71.90629	 78.76000
 89.60000	 78.51000	 71.45636	 78.51000
 89.80000	 78.23000	 70.96943	 78.23000
 90.00000	 77.97000	 70.51523	 77.97000
 90.20000	 77.73000	 70.09737	 77.73000
 90.40000	 77.52000	 69.73152	 77.52000
 90.60000	 77.41000	 69.51047	 77.41000
 90.80000	 77.41000	 69.44722	 77.41000
 91.00000	 77.46000	 69.46208	 77.46000
 91.20000	 77.57000	 69.56590	 77.57000
 91.40000	 77.78000	 69.80803	 77.78000
 91.60000	 78.04000	 70.11974	 78.04000
 91.80000	 78.30000	 70.43215	 78.30000
 92.00000	 78.51000	 70.67701	 78.51000
 92.20000	 78.54000	 70.68311	 78.54000
 92.40000	 78.42000	 70.49018	 78.42000
 92.60000	 78.24000	 70.21791	 78.24000
 92.80000	 78.05000	 69.93433	 78.05000
 93.00000	 77.88000	 69.68109	 77.88000
 93.20000	 77.76000	 69.49909	 77.76000
 93.40000	 77.69000	 69.38923	 77.69000
 93.60000	 77.66000	 69.33847	 77.66000
 93.80000	 77.79000	 69.50240	 77.79000
 94.00000	 77.96000	 69.72220	 77.96000
 94.20000	 78.13000	 69.94301	 78.13000
 94.40000	 78.20000	 70.03234	 78.20000
 94.60000	 78.14000	 69.95047	 78.14000
 94.80000	 78.08000	 69.86772	 78.08000
 95.00000	 78.02000	 69.78505	 78.02000
 95.20000	 78.15000	 69.95056	 78.15000
 95.40000	 78.33000	 70.18025	 78.33000
 95.60000	 78.48000	 70.36788	 78.48000
 95.80000	 78.55000	 70.44697	 78.55000
 96.00000	 78.25000	 70.04004	 78.25000
 96.20000	 77.86000	 69.51629	 77.86000
 96.40000	 77.47000	 68.99801	 77.47000
 96.60000	 77.16000	 68.59366	 77.16000
 96.80000	 77.18000	 68.63105	 77.18000
 97.00000	 77.27000	 68.76951	 77.27000
 97.20000	 77.36000	 68.91495	 77.36000
 97.40000	 77.36000	 68.94767	 77.36000
 97.60000	 77.24000	 68.82755	 77.24000
 97.80000	 77.09000	 68.67237	 77.09000
 98.00000	 76.92000	 68.49601	 76.92000
 98.20000	 76.83000	 68.42955	 76.83000
 98.40000	 76.74000	 68.36858	 76.74000
 98.60000	 76.64000	 68.29975	 76.64000
 98.80000	 76.51000	 68.19685	 76.51000
 99.00000	 76.29000	 67.98196	 76.29000
 99.20000	 76.03000	 67.72140	 76.03000
 99.40000	 75.76000	 67.45572	 75.76000
 99.60000	 75.49000	 67.19924	 75.49000
 99.80000	 75.20000	 66.92693	 75.20000
100.00000	 74.94000	 66.70485	 74.94000
100.20000	 74.74000	 66.57236	 74.74000
100.40000	 74.67000	 66.61993	 74.67000
100.60000	 74.74000	 66.85822	 74.74000
100.80000	 74.83000	 67.12719	 74.83000
101.00000	 74.91000	 67.38419	 74.91000
101.20000	 74.82000	 67.41811	 74.82000
101.40000	 74.70000	 67.41094	 74.70000
101.60000	 74.57000	 67.38892	 74.57000
101.80000	 74.52000	 67.46954	 74.52000
102.00000	 74.55000	 67.65205	 74.55000
102.20000	 74.58000	 67.83073	 74.58000
102.40000	 74.58000	 67.96519	 74.58000
102.60000	 74.43000	 67.89859	 74.43000
102.80000	 74.19000	 67.71046	 74.19000
103.00000	 73.93000	 67.49434	 73.93000
103.20000	 73.67000	 67.27858	 73.67000
103.40000	 73.49000	 67.16926	 73.49000
103.60000	 73.33000	 67.08887	 73.33000
103.80000	 73.20000	 67.05063	 73.20000
104.00000	 73.13000	 67.09333	 73.13000
104.20000	 73.10000	 67.18992	 73.10000
104.40000	 73.03000	 67.23487	 73.03000
104.60000	 72.89000	 67.18849	 72.89000
104.80000	 72.44000	 66.73877	 72.44000
105.00000	 71.96000	 66.25444	 71.96000
105.20000	 71.51000	 65.81756	 71.51000
105.40000	 71.29000	 65.69127	 71.29000
105.60000	 71.49000	 66.12214	 71.49000
105.80000	 71.75000	 66.63552	 71.75000
106.00000	 71.99000	 67.12127	 71.99000
106.20000	 72.05000	 67.36639	 72.05000
106.40000	 71.67000	 67.03088	 71.67000
106.60000	 71.21000	 66.58769	 71.21000
106.80000	 70.71000	 66.09368	 70.71000
107.00000	 70.33000	 65.76165	 70.33000
107.20000	 70.08000	 65.60681	 70.08000
107.40000	 69.88000	 65.52515	 69.88000
107.60000	 69.69000	 65.46394	 69.69000
107.80000	 69.47000	 65.37036	 69.47000
108.00000	 69.25000	 65.28312	 69.25000
108.20000	 69.06000	 65.24091	 69.06000
108.40000	 68.88000	 65.21694	 68.88000
108.60000	 68.72000	 65.22342	 68.72000
108.80000	 68.61000	 65.29838	 68.61000
109.00000	 68.56000	 65.45331	 68.56000
109.20000	 68.67000	 65.81627	 68.67000
109.40000	 68.94000	 66.38342	 68.94000
109.60000	 69.20000	 66.92827	 69.20000
109.80000	 69.39000	 67.36854	 69.39000
110.00000	 69.33000	 67.46748	 69.33000
110.20000	 69.12000	 67.35660	 69.12000
110.40000	 68.85000	 67.15624	 68.85000
110.60000	 68.58000	 66.94812	 68.58000
110.80000	 68.35000	 66.78744	 68.35000
111.00000	 68.16000	 66.67637	 68.16000
111.20000	 68.05000	 66.66832	 68.05000
111.40000	 68.17000	 66.95861	 68.17000
111.60000	 68.37000	 67.34912	 68.37000
111.80000	 68.57000	 67.73233	 68.57000
112.00000	 68.63000	 67.92323	 68.63000
112.20000	 68.47000	 67.81728	 68.47000
112.40000	 68.25000	 67.62531	 68.25000
112.60000	 67.98000	 67.36339	 67.98000
112.80000	 67.73000	 67.12591	 67.73000
113.00000	 67.50000	 66.91539	 67.50000
113.20000	 67.29000	 66.73369	 67.29000
113.40000	 67.15000	 66.64714	 67.15000
113.60000	 67.15000	 66.74696	 67.15000
113.80000	 67.18000	 66.88824	 67.18000
114.00000	 67.24000	 67.06906	 67.24000
114.20000	 67.28000	 67.22236	 67.28000
114.40000	 67.21000	 67.22961	 67.21000
114.60000	 67.10000	 67.18218	 67.10000
114.80000	 66.96000	 67.09387	 66.96000
115.00000	 66.81000	 66.99177	 66.81000
115.20000	 66.65000	 66.87692	 66.65000
115.40000	 66.49000	 66.76334	 66.49000
115.60000	 66.36000	 66.69089	 66.36000
115.80000	 66.25000	 66.64685	 66.25000
116.00000	 66.24000	 66.73528	 66.24000
116.20000	 66.28000	 66.88975	 66.28000
116.40000	 66.37000	 67.10846	 66.37000
116.60000	 66.50000	 67.37622	 66.50000
116.80000	 66.69000	 67.71676	 66.69000
117.00000	 66.90000	 68.07536	 66.90000
117.20000	 67.08000	 68.38454	 67.08000
117.40000	 67.22000	 68.62976	 67.22000
117.60000	 67.13000	 68.56311	 67.13000
117.80000	 67.00000	 68.43445	 67.00000
118.00000	 66.87000	 68.29865	 66.87000
118.20000	 66.76000	 68.18417	 66.76000
118.40000	 66.80000	 68.26207	 66.80000
118.60000	 66.91000	 68.42786	 66.91000
118.80000	 67.06000	 68.64133	 67.06000
119.00000	 67.29000	 68.95308	 67.29000
119.20000	 67.65000	 69.42598	 67.65000
119.40000	 67.93000	 69.78328	 67.93000
119.60000	 68.07000	 69.94515	 68.07000
119.80000	 67.65000	 69.36550	 67.65000
120.00000	 66.97000	 68.44257	 66.97000
120.20000	 66.23000	 67.44668	 66.23000
120.40000	 65.59000	 66.59520	 65.59000
120.60000	 65.67000	 66.70128	 65.67000
120.80000	 65.93000	 67.05784	 65.93000
121.00000	 66.33000	 67.60670	 66.33000
121.20000	 66.79000	 68.23663	 66.79000
121.40000	 67.26000	 68.87579	 67.26000
121.60000	 67.59000	 69.32314	 67.59000
121.80000	 67.55000	 69.27641	 67.55000
122.00000	 67.45000	 69.14147	 67.45000
122.20000	 67.31000	 68.94730	 67.31000
122.40000	 67.16000	 68.73602	 67.16000
122.60000	 67.01000	 68.52343	 67.01000
122.80000	 66.90000	 68.36392	 66.90000
123.00000	 66.82000	 68.24593	 66.82000
123.20000	 66.78000	 68.18327	 66.78000
123.40000	 66.81000	 68.21510	 66.81000
123.60000	 66.94000	 68.37963	 66.94000
123.80000	 67.13000	 68.62275	 67.13000
124.00000	 67.41000	 68.98102	 67.41000
124.20000	 67.80000	 69.47719	 67.80000
124.40000	 68.31000	 70.12019	 68.31000
124.60000	 68.85000	 70.78797	 68.85000
124.80000	 69.36000	 71.39807	 69.36000
125.00000	 69.74000	 71.81728	 69.74000
125.20000	 69.92000	 71.95382	 69.92000
125.40000	 70.06000	 72.01821	 70.06000
125.60000	 70.22000	 72.09118	 70.22000
125.80000	 70.54000	 72.35712	 70.54000
126.00000	 71.07000	 72.88101	 71.07000
126.20000	 71.55000	 73.32188	 71.55000
126.40000	 71.88000	 73.54822	 71.88000
126.60000	 71.68000	 73.06651	 71.68000
126.80000	 71.13000	 72.11895	 71.13000
127.00000	 70.46000	 71.01620	 70.46000
127.20000	 69.78000	 69.91251	 69.78000
127.40000	 69.64000	 69.53301	 69.64000
127.60000	 69.83000	 69.60503	 69.83000
127.80000	 70.14000	 69.85125	 70.14000
128.00000	 70.51000	 70.18846	 70.51000
128.20000	 70.89000	 70.54635	 70.89000
128.40000	 71.24000	 70.86825	 71.24000
128.60000	 71.23000	 70.72113	 71.23000
128.80000	 71.04000	 70.34094	 71.04000
129.00000	 70.81000	 69.91365	 70.81000
129.20000	 70.56000	 69.46889	 70.56000
129.40000	 70.31000	 69.03591	 70.31000
129.60000	 70.12000	 68.69537	 70.12000
129.80000	 69.96000	 68.40947	 69.96000
130.00000	 69.85000	 68.20470	 69.85000
130.20000	 69.80000	 68.09365	 69.80000
130.40000	 69.89000	 68.17913	 69.89000
130.60000	 70.07000	 68.39299	 70.07000
130.80000	 70.29000	 68.66627	 70.29000
131.00000	 70.52000	 68.95605	 70.52000
131.20000	 70.70000	 69.18082	 70.70000
131.40000	 70.82000	 69.32532	 70.82000
131.60000	 70.90000	 69.41450	 70.90000
131.80000	 70.96000	 69.47403	 70.96000
132.00000	 70.99000	 69.49089	 70.99000
132.20000	 70.94000	 69.40045	 70.94000
132.40000	 70.89000	 69.30824	 70.89000
132.60000	 70.86000	 69.24153	 70.86000
132.80000	 70.89000	 69.25315	 70.89000
133.00000	 71.02000	 69.39504	 71.02000
133.20000	 71.19000	 69.58770	 71.19000
133.40000	 71.39000	 69.81644	 71.39000
133.60000	 71.56000	 70.00139	 71.56000
133.80000	 71.72000	 70.16752	 71.72000
134.00000	 71.88000	 70.32716	 71.88000
134.20000	 72.05000	 70.49280	 72.05000
134.40000	 72.25000	 70.68999	 72.25000
134.60000	 72.49000	 70.93104	 72.49000
134.80000	 72.70000	 71.12381	 72.70000
135.00000	 72.88000	 71.26793	 72.88000
135.20000	 72.99000	 71.31152	 72.99000
135.40000	 72.84000	 71.00848	 72.84000
135.60000	 72.66000	 70.66257	 72.66000
135.80000	 72.49000	 70.33004	 72.49000
136.00000	 72.37000	 70.06632	 72.37000
136.20000	 72.46000	 70.08179	 72.46000
136.40000	 72.66000	 70.24535	 72.66000
136.60000	 72.93000	 70.50263	 72.93000
136.80000	 73.25000	 70.82473	 73.25000
137.00000	 73.60000	 71.18255	 73.60000
137.20000	 73.97000	 71.56015	 73.97000
137.40000	 74.33000	 71.91581	 74.33000
137.60000	 74.66000	 72.22150	 74.66000
137.80000	 74.91000	 72.41096	 74.91000
138.00000	 75.12000	 72.53642	 75.12000
138.20000	 75.27000	 72.57265	 75.27000
138.40000	 75.36000	 72.52123	 75.36000
138.60000	 75.34000	 72.31929	 75.34000
138.80000	 75.29000	 72.07432	 75.29000
139.00000	 75.24000	 71.82863	 75.24000
139.20000	 75.25000	 71.66308	 75.25000
139.40000	 75.36000	 71.63124	 75.36000
139.60000	 75.48000	 71.61594	 75.48000
139.80000	 75.58000	 71.57791	 75.58000
140.00000	 75.60000	 71.43912	 75.60000
140.20000	 75.53000	 71.18759	 75.53000
140.40000	 75.43000	 70.90340	 75.43000
140.60000	 75.32000	 70.61457	 75.32000
140.80000	 75.23000	 70.36187	 75.23000
141.00000	 75.15000	 70.13335	 75.15000
141.20000	 75.07000	 69.91666	 75.07000
141.40000	 74.98000	 69.69920	 74.98000
141.60000	 74.92000	 69.53338	 74.92000
141.80000	 74.89000	 69.41895	 74.89000
142.00000	 74.82000	 69.26409	 74.82000
142.20000	 74.71000	 69.06858	 74.71000
142.40000	 74.52000	 68.78057	 74.52000
142.60000	 74.11000	 68.21894	 74.11000
142.80000	 73.64000	 67.59556	 73.64000
143.00000	 73.18000	 67.00516	 73.18000
143.20000	 72.78000	 66.51555	 72.78000
143.40000	 72.59000	 66.32320	 72.59000
143.60000	 72.46000	 66.23098	 72.46000
143.80000	 72.39000	 66.23623	 72.39000
144.00000	 72.35000	 66.29669	 72.35000
144.20000	 72.28000	 66.33101	 72.28000
144.40000	 72.25000	 66.42775	 72.25000
144.60000	 72.23000	 66.54513	 72.23000
144.80000	 72.26000	 66.73267	 72.26000
145.00000	 72.36000	 67.01356	 72.36000
145.20000	 72.48000	 67.31940	 72.48000
145.40000	 72.61000	 67.63413	 72.61000
145.60000	 72.72000	 67.91607	 72.72000
145.80000	 72.79000	 68.13729	 72.79000
146.00000	 72.81000	 68.28379	 72.81000
146.20000	 72.80000	 68.38152	 72.80000
146.40000	 72.72000	 68.37888	 72.72000
146.60000	 72.57000	 68.27723	 72.57000
146.80000	 72.40000	 68.14381	 72.40000
147.00000	 72.22000	 67.99378	 72.22000
147.20000	 72.09000	 67.90718	 72.09000
147.40000	 71.99000	 67.85902	 71.99000
147.60000	 71.91000	 67.83677	 71.91000
147.80000	 71.87000	 67.86661	 71.87000
148.00000	 71.90000	 67.98719	 71.90000
148.20000	 71.94000	 68.11919	 71.94000
148.40000	 71.98000	 68.24843	 71.98000
148.60000	 72.00000	 68.34796	 72.00000
148.80000	 71.97000	 68.37824	 71.97000
149.00000	 71.92000	 68.37858	 71.92000
149.20000	 71.85000	 68.34954	 71.85000
149.40000	 71.78000	 68.31789	 71.78000
149.60000	 71.70000	 68.27128	 71.70000
149.80000	 71.59000	 68.18439	 71.59000
150.00000	 71.47000	 68.08424	 71.47000
150.20000	 71.31000	 67.93277	 71.31000
150.40000	 71.12000	 67.74433	 71.12000
150.60000	 70.92000	 67.54643	 70.92000
150.80000	 70.71000	 67.34041	 70.71000
151.00000	 70.48000	 67.11447	 70.48000
151.20000	 70.25000	 66.89584	 70.25000
151.40000	 70.06000	 66.73751	 70.06000
151.60000	 69.93000	 66.66570	 69.93000
151.80000	 70.01000	 66.87489	 70.01000
152.00000	 70.12000	 67.12741	 70.12000
152.20000	 70.21000	 67.35486	 70.21000
152.40000	 70.16000	 67.39855	 70.16000
152.60000	 69.92000	 67.19308	 69.92000
152.80000	 69.66000	 66.96193	 69.66000
153.00000	 69.43000	 66.77231	 69.43000
153.20000	 69.43000	 66.88586	 69.43000
153.40000	 69.63000	 67.26168	 69.63000
153.60000	 69.86000	 67.67435	 69.86000
153.80000	 70.06000	 68.04188	 70.06000
154.00000	 70.14000	 68.24433	 70.14000
154.20000	 69.85000	 67.95561	 69.85000
154.40000	 69.54000	 67.63553	 69.54000
154.60000	 69.26000	 67.35310	 69.26000
154.80000	 69.12000	 67.25443	 69.12000
155.00000	 69.26000	 67.52235	 69.26000
155.20000	 69.48000	 67.89347	 69.48000
155.40000	 69.77000	 68.35112	 69.77000
155.60000	 70.05000	 68.78726	 70.05000
155.80000	 70.33000	 69.21182	 70.33000
156.00000	 70.63000	 69.64835	 70.63000
156.20000	 70.92000	 70.05563	 70.92000
156.40000	 71.26000	 70.51020	 71.26000
156.60000	 71.59000	 70.93225	 71.59000
156.80000	 71.85000	 71.24257	 71.85000
157.00000	 72.02000	 71.41533	 72.02000
157.20000	 71.90000	 71.19179	 71.90000
157.40000	 71.68000	 70.82452	 71.68000
157.60000	 71.45000	 70.43654	 71.45000
157.80000	 71.29000	 70.13715	 71.29000
158.00000	 71.37000	 70.15106	 71.37000
158.20000	 71.55000	 70.29590	 71.55000
158.40000	 71.80000	 70.53114	 71.80000
158.60000	 72.16000	 70.90671	 72.16000
158.80000	 72.60000	 71.38037	 72.60000
159.00000	 73.03000	 71.83134	 73.03000
159.20000	 73.43000	 72.23072	 73.43000
159.40000	 73.59000	 72.30337	 73.59000
159.60000	 73.67000	 72.25919	 73.67000
159.80000	 73.71000	 72.15287	 73.71000
160.00000	 73.76000	 72.05230	 73.76000
160.20000	 73.97000	 72.15503	 73.97000
160.40000	 74.15000	 72.21373	 74.15000
160.60000	 74.26000	 72.17673	 74.26000
160.80000	 74.21000	 71.92822	 74.21000
161.00000	 73.87000	 71.30220	 73.87000
161.20000	 73.48000	 70.61747	 73.48000
161.40000	 73.08000	 69.93211	 73.08000
161.60000	 72.89000	 69.53750	 72.89000
161.80000	 72.87000	 69.38293	 72.87000
162.00000	 72.89000	 69.29791	 72.89000
162.20000	 72.90000	 69.21560	 72.90000
162.40000	 72.84000	 69.05634	 72.84000
162.60000	 72.56000	 68.62438	 72.56000
162.80000	 72.20000	 68.10414	 72.20000
163.00000	 71.79000	 67.53741	 71.79000
163.20000	 71.32000	 66.91393	 71.32000
163.40000	 70.76000	 66.19753	 70.76000
163.60000	 70.16000	 65.45657	 70.16000
163.80000	 69.57000	 64.75913	 69.57000
164.00000	 69.02000	 64.14633	 69.02000
164.20000	 68.59000	 63.72311	 68.59000
164.40000	 68.48000	 63.74856	 68.48000
164.60000	 68.45000	 63.90482	 68.45000
164.80000	 68.45000	 64.12082	 68.45000
165.00000	 68.45000	 64.35185	 68.45000
165.20000	 68.41000	 64.54093	 68.41000
165.40000	 68.06000	 64.33293	 68.06000
165.60000	 67.68000	 64.09304	 67.68000
165.80000	 67.32000	 63.88731	 67.32000
166.00000	 67.01000	 63.75526	 67.01000
166.20000	 66.89000	 63.87874	 66.89000
166.40000	 66.86000	 64.12477	 66.86000
166.60000	 66.89000	 64.45068	 66.89000
166.80000	 66.97000	 64.83961	 66.97000
167.00000	 67.09000	 65.27466	 67.09000
167.20000	 67.23000	 65.72611	 67.23000
167.40000	 67.38000	 66.17765	 67.38000
167.60000	 67.52000	 66.60051	 67.52000
167.80000	 67.63000	 66.96666	 67.63000
168.00000	 67.74000	 67.31403	 67.74000
168.20000	 67.84000	 67.62887	 67.84000
168.40000	 68.01000	 68.01505	 68.01000
168.60000	 68.20000	 68.40657	 68.20000
168.80000	 68.33000	 68.69852	 68.33000
169.00000	 68.37000	 68.85220	 68.37000
169.20000	 68.08000	 68.55698	 68.08000
169.40000	 67.65000	 68.06603	 67.65000
169.60000	 67.19000	 67.52948	 67.19000
169.80000	 66.75000	 67.01870	 66.75000
170.00000	 66.80000	 67.15044	 66.80000
170.20000	 66.98000	 67.45403	 66.98000
170.40000	 67.23000	 67.84786	 67.23000
170.60000	 67.51000	 68.27600	 67.51000
170.80000	 67.80000	 68.70885	 67.80000
171.00000	 68.04000	 69.06523	 68.04000
171.20000	 67.99000	 69.03102	 67.99000
171.40000	 67.83000	 68.84285	 67.83000
171.60000	 67.63000	 68.59539	 67.63000
171.80000	 67.41000	 68.31825	 67.41000
172.00000	 67.17000	 68.01477	 67.17000
172.20000	 66.95000	 67.74007	 66.95000
172.40000	 66.74000	 67.48343	 66.74000
172.60000	 66.55000	 67.25960	 66.55000
172.80000	 66.38000	 67.06973	 66.38000
173.00000	 66.31000	 67.01852	 66.31000
173.20000	 66.28000	 67.02703	 66.28000
173.40000	 66.26000	 67.05485	 66.26000
173.60000	 66.25000	 67.10066	 66.25000
173.80000	 66.22000	 67.12410	 66.22000
174.00000	 66.18000	 67.13732	 66.18000
174.20000	 66.11000	 67.11363	 66.11000
174.40000	 65.99000	 67.02683	 65.99000
174.60000	 65.81000	 66.86439	 65.81000
174.80000	 65.52000	 66.56239	 65.52000
175.00000	 65.19000	 66.21429	 65.19000
175.20000	 64.85000	 65.86158	 64.85000
175.40000	 64.53000	 65.54538	 64.53000
175.60000	 64.25000	 65.29312	 64.25000
175.80000	 63.99000	 65.07927	 63.99000
176.00000	 63.76000	 64.91690	 63.76000
176.20000	 63.56000	 64.80550	 63.56000
176.40000	 63.46000	 64.83524	 63.46000
176.60000	 63.39000	 64.91281	 63.39000
176.80000	 63.33000	 65.00984	 63.33000
177.00000	 63.26000	 65.09811	 63.26000
177.20000	 63.16000	 65.14984	 63.16000
177.40000	 62.91000	 65.00776	 62.91000
177.60000	 62.58000	 64.76395	 62.58000
177.80000	 62.24000	 64.51137	 62.24000
178.00000	 61.90000	 64.26466	 61.90000
178.20000	 61.60000	 64.07720	 61.60000
178.40000	 61.40000	 64.02759	 61.40000
178.60000	 61.24000	 64.03677	 61.24000
178.80000	 61.14000	 64.12939	 61.14000
179.00000	 61.08000	 64.27740	 61.08000
179.20000	 61.17000	 64.62171	 61.17000
179.40000	 61.33000	 65.05433	 61.33000
179.60000	 61.50000	 65.49308	 61.50000
179.80000	 61.65000	 65.89536	 61.65000
180.00000	 61.74000	 66.20654	 61.74000
180.20000	 61.55000	 66.13904	 61.55000
180.40000	 61.31000	 65.99492	 61.31000
180.60000	 61.10000	 65.88136	 61.10000
180.80000	 60.95000	 65.83969	 60.95000
181.00000	 61.13000	 66.22254	 61.13000
181.20000	 61.43000	 66.75339	 61.43000
181.40000	 61.73000	 67.27192	 61.73000
181.60000	 61.94000	 67.65763	 61.94000
181.80000	 61.77000	 67.53162	 61.77000
182.00000	 61.52000	 67.28817	 61.52000
182.20000	 61.24000	 66.99681	 61.24000
182.40000	 61.05000	 66.81792	 61.05000
182.60000	 61.12000	 66.97519	 61.12000
182.80000	 61.25000	 67.20704	 61.25000
183.00000	 61.44000	 67.51164	 61.44000
183.20000	 61.64000	 67.82167	 61.64000
183.40000	 61.86000	 68.14819	 61.86000
183.60000	 61.99000	 68.34625	 61.99000
183.80000	 61.98000	 68.35056	 61.98000
184.00000	 61.96000	 68.33206	 61.96000
184.20000	 61.96000	 68.33153	 61.96000
184.40000	 61.98000	 68.35023	 61.98000
184.60000	 62.05000	 68.42812	 62.05000
184.80000	 62.27000	 68.69549	 62.27000
185.00000	 62.51000	 68.98142	 62.51000
185.20000	 62.74000	 69.24523	 62.74000
185.40000	 62.97000	 69.49877	 62.97000
185.60000	 63.08000	 69.58502	 63.08000
185.80000	 63.17000	 69.63509	 63.17000
186.00000	 63.26000	 69.67617	 63.26000
186.20000	 63.37000	 69.73539	 63.37000
186.40000	 63.57000	 69.90459	 63.57000
186.60000	 63.78000	 70.07921	 63.78000
186.80000	 64.00000	 70.25882	 64.00000
187.00000	 64.22000	 70.42998	 64.22000
187.20000	 64.42000	 70.56644	 64.42000
187.40000	 64.59000	 70.65531	 64.59000
187.60000	 64.74000	 70.71023	 64.74000
187.80000	 64.86000	 70.71904	 64.86000
188.00000	 64.95000	 70.68293	 64.95000
188.20000	 64.99000	 70.57733	 64.99000
188.40000	 65.00000	 70.43019	 65.00000
188.60000	 64.98000	 70.24355	 64.98000
188.80000	 64.92000	 70.00652	 64.92000
189.00000	 64.80000	 69.69533	 64.80000
189.20000	 64.65000	 69.35169	 64.65000
189.40000	 64.48000	 68.99116	 64.48000
189.60000	 64.33000	 68.66811	 64.33000
189.80000	 64.26000	 68.46216	 64.26000
190.00000	 64.33000	 68.45155	 64.33000
190.20000	 64.43000	 68.49126	 64.43000
190.40000	 64.55000	 68.56619	 64.55000
190.60000	 64.65000	 68.62218	 64.65000
190.80000	 64.72000	 68.64463	 64.72000
191.00000	 64.60000	 68.42428	 64.60000
191.20000	 64.48000	 68.20998	 64.48000
191.40000	 64.36000	 68.00296	 64.36000
191.60000	 64.28000	 67.85626	 64.28000
191.80000	 64.28000	 67.82213	 64.28000
192.00000	 64.38000	 67.92566	 64.38000
192.20000	 64.53000	 68.09957	 64.53000
192.40000	 64.71000	 68.31529	 64.71000
192.60000	 64.89000	 68.53121	 64.89000
192.80000	 65.08000	 68.75818	 65.08000
193.00000	 65.29000	 69.00728	 65.29000
193.20000	 65.53000	 69.28969	 65.53000
193.40000	 65.85000	 69.66860	 65.85000
193.60000	 66.23000	 70.11544	 66.23000
193.80000	 66.62000	 70.56235	 66.62000
194.00000	 67.00000	 70.98094	 67.00000
194.20000	 67.34000	 71.33051	 67.34000
194.40000	 67.58000	 71.53227	 67.58000
194.60000	 67.82000	 71.71725	 67.82000
194.80000	 68.06000	 71.88641	 68.06000
195.00000	 68.35000	 72.10578	 68.35000
195.20000	 68.71000	 72.40172	 68.71000
195.40000	 69.06000	 72.66966	 69.06000
195.60000	 69.38000	 72.88347	 69.38000
195.80000	 69.63000	 72.99157	 69.63000
196.00000	 69.81000	 72.99542	 69.81000
196.20000	 69.93000	 72.91034	 69.93000
196.40000	 69.98000	 72.72614	 69.98000
196.60000	 69.90000	 72.36811	 69.90000
196.80000	 69.77000	 71.94496	 69.77000
197.00000	 69.61000	 71.48721	 69.61000
197.20000	 69.46000	 71.05107	 69.46000
197.40000	 69.42000	 70.76994	 69.42000
197.60000	 69.60000	 70.78815	 69.60000
197.80000	 69.79000	 70.83042	 69.79000
198.00000	 69.97000	 70.86877	 69.97000
198.20000	 70.10000	 70.84955	 70.10000
198.40000	 70.15000	 70.73292	 70.15000
198.60000	 69.94000	 70.28495	 69.94000
198.80000	 69.53000	 69.58727	 69.53000
199.00000	 69.06000	 68.82754	 69.06000
199.20000	 68.57000	 68.06303	 68.57000
199.40000	 68.09000	 67.33719	 68.09000
199.60000	 67.68000	 66.73141	 67.68000
199.80000	 67.30000	 66.19518	 67.30000
200.00000	 66.98000	 65.76812	 66.98000
200.20000	 66.71000	 65.43657	 66.71000
200.40000	 66.65000	 65.40724	 66.65000
200.60000	 66.67000	 65.50662	 66.67000
200.80000	 66.70000	 65.63866	 66.70000
201.00000	 66.69000	 65.73375	 66.69000
201.20000	 66.61000	 65.74941	 66.61000
201.40000	 66.19000	 65.33212	 66.19000
201.60000	 65.71000	 64.84879	 65.71000
201.80000	 65.22000	 64.36725	 65.22000
202.00000	 64.76000	 63.94186	 64.76000
202.20000	 64.55000	 63.86026	 64.55000
202.40000	 64.39000	 63.85988	 64.39000
202.60000	 64.19000	 63.82080	 64.19000
202.80000	 63.87000	 63.63694	 63.87000
203.00000	 63.27000	 63.09987	 63.27000
203.20000	 62.63000	 62.52523	 62.63000
203.40000	 61.99000	 61.96824	 61.99000
203.60000	 61.54000	 61.67863	 61.54000
203.80000	 61.47000	 61.90306	 61.47000
204.00000	 61.51000	 62.28448	 61.51000
204.20000	 61.61000	 62.75146	 61.61000
204.40000	 61.72000	 63.23272	 61.72000
204.60000	 61.81000	 63.68384	 61.81000
204.80000	 61.63000	 63.77526	 61.63000
205.00000	 61.32000	 63.68921	 61.32000
205.20000	 60.98000	 63.55764	 60.98000
205.40000	 60.64000	 63.42159	 60.64000
205.60000	 60.31000	 63.29581	 60.31000
205.80000	 60.07000	 63.28574	 60.07000
206.00000	 59.87000	 63.32632	 59.87000
206.20000	 59.71000	 63.41702	 59.71000
206.40000	 59.59000	 63.55692	 59.59000
206.60000	 59.54000	 63.78378	 59.54000
206.80000	 59.55000	 64.08266	 59.55000
207.00000	 59.59000	 64.41218	 59.59000
207.20000	 59.67000	 64.78309	 59.67000
207.40000	 59.79000	 65.19307	 59.79000
207.60000	 59.93000	 65.61377	 59.93000
207.80000	 60.09000	 66.04316	 60.09000
208.00000	 60.22000	 66.41438	 60.22000
208.20000	 60.31000	 66.71350	 60.31000
208.40000	 60.26000	 66.81036	 60.26000
208.60000	 60.22000	 66.90220	 60.22000
208.80000	 60.22000	 67.02983	 60.22000
209.00000	 60.34000	 67.29852	 60.34000
209.20000	 60.69000	 67.85101	 60.69000
209.40000	 61.08000	 68.43686	 61.08000
209.60000	 61.46000	 68.98803	 61.46000
209.80000	 61.68000	 69.30716	 61.68000
210.00000	 61.73000	 69.38178	 61.73000
210.20000	 61.74000	 69.38400	 61.74000
210.40000	 61.74000	 69.35606	 61.74000
210.60000	 61.84000	 69.44412	 61.84000
210.80000	 62.02000	 69.62358	 62.02000
211.00000	 62.23000	 69.82962	 62.23000
211.20000	 62.46000	 70.04923	 62.46000
211.40000	 62.69000	 70.25625	 62.69000
211.60000	 62.88000	 70.39863	 62.88000
211.80000	 63.06000	 70.51611	 63.06000
212.00000	 63.24000	 70.62254	 63.24000
212.20000	 63.40000	 70.69272	 63.40000
212.40000	 63.54000	 70.72770	 63.54000
212.60000	 63.67000	 70.74177	 63.67000
212.80000	 63.77000	 70.71018	 63.77000
213.00000	 63.87000	 70.67350	 63.87000
213.20000	 63.96000	 70.62008	 63.96000
213.40000	 64.05000	 70.56425	 64.05000
213.60000	 64.14000	 70.50713	 64.14000
213.80000	 64.23000	 70.44968	 64.23000
214.00000	 64.32000	 70.39273	 64.32000
214.20000	 64.42000	 70.34998	 64.42000
214.40000	 64.54000	 70.33486	 64.54000
214.60000	 64.66000	 70.32144	 64.66000
214.80000	 64.77000	 70.29675	 64.77000
215.00000	 64.87000	 70.26096	 64.87000
215.20000	 64.93000	 70.17525	 64.93000
215.40000	 64.96000	 70.05335	 64.96000
215.60000	 64.97000	 69.90920	 64.97000
215.80000	 64.95000	 69.73082	 64.95000
216.00000	 64.91000	 69.53239	 64.91000
216.20000	 64.80000	 69.25006	 64.80000
216.40000	 64.66000	 68.93770	 64.66000
216.60000	 64.53000	 68.64922	 64.53000
216.80000	 64.44000	 68.42494	 64.44000
217.00000	 64.47000	 68.36942	 64.47000
217.20000	 64.65000	 68.52037	 64.65000
217.40000	 64.89000	 68.75747	 64.89000
217.60000	 65.15000	 69.02511	 65.15000
217.80000	 65.41000	 69.29397	 65.41000
218.00000	 65.63000	 69.50918	 65.63000
218.20000	 65.70000	 69.52578	 65.70000
218.40000	 65.77000	 69.53943	 65.77000
218.60000	 65.85000	 69.56356	 65.85000
218.80000	 65.96000	 69.62444	 65.96000
219.00000	 66.14000	 69.77399	 66.14000
219.20000	 66.39000	 70.01118	 66.39000
219.40000	 66.71000	 70.33430	 66.71000
219.60000	 67.09000	 70.72803	 67.09000
219.80000	 67.59000	 71.26781	 67.59000
220.00000	 68.16000	 71.88492	 68.16000
220.20000	 68.77000	 72.53647	 68.77000
220.40000	 69.41000	 73.20589	 69.41000
220.60000	 70.01000	 73.79893	 70.01000
220.80000	 70.61000	 74.36578	 70.61000
221.00000	 71.19000	 74.87913	 71.19000
221.20000	 71.76000	 75.35148	 71.76000
221.40000	 72.27000	 75.71777	 72.27000
221.60000	 72.74000	 76.00512	 72.74000
221.80000	 73.19000	 76.24129	 73.19000
222.00000	 73.62000	 76.42829	 73.62000
222.20000	 74.04000	 76.58134	 74.04000
222.40000	 74.51000	 76.78074	 74.51000
222.60000	 74.94000	 76.91078	 74.94000
222.80000	 75.34000	 76.98638	 75.34000
223.00000	 75.67000	 76.95767	 75.67000
223.20000	 75.82000	 76.68437	 75.82000
223.40000	 75.92000	 76.34053	 75.92000
223.60000	 76.02000	 75.99605	 76.02000
223.80000	 76.13000	 75.66800	 76.13000
224.00000	 76.53000	 75.72403	 76.53000
224.20000	 77.05000	 75.94180	 77.05000
224.40000	 77.59000	 76.18864	 77.59000
224.60000	 78.10000	 76.39703	 78.10000
224.80000	 78.54000	 76.51325	 78.54000
225.00000	 78.78000	 76.36763	 78.78000
225.20000	 78.62000	 75.70209	 78.62000
225.40000	 78.42000	 74.99218	 78.42000
225.60000	 78.24000	 74.32236	 78.24000
225.80000	 78.15000	 73.78867	 78.15000
226.00000	 78.38000	 73.69320	 78.38000
226.20000	 78.71000	 73.74761	 78.71000
226.40000	 79.10000	 73.89660	 79.10000
226.60000	 79.53000	 74.11044	 79.53000
226.80000	 79.95000	 74.32029	 79.95000
227.00000	 80.37000	 74.53602	 80.37000
227.20000	 80.79000	 74.75493	 80.79000
227.40000	 81.17000	 74.92262	 81.17000
227.60000	 81.48000	 74.99862	 81.48000
227.80000	 81.75000	 75.02167	 81.75000
228.00000	 81.98000	 74.99204	 81.98000
228.20000	 82.17000	 74.91048	 82.17000
228.40000	 82.28000	 74.72611	 82.28000
228.60000	 82.35000	 74.49298	 82.35000
228.80000	 82.41000	 74.25228	 82.41000
229.00000	 82.45000	 73.99290	 82.45000
229.20000	 82.61000	 73.89881	 82.61000
229.40000	 82.73000	 73.76162	 82.73000
229.60000	 82.78000	 73.54256	 82.78000
229.80000	 82.70000	 73.16459	 82.70000
230.00000	 82.27000	 72.34384	 82.27000
230.20000	 81.74000	 71.41215	 81.74000
230.40000	 81.17000	 70.45411	 81.17000
230.60000	 80.60000	 69.52753	 80.60000
230.80000	 80.36000	 69.06634	 80.36000
231.00000	 80.30000	 68.87443	 80.30000
231.20000	 80.29000	 68.77913	 80.29000
231.40000	 80.30000	 68.73744	 80.30000
231.60000	 80.30000	 68.70646	 80.30000
231.80000	 80.24000	 68.61770	 80.24000
232.00000	 79.92000	 68.20857	 79.92000
232.20000	 79.55000	 67.75361	 79.55000
232.40000	 79.17000	 67.30634	 79.17000
232.60000	 78.79000	 66.88090	 78.79000
232.80000	 78.45000	 66.53008	 78.45000
233.00000	 78.14000	 66.24070	 78.14000
233.20000	 77.87000	 66.02500	 77.87000
233.40000	 77.67000	 65.92059	 77.67000
233.60000	 77.61000	 66.01627	 77.61000
233.80000	 77.62000	 66.21696	 77.62000
234.00000	 77.66000	 66.46620	 77.66000
234.20000	 77.70000	 66.72075	 77.70000
234.40000	 77.64000	 66.84685	 77.64000
234.60000	 77.54000	 66.92084	 77.54000
234.80000	 77.43000	 66.98082	 77.43000
235.00000	 77.32000	 67.03912	 77.32000
235.20000	 77.28000	 67.18631	 77.28000
235.40000	 77.29000	 67.39502	 77.29000
235.60000	 77.27000	 67.55940	 77.27000
235.80000	 77.19000	 67.63939	 77.19000
236.00000	 76.99000	 67.55690	 76.99000
236.20000	 76.52000	 67.11834	 76.52000
236.40000	 75.99000	 66.60193	 75.99000
236.60000	 75.44000	 66.06464	 75.44000
236.80000	 74.92000	 65.57590	 74.92000
237.00000	 74.59000	 65.34709	 74.59000
237.20000	 74.28000	 65.15704	 74.28000
237.40000	 73.97000	 64.97936	 73.97000
237.60000	 73.59000	 64.72253	 73.59000
237.80000	 73.06000	 64.28284	 73.06000
238.00000	 72.51000	 63.83163	 72.51000
238.20000	 71.96000	 63.39685	 71.96000
238.40000	 71.44000	 63.01897	 71.44000
238.60000	 71.11000	 62.90684	 71.11000
238.80000	 70.90000	 62.96719	 70.90000
239.00000	 70.73000	 63.09239	 70.73000
239.20000	 70.59000	 63.26575	 70.59000
239.40000	 70.46000	 63.45768	 70.46000
239.60000	 70.31000	 63.62596	 70.31000
239.80000	 69.97000	 63.54688	 69.97000
240.00000	 69.64000	 63.48113	 69.64000
240.20000	 69.33000	 63.44193	 69.33000
240.40000	 69.07000	 63.46822	 69.07000
240.60000	 68.93000	 63.65037	 68.93000
240.80000	 68.90000	 63.97320	 68.90000
241.00000	 68.92000	 64.35538	 68.92000
241.20000	 68.96000	 64.75459	 68.96000
241.40000	 68.98000	 65.11580	 68.98000
241.60000	 69.00000	 65.46297	 69.00000
241.80000	 69.03000	 65.80752	 69.03000
242.00000	 69.05000	 66.12210	 69.05000
242.20000	 69.07000	 66.41896	 69.07000
242.40000	 69.08000	 66.68461	 69.08000
242.60000	 69.08000	 66.91900	 69.08000
242.80000	 69.08000	 67.13543	 69.08000
243.00000	 69.09000	 67.34734	 69.09000
243.20000	 69.10000	 67.54217	 69.10000
243.40000	 69.07000	 67.66840	 69.07000
243.60000	 69.00000	 67.72721	 69.00000
243.80000	 68.81000	 67.61616	 68.81000
244.00000	 68.54000	 67.39041	 68.54000
244.20000	 68.25000	 67.13185	 68.25000
244.40000	 67.93000	 66.83096	 67.93000
244.60000	 67.67000	 66.60828	 67.67000
244.80000	 67.42000	 66.40080	 67.42000
245.00000	 67.19000	 66.22314	 67.19000
245.20000	 66.97000	 66.06330	 66.97000
245.40000	 66.78000	 65.94803	 66.78000
245.60000	 66.64000	 65.90347	 66.64000
245.80000	 66.51000	 65.87698	 66.51000
246.00000	 66.40000	 65.88087	 66.40000
246.20000	 66.29000	 65.88823	 66.29000
246.40000	 66.19000	 65.91128	 66.19000
246.60000	 66.06000	 65.89714	 66.06000
246.80000	 65.90000	 65.84549	 65.90000
247.00000	 65.75000	 65.80850	 65.75000
247.20000	 65.59000	 65.76005	 65.59000
247.40000	 65.44000	 65.72625	 65.44000
247.60000	 65.31000	 65.72000	 65.31000
247.80000	 65.22000	 65.76697	 65.22000
248.00000	 65.12000	 65.80127	 65.12000
248.20000	 65.01000	 65.82231	 65.01000
248.40000	 64.88000	 65.81673	 64.88000
248.60000	 64.66000	 65.69338	 64.66000
248.80000	 64.44000	 65.57056	 64.44000
249.00000	 64.26000	 65.50128	 64.26000
249.20000	 64.17000	 65.55088	 64.17000
249.40000	 64.26000	 65.83554	 64.26000
249.60000	 64.38000	 66.15689	 64.38000
249.80000	 64.52000	 66.49890	 64.52000
250.00000	 64.64000	 66.80677	 64.64000
250.20000	 64.59000	 66.88334	 64.59000
250.40000	 64.50000	 66.89845	 64.50000
250.60000	 64.37000	 66.85330	 64.37000
250.80000	 64.22000	 66.77551	 64.22000
251.00000	 64.12000	 66.75789	 64.12000
251.20000	 64.09000	 66.82727	 64.09000
251.40000	 64.01000	 66.82733	 64.01000
251.60000	 63.84000	 66.70657	 63.84000
251.80000	 63.50000	 66.36255	 63.50000
252.00000	 62.85000	 65.61670	 62.85000
252.20000	 62.15000	 64.81448	 62.15000
252.40000	 61.47000	 64.05348	 61.47000
252.60000	 61.04000	 63.63809	 61.04000
252.80000	 60.97000	 63.71224	 60.97000
253.00000	 61.02000	 63.95935	 61.02000
253.20000	 61.16000	 64.33507	 61.16000
253.40000	 61.34000	 64.76854	 61.34000
253.60000	 61.53000	 65.21528	 61.53000
253.80000	 61.51000	 65.38427	 61.51000
254.00000	 61.39000	 65.41746	 61.39000
254.20000	 61.24000	 65.40630	 61.24000
254.40000	 61.07000	 65.36456	 61.07000
254.60000	 60.90000	 65.31919	 60.90000
254.80000	 60.74000	 65.28405	 60.74000
255.00000	 60.60000	 65.27274	 60.60000
255.20000	 60.46000	 65.25950	 60.46000
255.40000	 60.32000	 65.24460	 60.32000
255.60000	 60.17000	 65.21523	 60.17000
255.80000	 59.96000	 65.10666	 59.96000
256.00000	 59.77000	 65.02410	 59.77000
256.20000	 59.62000	 64.99419	 59.62000
256.40000	 59.52000	 65.03000	 59.52000
256.60000	 59.65000	 65.36511	 59.65000
256.80000	 59.83000	 65.76177	 59.83000
257.00000	 60.02000	 66.16432	 60.02000
257.20000	 60.21000	 66.55670	 60.21000
257.40000	 60.26000	 66.75424	 60.26000
257.60000	 60.22000	 66.82189	 60.22000
257.80000	 60.16000	 66.85196	 60.16000
258.00000	 60.10000	 66.87188	 60.10000
258.20000	 60.12000	 66.98705	 60.12000
258.40000	 60.19000	 67.15859	 60.19000
258.60000	 60.27000	 67.33402	 60.27000
258.80000	 60.34000	 67.48691	 60.34000
259.00000	 60.34000	 67.53910	 60.34000
259.20000	 60.32000	 67.55660	 60.32000
259.40000	 60.30000	 67.56657	 60.30000
259.60000	 60.32000	 67.62212	 60.32000
259.80000	 60.45000	 67.81479	 60.45000
260.00000	 60.61000	 68.03948	 60.61000
260.20000	 60.78000	 68.26899	 60.78000
260.40000	 60.95000	 68.48932	 60.95000
260.60000	 61.06000	 68.62163	 61.06000
260.80000	 61.13000	 68.69221	 61.13000
261.00000	 61.16000	 68.70191	 61.16000
261.20000	 61.16000	 68.66507	 61.16000
261.40000	 61.10000	 68.54424	 61.10000
261.60000	 60.94000	 68.28955	 60.94000
261.80000	 60.77000	 68.02130	 60.77000
262.00000	 60.63000	 67.79437	 60.63000
262.20000	 60.60000	 67.71482	 60.60000
262.40000	 60.78000	 67.91296	 60.78000
262.60000	 60.97000	 68.12588	 60.97000
262.80000	 61.10000	 68.26012	 61.10000
263.00000	 60.99000	 68.08022	 60.99000
263.20000	 60.60000	 67.53623	 60.60000
263.40000	 60.14000	 66.90688	 60.14000
263.60000	 59.69000	 66.30168	 59.69000
263.80000	 59.51000	 66.06329	 59.51000
264.00000	 59.69000	 66.30880	 59.69000
264.20000	 59.95000	 66.66891	 59.95000
264.40000	 60.24000	 67.07328	 60.24000
264.60000	 60.48000	 67.41291	 60.48000
264.80000	 60.59000	 67.58022	 60.59000
265.00000	 60.27000	 67.18359	 60.27000
265.20000	 59.92000	 66.74819	 59.92000
265.40000	 59.58000	 66.33037	 59.58000
265.60000	 59.34000	 66.05066	 59.34000
265.80000	 59.31000	 66.05372	 59.31000
266.00000	 59.35000	 66.15578	 59.35000
266.20000	 59.44000	 66.32848	 59.44000
266.40000	 59.55000	 66.53013	 59.55000
266.60000	 59.67000	 66.74517	 59.67000
266.80000	 59.80000	 66.97133	 59.80000
267.00000	 59.91000	 67.16755	 59.91000
267.20000	 59.99000	 67.31942	 59.99000
267.40000	 60.03000	 67.41319	 60.03000
267.60000	 60.05000	 67.47487	 60.05000
267.80000	 60.06000	 67.51777	 60.06000
268.00000	 60.06000	 67.54234	 60.06000
268.20000	 60.05000	 67.54915	 60.05000
268.40000	 60.05000	 67.56489	 60.05000
268.60000	 60.06000	 67.59003	 60.06000
268.80000	 60.18000	 67.75501	 60.18000
269.00000	 60.28000	 67.88952	 60.28000
269.20000	 60.32000	 67.94086	 60.32000
269.40000	 60.17000	 67.74013	 60.17000
269.60000	 59.76000	 67.19901	 59.76000
269.80000	 59.27000	 66.55747	 59.27000
270.00000	 58.76000	 65.89941	 58.76000
270.20000	 58.43000	 65.49018	 58.43000
270.40000	 58.40000	 65.48769	 58.40000
270.60000	 58.46000	 65.61607	 58.46000
270.80000	 58.58000	 65.83276	 58.58000
271.00000	 58.72000	 66.08186	 58.72000
271.20000	 58.86000	 66.33379	 58.86000
271.40000	 58.89000	 66.44234	 58.89000
271.60000	 58.79000	 66.38036	 58.79000
271.80000	 58.66000	 66.27876	 58.66000
272.00000	 58.50000	 66.13856	 58.50000
272.20000	 58.32000	 65.97402	 58.32000
272.40000	 58.11000	 65.77344	 58.11000
272.60000	 57.90000	 65.57729	 57.90000
272.80000	 57.68000	 65.37374	 57.68000
273.00000	 57.47000	 65.18987	 57.47000
273.20000	 57.29000	 65.05238	 57.29000
273.40000	 57.14000	 64.96139	 57.14000
273.60000	 57.01000	 64.90349	 57.01000
273.80000	 56.91000	 64.89103	 56.91000
274.00000	 56.85000	 64.93601	 56.85000
274.20000	 56.85000	 65.06303	 56.85000
274.40000	 56.85000	 65.19197	 56.85000
274.60000	 56.85000	 65.32110	 56.85000
274.80000	 56.83000	 65.42293	 56.83000
275.00000	 56.74000	 65.43143	 56.74000
275.20000	 56.63000	 65.41179	 56.63000
275.40000	 56.53000	 65.40347	 56.53000
275.60000	 56.43000	 65.39365	 56.43000
275.80000	 56.36000	 65.42158	 56.36000
276.00000	 56.30000	 65.46103	 56.30000
276.20000	 56.25000	 65.51170	 56.25000
276.40000	 56.24000	 65.61230	 56.24000
276.60000	 56.24000	 65.72298	 56.24000
276.80000	 56.25000	 65.84298	 56.25000
277.00000	 56.25000	 65.94554	 56.25000
277.20000	 56.22000	 66.00420	 56.22000
277.40000	 56.15000	 66.00601	 56.15000
277.60000	 56.06000	 65.97765	 56.06000
277.80000	 55.97000	 65.94596	 55.97000
278.00000	 55.88000	 65.91172	 55.88000
278.20000	 55.79000	 65.87555	 55.79000
278.40000	 55.71000	 65.85106	 55.71000
278.60000	 55.64000	 65.83862	 55.64000
278.80000	 55.59000	 65.85142	 55.59000
279.00000	 55.59000	 65.92841	 55.59000
279.20000	 55.61000	 66.02985	 55.61000
279.40000	 55.61000	 66.10283	 55.61000
279.60000	 55.60000	 66.15993	 55.60000
279.80000	 55.48000	 66.07083	 55.48000
280.00000	 55.34000	 65.95394	 55.34000
280.20000	 55.20000	 65.83667	 55.20000
280.40000	 55.08000	 65.74620	 55.08000
280.60000	 55.08000	 65.81338	 55.08000
280.80000	 55.13000	 65.94613	 55.13000
281.00000	 55.18000	 66.07790	 55.18000
281.20000	 55.24000	 66.22048	 55.24000
281.40000	 55.26000	 66.30764	 55.26000
281.60000	 55.21000	 66.29995	 55.21000
281.80000	 55.15000	 66.27609	 55.15000
282.00000	 55.11000	 66.27577	 55.11000
282.20000	 55.11000	 66.32538	 55.11000
282.40000	 55.18000	 66.46372	 55.18000
282.60000	 55.28000	 66.63770	 55.28000
282.80000	 55.39000	 66.82004	 55.39000
283.00000	 55.49000	 66.98357	 55.49000
283.20000	 55.57000	 67.11454	 55.57000
283.40000	 55.65000	 67.23866	 55.65000
283.60000	 55.74000	 67.36878	 55.74000
283.80000	 55.84000	 67.50469	 55.84000
284.00000	 55.97000	 67.67219	 55.97000
284.20000	 56.10000	 67.83176	 56.10000
284.40000	 56.21000	 67.95703	 56.21000
284.60000	 56.28000	 68.02205	 56.28000
284.80000	 56.30000	 68.01449	 56.30000
285.00000	 56.32000	 68.00071	 56.32000
285.20000	 56.34000	 67.98188	 56.34000
285.40000	 56.45000	 68.07615	 56.45000
285.60000	 56.65000	 68.28328	 56.65000
285.80000	 56.82000	 68.44577	 56.82000
286.00000	 56.91000	 68.49787	 56.91000
286.20000	 56.70000	 68.15382	 56.70000
286.40000	 56.31000	 67.57419	 56.31000
286.60000	 55.90000	 66.97329	 55.90000
286.80000	 55.54000	 66.44753	 55.54000
287.00000	 55.65000	 66.54722	 55.65000
287.20000	 55.93000	 66.87881	 55.93000
287.40000	 56.28000	 67.30721	 56.28000
287.60000	 56.64000	 67.74919	 56.64000
