  0.00000	 83.88000	 58.67136	 83.88000
  0.20000	 82.39000	 57.22730	 82.39000
  0.40000	 81.10000	 55.97461	 81.10000
  0.60000	 79.97000	 54.88787	 79.97000
  0.80000	 79.00000	 53.97504	 79.00000
  1.00000	 78.13000	 53.18579	 78.13000
  1.20000	 77.35000	 52.51380	 77.35000
  1.40000	 76.63000	 51.93265	 76.63000
  1.60000	 75.88000	 51.35953	 75.88000
  1.80000	 75.06000	 50.75754	 75.06000
  2.00000	 74.30000	 50.24666	 74.30000
  2.20000	 73.62000	 49.84452	 73.62000
  2.40000	 73.02000	 49.54935	 73.02000
  2.60000	 72.57000	 49.42305	 72.57000
  2.80000	 72.34000	 49.52618	 72.34000
  3.00000	 72.38000	 49.89920	 72.38000
  3.20000	 72.90000	 50.72811	 72.90000
  3.40000	 73.78000	 51.89156	 73.78000
  3.60000	 74.95000	 53.31261	 74.95000
  3.80000	 76.45000	 55.01506	 76.45000
  4.00000	 78.30000	 57.00357	 78.30000
  4.20000	 80.31000	 59.08871	 80.31000
  4.40000	 82.38000	 61.16532	 82.38000
  4.60000	 84.33000	 63.05677	 84.33000
  4.80000	 86.17000	 64.76510	 86.17000
  5.00000	 87.91000	 66.29536	 87.91000
  5.20000	 89.53000	 67.62754	 89.53000
  5.40000	 91.00000	 68.73471	 91.00000
  5.60000	 92.32000	 69.61982	 92.32000
  5.80000	 93.49000	 70.28765	 93.49000
  6.00000	 94.51000	 70.74448	 94.51000
  6.20000	 95.34000	 70.96095	 95.34000
  6.40000	 95.97000	 70.93661	 95.97000
  6.60000	 96.36000	 70.64447	 96.36000
  6.80000	 96.48000	 70.06788	 96.48000
  7.00000	 96.33000	 69.21902	 96.33000
  7.20000	 95.87000	 68.07401	 95.87000
  7.40000	 94.99000	 66.54540	 94.99000
  7.60000	 93.85000	 64.79611	 93.85000
  7.80000	 92.51000	 62.89665	 92.51000
  8.00000	 91.00000	 60.88895	 91.00000
  8.20000	 89.40000	 58.85979	 89.40000
  8.40000	 87.77000	 56.87557	 87.77000
  8.60000	 86.21000	 55.03728	 86.21000
  8.80000	 84.79000	 53.41531	 84.79000
  9.00000	 83.51000	 52.01240	 83.51000
  9.20000	 82.41000	 50.86540	 82.41000
  9.40000	 81.60000	 50.07300	 81.60000
  9.60000	 81.04000	 49.59250	 81.04000
  9.80000	 80.67000	 49.36050	 80.67000
 10.00000	 80.49000	 49.36758	 80.49000
 10.20000	 80.51000	 49.61258	 80.51000
 10.40000	 80.65000	 50.01064	 80.65000
 10.60000	 80.87000	 50.51393	 80.87000
 10.80000	 81.13000	 51.07526	 81.13000
 11.00000	 81.40000	 51.65772	 81.40000
 11.20000	 81.63000	 52.20717	 81.63000
 11.40000	 81.79000	 52.68952	 81.79000
 11.60000	 81.73000	 52.96183	 81.73000
 11.80000	 81.47000	 53.04061	 81.47000
 12.00000	 81.13000	 53.03674	 81.13000
 12.20000	 80.76000	 52.99737	 80.76000
 12.40000	 80.40000	 52.96066	 80.40000
 12.60000	 80.08000	 52.95531	 80.08000
 12.80000	 79.82000	 53.00035	 79.82000
 13.00000	 79.64000	 53.11420	 79.64000
 13.20000	 79.59000	 53.34225	 79.59000
 13.40000	 79.67000	 53.68280	 79.67000
 13.60000	 79.90000	 54.15173	 79.90000
 13.80000	 80.35000	 54.81010	 80.35000
 14.00000	 81.14000	 55.76370	 81.14000
 14.20000	 82.05000	 56.80295	 82.05000
 14.40000	 83.01000	 57.85672	 83.01000
 14.60000	 83.93000	 58.83638	 83.93000
 14.80000	 84.78000	 59.71027	 84.78000
 15.00000	 85.53000	 60.44846	 85.53000
 15.20000	 86.13000	 61.00435	 86.13000
 15.40000	 86.38000	 61.19513	 86.38000
 15.60000	 86.61000	 61.32967	 86.61000
 15.80000	 86.90000	 61.48639	 86.90000
 16.00000	 87.57000	 61.96382	 87.57000
 16.20000	 88.46000	 62.61462	 88.46000
 16.40000	 89.46000	 63.33578	 89.46000
 16.60000	 90.50000	 64.06074	 90.50000
 16.80000	 91.54000	 64.75089	 91.54000
 17.00000	 92.58000	 65.40515	 92.58000
 17.20000	 93.58000	 65.98614	 93.58000
 17.40000	 94.53000	 66.48500	 94.53000
 17.60000	 95.38000	 66.85680	 95.38000
 17.80000	 96.11000	 67.08538	 96.11000
 18.00000	 96.61000	 67.07279	 96.61000
 18.20000	 96.94000	 66.87957	 96.94000
 18.40000	 97.15000	 66.55806	 97.15000
 18.60000	 97.33000	 66.19774	 97.33000
 18.80000	 97.53000	 65.85060	 97.53000
 19.00000	 97.52000	 65.30966	 97.52000
 19.20000	 97.24000	 64.52569	 97.24000
 19.40000	 96.31000	 63.15615	 96.31000
 19.60000	 95.05000	 61.50795	 95.05000
 19.80000	 93.55000	 59.67699	 93.55000
 20.00000	 91.90000	 57.75886	 91.90000
 20.20000	 90.18000	 55.83878	 90.18000
 20.40000	 88.44000	 53.97245	 88.44000
 20.60000	 86.72000	 52.20423	 86.72000
 20.80000	 85.15000	 50.65912	 85.15000
 21.00000	 83.74000	 49.34844	 83.74000
 21.20000	 82.49000	 48.27154	 82.49000
 21.40000	 81.40000	 47.42542	 81.40000
 21.60000	 80.58000	 46.90651	 80.58000
 21.80000	 79.97000	 46.65206	 79.97000
 22.00000	 79.53000	 46.61621	 79.53000
 22.20000	 79.24000	 46.77068	 79.24000
 22.40000	 79.08000	 47.08683	 79.08000
 22.60000	 79.05000	 47.55435	 79.05000
 22.80000	 79.14000	 48.15384	 79.14000
 23.00000	 79.35000	 48.87536	 79.35000
 23.20000	 79.66000	 49.69090	 79.66000
 23.40000	 80.11000	 50.62827	 80.11000
 23.60000	 80.69000	 51.66947	 80.69000
 23.80000	 81.53000	 52.92582	 81.53000
 24.00000	 82.47000	 54.24070	 82.47000
 24.20000	 83.45000	 55.55056	 83.45000
 24.40000	 84.28000	 56.67345	 84.28000
 24.60000	 84.98000	 57.62392	 84.98000
 24.80000	 85.70000	 58.53864	 85.70000
 25.00000	 86.56000	 59.52730	 86.56000
 25.20000	 87.68000	 60.69905	 87.68000
 25.40000	 88.86000	 61.86673	 88.86000
 25.60000	 90.05000	 62.98191	 90.05000
 25.80000	 91.14000	 63.94187	 91.14000
 26.00000	 92.18000	 64.79310	 92.18000
 26.20000	 93.15000	 65.51871	 93.15000
 26.40000	 94.02000	 66.09367	 94.02000
 26.60000	 94.80000	 66.53094	 94.80000
 26.80000	 95.45000	 66.79828	 95.45000
 27.00000	 96.01000	 66.93817	 96.01000
 27.20000	 96.44000	 66.91981	 96.44000
 27.40000	 96.68000	 66.69465	 96.68000
 27.60000	 96.66000	 66.20596	 96.66000
 27.80000	 96.14000	 65.24187	 96.14000
 28.00000	 95.37000	 64.04514	 95.37000
 28.20000	 94.43000	 62.70232	 94.43000
 28.40000	 93.46000	 61.35463	 93.46000
 28.60000	 92.51000	 60.05848	 92.51000
 28.80000	 91.52000	 58.76676	 91.52000
 29.00000	 90.48000	 57.47704	 90.48000
 29.20000	 89.36000	 56.16733	 89.36000
 29.40000	 88.19000	 54.87016	 88.19000
 29.60000	 87.03000	 53.64471	 87.03000
 29.80000	 85.88000	 52.49353	 85.88000
 30.00000	 84.76000	 51.43633	 84.76000
 30.20000	 83.72000	 50.51927	 83.72000
 30.40000	 82.79000	 49.76859	 82.79000
 30.60000	 81.98000	 49.19061	 81.98000
 30.80000	 81.30000	 48.79030	 81.30000
 31.00000	 80.85000	 48.65436	 80.85000
 31.20000	 80.70000	 48.84005	 80.70000
 31.40000	 81.09000	 49.55907	 81.09000
 31.60000	 81.83000	 50.62317	 81.83000
 31.80000	 82.81000	 51.91641	 82.81000
 32.00000	 83.93000	 53.33207	 83.93000
 32.20000	 85.11000	 54.78294	 85.11000
 32.40000	 86.39000	 56.29417	 86.39000
 32.60000	 87.71000	 57.80006	 87.71000
 32.80000	 89.07000	 59.29194	 89.07000
 33.00000	 90.42000	 60.71663	 90.42000
 33.20000	 91.72000	 62.03204	 91.72000
 33.40000	 92.99000	 63.25332	 92.99000
 33.60000	 94.14000	 64.29583	 94.14000
 33.80000	 95.09000	 65.08627	 95.09000
 34.00000	 95.66000	 65.46176	 95.66000
 34.20000	 95.84000	 65.41975	 95.84000
 34.40000	 95.79000	 65.11748	 95.79000
 34.60000	 95.58000	 64.63037	 95.58000
 34.80000	 95.31000	 64.06163	 95.31000
 35.00000	 94.94000	 63.38460	 94.94000
 35.20000	 94.49000	 62.62738	 94.49000
 35.40000	 93.98000	 61.81736	 93.98000
 35.60000	 93.41000	 60.96259	 93.41000
 35.80000	 92.81000	 60.09795	 92.81000
 36.00000	 92.19000	 59.23880	 92.19000
 36.20000	 91.56000	 58.39947	 91.56000
 36.40000	 90.93000	 57.59324	 90.93000
 36.60000	 90.31000	 56.83239	 90.31000
 36.80000	 89.72000	 56.13743	 89.72000
 37.00000	 89.18000	 55.52784	 89.18000
 37.20000	 88.65000	 54.96678	 88.65000
 37.40000	 88.13000	 54.45370	 88.13000
 37.60000	 87.67000	 54.03369	 87.67000
 37.80000	 87.18000	 53.62208	 87.18000
 38.00000	 86.64000	 53.19881	 86.64000
 38.20000	 85.91000	 52.63361	 85.91000
 38.40000	 84.95000	 51.88995	 84.95000
 38.60000	 84.04000	 51.22772	 84.04000
 38.80000	 83.32000	 50.77672	 83.32000
 39.00000	 83.13000	 50.84869	 83.13000
 39.20000	 83.25000	 51.23449	 83.25000
 39.40000	 83.64000	 51.88866	 83.64000
 39.60000	 84.29000	 52.79203	 84.29000
 39.80000	 85.17000	 53.90610	 85.17000
 40.00000	 86.15000	 55.09984	 86.15000
 40.20000	 87.15000	 56.28931	 87.15000
 40.40000	 88.06000	 57.36460	 88.06000
 40.60000	 88.85000	 58.29203	 88.85000
 40.80000	 89.47000	 59.02196	 89.47000
 41.00000	 89.74000	 59.38758	 89.74000
 41.20000	 89.74000	 59.46544	 89.74000
 41.40000	 89.53000	 59.31609	 89.53000
 41.60000	 89.13000	 58.96475	 89.13000
 41.80000	 88.57000	 58.44678	 88.57000
 42.00000	 87.87000	 57.78881	 87.87000
 42.20000	 87.06000	 57.02681	 87.06000
 42.40000	 86.15000	 56.17801	 86.15000
 42.60000	 85.18000	 55.28691	 85.18000
 42.80000	 84.20000	 54.40641	 84.20000
 43.00000	 83.24000	 53.56975	 83.24000
 43.20000	 82.34000	 52.81807	 82.34000
 43.40000	 81.51000	 52.16330	 81.51000
 43.60000	 80.78000	 51.63436	 80.78000
 43.80000	 80.19000	 51.26789	 80.19000
 44.00000	 79.73000	 51.05285	 79.73000
 44.20000	 79.38000	 50.96772	 79.38000
 44.40000	 79.12000	 50.99015	 79.12000
 44.60000	 78.94000	 51.10653	 78.94000
 44.80000	 78.89000	 51.35824	 78.89000
 45.00000	 78.97000	 51.73998	 78.97000
 45.20000	 79.32000	 52.37494	 79.32000
 45.40000	 79.79000	 53.11756	 79.79000
 45.60000	 80.31000	 53.89607	 80.31000
 45.80000	 80.77000	 54.60264	 80.77000
 46.00000	 81.11000	 55.17728	 81.11000
 46.20000	 81.39000	 55.67262	 81.39000
 46.40000	 81.61000	 56.08724	 81.61000
 46.60000	 81.73000	 56.38395	 81.73000
 46.80000	 81.83000	 56.63735	 81.83000
 47.00000	 81.94000	 56.87630	 81.94000
 47.20000	 82.08000	 57.12043	 82.08000
 47.40000	 82.30000	 57.41676	 82.30000
 47.60000	 82.67000	 57.83013	 82.67000
 47.80000	 83.32000	 58.47941	 83.32000
 48.00000	 84.32000	 59.42604	 84.32000
 48.20000	 85.43000	 60.44342	 85.43000
 48.40000	 86.54000	 61.42491	 86.54000
 48.60000	 87.42000	 62.15457	 87.42000
 48.80000	 88.22000	 62.76969	 88.22000
 49.00000	 88.95000	 63.27995	 88.95000
 49.20000	 89.68000	 63.75128	 89.68000
 49.40000	 90.37000	 64.14851	 90.37000
 49.60000	 90.90000	 64.36328	 90.90000
 49.80000	 91.17000	 64.30718	 91.17000
 50.00000	 91.04000	 63.85710	 91.04000
 50.20000	 90.65000	 63.15088	 90.65000
 50.40000	 90.03000	 62.22621	 90.03000
 50.60000	 89.15000	 61.06610	 89.15000
 50.80000	 88.09000	 59.75557	 88.09000
 51.00000	 86.93000	 58.37932	 86.93000
 51.20000	 85.73000	 57.00251	 85.73000
 51.40000	 84.62000	 55.75319	 84.62000
 51.60000	 83.56000	 54.60020	 83.56000
 51.80000	 82.57000	 53.56571	 82.57000
 52.00000	 81.68000	 52.67927	 81.68000
 52.20000	 80.91000	 51.95940	 80.91000
 52.40000	 80.29000	 51.43207	 80.29000
 52.60000	 79.87000	 51.13996	 79.87000
 52.80000	 79.72000	 51.14232	 79.72000
 53.00000	 79.91000	 51.49622	 79.91000
 53.20000	 80.27000	 52.03528	 80.27000
 53.40000	 80.76000	 52.71255	 80.76000
 53.60000	 81.23000	 53.37992	 81.23000
 53.80000	 81.78000	 54.12125	 81.78000
 54.00000	 82.45000	 54.96570	 82.45000
 54.20000	 83.27000	 55.93339	 83.27000
 54.40000	 84.26000	 57.03523	 84.26000
 54.60000	 85.42000	 58.26356	 85.42000
 54.80000	 86.90000	 59.74888	 86.90000
 55.00000	 88.58000	 61.37167	 88.58000
 55.20000	 90.23000	 62.91118	 90.23000
 55.40000	 91.61000	 64.13975	 91.61000
 55.60000	 92.67000	 65.00893	 92.67000
 55.80000	 93.54000	 65.64013	 93.54000
 56.00000	 94.27000	 66.08325	 94.27000
 56.20000	 94.86000	 66.34345	 94.86000
 56.40000	 95.19000	 66.31643	 95.19000
 56.60000	 95.16000	 65.91825	 95.16000
 56.80000	 94.67000	 65.06741	 94.67000
 57.00000	 93.90000	 63.94322	 93.90000
 57.20000	 92.89000	 62.59663	 92.89000
 57.40000	 91.68000	 61.07859	 91.68000
 57.60000	 90.35000	 59.47636	 90.35000
 57.80000	 88.97000	 57.86664	 88.97000
 58.00000	 87.66000	 56.37033	 87.66000
 58.20000	 86.46000	 55.03178	 86.46000
 58.40000	 85.33000	 53.81885	 85.33000
 58.60000	 84.28000	 52.74337	 84.28000
 58.80000	 83.35000	 51.84298	 83.35000
 59.00000	 82.52000	 51.09808	 82.52000
 59.20000	 81.79000	 50.50608	 81.79000
 59.40000	 81.15000	 50.05398	 81.15000
 59.60000	 80.61000	 49.74635	 80.61000
 59.80000	 80.17000	 49.57778	 80.17000
 60.00000	 79.84000	 49.55148	 79.84000
 60.20000	 79.66000	 49.69780	 79.66000
 60.40000	 79.63000	 50.00950	 79.63000
 60.60000	 79.65000	 50.38667	 79.65000
 60.80000	 79.69000	 50.79445	 79.69000
 61.00000	 79.64000	 51.12512	 79.64000
 61.20000	 79.54000	 51.41090	 79.54000
 61.40000	 79.40000	 51.65753	 79.40000
 61.60000	 79.10000	 51.75198	 79.10000
 61.80000	 78.69000	 51.73970	 78.69000
 62.00000	 78.41000	 51.84234	 78.41000
 62.20000	 78.41000	 52.19742	 78.41000
 62.40000	 79.04000	 53.12427	 79.04000
 62.60000	 79.98000	 54.31986	 79.98000
 62.80000	 81.17000	 55.71927	 81.17000
 63.00000	 82.63000	 57.33082	 82.63000
 63.20000	 84.23000	 59.02416	 84.23000
 63.40000	 85.86000	 60.68829	 85.86000
 63.60000	 87.36000	 62.16802	 87.36000
 63.80000	 88.68000	 63.41264	 88.68000
 64.00000	 89.83000	 64.42985	 89.83000
 64.20000	 90.80000	 65.21153	 90.80000
 64.40000	 91.53000	 65.70574	 91.53000
 64.60000	 92.02000	 65.91824	 92.02000
 64.80000	 92.26000	 65.84753	 92.26000
 65.00000	 92.13000	 65.39246	 92.13000
 65.20000	 91.75000	 64.67535	 91.75000
 65.40000	 91.16000	 63.74562	 91.16000
 65.60000	 90.42000	 62.67126	 90.42000
 65.80000	 89.57000	 61.50130	 89.57000
 66.00000	 88.64000	 60.27455	 88.64000
 66.20000	 87.69000	 59.05626	 87.69000
 66.40000	 86.86000	 57.98368	 86.86000
 66.60000	 86.10000	 57.01623	 86.10000
 66.80000	 85.35000	 56.10217	 85.35000
 67.00000	 84.59000	 55.22547	 84.59000
 67.20000	 83.71000	 54.28638	 83.71000
 67.40000	 82.78000	 53.35128	 82.78000
 67.60000	 81.88000	 52.49539	 81.88000
 67.80000	 81.04000	 51.74675	 81.04000
 68.00000	 80.42000	 51.25198	 80.42000
 68.20000	 79.90000	 50.89731	 79.90000
 68.40000	 79.42000	 50.62329	 79.42000
 68.60000	 78.96000	 50.40713	 78.96000
 68.80000	 78.43000	 50.16161	 78.43000
 69.00000	 77.90000	 49.94786	 77.90000
 69.20000	 77.38000	 49.77190	 77.38000
 69.40000	 76.84000	 49.60300	 76.84000
 69.60000	 76.23000	 49.39240	 76.23000
 69.80000	 75.75000	 49.32244	 75.75000
 70.00000	 75.48000	 49.46380	 75.48000
 70.20000	 75.66000	 50.03291	 75.66000
 70.40000	 76.23000	 50.96627	 76.23000
 70.60000	 77.03000	 52.10596	 77.03000
 70.80000	 78.01000	 53.39498	 78.01000
 71.00000	 79.12000	 54.77659	 79.12000
 71.20000	 80.30000	 56.18563	 80.30000
 71.40000	 81.49000	 57.55828	 81.49000
 71.60000	 82.59000	 58.79562	 82.59000
 71.80000	 83.56000	 59.85650	 83.56000
 72.00000	 84.44000	 60.77594	 84.44000
 72.20000	 85.23000	 61.55391	 85.23000
 72.40000	 85.94000	 62.20105	 85.94000
 72.60000	 86.53000	 62.68309	 86.53000
 72.80000	 86.99000	 62.99469	 86.99000
 73.00000	 87.31000	 63.13166	 87.31000
 73.20000	 87.47000	 63.08160	 87.47000
 73.40000	 87.45000	 62.83305	 87.45000
 73.60000	 87.21000	 62.35708	 87.21000
 73.80000	 86.64000	 61.56129	 86.64000
 74.00000	 85.93000	 60.63143	 85.93000
 74.20000	 85.12000	 59.61474	 85.12000
 74.40000	 84.34000	 58.64057	 84.34000
 74.60000	 83.60000	 57.72579	 83.60000
 74.80000	 82.86000	 56.83936	 82.86000
 75.00000	 82.13000	 55.99510	 82.13000
 75.20000	 81.39000	 55.17797	 81.39000
 75.40000	 80.67000	 54.41818	 80.67000
 75.60000	 79.96000	 53.70806	 79.96000
 75.80000	 79.28000	 53.06678	 79.28000
 76.00000	 78.60000	 52.46661	 78.60000
 76.20000	 77.97000	 51.95309	 77.97000
 76.40000	 77.42000	 51.55247	 77.42000
 76.60000	 77.02000	 51.32693	 77.02000
 76.80000	 76.77000	 51.27273	 76.77000
 77.00000	 76.60000	 51.32050	 76.60000
 77.20000	 76.51000	 51.46507	 76.51000
 77.40000	 76.42000	 51.62741	 76.42000
 77.60000	 76.38000	 51.84888	 76.38000
 77.80000	 76.38000	 52.11570	 76.38000
 78.00000	 76.46000	 52.46043	 76.46000
 78.20000	 76.62000	 52.87866	 76.62000
 78.40000	 76.82000	 53.32911	 76.82000
 78.60000	 77.05000	 53.79850	 77.05000
 78.80000	 77.27000	 54.24640	 77.27000
 79.00000	 77.48000	 54.67000	 77.48000
 79.20000	 77.67000	 55.05800	 77.67000
 79.40000	 77.83000	 55.39980	 77.83000
 79.60000	 77.80000	 55.54731	 77.80000
 79.80000	 77.83000	 55.73220	 77.83000
 80.00000	 77.99000	 56.01977	 77.99000
 80.20000	 78.55000	 56.65839	 78.55000
 80.40000	 79.45000	 57.58904	 79.45000
 80.60000	 80.52000	 58.64908	 80.52000
 80.80000	 81.68000	 59.75845	 81.68000
 81.00000	 82.84000	 60.82845	 82.84000
 81.20000	 83.98000	 61.83618	 83.98000
 81.40000	 85.06000	 62.74173	 85.06000
 81.60000	 85.96000	 63.43304	 85.96000
 81.80000	 86.68000	 63.91100	 86.68000
 82.00000	 87.28000	 64.23384	 87.28000
 82.20000	 87.76000	 64.40562	 87.76000
 82.40000	 88.19000	 64.49582	 88.19000
 82.60000	 88.49000	 64.43579	 88.49000
 82.80000	 88.62000	 64.19446	 88.62000
 83.00000	 88.51000	 63.71407	 88.51000
 83.20000	 88.14000	 62.98423	 88.14000
 83.40000	 87.61000	 62.10635	 87.61000
 83.60000	 86.92000	 61.08971	 86.92000
 83.80000	 86.14000	 60.00799	 86.14000
 84.00000	 85.26000	 58.86036	 85.26000
 84.20000	 84.28000	 57.65450	 84.28000
 84.40000	 83.21000	 56.40662	 83.21000
 84.60000	 81.97000	 55.04933	 81.97000
 84.80000	 80.70000	 53.71789	 80.70000
 85.00000	 79.44000	 52.45417	 79.44000
 85.20000	 78.27000	 51.33535	 78.27000
 85.40000	 77.36000	 50.51942	 77.36000
 85.60000	 76.57000	 49.87554	 76.57000
 85.80000	 75.90000	 49.40032	 75.90000
 86.00000	 75.32000	 49.06153	 75.32000
 86.20000	 74.82000	 48.84466	 74.82000
 86.40000	 74.42000	 48.76243	 74.42000
 86.60000	 74.12000	 48.80861	 74.12000
 86.80000	 73.92000	 48.97666	 73.92000
 87.00000	 73.75000	 49.19533	 73.75000
 87.20000	 73.73000	 49.56895	 73.73000
 87.40000	 73.91000	 50.13675	 73.91000
 87.60000	 74.34000	 50.93711	 74.34000
 87.80000	 75.08000	 52.01653	 75.08000
 88.00000	 76.07000	 53.30954	 76.07000
 88.20000	 77.34000	 54.83311	 77.34000
 88.40000	 79.03000	 56.70493	 79.03000
 88.60000	 80.93000	 58.71865	 80.93000
 88.80000	 82.93000	 60.76071	 82.93000
 89.00000	 84.87000	 62.67319	 84.87000
 89.20000	 86.71000	 64.41178	 86.71000
 89.40000	 88.44000	 65.96279	 88.44000
 89.60000	 90.01000	 67.27836	 90.01000
 89.80000	 91.36000	 68.30415	 91.36000
 90.00000	 92.50000	 69.05314	 92.50000
 90.20000	 93.40000	 69.50372	 93.40000
 90.40000	 94.01000	 69.61797	 94.01000
 90.60000	 94.37000	 69.44302	 94.37000
 90.80000	 94.48000	 68.99048	 94.48000
 91.00000	 94.29000	 68.22687	 94.29000
 91.20000	 93.88000	 67.23965	 93.88000
 91.40000	 93.29000	 66.07949	 93.29000
 91.60000	 92.58000	 64.81503	 92.58000
 91.80000	 91.80000	 63.50464	 91.80000
 92.00000	 90.97000	 62.17754	 90.97000
 92.20000	 90.09000	 60.84294	 90.09000
 92.40000	 89.24000	 59.58235	 89.24000
 92.60000	 88.46000	 58.43838	 88.46000
 92.80000	 87.67000	 57.34099	 87.67000
 93.00000	 86.85000	 56.27430	 86.85000
 93.20000	 85.98000	 55.22167	 85.98000
 93.40000	 85.03000	 54.15673	 85.03000
 93.60000	 84.04000	 53.11747	 84.04000
 93.80000	 83.02000	 52.11374	 83.02000
 94.00000	 81.97000	 51.14564	 81.97000
 94.20000	 80.92000	 50.24048	 80.92000
 94.40000	 79.85000	 49.37885	 79.85000
 94.60000	 78.77000	 48.56863	 78.77000
 94.80000	 77.62000	 47.75286	 77.62000
 95.00000	 76.40000	 46.93010	 76.40000
 95.20000	 75.31000	 46.28338	 75.31000
 95.40000	 74.43000	 45.88355	 74.43000
 95.60000	 74.04000	 45.98364	 74.04000
 95.80000	 74.05000	 46.49156	 74.05000
 96.00000	 74.34000	 47.28494	 74.34000
 96.20000	 74.87000	 48.31410	 74.87000
 96.40000	 75.60000	 49.52900	 75.60000
 96.60000	 76.49000	 50.87985	 76.49000
 96.80000	 77.47000	 52.28990	 77.47000
 97.00000	 78.50000	 53.71143	 78.50000
 97.20000	 79.53000	 55.08915	 79.53000
 97.40000	 80.52000	 56.37890	 80.52000
 97.60000	 81.42000	 57.52943	 81.42000
 97.80000	 82.09000	 58.40883	 82.09000
 98.00000	 82.62000	 59.10030	 82.62000
 98.20000	 83.03000	 59.62446	 83.03000
 98.40000	 83.31000	 59.97567	 83.31000
 98.60000	 83.48000	 60.17714	 83.48000
 98.80000	 83.56000	 60.25289	 83.56000
 99.00000	 83.56000	 60.21813	 83.56000
 99.20000	 83.52000	 60.11590	 83.52000
 99.40000	 83.43000	 59.94292	 83.43000
 99.60000	 83.26000	 59.67728	 83.26000
 99.80000	 82.99000	 59.30632	 82.99000
100.00000	 82.63000	 58.84518	 82.63000
100.20000	 82.23000	 58.34579	 82.23000
100.40000	 81.83000	 57.85035	 81.83000
100.60000	 81.50000	 57.42781	 81.50000
100.80000	 81.18000	 57.02591	 81.18000
101.00000	 80.85000	 56.62854	 80.85000
101.20000	 80.50000	 56.22839	 80.50000
101.40000	 80.12000	 55.81787	 80.12000
101.60000	 79.70000	 55.38918	 79.70000
101.80000	 79.25000	 54.95292	 79.25000
102.00000	 78.62000	 54.37211	 78.62000
102.20000	 77.96000	 53.78737	 77.96000
102.40000	 77.39000	 53.31130	 77.39000
102.60000	 77.05000	 53.07348	 77.05000
102.80000	 77.15000	 53.26549	 77.15000
103.00000	 77.43000	 53.64192	 77.43000
103.20000	 77.83000	 54.14068	 77.83000
103.40000	 78.27000	 54.68110	 78.27000
103.60000	 78.74000	 55.24767	 78.74000
103.80000	 79.23000	 55.82561	 79.23000
104.00000	 79.73000	 56.40092	 79.73000
104.20000	 80.18000	 56.91433	 80.18000
104.40000	 80.61000	 57.39076	 80.61000
104.60000	 81.02000	 57.82829	 81.02000
104.80000	 81.44000	 58.25336	 81.44000
105.00000	 81.83000	 58.62827	 81.83000
105.20000	 82.13000	 58.89754	 82.13000
105.40000	 82.31000	 59.03446	 82.31000
105.60000	 82.31000	 58.98586	 82.31000
105.80000	 82.14000	 58.76461	 82.14000
106.00000	 81.82000	 58.39394	 81.82000
106.20000	 81.24000	 57.77808	 81.24000
106.40000	 80.46000	 56.97943	 80.46000
106.60000	 79.61000	 56.12556	 79.61000
106.80000	 78.74000	 55.26967	 78.74000
107.00000	 78.06000	 54.61121	 78.06000
107.20000	 77.42000	 54.01507	 77.42000
107.40000	 76.83000	 53.49238	 76.83000
107.60000	 76.28000	 53.03480	 76.28000
107.80000	 75.74000	 52.61474	 75.74000
108.00000	 75.25000	 52.26868	 75.25000
108.20000	 74.81000	 51.99554	 74.81000
108.40000	 74.46000	 51.83051	 74.46000
108.60000	 74.18000	 51.75266	 74.18000
108.80000	 73.98000	 51.76818	 73.98000
109.00000	 73.85000	 51.86439	 73.85000
109.20000	 73.77000	 52.01910	 73.77000
109.40000	 73.75000	 52.23776	 73.75000
109.60000	 73.81000	 52.53499	 73.81000
109.80000	 73.97000	 52.92520	 73.97000
110.00000	 74.26000	 53.43174	 74.26000
110.20000	 74.60000	 53.97613	 74.60000
110.40000	 74.99000	 54.55398	 74.99000
110.60000	 75.37000	 55.10601	 75.37000
110.80000	 75.74000	 55.62912	 75.74000
111.00000	 76.09000	 56.11178	 76.09000
111.20000	 76.32000	 56.46036	 76.32000
111.40000	 76.41000	 56.65653	 76.41000
111.60000	 76.56000	 56.88615	 76.56000
111.80000	 76.85000	 57.22396	 76.85000
112.00000	 77.57000	 57.93693	 77.57000
112.20000	 78.47000	 58.79091	 78.47000
112.40000	 79.52000	 59.75365	 79.52000
112.60000	 80.70000	 60.80175	 80.70000
112.80000	 81.95000	 61.87498	 81.95000
113.00000	 83.20000	 62.90446	 83.20000
113.20000	 84.39000	 63.83168	 84.39000
113.40000	 85.40000	 64.54447	 85.40000
113.60000	 86.31000	 65.11734	 86.31000
113.80000	 87.10000	 65.53398	 87.10000
114.00000	 87.79000	 65.81623	 87.79000
114.20000	 88.34000	 65.93149	 88.34000
114.40000	 88.73000	 65.86662	 88.73000
114.60000	 88.91000	 65.58186	 88.91000
114.80000	 88.84000	 65.04787	 88.84000
115.00000	 88.59000	 64.33798	 88.59000
115.20000	 88.17000	 63.47058	 88.17000
115.40000	 87.51000	 62.39054	 87.51000
115.60000	 86.70000	 61.19071	 86.70000
115.80000	 85.84000	 59.97278	 85.84000
116.00000	 84.99000	 58.80023	 84.99000
116.20000	 84.47000	 57.97422	 84.47000
116.40000	 83.98000	 57.22033	 83.98000
116.60000	 83.48000	 56.50253	 83.48000
116.80000	 82.89000	 55.74742	 82.89000
117.00000	 82.04000	 54.79896	 82.04000
117.20000	 81.09000	 53.80691	 81.09000
117.40000	 80.04000	 52.77361	 80.04000
117.60000	 78.92000	 51.72905	 78.92000
117.80000	 77.65000	 50.60157	 77.65000
118.00000	 76.37000	 49.52259	 76.37000
118.20000	 75.15000	 48.55814	 75.15000
118.40000	 74.04000	 47.75436	 74.04000
118.60000	 73.24000	 47.29388	 73.24000
118.80000	 72.60000	 47.03371	 72.60000
119.00000	 72.13000	 46.97692	 72.13000
119.20000	 71.83000	 47.11628	 71.83000
119.40000	 71.70000	 47.44369	 71.70000
119.60000	 71.75000	 47.95963	 71.75000
119.80000	 71.99000	 48.66408	 71.99000
120.00000	 72.43000	 49.55654	 72.43000
120.20000	 73.16000	 50.70988	 73.16000
120.40000	 74.05000	 51.99331	 74.05000
120.60000	 75.05000	 53.35019	 75.05000
120.80000	 76.16000	 54.77091	 76.16000
121.00000	 77.34000	 56.20993	 77.34000
121.20000	 78.48000	 57.55847	 78.48000
121.40000	 79.53000	 58.76516	 79.53000
121.60000	 80.18000	 59.54146	 80.18000
121.80000	 80.74000	 60.17476	 80.74000
122.00000	 81.29000	 60.74180	 81.29000
122.20000	 82.05000	 61.44851	 82.05000
122.40000	 82.98000	 62.25950	 82.98000
122.60000	 83.95000	 63.05523	 83.95000
122.80000	 84.92000	 63.79926	 84.92000
123.00000	 85.86000	 64.46486	 85.86000
123.20000	 86.75000	 65.03520	 86.75000
123.40000	 87.54000	 65.46660	 87.54000
123.60000	 88.20000	 65.73484	 88.20000
123.80000	 88.72000	 65.83526	 88.72000
124.00000	 89.04000	 65.71814	 89.04000
124.20000	 89.14000	 65.37194	 89.14000
124.40000	 88.90000	 64.69423	 88.90000
124.60000	 88.45000	 63.81493	 88.45000
124.80000	 87.83000	 62.78145	 87.83000
125.00000	 87.08000	 61.64106	 87.08000
125.20000	 86.24000	 60.44047	 86.24000
125.40000	 85.31000	 59.18853	 85.31000
125.60000	 84.33000	 57.93002	 84.33000
125.80000	 83.34000	 56.70851	 83.34000
126.00000	 82.36000	 55.54764	 82.36000
126.20000	 81.38000	 54.44195	 81.38000
126.40000	 80.40000	 53.39397	 80.40000
126.60000	 79.41000	 52.39600	 79.41000
126.80000	 78.42000	 51.45793	 78.42000
127.00000	 77.45000	 50.59813	 77.45000
127.20000	 76.50000	 49.81567	 76.50000
127.40000	 75.57000	 49.10895	 75.57000
127.60000	 74.50000	 48.32843	 74.50000
127.80000	 73.55000	 47.71244	 73.55000
128.00000	 72.80000	 47.33201	 72.80000
128.20000	 72.38000	 47.30225	 72.38000
128.40000	 72.51000	 47.81832	 72.51000
128.60000	 72.94000	 48.63818	 72.94000
128.80000	 73.67000	 49.74884	 73.67000
129.00000	 74.74000	 51.17331	 74.74000
129.20000	 76.06000	 52.81389	 76.06000
129.40000	 77.51000	 54.54545	 77.51000
129.60000	 79.00000	 56.27192	 79.00000
129.80000	 80.41000	 57.87178	 80.41000
130.00000	 81.73000	 59.32788	 81.73000
130.20000	 82.88000	 60.56135	 82.88000
130.40000	 83.70000	 61.42273	 83.70000
130.60000	 84.28000	 61.99699	 84.28000
130.80000	 84.66000	 62.32561	 84.66000
131.00000	 84.86000	 62.43347	 84.86000
131.20000	 84.91000	 62.35589	 84.91000
131.40000	 84.84000	 62.12887	 84.84000
131.60000	 84.68000	 61.78864	 84.68000
131.80000	 84.48000	 61.38965	 84.48000
132.00000	 84.23000	 60.93036	 84.23000
132.20000	 83.91000	 60.39943	 83.91000
132.40000	 83.54000	 59.82196	 83.54000
132.60000	 83.12000	 59.20407	 83.12000
132.80000	 82.67000	 58.56969	 82.67000
133.00000	 82.22000	 57.95128	 82.22000
133.20000	 81.86000	 57.43561	 81.86000
133.40000	 81.46000	 56.90514	 81.46000
133.60000	 80.99000	 56.33423	 80.99000
133.80000	 80.29000	 55.57753	 80.29000
134.00000	 79.33000	 54.61098	 79.33000
134.20000	 78.38000	 53.68832	 78.38000
134.40000	 77.52000	 52.88703	 77.52000
134.60000	 76.98000	 52.42091	 76.98000
134.80000	 76.69000	 52.22371	 76.69000
135.00000	 76.62000	 52.26359	 76.62000
135.20000	 76.82000	 52.58065	 76.82000
135.40000	 77.35000	 53.22235	 77.35000
135.60000	 78.08000	 54.05913	 78.08000
135.80000	 78.96000	 55.03468	 78.96000
136.00000	 79.97000	 56.12057	 79.97000
136.20000	 81.04000	 57.24280	 81.04000
136.40000	 82.07000	 58.30091	 82.07000
136.60000	 82.97000	 59.20562	 82.97000
136.80000	 83.58000	 59.80576	 83.58000
137.00000	 84.03000	 60.22096	 84.03000
137.20000	 84.32000	 60.45300	 84.32000
137.40000	 84.45000	 60.50527	 84.45000
137.60000	 84.43000	 60.39164	 84.43000
137.80000	 84.30000	 60.15457	 84.30000
138.00000	 84.06000	 59.80004	 84.06000
138.20000	 83.72000	 59.34351	 83.72000
138.40000	 83.32000	 58.82808	 83.32000
138.60000	 82.87000	 58.26885	 82.87000
138.80000	 82.36000	 57.66199	 82.36000
139.00000	 81.83000	 57.04934	 81.83000
139.20000	 81.34000	 56.49041	 81.34000
139.40000	 80.93000	 56.02510	 80.93000
139.60000	 80.78000	 55.82079	 80.78000
139.80000	 80.68000	 55.68276	 80.68000
140.00000	 80.55000	 55.53555	 80.55000
140.20000	 80.26000	 55.25800	 80.26000
140.40000	 79.81000	 54.85019	 79.81000
140.60000	 79.28000	 54.38717	 79.28000
140.80000	 78.70000	 53.89824	 78.70000
141.00000	 78.01000	 53.32979	 78.01000
141.20000	 77.35000	 52.81292	 77.35000
141.40000	 76.80000	 52.42260	 76.80000
141.60000	 76.51000	 52.29678	 76.51000
141.80000	 76.54000	 52.48790	 76.54000
142.00000	 76.77000	 52.87981	 76.77000
142.20000	 77.17000	 53.43816	 77.17000
142.40000	 77.77000	 54.18326	 77.77000
142.60000	 78.49000	 55.03338	 78.49000
142.80000	 79.26000	 55.91621	 79.26000
143.00000	 80.00000	 56.75117	 80.00000
143.20000	 80.63000	 57.45928	 80.63000
143.40000	 81.22000	 58.10183	 81.22000
143.60000	 81.74000	 58.64922	 81.74000
143.80000	 82.22000	 59.12837	 82.22000
144.00000	 82.61000	 59.49339	 82.61000
144.20000	 82.86000	 59.69948	 82.86000
144.40000	 82.89000	 59.67566	 82.89000
144.60000	 82.54000	 59.27915	 82.54000
144.80000	 82.05000	 58.73862	 82.05000
145.00000	 81.47000	 58.10802	 81.47000
145.20000	 80.93000	 57.51461	 80.93000
145.40000	 80.46000	 56.99200	 80.46000
145.60000	 80.02000	 56.50766	 80.02000
145.80000	 79.60000	 56.05561	 79.60000
146.00000	 79.27000	 55.70273	 79.27000
146.20000	 78.99000	 55.41317	 78.99000
146.40000	 78.71000	 55.14107	 78.71000
146.60000	 78.39000	 54.84957	 78.39000
146.80000	 77.84000	 54.36378	 77.84000
147.00000	 77.20000	 53.81471	 77.20000
147.20000	 76.67000	 53.38894	 76.67000
147.40000	 76.32000	 53.15164	 76.32000
147.60000	 76.49000	 53.41472	 76.49000
147.80000	 76.92000	 53.93254	 76.92000
148.00000	 77.60000	 54.68820	 77.60000
148.20000	 78.53000	 55.67282	 78.53000
148.40000	 79.70000	 56.86744	 79.70000
148.60000	 81.01000	 58.16965	 81.01000
148.80000	 82.38000	 59.49604	 82.38000
149.00000	 83.78000	 60.81059	 83.78000
149.20000	 85.12000	 62.02348	 85.12000
149.40000	 86.34000	 63.07471	 86.34000
149.60000	 87.32000	 63.85140	 87.32000
149.80000	 87.96000	 64.26226	 87.96000
150.00000	 88.38000	 64.42226	 88.38000
150.20000	 88.56000	 64.31923	 88.56000
150.40000	 88.46000	 63.92428	 88.46000
150.60000	 88.15000	 63.31152	 88.15000
150.80000	 87.71000	 62.56498	 87.71000
151.00000	 87.19000	 61.74075	 87.19000
151.20000	 86.67000	 60.92176	 86.67000
151.40000	 86.13000	 60.09729	 86.13000
151.60000	 85.57000	 59.27389	 85.57000
151.80000	 85.06000	 58.52152	 85.06000
152.00000	 84.60000	 57.84405	 84.60000
152.20000	 84.11000	 57.17026	 84.11000
152.40000	 83.59000	 56.50218	 83.59000
152.60000	 82.99000	 55.79536	 82.99000
152.80000	 82.29000	 55.03308	 82.29000
153.00000	 81.52000	 54.24491	 81.52000
153.20000	 80.68000	 53.43270	 80.68000
153.40000	 79.58000	 52.42320	 79.58000
153.60000	 78.42000	 51.40404	 78.42000
153.80000	 77.35000	 50.51629	 77.35000
154.00000	 76.46000	 49.84394	 76.46000
154.20000	 76.07000	 49.68049	 76.07000
154.40000	 75.95000	 49.80784	 75.95000
154.60000	 76.09000	 50.20860	 76.09000
154.80000	 76.49000	 50.87313	 76.49000
155.00000	 77.18000	 51.81828	 77.18000
155.20000	 78.05000	 52.93081	 78.05000
155.40000	 79.04000	 54.14377	 79.04000
155.60000	 80.14000	 55.43711	 80.14000
155.80000	 81.26000	 56.71804	 81.26000
156.00000	 82.33000	 57.91388	 82.33000
156.20000	 83.27000	 58.94495	 83.27000
156.40000	 83.93000	 59.66972	 83.93000
156.60000	 84.41000	 60.18058	 84.41000
156.80000	 84.69000	 60.46154	 84.69000
157.00000	 84.72000	 60.47092	 84.72000
157.20000	 84.52000	 60.23359	 84.52000
157.40000	 84.16000	 59.82196	 84.16000
157.60000	 83.68000	 59.28132	 83.68000
157.80000	 83.10000	 58.63850	 83.10000
158.00000	 82.46000	 57.93848	 82.46000
158.20000	 81.80000	 57.22551	 81.80000
158.40000	 81.17000	 56.55201	 81.17000
158.60000	 80.67000	 56.01504	 80.67000
158.80000	 80.20000	 55.52529	 80.20000
159.00000	 79.75000	 55.07538	 79.75000
159.20000	 79.32000	 54.66648	 79.32000
159.40000	 78.90000	 54.28989	 78.90000
159.60000	 78.46000	 53.91807	 78.46000
159.80000	 77.99000	 53.54182	 77.99000
160.00000	 77.36000	 53.04141	 77.36000
160.20000	 76.61000	 52.45493	 76.61000
160.40000	 75.94000	 51.96848	 75.94000
160.60000	 75.40000	 51.62866	 75.40000
160.80000	 75.23000	 51.65553	 75.23000
161.00000	 75.29000	 51.91556	 75.29000
161.20000	 75.56000	 52.38415	 75.56000
161.40000	 76.06000	 53.07242	 76.06000
161.60000	 76.79000	 53.97202	 76.79000
161.80000	 77.66000	 54.99091	 77.66000
162.00000	 78.62000	 56.07416	 78.62000
162.20000	 79.68000	 57.22288	 79.68000
162.40000	 80.73000	 58.32830	 80.73000
162.60000	 81.70000	 59.32016	 81.70000
162.80000	 82.43000	 60.04735	 82.43000
163.00000	 82.85000	 60.44497	 82.85000
163.20000	 83.11000	 60.65416	 83.11000
163.40000	 83.22000	 60.68857	 83.22000
163.60000	 83.29000	 60.65503	 83.29000
163.80000	 83.22000	 60.46678	 83.22000
164.00000	 83.03000	 60.14832	 83.03000
164.20000	 82.65000	 59.64161	 82.65000
164.40000	 82.07000	 58.94476	 82.07000
164.60000	 81.38000	 58.14874	 81.38000
164.80000	 80.63000	 57.30736	 80.63000
165.00000	 79.90000	 56.50133	 79.90000
165.20000	 79.17000	 55.71774	 79.17000
165.40000	 78.42000	 54.94254	 78.42000
165.60000	 77.65000	 54.17934	 77.65000
165.80000	 76.82000	 53.39415	 76.82000
166.00000	 75.97000	 52.62642	 75.97000
166.20000	 75.12000	 51.89654	 75.12000
166.40000	 74.29000	 51.22419	 74.29000
166.60000	 73.35000	 50.49003	 73.35000
166.80000	 72.51000	 49.88845	 72.51000
167.00000	 71.86000	 49.50177	 71.86000
167.20000	 71.54000	 49.45628	 71.54000
167.40000	 71.78000	 49.95816	 71.78000
167.60000	 72.28000	 50.72075	 72.28000
167.80000	 73.02000	 51.71435	 73.02000
168.00000	 73.95000	 52.88107	 73.95000
168.20000	 75.01000	 54.15397	 75.01000
168.40000	 76.15000	 55.47612	 76.15000
168.60000	 77.30000	 56.77339	 77.30000
168.80000	 78.34000	 57.92745	 78.34000
169.00000	 79.32000	 58.97922	 79.32000
169.20000	 80.21000	 59.89785	 80.21000
169.40000	 80.95000	 60.62673	 80.95000
169.60000	 81.53000	 61.15747	 81.53000
169.80000	 82.00000	 61.53885	 82.00000
170.00000	 82.34000	 61.75628	 82.34000
170.20000	 82.57000	 61.83312	 82.57000
170.40000	 82.69000	 61.77493	 82.69000
170.60000	 82.70000	 61.58781	 82.70000
170.80000	 82.59000	 61.26899	 82.59000
171.00000	 82.36000	 60.82523	 82.36000
171.20000	 82.05000	 60.30033	 82.05000
171.40000	 81.66000	 59.70097	 81.66000
171.60000	 81.21000	 59.05193	 81.21000
171.80000	 80.71000	 58.36828	 80.71000
172.00000	 80.17000	 57.66448	 80.17000
172.20000	 79.62000	 56.97279	 79.62000
172.40000	 79.12000	 56.35220	 79.12000
172.60000	 78.60000	 55.74065	 78.60000
172.80000	 78.06000	 55.14005	 78.06000
173.00000	 77.42000	 54.47816	 77.42000
173.20000	 76.55000	 53.63706	 76.55000
173.40000	 75.75000	 52.89636	 75.75000
173.60000	 75.12000	 52.34991	 75.12000
173.80000	 74.84000	 52.16297	 74.84000
174.00000	 74.98000	 52.39596	 74.98000
174.20000	 75.41000	 52.92147	 75.41000
174.40000	 76.13000	 53.73010	 76.13000
174.60000	 77.27000	 54.93087	 77.27000
174.80000	 78.62000	 56.31735	 78.62000
175.00000	 80.09000	 57.79388	 80.09000
175.20000	 81.58000	 59.25671	 81.58000
175.40000	 83.03000	 60.64097	 83.03000
175.60000	 84.32000	 61.82883	 84.32000
175.80000	 85.38000	 62.75172	 85.38000
176.00000	 85.90000	 63.12331	 85.90000
176.20000	 86.10000	 63.15118	 86.10000
176.40000	 86.04000	 62.89822	 86.04000
176.60000	 85.75000	 62.40134	 85.75000
176.80000	 85.26000	 61.69843	 85.26000
177.00000	 84.62000	 60.84629	 84.62000
177.20000	 83.88000	 59.90152	 83.88000
177.40000	 83.14000	 58.96601	 83.14000
177.60000	 82.38000	 58.02950	 82.38000
177.80000	 81.58000	 57.08041	 81.58000
178.00000	 80.76000	 56.14303	 80.76000
178.20000	 79.88000	 55.18532	 79.88000
178.40000	 79.00000	 54.26673	 79.00000
178.60000	 78.14000	 53.40879	 78.14000
178.80000	 77.32000	 52.63189	 77.32000
179.00000	 76.58000	 51.97366	 76.58000
179.20000	 75.92000	 51.43355	 75.92000
179.40000	 75.36000	 51.02827	 75.36000
179.60000	 74.91000	 50.76421	 74.91000
179.80000	 74.66000	 50.72044	 74.66000
180.00000	 74.53000	 50.81780	 74.53000
180.20000	 74.50000	 51.03184	 74.50000
180.40000	 74.53000	 51.31941	 74.53000
180.60000	 74.61000	 51.66528	 74.61000
180.80000	 74.73000	 52.05455	 74.73000
181.00000	 74.86000	 52.45435	 74.86000
181.20000	 74.90000	 52.76807	 74.90000
181.40000	 74.84000	 52.98356	 74.84000
181.60000	 74.94000	 53.33883	 74.94000
181.80000	 75.34000	 53.96022	 75.34000
182.00000	 76.31000	 55.09159	 76.31000
182.20000	 77.56000	 56.45662	 77.56000
182.40000	 79.00000	 57.96239	 79.00000
182.60000	 80.66000	 59.62675	 80.66000
182.80000	 82.32000	 61.23724	 82.32000
183.00000	 83.87000	 62.68489	 83.87000
183.20000	 84.98000	 63.66097	 84.98000
183.40000	 85.83000	 64.33207	 85.83000
183.60000	 86.42000	 64.70196	 86.42000
183.80000	 86.72000	 64.74925	 86.72000
184.00000	 86.78000	 64.52854	 86.78000
184.20000	 86.65000	 64.09580	 86.65000
184.40000	 86.36000	 63.48918	 86.36000
184.60000	 85.94000	 62.74691	 85.94000
184.80000	 85.41000	 61.89773	 85.41000
185.00000	 84.80000	 60.97902	 84.80000
185.20000	 84.10000	 59.99047	 84.10000
185.40000	 83.38000	 59.00474	 83.38000
185.60000	 82.66000	 58.04708	 82.66000
185.80000	 82.05000	 57.22426	 82.05000
186.00000	 81.55000	 56.53950	 81.55000
186.20000	 81.09000	 55.92958	 81.09000
186.40000	 80.65000	 55.37637	 80.65000
186.60000	 80.20000	 54.85187	 80.20000
186.80000	 79.75000	 54.36466	 79.75000
187.00000	 79.31000	 53.92299	 79.31000
187.20000	 78.89000	 53.53480	 78.89000
187.40000	 78.48000	 53.18921	 78.48000
187.60000	 78.09000	 52.89356	 78.09000
187.80000	 77.72000	 52.64576	 77.72000
188.00000	 77.44000	 52.50801	 77.44000
188.20000	 77.18000	 52.41279	 77.18000
188.40000	 76.91000	 52.32944	 76.91000
188.60000	 76.57000	 52.20001	 76.57000
188.80000	 76.08000	 51.94900	 76.08000
189.00000	 75.57000	 51.69580	 75.57000
189.20000	 75.09000	 51.48621	 75.09000
189.40000	 74.67000	 51.34717	 74.67000
189.60000	 74.36000	 51.32343	 74.36000
189.80000	 74.20000	 51.44959	 74.20000
190.00000	 74.26000	 51.78671	 74.26000
190.20000	 74.69000	 52.46798	 74.69000
190.40000	 75.30000	 53.31074	 75.30000
190.60000	 76.04000	 54.26091	 76.04000
190.80000	 76.90000	 55.30145	 76.90000
191.00000	 77.80000	 56.35120	 77.80000
191.20000	 78.70000	 57.36695	 78.70000
191.40000	 79.53000	 58.27927	 79.53000
191.60000	 80.15000	 58.95608	 80.15000
191.80000	 80.67000	 59.49848	 80.67000
192.00000	 81.09000	 59.90767	 81.09000
192.20000	 81.43000	 60.20446	 81.43000
192.40000	 81.68000	 60.38281	 81.68000
192.60000	 81.82000	 60.42817	 81.82000
192.80000	 81.84000	 60.33599	 81.84000
193.00000	 81.67000	 60.04708	 81.67000
193.20000	 81.40000	 59.65080	 81.40000
193.40000	 81.04000	 59.16289	 81.04000
193.60000	 80.62000	 58.61740	 80.62000
193.80000	 80.16000	 58.03874	 80.16000
194.00000	 79.66000	 57.43226	 79.66000
194.20000	 79.14000	 56.82117	 79.14000
194.40000	 78.61000	 56.21875	 78.61000
194.60000	 78.09000	 55.64673	 78.09000
194.80000	 77.58000	 55.10757	 77.58000
195.00000	 77.10000	 54.62141	 77.10000
195.20000	 76.68000	 54.21678	 76.68000
195.40000	 76.29000	 53.86595	 76.29000
195.60000	 75.95000	 53.58671	 75.95000
195.80000	 75.67000	 53.38698	 75.67000
196.00000	 75.45000	 53.26486	 75.45000
196.20000	 75.25000	 53.18111	 75.25000
196.40000	 75.09000	 53.15172	 75.09000
196.60000	 74.92000	 53.12803	 74.92000
196.80000	 74.77000	 53.13542	 74.77000
197.00000	 74.65000	 53.18085	 74.65000
197.20000	 74.49000	 53.19759	 74.49000
197.40000	 74.35000	 53.23926	 74.35000
197.60000	 74.34000	 53.40556	 74.34000
197.80000	 74.56000	 53.78598	 74.56000
198.00000	 75.24000	 54.58805	 75.24000
198.20000	 76.11000	 55.55518	 76.11000
198.40000	 77.15000	 56.66070	 77.15000
198.60000	 78.28000	 57.82260	 78.28000
198.80000	 79.46000	 58.99650	 79.46000
199.00000	 80.63000	 60.12071	 80.63000
199.20000	 81.74000	 61.14429	 81.74000
199.40000	 82.69000	 61.97209	 82.69000
199.60000	 83.50000	 62.62197	 83.50000
199.80000	 84.12000	 63.04922	 84.12000
200.00000	 84.43000	 63.14672	 84.43000
200.20000	 84.49000	 62.97595	 84.49000
200.40000	 84.38000	 62.61856	 84.38000
200.60000	 84.18000	 62.15683	 84.18000
200.80000	 83.99000	 61.69117	 83.99000
201.00000	 83.67000	 61.09966	 83.67000
201.20000	 83.19000	 60.36185	 83.19000
201.40000	 82.37000	 59.31945	 82.37000
201.60000	 81.22000	 57.99102	 81.22000
201.80000	 79.99000	 56.61757	 79.99000
202.00000	 78.75000	 55.27302	 78.75000
202.20000	 77.79000	 54.23211	 77.79000
202.40000	 77.04000	 53.43370	 77.04000
202.60000	 76.40000	 52.78600	 76.40000
202.80000	 75.87000	 52.28776	 75.87000
203.00000	 75.39000	 51.88106	 75.39000
203.20000	 74.98000	 51.58119	 74.98000
203.40000	 74.65000	 51.39355	 74.65000
203.60000	 74.41000	 51.32303	 74.41000
203.80000	 74.29000	 51.39238	 74.29000
204.00000	 74.26000	 51.56847	 74.26000
204.20000	 74.30000	 51.82710	 74.30000
204.40000	 74.38000	 52.13498	 74.38000
204.60000	 74.35000	 52.34865	 74.35000
204.80000	 74.40000	 52.63959	 74.40000
205.00000	 74.59000	 53.05935	 74.59000
205.20000	 75.02000	 53.69560	 75.02000
205.40000	 75.77000	 54.61615	 75.77000
205.60000	 76.77000	 55.74874	 76.77000
205.80000	 78.01000	 57.07552	 78.01000
206.00000	 79.69000	 58.77151	 79.69000
206.20000	 81.58000	 60.61349	 81.58000
206.40000	 83.50000	 62.42464	 83.50000
206.60000	 85.31000	 64.06714	 85.31000
206.80000	 86.87000	 65.40629	 86.87000
207.00000	 88.17000	 66.43118	 88.17000
207.20000	 89.13000	 67.06988	 89.13000
207.40000	 89.46000	 67.06069	 89.46000
207.60000	 89.43000	 66.66343	 89.43000
207.80000	 89.10000	 65.94664	 89.10000
208.00000	 88.54000	 64.98924	 88.54000
208.20000	 87.79000	 63.84265	 87.79000
208.40000	 86.93000	 62.59474	 86.93000
208.60000	 86.00000	 61.29529	 86.00000
208.80000	 85.17000	 60.11232	 85.17000
209.00000	 84.37000	 58.98976	 84.37000
209.20000	 83.60000	 57.93405	 83.60000
209.40000	 82.86000	 56.94991	 82.86000
209.60000	 82.23000	 56.11425	 82.23000
209.80000	 81.64000	 55.36376	 81.64000
210.00000	 81.04000	 54.65247	 81.04000
210.20000	 80.40000	 53.95236	 80.40000
210.40000	 79.47000	 53.03266	 79.47000
210.60000	 78.45000	 52.07934	 78.45000
210.80000	 77.50000	 51.24153	 77.50000
211.00000	 76.69000	 50.58397	 76.69000
211.20000	 76.29000	 50.35372	 76.29000
211.40000	 76.14000	 50.39772	 76.14000
211.60000	 76.21000	 50.68074	 76.21000
211.80000	 76.49000	 51.18476	 76.49000
212.00000	 77.04000	 51.95541	 77.04000
212.20000	 77.72000	 52.85292	 77.72000
212.40000	 78.49000	 53.83007	 78.49000
212.60000	 79.29000	 54.82205	 79.29000
212.80000	 80.08000	 55.78388	 80.08000
213.00000	 80.79000	 56.64453	 80.79000
213.20000	 81.39000	 57.37188	 81.39000
213.40000	 81.76000	 57.85300	 81.76000
213.60000	 81.92000	 58.10679	 81.92000
213.80000	 81.90000	 58.16359	 81.90000
214.00000	 81.62000	 57.95396	 81.62000
214.20000	 81.06000	 57.46579	 81.06000
214.40000	 80.35000	 56.82690	 80.35000
214.60000	 79.52000	 56.07328	 79.52000
214.80000	 78.65000	 55.28678	 78.65000
215.00000	 77.76000	 54.49302	 77.76000
215.20000	 76.87000	 53.71656	 76.87000
215.40000	 76.01000	 52.98998	 76.01000
215.60000	 75.29000	 52.41828	 75.29000
215.80000	 74.66000	 51.95691	 74.66000
216.00000	 74.10000	 51.58758	 74.10000
216.20000	 73.59000	 51.29105	 73.59000
216.40000	 72.98000	 50.92767	 72.98000
216.60000	 72.38000	 50.59819	 72.38000
216.80000	 71.95000	 50.44913	 71.95000
217.00000	 71.77000	 50.55165	 71.77000
217.20000	 72.10000	 51.14056	 72.10000
217.40000	 72.83000	 52.10572	 72.83000
217.60000	 73.83000	 53.31621	 73.83000
217.80000	 75.06000	 54.72332	 75.06000
218.00000	 76.60000	 56.38881	 76.60000
218.20000	 78.25000	 58.11587	 78.25000
218.40000	 79.90000	 59.79199	 79.90000
218.60000	 81.41000	 61.27936	 81.41000
218.80000	 82.67000	 62.47116	 82.67000
219.00000	 83.78000	 63.45788	 83.78000
219.20000	 84.71000	 64.21267	 84.71000
219.40000	 85.41000	 64.69248	 85.41000
219.60000	 85.93000	 64.94873	 85.93000
219.80000	 86.28000	 64.99746	 86.28000
220.00000	 86.45000	 64.83730	 86.45000
220.20000	 86.45000	 64.48622	 86.45000
220.40000	 86.35000	 64.01800	 86.35000
220.60000	 86.15000	 63.44169	 86.15000
220.80000	 85.94000	 62.84889	 85.94000
221.00000	 85.69000	 62.21947	 85.69000
221.20000	 85.39000	 61.55091	 85.39000
221.40000	 85.06000	 60.86763	 85.06000
221.60000	 84.74000	 60.21168	 84.74000
221.80000	 84.36000	 59.52266	 84.36000
222.00000	 83.91000	 58.79509	 83.91000
222.20000	 83.35000	 57.99564	 83.35000
222.40000	 82.65000	 57.10031	 82.65000
222.60000	 81.88000	 56.17756	 81.88000
222.80000	 81.06000	 55.24941	 81.06000
223.00000	 80.17000	 54.30045	 80.17000
223.20000	 79.26000	 53.37946	 79.26000
223.40000	 78.35000	 52.50681	 78.35000
223.60000	 77.49000	 51.72967	 77.49000
223.80000	 76.67000	 51.03875	 76.67000
224.00000	 75.94000	 50.47913	 75.94000
224.20000	 75.37000	 50.11311	 75.37000
224.40000	 75.01000	 49.98292	 75.01000
224.60000	 75.05000	 50.25797	 75.05000
224.80000	 75.36000	 50.80968	 75.36000
225.00000	 75.85000	 51.54496	 75.85000
225.20000	 76.46000	 52.39807	 76.46000
225.40000	 77.13000	 53.30377	 77.13000
225.60000	 77.86000	 54.25312	 77.86000
225.80000	 78.60000	 55.19213	 78.60000
226.00000	 79.33000	 56.09582	 79.33000
226.20000	 80.00000	 56.91297	 80.00000
226.40000	 80.61000	 57.64017	 80.61000
226.60000	 81.13000	 58.24780	 81.13000
226.80000	 81.53000	 58.70783	 81.53000
227.00000	 81.79000	 59.00300	 81.79000
227.20000	 81.92000	 59.14517	 81.92000
227.40000	 81.90000	 59.11974	 81.90000
227.60000	 81.62000	 58.83028	 81.62000
227.80000	 81.21000	 58.40334	 81.21000
228.00000	 80.70000	 57.87366	 80.70000
228.20000	 80.11000	 57.26669	 80.11000
228.40000	 79.47000	 56.61677	 79.47000
228.60000	 78.83000	 55.97600	 78.83000
228.80000	 78.19000	 55.34938	 78.19000
229.00000	 77.69000	 54.86995	 77.69000
229.20000	 77.29000	 54.50276	 77.29000
229.40000	 76.92000	 54.18383	 76.92000
229.60000	 76.54000	 53.87621	 76.54000
229.80000	 76.06000	 53.49677	 76.06000
230.00000	 75.54000	 53.10129	 75.54000
230.20000	 75.02000	 52.72719	 75.02000
230.40000	 74.51000	 52.38391	 74.51000
230.60000	 73.88000	 51.95158	 73.88000
230.80000	 73.39000	 51.67045	 73.39000
231.00000	 73.10000	 51.59490	 73.10000
231.20000	 73.25000	 51.94317	 73.25000
231.40000	 73.92000	 52.78233	 73.92000
231.60000	 74.86000	 53.87161	 74.86000
231.80000	 76.00000	 55.13517	 76.00000
232.00000	 77.29000	 56.51571	 77.29000
232.20000	 78.66000	 57.93811	 78.66000
232.40000	 80.05000	 59.33775	 80.05000
232.60000	 81.34000	 60.59652	 81.34000
232.80000	 82.45000	 61.63579	 82.45000
233.00000	 83.49000	 62.55498	 83.49000
233.20000	 84.45000	 63.34453	 84.45000
233.40000	 85.43000	 64.09763	 85.43000
233.60000	 86.31000	 64.70505	 86.31000
233.80000	 87.04000	 65.12337	 87.04000
234.00000	 87.54000	 65.28303	 87.54000
234.20000	 87.77000	 65.15333	 87.77000
234.40000	 87.84000	 64.84369	 87.84000
234.60000	 87.78000	 64.39037	 87.78000
234.80000	 87.65000	 63.85739	 87.65000
235.00000	 87.43000	 63.23449	 87.43000
235.20000	 87.13000	 62.53868	 87.13000
235.40000	 86.75000	 61.77722	 86.75000
235.60000	 86.32000	 60.98454	 86.32000
235.80000	 85.81000	 60.13901	 85.81000
236.00000	 85.23000	 59.25538	 85.23000
236.20000	 84.56000	 58.32028	 84.56000
236.40000	 83.75000	 57.29235	 83.75000
236.60000	 82.90000	 56.26857	 82.90000
236.80000	 82.03000	 55.27138	 82.03000
237.00000	 81.19000	 54.34987	 81.19000
237.20000	 80.45000	 53.57030	 80.45000
237.40000	 79.73000	 52.85899	 79.73000
237.60000	 79.01000	 52.19679	 79.01000
237.80000	 78.25000	 51.54571	 78.25000
238.00000	 77.34000	 50.80329	 77.34000
238.20000	 76.50000	 50.17208	 76.50000
238.40000	 75.82000	 49.73374	 75.82000
238.60000	 75.42000	 49.59580	 75.42000
238.80000	 75.40000	 49.84479	 75.40000
239.00000	 75.63000	 50.35234	 75.63000
239.20000	 76.09000	 51.09020	 76.09000
239.40000	 76.85000	 52.11221	 76.85000
239.60000	 77.83000	 53.33291	 77.83000
239.80000	 78.90000	 54.62064	 78.90000
240.00000	 79.99000	 55.90026	 79.99000
240.20000	 80.93000	 57.00628	 80.93000
240.40000	 81.79000	 57.99750	 81.79000
240.60000	 82.52000	 58.82423	 82.52000
240.80000	 83.07000	 59.43906	 83.07000
241.00000	 83.41000	 59.81540	 83.41000
241.20000	 83.60000	 60.01179	 83.60000
241.40000	 83.66000	 60.05127	 83.66000
241.60000	 83.58000	 59.93013	 83.58000
241.80000	 83.39000	 59.68226	 83.39000
242.00000	 83.13000	 59.35106	 83.13000
242.20000	 82.83000	 58.97056	 82.83000
242.40000	 82.51000	 58.56504	 82.51000
242.60000	 82.18000	 58.14894	 82.18000
242.80000	 81.83000	 57.71753	 81.83000
243.00000	 81.51000	 57.32080	 81.51000
243.20000	 81.21000	 56.95250	 81.21000
243.40000	 80.90000	 56.58718	 80.90000
243.60000	 80.55000	 56.19902	 80.55000
243.80000	 80.15000	 55.78053	 80.15000
244.00000	 79.69000	 55.32426	 79.69000
244.20000	 79.16000	 54.82281	 79.16000
244.40000	 78.53000	 54.25051	 78.53000
244.60000	 77.62000	 53.44390	 77.62000
244.80000	 76.75000	 52.70203	 76.75000
245.00000	 75.99000	 52.09231	 75.99000
245.20000	 75.61000	 51.86457	 75.61000
245.40000	 75.62000	 52.02511	 75.62000
245.60000	 75.85000	 52.41098	 75.85000
245.80000	 76.24000	 52.95929	 76.24000
246.00000	 76.77000	 53.64356	 76.77000
246.20000	 77.38000	 54.40039	 77.38000
246.40000	 78.04000	 55.19454	 78.04000
246.60000	 78.65000	 55.92715	 78.65000
246.80000	 79.19000	 56.57476	 79.19000
247.00000	 79.72000	 57.18925	 79.72000
247.20000	 80.25000	 57.77733	 80.25000
247.40000	 80.83000	 58.38326	 80.83000
247.60000	 81.40000	 58.95010	 81.40000
247.80000	 81.92000	 59.44003	 81.92000
248.00000	 82.37000	 59.83459	 82.37000
248.20000	 82.74000	 60.12553	 82.74000
248.40000	 82.98000	 60.26869	 82.98000
248.60000	 83.05000	 60.23028	 83.05000
248.80000	 82.77000	 59.84896	 82.77000
249.00000	 82.33000	 59.30691	 82.33000
249.20000	 81.79000	 58.66706	 81.79000
249.40000	 81.22000	 58.00134	 81.22000
249.60000	 80.69000	 57.38074	 80.69000
249.80000	 80.13000	 56.74582	 80.13000
250.00000	 79.55000	 56.11013	 79.55000
250.20000	 78.91000	 55.44051	 78.91000
250.40000	 78.23000	 54.75876	 78.23000
250.60000	 77.55000	 54.10470	 77.55000
250.80000	 76.87000	 53.48051	 76.87000
251.00000	 76.23000	 52.92453	 76.23000
251.20000	 75.63000	 52.43733	 75.63000
251.40000	 75.08000	 52.02786	 75.08000
251.60000	 74.58000	 51.69509	 74.58000
251.80000	 74.11000	 51.41894	 74.11000
252.00000	 73.73000	 51.25268	 73.73000
252.20000	 73.44000	 51.19350	 73.44000
252.40000	 73.28000	 51.27480	 73.28000
252.60000	 73.22000	 51.46461	 73.22000
252.80000	 73.35000	 51.84107	 73.35000
253.00000	 73.68000	 52.40752	 73.68000
253.20000	 74.35000	 53.28607	 74.35000
253.40000	 75.37000	 54.47707	 75.37000
253.60000	 76.55000	 55.79490	 76.55000
253.80000	 77.84000	 57.18336	 77.84000
254.00000	 79.13000	 58.53189	 79.13000
254.20000	 80.43000	 59.84239	 80.43000
254.40000	 81.69000	 61.06306	 81.69000
254.60000	 82.90000	 62.18083	 82.90000
254.80000	 84.02000	 63.15666	 84.02000
255.00000	 84.99000	 63.93494	 84.99000
255.20000	 85.77000	 64.48056	 85.77000
255.40000	 86.28000	 64.72369	 86.28000
255.60000	 86.56000	 64.70748	 86.56000
255.80000	 86.63000	 64.45833	 86.63000
256.00000	 86.41000	 63.91160	 86.41000
256.20000	 85.97000	 63.14242	 85.97000
256.40000	 85.38000	 62.22647	 85.38000
256.60000	 84.67000	 61.20228	 84.67000
256.80000	 83.92000	 60.15382	 83.92000
257.00000	 83.12000	 59.08073	 83.12000
257.20000	 82.30000	 58.01834	 82.30000
257.40000	 81.49000	 57.00062	 81.49000
257.60000	 80.76000	 56.09691	 80.76000
257.80000	 80.06000	 55.26405	 80.06000
258.00000	 79.38000	 54.49451	 79.38000
258.20000	 78.74000	 53.80747	 78.74000
258.40000	 78.13000	 53.19346	 78.13000
258.60000	 77.54000	 52.64229	 77.54000
258.80000	 76.97000	 52.15244	 76.97000
259.00000	 76.40000	 51.70357	 76.40000
259.20000	 75.76000	 51.22912	 75.76000
259.40000	 75.17000	 50.83809	 75.17000
259.60000	 74.64000	 50.53751	 74.64000
259.80000	 74.18000	 50.33384	 74.18000
260.00000	 73.80000	 50.23296	 73.80000
260.20000	 73.60000	 50.32312	 73.60000
260.40000	 73.65000	 50.66360	 73.65000
260.60000	 74.16000	 51.44098	 74.16000
260.80000	 75.03000	 52.55297	 75.03000
261.00000	 76.10000	 53.84027	 76.10000
261.20000	 77.31000	 55.23584	 77.31000
261.40000	 78.58000	 56.65505	 78.58000
261.60000	 79.87000	 58.05159	 79.87000
261.80000	 81.11000	 59.35334	 81.11000
262.00000	 82.19000	 60.45348	 82.19000
262.20000	 83.11000	 61.34950	 83.11000
262.40000	 83.88000	 62.05058	 83.88000
262.60000	 84.45000	 62.51264	 84.45000
262.80000	 84.77000	 62.69373	 84.77000
263.00000	 84.93000	 62.68308	 84.93000
263.20000	 84.94000	 62.49719	 84.94000
263.40000	 84.84000	 62.18082	 84.84000
263.60000	 84.63000	 61.74199	 84.63000
263.80000	 84.31000	 61.18867	 84.31000
264.00000	 83.87000	 60.51954	 83.87000
264.20000	 83.26000	 59.69634	 83.26000
264.40000	 82.57000	 58.81006	 82.57000
264.60000	 81.83000	 57.89580	 81.83000
264.80000	 81.07000	 56.98769	 81.07000
265.00000	 80.40000	 56.19248	 80.40000
265.20000	 79.75000	 55.44908	 79.75000
265.40000	 79.11000	 54.75057	 79.11000
265.60000	 78.51000	 54.12605	 78.51000
265.80000	 77.93000	 53.55753	 77.93000
266.00000	 77.38000	 53.05400	 77.38000
266.20000	 76.85000	 52.60537	 76.85000
266.40000	 76.33000	 52.20110	 76.33000
266.60000	 75.81000	 51.83037	 75.81000
266.80000	 75.31000	 51.50988	 75.31000
267.00000	 74.81000	 51.21924	 74.81000
267.20000	 74.29000	 50.93802	 74.29000
267.40000	 73.74000	 50.65519	 73.74000
267.60000	 73.27000	 50.47054	 73.27000
267.80000	 72.90000	 50.40020	 72.90000
268.00000	 72.73000	 50.53318	 72.73000
268.20000	 72.77000	 50.87404	 72.77000
268.40000	 73.03000	 51.42596	 73.03000
268.60000	 73.52000	 52.19099	 73.52000
268.80000	 74.41000	 53.31754	 74.41000
269.00000	 75.53000	 54.63855	 75.53000
269.20000	 76.81000	 56.07879	 76.81000
269.40000	 78.21000	 57.59120	 78.21000
269.60000	 79.69000	 59.12966	 79.69000
269.80000	 81.13000	 60.57563	 81.13000
270.00000	 82.47000	 61.86806	 82.47000
270.20000	 83.53000	 62.83790	 83.53000
270.40000	 84.35000	 63.52253	 84.35000
270.60000	 84.96000	 63.95297	 84.96000
270.80000	 85.30000	 64.07939	 85.30000
271.00000	 85.34000	 63.88184	 85.34000
271.20000	 85.17000	 63.45297	 85.17000
271.40000	 84.85000	 62.85861	 84.85000
271.60000	 84.41000	 62.13696	 84.41000
271.80000	 83.89000	 61.33506	 83.89000
272.00000	 83.29000	 60.46231	 83.29000
272.20000	 82.64000	 59.55495	 82.64000
272.40000	 81.99000	 58.66661	 81.99000
272.60000	 81.33000	 57.79427	 81.33000
272.80000	 80.66000	 56.94293	 80.66000
273.00000	 79.98000	 56.11658	 79.98000
273.20000	 79.30000	 55.32748	 79.30000
273.40000	 78.63000	 54.58702	 78.63000
273.60000	 77.96000	 53.88728	 77.96000
273.80000	 77.30000	 53.23812	 77.30000
274.00000	 76.67000	 52.65793	 76.67000
274.20000	 76.06000	 52.13678	 76.06000
274.40000	 75.46000	 51.66418	 75.46000
274.60000	 74.87000	 51.23855	 74.87000
274.80000	 74.14000	 50.71987	 74.14000
275.00000	 73.47000	 50.29170	 73.47000
275.20000	 72.97000	 50.05387	 72.97000
275.40000	 72.71000	 50.06765	 72.71000
275.60000	 72.98000	 50.59495	 72.98000
275.80000	 73.54000	 51.40512	 73.54000
276.00000	 74.40000	 52.49648	 74.40000
276.20000	 75.57000	 53.86627	 75.57000
276.40000	 77.10000	 55.54768	 77.10000
276.60000	 78.79000	 57.34258	 78.79000
276.80000	 80.56000	 59.16446	 80.56000
277.00000	 82.26000	 60.86414	 82.26000
277.20000	 83.88000	 62.42442	 83.88000
277.40000	 85.39000	 63.81241	 85.39000
277.60000	 86.73000	 64.97020	 86.73000
277.80000	 87.82000	 65.82427	 87.82000
278.00000	 88.71000	 66.42391	 88.71000
278.20000	 89.40000	 66.77447	 89.40000
278.40000	 89.87000	 66.86459	 89.87000
278.60000	 90.14000	 66.72130	 90.14000
278.80000	 90.22000	 66.36343	 90.22000
279.00000	 90.14000	 65.82891	 90.14000
279.20000	 89.90000	 65.12821	 89.90000
279.40000	 89.53000	 64.29945	 89.53000
279.60000	 89.03000	 63.35274	 89.03000
279.80000	 88.40000	 62.29777	 88.40000
280.00000	 87.62000	 61.12537	 87.62000
280.20000	 86.77000	 59.91813	 86.77000
280.40000	 85.92000	 58.74838	 85.92000
280.60000	 85.10000	 57.64991	 85.10000
280.80000	 84.41000	 56.71929	 84.41000
281.00000	 83.80000	 55.91248	 83.80000
281.20000	 83.30000	 55.25750	 83.30000
281.40000	 82.93000	 54.77157	 82.93000
281.60000	 82.78000	 54.53480	 82.78000
281.80000	 82.73000	 54.43178	 82.73000
282.00000	 82.77000	 54.44782	 82.77000
282.20000	 82.87000	 54.54944	 82.87000
282.40000	 83.00000	 54.70320	 83.00000
282.60000	 83.15000	 54.89443	 83.15000
282.80000	 83.30000	 55.09975	 83.30000
283.00000	 83.42000	 55.28718	 83.42000
283.20000	 83.51000	 55.45321	 83.51000
283.40000	 83.53000	 55.55828	 83.53000
283.60000	 83.48000	 55.60067	 83.48000
283.80000	 83.30000	 55.52433	 83.30000
284.00000	 82.97000	 55.31132	 82.97000
284.20000	 82.56000	 55.02791	 82.56000
284.40000	 82.11000	 54.71315	 82.11000
284.60000	 81.65000	 54.39684	 81.65000
284.80000	 81.20000	 54.09922	 81.20000
285.00000	 80.74000	 53.80321	 80.74000
285.20000	 80.27000	 53.50992	 80.27000
285.40000	 79.77000	 53.20181	 79.77000
285.60000	 79.26000	 52.89818	 79.26000
285.80000	 78.76000	 52.61813	 78.76000
286.00000	 78.28000	 52.37120	 78.28000
286.20000	 77.74000	 52.08363	 77.74000
286.40000	 77.26000	 51.86628	 77.26000
286.60000	 76.95000	 51.82004	 76.95000
286.80000	 76.89000	 52.01649	 76.89000
287.00000	 77.44000	 52.78308	 77.44000
287.20000	 78.24000	 53.77893	 78.24000
287.40000	 79.25000	 54.95716	 79.25000
287.60000	 80.39000	 56.23380	 80.39000
