  0.00000	 64.50000	 89.05729	 64.50000
  0.20000	 64.19000	 88.40604	 64.19000
  0.40000	 63.86000	 87.71495	 63.86000
  0.60000	 63.53000	 87.02562	 63.53000
  0.80000	 63.19000	 86.31907	 63.19000
  1.00000	 62.86000	 85.63608	 62.86000
  1.20000	 62.53000	 84.95703	 62.53000
  1.40000	 62.21000	 84.30219	 62.21000
  1.60000	 61.90000	 83.67164	 61.90000
  1.80000	 61.61000	 83.08540	 61.61000
  2.00000	 61.35000	 82.56334	 61.35000
  2.20000	 61.10000	 82.06516	 61.10000
  2.40000	 60.90000	 81.67073	 60.90000
  2.60000	 60.77000	 81.41969	 60.77000
  2.80000	 60.68000	 81.25137	 60.68000
  3.00000	 60.60000	 81.10509	 60.60000
  3.20000	 60.53000	 80.98037	 60.53000
  3.40000	 60.46000	 80.85683	 60.46000
  3.60000	 60.39000	 80.73421	 60.39000
  3.80000	 60.28000	 80.53217	 60.28000
  4.00000	 60.17000	 80.33089	 60.17000
  4.20000	 60.04000	 80.09031	 60.04000
  4.40000	 59.90000	 79.83053	 59.90000
  4.60000	 59.74000	 79.53161	 59.74000
  4.80000	 59.56000	 79.19369	 59.56000
  5.00000	 59.27000	 78.63662	 59.27000
  5.20000	 58.98000	 78.08130	 58.98000
  5.40000	 58.69000	 77.52807	 58.69000
  5.60000	 58.42000	 77.01722	 58.42000
  5.80000	 58.17000	 76.54878	 58.17000
  6.00000	 57.95000	 76.14271	 57.95000
  6.20000	 57.89000	 76.05924	 57.89000
  6.40000	 57.87000	 76.05719	 57.87000
  6.60000	 57.89000	 76.13584	 57.89000
  6.80000	 57.93000	 76.25448	 57.93000
  7.00000	 57.99000	 76.41260	 57.99000
  7.20000	 58.05000	 76.56968	 58.05000
  7.40000	 58.09000	 76.68540	 58.09000
  7.60000	 58.14000	 76.81974	 58.14000
  7.80000	 58.20000	 76.97262	 58.20000
  8.00000	 58.25000	 77.10388	 58.25000
  8.20000	 58.31000	 77.25359	 58.31000
  8.40000	 58.38000	 77.42171	 58.38000
  8.60000	 58.45000	 77.58817	 58.45000
  8.80000	 58.51000	 77.73293	 58.51000
  9.00000	 58.57000	 77.87607	 58.57000
  9.20000	 58.62000	 77.99760	 58.62000
  9.40000	 58.65000	 78.07759	 58.65000
  9.60000	 58.64000	 78.07612	 58.64000
  9.80000	 58.56000	 77.93337	 58.56000
 10.00000	 58.48000	 77.79006	 58.48000
 10.20000	 58.41000	 77.66655	 58.41000
 10.40000	 58.36000	 77.58305	 58.36000
 10.60000	 58.34000	 77.55966	 58.34000
 10.80000	 58.42000	 77.73649	 58.42000
 11.00000	 58.57000	 78.05301	 58.57000
 11.20000	 58.75000	 78.42849	 58.75000
 11.40000	 58.95000	 78.84240	 58.95000
 11.60000	 59.16000	 79.27428	 59.16000
 11.80000	 59.37000	 79.70383	 59.37000
 12.00000	 59.54000	 80.05071	 59.54000
 12.20000	 59.71000	 80.39514	 59.71000
 12.40000	 59.87000	 80.71714	 59.87000
 12.60000	 60.03000	 81.03685	 60.03000
 12.80000	 60.17000	 81.31432	 60.17000
 13.00000	 60.33000	 81.62983	 60.33000
 13.20000	 60.48000	 81.92335	 60.48000
 13.40000	 60.62000	 82.19497	 60.62000
 13.60000	 60.73000	 82.40475	 60.73000
 13.80000	 60.82000	 82.57295	 60.82000
 14.00000	 60.87000	 82.65975	 60.87000
 14.20000	 60.78000	 82.46516	 60.78000
 14.40000	 60.60000	 82.09016	 60.60000
 14.60000	 60.43000	 81.73597	 60.43000
 14.80000	 60.27000	 81.40316	 60.27000
 15.00000	 60.16000	 81.17218	 60.16000
 15.20000	 60.13000	 81.10315	 60.13000
 15.40000	 60.37000	 81.57634	 60.37000
 15.60000	 60.68000	 82.18980	 60.68000
 15.80000	 61.02000	 82.86220	 61.02000
 16.00000	 61.37000	 83.55259	 61.37000
 16.20000	 61.70000	 84.20022	 61.70000
 16.40000	 61.91000	 84.60446	 61.91000
 16.60000	 62.07000	 84.90580	 62.07000
 16.80000	 62.20000	 85.14475	 62.20000
 17.00000	 62.29000	 85.30169	 62.29000
 17.20000	 62.36000	 85.41717	 62.36000
 17.40000	 62.37000	 85.41147	 62.37000
 17.60000	 62.35000	 85.34522	 62.35000
 17.80000	 62.31000	 85.23894	 62.31000
 18.00000	 62.25000	 85.09304	 62.25000
 18.20000	 62.17000	 84.90788	 62.17000
 18.40000	 62.08000	 84.70380	 62.08000
 18.60000	 62.04000	 84.60124	 62.04000
 18.80000	 61.99000	 84.47995	 61.99000
 19.00000	 61.92000	 84.31990	 61.92000
 19.20000	 61.82000	 84.10111	 61.82000
 19.40000	 61.68000	 83.80371	 61.68000
 19.60000	 61.49000	 83.40790	 61.49000
 19.80000	 61.12000	 82.65363	 61.12000
 20.00000	 60.73000	 81.86234	 60.73000
 20.20000	 60.34000	 81.07479	 60.34000
 20.40000	 59.99000	 80.37153	 59.99000
 20.60000	 59.68000	 79.75266	 59.68000
 20.80000	 59.53000	 79.45841	 59.53000
 21.00000	 59.55000	 79.50804	 59.55000
 21.20000	 59.62000	 79.65993	 59.62000
 21.40000	 59.73000	 79.89297	 59.73000
 21.60000	 59.85000	 80.14617	 59.85000
 21.80000	 59.96000	 80.37882	 59.96000
 22.00000	 60.01000	 80.49036	 60.01000
 22.20000	 60.04000	 80.56090	 60.04000
 22.40000	 60.05000	 80.59051	 60.05000
 22.60000	 60.05000	 80.59937	 60.05000
 22.80000	 60.02000	 80.54755	 60.02000
 23.00000	 59.91000	 80.33512	 59.91000
 23.20000	 59.79000	 80.10278	 59.79000
 23.40000	 59.65000	 79.83085	 59.65000
 23.60000	 59.51000	 79.55973	 59.51000
 23.80000	 59.37000	 79.28962	 59.37000
 24.00000	 59.26000	 79.08075	 59.26000
 24.20000	 59.23000	 79.03324	 59.23000
 24.40000	 59.23000	 79.04658	 59.23000
 24.60000	 59.23000	 79.06029	 59.23000
 24.80000	 59.25000	 79.11418	 59.25000
 25.00000	 59.27000	 79.16793	 59.27000
 25.20000	 59.27000	 79.18131	 59.27000
 25.40000	 59.18000	 79.01405	 59.18000
 25.60000	 59.10000	 78.86683	 59.10000
 25.80000	 59.05000	 78.77988	 59.05000
 26.00000	 59.03000	 78.75323	 59.03000
 26.20000	 59.07000	 78.84684	 59.07000
 26.40000	 59.25000	 79.22066	 59.25000
 26.60000	 59.60000	 79.93401	 59.60000
 26.80000	 59.99000	 80.72527	 59.99000
 27.00000	 60.38000	 81.51336	 60.38000
 27.20000	 60.75000	 82.25760	 60.75000
 27.40000	 61.05000	 82.85753	 61.05000
 27.60000	 61.19000	 83.13297	 61.19000
 27.80000	 61.27000	 83.28501	 61.27000
 28.00000	 61.30000	 83.33447	 61.30000
 28.20000	 61.28000	 83.28211	 61.28000
 28.40000	 61.23000	 83.16873	 61.23000
 28.60000	 61.16000	 83.01499	 61.16000
 28.80000	 61.05000	 82.78133	 61.05000
 29.00000	 60.93000	 82.52835	 60.93000
 29.20000	 60.79000	 82.23641	 60.79000
 29.40000	 60.64000	 81.92586	 60.64000
 29.60000	 60.49000	 81.61698	 60.49000
 29.80000	 60.36000	 81.34998	 60.36000
 30.00000	 60.24000	 81.10483	 60.24000
 30.20000	 60.11000	 80.84143	 60.11000
 30.40000	 59.98000	 80.57977	 59.98000
 30.60000	 59.86000	 80.33987	 59.86000
 30.80000	 59.73000	 80.08159	 59.73000
 31.00000	 59.56000	 79.74480	 59.56000
 31.20000	 59.39000	 79.40976	 59.39000
 31.40000	 59.24000	 79.11660	 59.24000
 31.60000	 59.11000	 78.86526	 59.11000
 31.80000	 59.00000	 78.65561	 59.00000
 32.00000	 58.95000	 78.56759	 58.95000
 32.20000	 58.99000	 78.66092	 58.99000
 32.40000	 59.05000	 78.79475	 59.05000
 32.60000	 59.14000	 78.98858	 59.14000
 32.80000	 59.24000	 79.20188	 59.24000
 33.00000	 59.34000	 79.41429	 59.34000
 33.20000	 59.42000	 79.58548	 59.42000
 33.40000	 59.48000	 79.71541	 59.48000
 33.60000	 59.54000	 79.84419	 59.54000
 33.80000	 59.59000	 79.95182	 59.59000
 34.00000	 59.63000	 80.03838	 59.63000
 34.20000	 59.66000	 80.10399	 59.66000
 34.40000	 59.69000	 80.16879	 59.69000
 34.60000	 59.70000	 80.19281	 59.70000
 34.80000	 59.70000	 80.19624	 59.70000
 35.00000	 59.69000	 80.17921	 59.69000
 35.20000	 59.66000	 80.12185	 59.66000
 35.40000	 59.61000	 80.02433	 59.61000
 35.60000	 59.48000	 79.76666	 59.48000
 35.80000	 59.34000	 79.48952	 59.34000
 36.00000	 59.20000	 79.21331	 59.20000
 36.20000	 59.07000	 78.95826	 59.07000
 36.40000	 58.96000	 78.74452	 58.96000
 36.60000	 58.88000	 78.59210	 58.88000
 36.80000	 58.90000	 78.64106	 58.90000
 37.00000	 58.95000	 78.75068	 58.95000
 37.20000	 59.04000	 78.94052	 59.04000
 37.40000	 59.15000	 79.17002	 59.15000
 37.60000	 59.30000	 79.47885	 59.30000
 37.80000	 59.50000	 79.88660	 59.50000
 38.00000	 59.73000	 80.35275	 59.73000
 38.20000	 59.99000	 80.87685	 59.99000
 38.40000	 60.26000	 81.41845	 60.26000
 38.60000	 60.53000	 81.95725	 60.53000
 38.80000	 60.81000	 82.51311	 60.81000
 39.00000	 61.08000	 83.04584	 61.08000
 39.20000	 61.33000	 83.53541	 61.33000
 39.40000	 61.56000	 83.98192	 61.56000
 39.60000	 61.78000	 84.40557	 61.78000
 39.80000	 61.96000	 84.74647	 61.96000
 40.00000	 62.11000	 85.02496	 62.11000
 40.20000	 62.15000	 85.08115	 62.15000
 40.40000	 62.17000	 85.09602	 62.17000
 40.60000	 62.16000	 85.05013	 62.16000
 40.80000	 62.13000	 84.96400	 62.13000
 41.00000	 62.09000	 84.85812	 62.09000
 41.20000	 62.07000	 84.79290	 62.07000
 41.40000	 62.11000	 84.84861	 62.11000
 41.60000	 62.14000	 84.88488	 62.14000
 41.80000	 62.16000	 84.90163	 62.16000
 42.00000	 62.17000	 84.89886	 62.17000
 42.20000	 62.16000	 84.85656	 62.16000
 42.40000	 62.09000	 84.69468	 62.09000
 42.60000	 61.98000	 84.45360	 61.98000
 42.80000	 61.84000	 84.15370	 61.84000
 43.00000	 61.68000	 83.81536	 61.68000
 43.20000	 61.50000	 83.43888	 61.50000
 43.40000	 61.31000	 83.04455	 61.31000
 43.60000	 61.12000	 82.65261	 61.12000
 43.80000	 60.92000	 82.24313	 60.92000
 44.00000	 60.72000	 81.83624	 60.72000
 44.20000	 60.51000	 81.41194	 60.51000
 44.40000	 60.29000	 80.97027	 60.29000
 44.60000	 60.06000	 80.51127	 60.06000
 44.80000	 59.81000	 80.01495	 59.81000
 45.00000	 59.51000	 79.42128	 59.51000
 45.20000	 59.21000	 78.83067	 59.21000
 45.40000	 58.92000	 78.26325	 58.92000
 45.60000	 58.66000	 77.75912	 58.66000
 45.80000	 58.43000	 77.31812	 58.43000
 46.00000	 58.25000	 76.98007	 58.25000
 46.20000	 58.18000	 76.86476	 58.18000
 46.40000	 58.14000	 76.81121	 58.14000
 46.60000	 58.14000	 76.83881	 58.14000
 46.80000	 58.17000	 76.92693	 58.17000
 47.00000	 58.23000	 77.07502	 58.23000
 47.20000	 58.31000	 77.26259	 58.31000
 47.40000	 58.41000	 77.48921	 58.41000
 47.60000	 58.52000	 77.73453	 58.52000
 47.80000	 58.63000	 77.97824	 58.63000
 48.00000	 58.74000	 78.22018	 58.74000
 48.20000	 58.84000	 78.44024	 58.84000
 48.40000	 58.92000	 78.61837	 58.92000
 48.60000	 58.92000	 78.63448	 58.92000
 48.80000	 58.90000	 78.60917	 58.90000
 49.00000	 58.88000	 78.58286	 58.88000
 49.20000	 58.86000	 78.55582	 58.86000
 49.40000	 58.84000	 78.52823	 58.84000
 49.60000	 58.84000	 78.54029	 58.84000
 49.80000	 58.92000	 78.71220	 58.92000
 50.00000	 59.00000	 78.88340	 59.00000
 50.20000	 59.08000	 79.05369	 59.08000
 50.40000	 59.16000	 79.22293	 59.16000
 50.60000	 59.23000	 79.37102	 59.23000
 50.80000	 59.26000	 79.43786	 59.26000
 51.00000	 59.23000	 79.38356	 59.23000
 51.20000	 59.19000	 79.30865	 59.19000
 51.40000	 59.13000	 79.19338	 59.13000
 51.60000	 59.07000	 79.07811	 59.07000
 51.80000	 58.99000	 78.92296	 58.99000
 52.00000	 58.90000	 78.74818	 58.90000
 52.20000	 58.78000	 78.51388	 58.78000
 52.40000	 58.67000	 78.30042	 58.67000
 52.60000	 58.57000	 78.10791	 58.57000
 52.80000	 58.48000	 77.93639	 58.48000
 53.00000	 58.41000	 77.80585	 58.41000
 53.20000	 58.37000	 77.73622	 58.37000
 53.40000	 58.42000	 77.84748	 58.42000
 53.60000	 58.50000	 78.01893	 58.50000
 53.80000	 58.61000	 78.25012	 58.61000
 54.00000	 58.73000	 78.50054	 58.73000
 54.20000	 58.86000	 78.76987	 58.86000
 54.40000	 59.01000	 79.07789	 59.01000
 54.60000	 59.16000	 79.38430	 59.16000
 54.80000	 59.31000	 79.68896	 59.31000
 55.00000	 59.46000	 79.99177	 59.46000
 55.20000	 59.60000	 80.27269	 59.60000
 55.40000	 59.72000	 80.51170	 59.72000
 55.60000	 59.81000	 80.68890	 59.81000
 55.80000	 59.85000	 80.76444	 59.85000
 56.00000	 59.86000	 80.77875	 59.86000
 56.20000	 59.86000	 80.77227	 59.86000
 56.40000	 59.85000	 80.74532	 59.85000
 56.60000	 59.83000	 80.69814	 59.83000
 56.80000	 59.81000	 80.65098	 59.81000
 57.00000	 59.78000	 80.58394	 59.78000
 57.20000	 59.75000	 80.51722	 59.75000
 57.40000	 59.74000	 80.49094	 59.74000
 57.60000	 59.73000	 80.46504	 59.73000
 57.80000	 59.75000	 80.49958	 59.75000
 58.00000	 59.80000	 80.59442	 59.80000
 58.20000	 59.92000	 80.82949	 59.92000
 58.40000	 60.06000	 81.10420	 60.06000
 58.60000	 60.22000	 81.41817	 60.22000
 58.80000	 60.38000	 81.73103	 60.38000
 59.00000	 60.55000	 82.06259	 60.55000
 59.20000	 60.71000	 82.37263	 60.71000
 59.40000	 60.85000	 82.64106	 60.85000
 59.60000	 60.99000	 82.90799	 60.99000
 59.80000	 61.11000	 83.13341	 61.11000
 60.00000	 61.21000	 83.31746	 61.21000
 60.20000	 61.29000	 83.46032	 61.29000
 60.40000	 61.32000	 83.50210	 61.32000
 60.60000	 61.30000	 83.44316	 61.30000
 60.80000	 61.26000	 83.34405	 61.26000
 61.00000	 61.19000	 83.18511	 61.19000
 61.20000	 61.11000	 83.00680	 61.11000
 61.40000	 61.02000	 82.80940	 61.02000
 61.60000	 60.92000	 82.59314	 60.92000
 61.80000	 60.81000	 82.35821	 60.81000
 62.00000	 60.70000	 82.12479	 60.70000
 62.20000	 60.58000	 81.87294	 60.58000
 62.40000	 60.48000	 81.66283	 60.48000
 62.60000	 60.39000	 81.47440	 60.39000
 62.80000	 60.35000	 81.38769	 60.35000
 63.00000	 60.32000	 81.32230	 60.32000
 63.20000	 60.29000	 81.25795	 60.29000
 63.40000	 60.26000	 81.19448	 60.26000
 63.60000	 60.22000	 81.11172	 60.22000
 63.80000	 60.16000	 80.98960	 60.16000
 64.00000	 60.01000	 80.68792	 60.01000
 64.20000	 59.85000	 80.36733	 59.85000
 64.40000	 59.70000	 80.06816	 59.70000
 64.60000	 59.56000	 79.79056	 59.56000
 64.80000	 59.45000	 79.57464	 59.45000
 65.00000	 59.38000	 79.44031	 59.38000
 65.20000	 59.38000	 79.44743	 59.38000
 65.40000	 59.43000	 79.55547	 59.43000
 65.60000	 59.53000	 79.76390	 59.53000
 65.80000	 59.70000	 80.11224	 59.70000
 66.00000	 59.93000	 80.57979	 59.93000
 66.20000	 60.31000	 81.34617	 60.31000
 66.40000	 60.81000	 82.35023	 60.81000
 66.60000	 61.34000	 83.41053	 61.34000
 66.80000	 61.90000	 84.52618	 61.90000
 67.00000	 62.47000	 85.65646	 62.47000
 67.20000	 62.99000	 86.68075	 62.99000
 67.40000	 63.42000	 87.51886	 63.42000
 67.60000	 63.81000	 88.27135	 63.81000
 67.80000	 64.15000	 88.91868	 64.15000
 68.00000	 64.44000	 89.46142	 64.44000
 68.20000	 64.66000	 89.86014	 64.66000
 68.40000	 64.77000	 90.03546	 64.77000
 68.60000	 64.77000	 89.98838	 64.77000
 68.80000	 64.72000	 89.84021	 64.72000
 69.00000	 64.64000	 89.63199	 64.64000
 69.20000	 64.54000	 89.38455	 64.54000
 69.40000	 64.44000	 89.13854	 64.44000
 69.60000	 64.45000	 89.11472	 64.45000
 69.80000	 64.46000	 89.09254	 64.46000
 70.00000	 64.45000	 89.03180	 64.45000
 70.20000	 64.42000	 88.93247	 64.42000
 70.40000	 64.36000	 88.77456	 64.36000
 70.60000	 64.18000	 88.37790	 64.18000
 70.80000	 63.94000	 87.86325	 63.94000
 71.00000	 63.66000	 87.27127	 63.66000
 71.20000	 63.35000	 86.62253	 63.35000
 71.40000	 63.01000	 85.91749	 63.01000
 71.60000	 62.67000	 85.21661	 62.67000
 71.80000	 62.35000	 84.56021	 62.35000
 72.00000	 62.04000	 83.92826	 62.04000
 72.20000	 61.72000	 83.28064	 61.72000
 72.40000	 61.40000	 82.63734	 61.40000
 72.60000	 61.09000	 82.01831	 61.09000
 72.80000	 60.77000	 81.38335	 60.77000
 73.00000	 60.45000	 80.75240	 60.45000
 73.20000	 60.13000	 80.12537	 60.13000
 73.40000	 59.82000	 79.52217	 59.82000
 73.60000	 59.52000	 78.94264	 59.52000
 73.80000	 59.23000	 78.38662	 59.23000
 74.00000	 58.96000	 77.87393	 58.96000
 74.20000	 58.71000	 77.40434	 58.71000
 74.40000	 58.48000	 76.97755	 58.48000
 74.60000	 58.29000	 76.63334	 58.29000
 74.80000	 58.12000	 76.33125	 58.12000
 75.00000	 57.98000	 76.09097	 57.98000
 75.20000	 57.88000	 75.93212	 57.88000
 75.40000	 57.87000	 75.95444	 57.87000
 75.60000	 57.90000	 76.05711	 57.90000
 75.80000	 57.95000	 76.19944	 57.95000
 76.00000	 58.01000	 76.36090	 58.01000
 76.20000	 58.08000	 76.54114	 58.08000
 76.40000	 58.13000	 76.67978	 58.13000
 76.60000	 58.02000	 76.49627	 58.02000
 76.80000	 57.91000	 76.31173	 57.91000
 77.00000	 57.84000	 76.20669	 57.84000
 77.20000	 57.81000	 76.18129	 57.81000
 77.40000	 57.85000	 76.29554	 57.85000
 77.60000	 58.04000	 76.70939	 58.04000
 77.80000	 58.46000	 77.58228	 58.46000
 78.00000	 58.95000	 78.59225	 58.95000
 78.20000	 59.46000	 79.63789	 59.46000
 78.40000	 60.00000	 80.73835	 60.00000
 78.60000	 60.51000	 81.77279	 60.51000
 78.80000	 60.91000	 82.58067	 60.91000
 79.00000	 61.27000	 83.30253	 61.27000
 79.20000	 61.60000	 83.95885	 61.60000
 79.40000	 61.88000	 84.51002	 61.88000
 79.60000	 62.12000	 84.97665	 62.12000
 79.80000	 62.28000	 85.27920	 62.28000
 80.00000	 62.39000	 85.47853	 62.39000
 80.20000	 62.46000	 85.59543	 62.46000
 80.40000	 62.49000	 85.63057	 62.49000
 80.60000	 62.49000	 85.60465	 62.49000
 80.80000	 62.47000	 85.53827	 62.47000
 81.00000	 62.43000	 85.43189	 62.43000
 81.20000	 62.37000	 85.28592	 62.37000
 81.40000	 62.31000	 85.14076	 62.31000
 81.60000	 62.26000	 85.01669	 62.26000
 81.80000	 62.21000	 84.89376	 62.21000
 82.00000	 62.20000	 84.85218	 62.20000
 82.20000	 62.23000	 84.89180	 62.23000
 82.40000	 62.28000	 84.97230	 62.28000
 82.60000	 62.34000	 85.07339	 62.34000
 82.80000	 62.43000	 85.23490	 62.43000
 83.00000	 62.54000	 85.43652	 62.54000
 83.20000	 62.72000	 85.77815	 62.72000
 83.40000	 62.89000	 86.09906	 62.89000
 83.60000	 63.06000	 86.41903	 63.06000
 83.80000	 63.20000	 86.67778	 63.20000
 84.00000	 63.31000	 86.87532	 63.31000
 84.20000	 63.30000	 86.83152	 63.30000
 84.40000	 63.20000	 86.60706	 63.20000
 84.60000	 63.05000	 86.28282	 63.05000
 84.80000	 62.86000	 85.87955	 62.86000
 85.00000	 62.63000	 85.39789	 62.63000
 85.20000	 62.36000	 84.83841	 62.36000
 85.40000	 62.02000	 84.14155	 62.02000
 85.60000	 61.65000	 83.38805	 61.65000
 85.80000	 61.27000	 82.61846	 61.27000
 86.00000	 60.91000	 81.89323	 60.91000
 86.20000	 60.58000	 81.23250	 60.58000
 86.40000	 60.29000	 80.65621	 60.29000
 86.60000	 60.16000	 80.40449	 60.16000
 86.80000	 60.11000	 80.31620	 60.11000
 87.00000	 60.11000	 80.33032	 60.11000
 87.20000	 60.14000	 80.40593	 60.14000
 87.40000	 60.18000	 80.50223	 60.18000
 87.60000	 60.23000	 80.61870	 60.23000
 87.80000	 60.22000	 80.61471	 60.22000
 88.00000	 60.22000	 80.63044	 60.22000
 88.20000	 60.23000	 80.66583	 60.23000
 88.40000	 60.25000	 80.72082	 60.25000
 88.60000	 60.29000	 80.81534	 60.29000
 88.80000	 60.37000	 80.98933	 60.37000
 89.00000	 60.48000	 81.22250	 60.48000
 89.20000	 60.60000	 81.47451	 60.60000
 89.40000	 60.73000	 81.74515	 60.73000
 89.60000	 60.85000	 81.99418	 60.85000
 89.80000	 60.97000	 82.24157	 60.97000
 90.00000	 61.06000	 82.42720	 61.06000
 90.20000	 61.12000	 82.55119	 61.12000
 90.40000	 61.16000	 82.63378	 61.16000
 90.60000	 61.19000	 82.69525	 61.19000
 90.80000	 61.21000	 82.73582	 61.21000
 91.00000	 61.21000	 82.73564	 61.21000
 91.20000	 61.17000	 82.65487	 61.17000
 91.40000	 61.10000	 82.51385	 61.10000
 91.60000	 61.04000	 82.39306	 61.04000
 91.80000	 60.97000	 82.25262	 60.97000
 92.00000	 60.92000	 82.15277	 60.92000
 92.20000	 60.89000	 82.09355	 60.89000
 92.40000	 60.92000	 82.15502	 60.92000
 92.60000	 61.00000	 82.31684	 61.00000
 92.80000	 61.10000	 82.51854	 61.10000
 93.00000	 61.21000	 82.73971	 61.21000
 93.20000	 61.33000	 82.98010	 61.33000
 93.40000	 61.46000	 83.23947	 61.46000
 93.60000	 61.59000	 83.49763	 61.59000
 93.80000	 61.71000	 83.73443	 61.71000
 94.00000	 61.82000	 83.94985	 61.82000
 94.20000	 61.91000	 84.12390	 61.91000
 94.40000	 61.98000	 84.25670	 61.98000
 94.60000	 61.94000	 84.16814	 61.94000
 94.80000	 61.88000	 84.03906	 61.88000
 95.00000	 61.79000	 83.84992	 61.79000
 95.20000	 61.70000	 83.66124	 61.70000
 95.40000	 61.60000	 83.45330	 61.60000
 95.60000	 61.54000	 83.32647	 61.54000
 95.80000	 61.55000	 83.34086	 61.55000
 96.00000	 61.56000	 83.35593	 61.56000
 96.20000	 61.57000	 83.37147	 61.57000
 96.40000	 61.57000	 83.36732	 61.57000
 96.60000	 61.55000	 83.32336	 61.55000
 96.80000	 61.48000	 83.17954	 61.48000
 97.00000	 61.30000	 82.81589	 61.30000
 97.20000	 61.10000	 82.41328	 61.10000
 97.40000	 60.90000	 82.01225	 60.90000
 97.60000	 60.69000	 81.59305	 60.69000
 97.80000	 60.49000	 81.19599	 60.49000
 98.00000	 60.34000	 80.90128	 60.34000
 98.20000	 60.25000	 80.72881	 60.25000
 98.40000	 60.18000	 80.59806	 60.18000
 98.60000	 60.12000	 80.48866	 60.12000
 98.80000	 60.08000	 80.42036	 60.08000
 99.00000	 60.04000	 80.35279	 60.04000
 99.20000	 60.01000	 80.30580	 60.01000
 99.40000	 59.97000	 80.23914	 59.97000
 99.60000	 59.93000	 80.17274	 59.93000
 99.80000	 59.89000	 80.10654	 59.89000
100.00000	 59.84000	 80.02047	 59.84000
100.20000	 59.76000	 79.87448	 59.76000
100.40000	 59.65000	 79.66868	 59.65000
100.60000	 59.53000	 79.44335	 59.53000
100.80000	 59.40000	 79.19865	 59.40000
101.00000	 59.26000	 78.93473	 59.26000
101.20000	 59.12000	 78.67176	 59.12000
101.40000	 58.98000	 78.40983	 58.98000
101.60000	 58.84000	 78.14897	 58.84000
101.80000	 58.70000	 77.88922	 58.70000
102.00000	 58.58000	 77.67063	 58.58000
102.20000	 58.47000	 77.47308	 58.47000
102.40000	 58.37000	 77.29646	 58.37000
102.60000	 58.31000	 77.20075	 58.31000
102.80000	 58.29000	 77.18568	 58.29000
103.00000	 58.29000	 77.21087	 58.29000
103.20000	 58.33000	 77.31606	 58.33000
103.40000	 58.38000	 77.44079	 58.38000
103.60000	 58.45000	 77.60479	 58.45000
103.80000	 58.57000	 77.86791	 58.57000
104.00000	 58.73000	 78.20973	 58.73000
104.20000	 58.89000	 78.54973	 58.89000
104.40000	 59.05000	 78.88765	 59.05000
104.60000	 59.21000	 79.22335	 59.21000
104.80000	 59.35000	 79.51668	 59.35000
105.00000	 59.42000	 79.66753	 59.42000
105.20000	 59.46000	 79.75635	 59.46000
105.40000	 59.48000	 79.80356	 59.48000
105.60000	 59.47000	 79.78947	 59.47000
105.80000	 59.44000	 79.73447	 59.44000
106.00000	 59.39000	 79.63890	 59.39000
106.20000	 59.26000	 79.38289	 59.26000
106.40000	 59.11000	 79.08717	 59.11000
106.60000	 58.97000	 78.81227	 58.97000
106.80000	 58.84000	 78.55844	 58.84000
107.00000	 58.73000	 78.34584	 58.73000
107.20000	 58.66000	 78.21453	 58.66000
107.40000	 58.71000	 78.32457	 58.71000
107.60000	 58.80000	 78.51511	 58.80000
107.80000	 58.92000	 78.76553	 58.92000
108.00000	 59.07000	 79.07532	 59.07000
108.20000	 59.24000	 79.42398	 59.24000
108.40000	 59.44000	 79.83117	 59.44000
108.60000	 59.65000	 80.25646	 59.65000
108.80000	 59.87000	 80.69957	 59.87000
109.00000	 60.10000	 81.16031	 60.10000
109.20000	 60.33000	 81.61850	 60.33000
109.40000	 60.55000	 82.05402	 60.55000
109.60000	 60.73000	 82.40679	 60.73000
109.80000	 60.90000	 82.73711	 60.90000
110.00000	 61.06000	 83.04517	 61.06000
110.20000	 61.19000	 83.29109	 61.19000
110.40000	 61.32000	 83.53526	 61.32000
110.60000	 61.42000	 83.71778	 61.42000
110.80000	 61.45000	 83.75880	 61.45000
111.00000	 61.48000	 83.79902	 61.48000
111.20000	 61.51000	 83.83878	 61.51000
111.40000	 61.54000	 83.87830	 61.54000
111.60000	 61.59000	 83.95781	 61.59000
111.80000	 61.69000	 84.13744	 61.69000
112.00000	 61.88000	 84.49713	 61.88000
112.20000	 62.09000	 84.89619	 62.09000
112.40000	 62.31000	 85.31417	 62.31000
112.60000	 62.54000	 85.75078	 62.54000
112.80000	 62.77000	 86.18575	 62.77000
113.00000	 62.99000	 86.59892	 62.99000
113.20000	 63.18000	 86.95018	 63.18000
113.40000	 63.36000	 87.27970	 63.36000
113.60000	 63.51000	 87.54756	 63.51000
113.80000	 63.63000	 87.75398	 63.63000
114.00000	 63.69000	 87.83916	 63.69000
114.20000	 63.69000	 87.80354	 63.69000
114.40000	 63.66000	 87.70777	 63.66000
114.60000	 63.59000	 87.53231	 63.59000
114.80000	 63.51000	 87.33775	 63.51000
115.00000	 63.40000	 87.08439	 63.40000
115.20000	 63.28000	 86.81265	 63.28000
115.40000	 63.14000	 86.50277	 63.14000
115.60000	 63.00000	 86.19504	 63.00000
115.80000	 62.86000	 85.88962	 62.86000
116.00000	 62.73000	 85.60661	 62.73000
116.20000	 62.61000	 85.34599	 62.61000
116.40000	 62.55000	 85.20785	 62.55000
116.60000	 62.52000	 85.13178	 62.52000
116.80000	 62.49000	 85.05734	 62.49000
117.00000	 62.46000	 84.98427	 62.46000
117.20000	 62.41000	 84.87231	 62.41000
117.40000	 62.32000	 84.68134	 62.32000
117.60000	 62.15000	 84.33135	 62.15000
117.80000	 61.96000	 83.94291	 61.96000
118.00000	 61.74000	 83.49631	 61.74000
118.20000	 61.51000	 83.03193	 61.51000
118.40000	 61.27000	 82.55001	 61.27000
118.60000	 61.02000	 82.05073	 61.02000
118.80000	 60.75000	 81.51418	 60.75000
119.00000	 60.49000	 81.00061	 60.49000
119.20000	 60.26000	 80.55010	 60.26000
119.40000	 60.05000	 80.14250	 60.05000
119.60000	 59.87000	 79.79764	 59.87000
119.80000	 59.76000	 79.59536	 59.76000
120.00000	 59.76000	 79.61529	 59.76000
120.20000	 59.80000	 79.71642	 59.80000
120.40000	 59.86000	 79.85797	 59.86000
120.60000	 59.94000	 80.03938	 59.94000
120.80000	 60.04000	 80.26017	 60.04000
121.00000	 60.12000	 80.43984	 60.12000
121.20000	 60.20000	 80.61826	 60.20000
121.40000	 60.29000	 80.81537	 60.29000
121.60000	 60.37000	 80.99101	 60.37000
121.80000	 60.45000	 81.16519	 60.45000
122.00000	 60.50000	 81.27783	 60.50000
122.20000	 60.54000	 81.36912	 60.54000
122.40000	 60.57000	 81.43922	 60.57000
122.60000	 60.61000	 81.52834	 60.61000
122.80000	 60.65000	 81.61652	 60.65000
123.00000	 60.69000	 81.70382	 60.69000
123.20000	 60.78000	 81.89045	 60.78000
123.40000	 60.89000	 82.11616	 60.89000
123.60000	 61.00000	 82.34071	 61.00000
123.80000	 61.10000	 82.54394	 61.10000
124.00000	 61.20000	 82.74588	 61.20000
124.20000	 61.28000	 82.90645	 61.28000
124.40000	 61.25000	 82.84547	 61.25000
124.60000	 61.21000	 82.76376	 61.21000
124.80000	 61.18000	 82.70179	 61.18000
125.00000	 61.19000	 82.71989	 61.19000
125.20000	 61.24000	 82.81805	 61.24000
125.40000	 61.43000	 83.19644	 61.43000
125.60000	 61.73000	 83.79429	 61.73000
125.80000	 62.08000	 84.49052	 62.08000
126.00000	 62.44000	 85.20423	 62.44000
126.20000	 62.79000	 85.89479	 62.79000
126.40000	 63.08000	 86.46175	 63.08000
126.60000	 63.32000	 86.92520	 63.32000
126.80000	 63.53000	 87.32550	 63.53000
127.00000	 63.73000	 87.70305	 63.73000
127.20000	 63.91000	 88.03812	 63.91000
127.40000	 64.09000	 88.37108	 64.09000
127.60000	 64.29000	 88.74221	 64.29000
127.80000	 64.46000	 89.05147	 64.46000
128.00000	 64.60000	 89.29905	 64.60000
128.20000	 64.70000	 89.46519	 64.70000
128.40000	 64.75000	 89.53023	 64.75000
128.60000	 64.66000	 89.31432	 64.66000
128.80000	 64.47000	 88.89848	 64.47000
129.00000	 64.25000	 88.42391	 64.25000
129.20000	 64.02000	 87.93146	 64.02000
129.40000	 63.80000	 87.46175	 63.80000
129.60000	 63.63000	 87.09521	 63.63000
129.80000	 63.60000	 87.01210	 63.60000
130.00000	 63.60000	 86.99147	 63.60000
130.20000	 63.60000	 86.97267	 63.60000
130.40000	 63.61000	 86.97533	 63.61000
130.60000	 63.59000	 86.91899	 63.59000
130.80000	 63.49000	 86.70340	 63.49000
131.00000	 63.36000	 86.42894	 63.36000
131.20000	 63.22000	 86.13595	 63.22000
131.40000	 63.07000	 85.82463	 63.07000
131.60000	 62.91000	 85.49514	 62.91000
131.80000	 62.80000	 85.26782	 62.80000
132.00000	 62.71000	 85.08243	 62.71000
132.20000	 62.61000	 84.87870	 62.61000
132.40000	 62.50000	 84.65651	 62.50000
132.60000	 62.35000	 84.35573	 62.35000
132.80000	 62.18000	 84.01653	 62.18000
133.00000	 61.82000	 83.29851	 61.82000
133.20000	 61.43000	 82.52302	 61.43000
133.40000	 61.04000	 81.75082	 61.04000
133.60000	 60.68000	 81.04243	 60.68000
133.80000	 60.38000	 80.45806	 60.38000
134.00000	 60.25000	 80.21789	 60.25000
134.20000	 60.28000	 80.30102	 60.28000
134.40000	 60.37000	 80.50590	 60.37000
134.60000	 60.50000	 80.79136	 60.50000
134.80000	 60.65000	 81.11641	 60.65000
135.00000	 60.75000	 81.34014	 60.75000
135.20000	 60.76000	 81.38215	 60.76000
135.40000	 60.77000	 81.42294	 60.77000
135.60000	 60.80000	 81.50270	 60.80000
135.80000	 60.85000	 81.62148	 60.85000
136.00000	 60.95000	 81.83931	 60.95000
136.20000	 61.23000	 82.41639	 61.23000
136.40000	 61.53000	 83.03136	 61.53000
136.60000	 61.86000	 83.70358	 61.86000
136.80000	 62.18000	 84.35242	 62.18000
137.00000	 62.50000	 84.99762	 62.50000
137.20000	 62.71000	 85.41867	 62.71000
137.40000	 62.81000	 85.61593	 62.81000
137.60000	 62.91000	 85.81049	 62.91000
137.80000	 63.02000	 86.02290	 63.02000
138.00000	 63.15000	 86.27353	 63.15000
138.20000	 63.40000	 86.76287	 63.40000
138.40000	 63.78000	 87.51060	 63.78000
138.60000	 64.19000	 88.31566	 64.19000
138.80000	 64.59000	 89.09732	 64.59000
139.00000	 64.98000	 89.85526	 64.98000
139.20000	 65.27000	 90.40904	 65.27000
139.40000	 65.47000	 90.77903	 65.47000
139.60000	 65.64000	 91.08605	 65.64000
139.80000	 65.75000	 91.27058	 65.75000
140.00000	 65.82000	 91.37333	 65.82000
140.20000	 65.85000	 91.39492	 65.85000
140.40000	 65.84000	 91.33596	 65.84000
140.60000	 65.79000	 91.19700	 65.79000
140.80000	 65.70000	 90.97860	 65.70000
141.00000	 65.56000	 90.66124	 65.56000
141.20000	 65.38000	 90.26550	 65.38000
141.40000	 65.10000	 89.67170	 65.10000
141.60000	 64.79000	 89.02080	 64.79000
141.80000	 64.46000	 88.33341	 64.46000
142.00000	 64.13000	 87.65003	 64.13000
142.20000	 63.80000	 86.97092	 63.80000
142.40000	 63.51000	 86.37636	 63.51000
142.60000	 63.27000	 85.88625	 63.27000
142.80000	 63.04000	 85.42015	 63.04000
143.00000	 62.84000	 85.01783	 62.84000
143.20000	 62.65000	 84.63886	 62.65000
143.40000	 62.48000	 84.30296	 62.48000
143.60000	 62.34000	 84.02982	 62.34000
143.80000	 62.22000	 83.79906	 62.22000
144.00000	 62.09000	 83.55022	 62.09000
144.20000	 61.97000	 83.32315	 61.97000
144.40000	 61.84000	 83.07757	 61.84000
144.60000	 61.67000	 82.75328	 61.67000
144.80000	 61.47000	 82.37036	 61.47000
145.00000	 61.27000	 81.98908	 61.27000
145.20000	 61.06000	 81.58948	 61.06000
145.40000	 60.86000	 81.21170	 60.86000
145.60000	 60.67000	 80.85576	 60.67000
145.80000	 60.50000	 80.54161	 60.50000
146.00000	 60.34000	 80.24909	 60.34000
146.20000	 60.20000	 79.99808	 60.20000
146.40000	 60.07000	 79.76836	 60.07000
146.60000	 59.97000	 79.59979	 59.97000
146.80000	 59.88000	 79.45207	 59.88000
147.00000	 59.76000	 79.24483	 59.76000
147.20000	 59.68000	 79.11827	 59.68000
147.40000	 59.65000	 79.09222	 59.65000
147.60000	 59.66000	 79.14632	 59.66000
147.80000	 59.74000	 79.34027	 59.74000
148.00000	 59.99000	 79.87387	 59.99000
148.20000	 60.36000	 80.64590	 60.36000
148.40000	 60.75000	 81.45488	 60.75000
148.60000	 61.16000	 82.29997	 61.16000
148.80000	 61.55000	 83.10042	 61.55000
149.00000	 61.81000	 83.63559	 61.81000
149.20000	 61.95000	 83.92589	 61.95000
149.40000	 62.05000	 84.13234	 62.05000
149.60000	 62.11000	 84.25569	 62.11000
149.80000	 62.14000	 84.31663	 62.14000
150.00000	 62.15000	 84.33581	 62.15000
150.20000	 62.18000	 84.39387	 62.18000
150.40000	 62.21000	 84.45103	 62.21000
150.60000	 62.24000	 84.50748	 62.24000
150.80000	 62.27000	 84.56337	 62.27000
151.00000	 62.31000	 84.63882	 62.31000
151.20000	 62.37000	 84.75392	 62.37000
151.40000	 62.47000	 84.94866	 62.47000
151.60000	 62.59000	 85.18279	 62.59000
151.80000	 62.71000	 85.41605	 62.71000
152.00000	 62.84000	 85.66834	 62.84000
152.20000	 62.97000	 85.91950	 62.97000
152.40000	 63.10000	 86.16948	 63.10000
152.60000	 63.22000	 86.39819	 63.22000
152.80000	 63.34000	 86.62571	 63.34000
153.00000	 63.45000	 86.83202	 63.45000
153.20000	 63.55000	 87.01721	 63.55000
153.40000	 63.62000	 87.14132	 63.62000
153.60000	 63.67000	 87.22456	 63.67000
153.80000	 63.72000	 87.30723	 63.72000
154.00000	 63.77000	 87.38949	 63.77000
154.20000	 63.83000	 87.49148	 63.83000
154.40000	 63.93000	 87.67333	 63.93000
154.60000	 64.06000	 87.91488	 64.06000
154.80000	 64.19000	 88.15583	 64.19000
155.00000	 64.31000	 88.37601	 64.31000
155.20000	 64.41000	 88.55535	 64.41000
155.40000	 64.48000	 88.67388	 64.48000
155.60000	 64.40000	 88.49137	 64.40000
155.80000	 64.28000	 88.22890	 64.28000
156.00000	 64.15000	 87.94721	 64.15000
156.20000	 64.03000	 87.68684	 64.03000
156.40000	 63.92000	 87.44807	 63.92000
156.60000	 63.92000	 87.43132	 63.92000
156.80000	 64.00000	 87.57615	 64.00000
157.00000	 64.11000	 87.78179	 64.11000
157.20000	 64.23000	 88.00767	 64.23000
157.40000	 64.34000	 88.21332	 64.34000
157.60000	 64.43000	 88.37847	 64.43000
157.80000	 64.48000	 88.46299	 64.48000
158.00000	 64.52000	 88.52710	 64.52000
158.20000	 64.54000	 88.55088	 64.54000
158.40000	 64.53000	 88.51447	 64.53000
158.60000	 64.49000	 88.41811	 64.49000
158.80000	 64.42000	 88.26206	 64.42000
159.00000	 64.33000	 88.06667	 64.33000
159.20000	 64.20000	 87.79216	 64.20000
159.40000	 64.05000	 87.47893	 64.05000
159.60000	 63.88000	 87.12728	 63.88000
159.80000	 63.63000	 86.61728	 63.63000
160.00000	 63.35000	 86.04957	 63.35000
160.20000	 63.07000	 85.48468	 63.07000
160.40000	 62.80000	 84.94290	 62.80000
160.60000	 62.55000	 84.44437	 62.55000
160.80000	 62.34000	 84.02911	 62.34000
161.00000	 62.26000	 83.87718	 62.26000
161.20000	 62.21000	 83.78759	 62.21000
161.40000	 62.17000	 83.71963	 62.17000
161.60000	 62.15000	 83.69286	 62.15000
161.80000	 62.14000	 83.68685	 62.14000
162.00000	 62.08000	 83.58106	 62.08000
162.20000	 62.02000	 83.47564	 62.02000
162.40000	 61.95000	 83.35052	 61.95000
162.60000	 61.87000	 83.20572	 61.87000
162.80000	 61.78000	 83.04131	 61.78000
163.00000	 61.70000	 82.89740	 61.70000
163.20000	 61.60000	 82.71392	 61.60000
163.40000	 61.49000	 82.51096	 61.49000
163.60000	 61.36000	 82.26859	 61.36000
163.80000	 61.21000	 81.98694	 61.21000
164.00000	 61.04000	 81.66617	 61.04000
164.20000	 60.77000	 81.14620	 60.77000
164.40000	 60.47000	 80.56778	 60.47000
164.60000	 60.17000	 79.99144	 60.17000
164.80000	 59.88000	 79.43752	 59.88000
165.00000	 59.62000	 78.94620	 59.62000
165.20000	 59.43000	 78.59755	 59.43000
165.40000	 59.36000	 78.49140	 59.36000
165.60000	 59.33000	 78.46675	 59.33000
165.80000	 59.34000	 78.52292	 59.34000
166.00000	 59.39000	 78.65930	 59.39000
166.20000	 59.47000	 78.85527	 59.47000
166.40000	 59.55000	 79.05020	 59.55000
166.60000	 59.65000	 79.28384	 59.65000
166.80000	 59.77000	 79.55588	 59.77000
167.00000	 59.91000	 79.86606	 59.91000
167.20000	 60.07000	 80.21413	 60.07000
167.40000	 60.28000	 80.65997	 60.28000
167.60000	 60.53000	 81.18321	 60.53000
167.80000	 60.78000	 81.70339	 60.78000
168.00000	 61.03000	 82.22027	 61.03000
168.20000	 61.27000	 82.71373	 61.27000
168.40000	 61.48000	 83.14369	 61.48000
168.60000	 61.55000	 83.28996	 61.55000
168.80000	 61.57000	 83.33353	 61.57000
169.00000	 61.60000	 83.39527	 61.60000
169.20000	 61.65000	 83.49569	 61.65000
169.40000	 61.73000	 83.65505	 61.73000
169.60000	 61.95000	 84.09377	 61.95000
169.80000	 62.30000	 84.79130	 62.30000
170.00000	 62.68000	 85.54647	 62.68000
170.20000	 63.06000	 86.29850	 63.06000
170.40000	 63.41000	 86.98687	 63.41000
170.60000	 63.66000	 87.47123	 63.66000
170.80000	 63.79000	 87.71186	 63.79000
171.00000	 63.88000	 87.86975	 63.88000
171.20000	 63.94000	 87.96565	 63.94000
171.40000	 63.96000	 87.98012	 63.96000
171.60000	 63.98000	 87.99389	 63.98000
171.80000	 64.00000	 88.00736	 64.00000
172.00000	 64.00000	 87.98075	 64.00000
172.20000	 63.99000	 87.93437	 63.99000
172.40000	 63.95000	 87.82837	 63.95000
172.60000	 63.89000	 87.68305	 63.89000
172.80000	 63.76000	 87.39850	 63.76000
173.00000	 63.62000	 87.09536	 63.62000
173.20000	 63.47000	 86.77396	 63.47000
173.40000	 63.32000	 86.45457	 63.32000
173.60000	 63.18000	 86.15737	 63.18000
173.80000	 63.07000	 85.92246	 63.07000
174.00000	 63.04000	 85.84988	 63.04000
174.20000	 63.03000	 85.81903	 63.03000
174.40000	 63.03000	 85.80949	 63.03000
174.60000	 63.03000	 85.80091	 63.03000
174.80000	 63.04000	 85.81310	 63.04000
175.00000	 63.01000	 85.74571	 63.01000
175.20000	 62.98000	 85.67888	 62.98000
175.40000	 62.94000	 85.59259	 62.94000
175.60000	 62.89000	 85.48687	 62.89000
175.80000	 62.85000	 85.40186	 62.85000
176.00000	 62.82000	 85.33754	 62.82000
176.20000	 62.80000	 85.29387	 62.80000
176.40000	 62.77000	 85.23070	 62.77000
176.60000	 62.73000	 85.14802	 62.73000
176.80000	 62.69000	 85.06586	 62.69000
177.00000	 62.62000	 84.92416	 62.62000
177.20000	 62.47000	 84.62287	 62.47000
177.40000	 62.28000	 84.24251	 62.28000
177.60000	 62.10000	 83.88367	 62.10000
177.80000	 61.94000	 83.56659	 61.94000
178.00000	 61.82000	 83.33142	 61.82000
178.20000	 61.78000	 83.25813	 61.78000
178.40000	 61.93000	 83.56666	 61.93000
178.60000	 62.13000	 83.97548	 62.13000
178.80000	 62.35000	 84.42357	 62.35000
179.00000	 62.56000	 84.85014	 62.56000
179.20000	 62.75000	 85.23472	 62.75000
179.40000	 62.78000	 85.29670	 62.78000
179.60000	 62.78000	 85.29701	 62.78000
179.80000	 62.76000	 85.25618	 62.76000
180.00000	 62.73000	 85.19468	 62.73000
180.20000	 62.71000	 85.15291	 62.71000
180.40000	 62.73000	 85.19116	 62.73000
180.60000	 62.78000	 85.28938	 62.78000
180.80000	 62.85000	 85.42738	 62.85000
181.00000	 62.92000	 85.56494	 62.92000
181.20000	 63.00000	 85.72198	 63.00000
181.40000	 63.09000	 85.89838	 63.09000
181.60000	 63.18000	 86.07401	 63.18000
181.80000	 63.28000	 86.26883	 63.28000
182.00000	 63.37000	 86.44270	 63.37000
182.20000	 63.46000	 86.61565	 63.46000
182.40000	 63.54000	 86.76766	 63.54000
182.60000	 63.61000	 86.89877	 63.61000
182.80000	 63.67000	 87.00908	 63.67000
183.00000	 63.71000	 87.07866	 63.71000
183.20000	 63.72000	 87.08763	 63.72000
183.40000	 63.70000	 87.03623	 63.70000
183.60000	 63.58000	 86.78452	 63.58000
183.80000	 63.40000	 86.41322	 63.40000
184.00000	 63.18000	 85.96302	 63.18000
184.20000	 62.95000	 85.49461	 62.95000
184.40000	 62.70000	 84.98836	 62.70000
184.60000	 62.44000	 84.46466	 62.44000
184.80000	 62.21000	 84.00388	 62.21000
185.00000	 62.00000	 83.58600	 62.00000
185.20000	 61.81000	 83.21093	 61.81000
185.40000	 61.64000	 82.87849	 61.64000
185.60000	 61.52000	 82.64857	 61.52000
185.80000	 61.43000	 82.48071	 61.43000
186.00000	 61.49000	 82.61491	 61.49000
186.20000	 61.58000	 82.80990	 61.58000
186.40000	 61.70000	 83.06495	 61.70000
186.60000	 61.83000	 83.33938	 61.83000
186.80000	 61.95000	 83.59268	 61.95000
187.00000	 62.02000	 83.74445	 62.02000
187.20000	 62.07000	 83.85484	 62.07000
187.40000	 62.10000	 83.92396	 62.10000
187.60000	 62.12000	 83.97202	 62.12000
187.80000	 62.14000	 84.01923	 62.14000
188.00000	 62.15000	 84.04566	 62.15000
188.20000	 62.16000	 84.07150	 62.16000
188.40000	 62.16000	 84.07679	 62.16000
188.60000	 62.15000	 84.06165	 62.15000
188.80000	 62.15000	 84.06626	 62.15000
189.00000	 62.13000	 84.03057	 62.13000
189.20000	 62.10000	 83.97473	 62.10000
189.40000	 62.07000	 83.91888	 62.07000
189.60000	 62.05000	 83.88313	 62.05000
189.80000	 62.04000	 83.86750	 62.04000
190.00000	 62.03000	 83.85193	 62.03000
190.20000	 62.06000	 83.91652	 62.06000
190.40000	 62.11000	 84.02103	 62.11000
190.60000	 62.18000	 84.16526	 62.18000
190.80000	 62.25000	 84.30894	 62.25000
191.00000	 62.34000	 84.49199	 62.34000
191.20000	 62.44000	 84.69422	 62.44000
191.40000	 62.56000	 84.93551	 62.56000
191.60000	 62.67000	 85.15559	 62.67000
191.80000	 62.77000	 85.35441	 62.77000
192.00000	 62.85000	 85.51194	 62.85000
192.20000	 62.90000	 85.60824	 62.90000
192.40000	 62.87000	 85.54336	 62.87000
192.60000	 62.80000	 85.39789	 62.80000
192.80000	 62.71000	 85.21238	 62.71000
193.00000	 62.60000	 84.98723	 62.60000
193.20000	 62.46000	 84.70275	 62.46000
193.40000	 62.28000	 84.33928	 62.28000
193.60000	 62.08000	 83.93727	 62.08000
193.80000	 61.86000	 83.49704	 61.86000
194.00000	 61.65000	 83.07897	 61.65000
194.20000	 61.45000	 82.68321	 61.45000
194.40000	 61.26000	 82.30976	 61.26000
194.60000	 61.14000	 82.07879	 61.14000
194.80000	 61.05000	 81.90983	 61.05000
195.00000	 60.99000	 81.80252	 60.99000
195.20000	 60.94000	 81.71641	 60.94000
195.40000	 60.90000	 81.65118	 60.90000
195.60000	 60.86000	 81.58654	 60.86000
195.80000	 60.82000	 81.52231	 60.82000
196.00000	 60.80000	 81.49842	 60.80000
196.20000	 60.79000	 81.49467	 60.79000
196.40000	 60.80000	 81.53093	 60.80000
196.60000	 60.85000	 81.64709	 60.85000
196.80000	 60.97000	 81.90295	 60.97000
197.00000	 61.11000	 82.19788	 61.11000
197.20000	 61.25000	 82.49143	 61.25000
197.40000	 61.39000	 82.78336	 61.39000
197.60000	 61.52000	 83.05347	 61.52000
197.80000	 61.60000	 83.22159	 61.60000
198.00000	 61.58000	 83.18774	 61.58000
198.20000	 61.54000	 83.11273	 61.54000
198.40000	 61.50000	 83.03708	 61.50000
198.60000	 61.47000	 82.98115	 61.47000
198.80000	 61.46000	 82.96514	 61.46000
199.00000	 61.55000	 83.14936	 61.55000
199.20000	 61.68000	 83.41324	 61.68000
199.40000	 61.81000	 83.67625	 61.81000
199.60000	 61.94000	 83.93812	 61.94000
199.80000	 62.07000	 84.19868	 62.07000
200.00000	 62.12000	 84.29757	 62.12000
200.20000	 62.16000	 84.37528	 62.16000
200.40000	 62.19000	 84.43204	 62.19000
200.60000	 62.21000	 84.46806	 62.21000
200.80000	 62.23000	 84.50356	 62.23000
201.00000	 62.27000	 84.57873	 62.27000
201.20000	 62.34000	 84.71362	 62.34000
201.40000	 62.41000	 84.84803	 62.41000
201.60000	 62.49000	 85.00192	 62.49000
201.80000	 62.57000	 85.15517	 62.57000
202.00000	 62.65000	 85.30775	 62.65000
202.20000	 62.73000	 85.45962	 62.73000
202.40000	 62.82000	 85.63081	 62.82000
202.60000	 62.89000	 85.76118	 62.89000
202.80000	 62.95000	 85.87082	 62.95000
203.00000	 63.00000	 85.95982	 63.00000
203.20000	 63.02000	 85.98821	 63.02000
203.40000	 62.96000	 85.85605	 62.96000
203.60000	 62.89000	 85.70401	 62.89000
203.80000	 62.81000	 85.53244	 62.81000
204.00000	 62.72000	 85.34161	 62.72000
204.20000	 62.62000	 85.13175	 62.62000
204.40000	 62.56000	 85.00318	 62.56000
204.60000	 62.51000	 84.89577	 62.51000
204.80000	 62.46000	 84.78939	 62.46000
205.00000	 62.41000	 84.68397	 62.41000
205.20000	 62.36000	 84.57947	 62.36000
205.40000	 62.31000	 84.47583	 62.31000
205.60000	 62.21000	 84.27285	 62.21000
205.80000	 62.12000	 84.09089	 62.12000
206.00000	 62.03000	 83.90998	 62.03000
206.20000	 61.96000	 83.77021	 61.96000
206.40000	 61.90000	 83.65148	 61.90000
206.60000	 61.88000	 83.61379	 61.88000
206.80000	 61.92000	 83.69697	 61.92000
207.00000	 61.99000	 83.84052	 61.99000
207.20000	 62.08000	 84.02400	 62.08000
207.40000	 62.18000	 84.22703	 62.18000
207.60000	 62.29000	 84.44934	 62.29000
207.80000	 62.41000	 84.69070	 62.41000
208.00000	 62.53000	 84.93092	 62.53000
208.20000	 62.65000	 85.16987	 62.65000
208.40000	 62.76000	 85.38746	 62.76000
208.60000	 62.86000	 85.58371	 62.86000
208.80000	 62.93000	 85.71861	 62.93000
209.00000	 62.99000	 85.83239	 62.99000
209.20000	 63.02000	 85.88517	 63.02000
209.40000	 63.02000	 85.87719	 63.02000
209.60000	 62.98000	 85.78870	 62.98000
209.80000	 62.92000	 85.66015	 62.92000
210.00000	 62.75000	 85.31156	 62.75000
210.20000	 62.53000	 84.86378	 62.53000
210.40000	 62.28000	 84.35753	 62.28000
210.60000	 62.04000	 83.87346	 62.04000
210.80000	 61.80000	 83.39185	 61.80000
211.00000	 61.58000	 82.95296	 61.58000
211.20000	 61.49000	 82.77713	 61.49000
211.40000	 61.43000	 82.66353	 61.43000
211.60000	 61.39000	 82.59161	 61.39000
211.80000	 61.37000	 82.56094	 61.37000
212.00000	 61.35000	 82.53105	 61.35000
212.20000	 61.30000	 82.44158	 61.30000
212.40000	 61.22000	 82.29246	 61.22000
212.60000	 61.14000	 82.14385	 61.14000
212.80000	 61.07000	 82.01582	 61.07000
213.00000	 61.00000	 81.88833	 61.00000
213.20000	 60.94000	 81.78138	 60.94000
213.40000	 60.89000	 81.69493	 60.89000
213.60000	 60.86000	 81.64891	 60.86000
213.80000	 60.85000	 81.64319	 60.85000
214.00000	 60.86000	 81.67760	 60.86000
214.20000	 60.88000	 81.73188	 60.88000
214.40000	 60.93000	 81.84595	 60.93000
214.60000	 61.04000	 82.07965	 61.04000
214.80000	 61.17000	 82.35245	 61.17000
215.00000	 61.31000	 82.64400	 61.31000
215.20000	 61.48000	 82.99409	 61.48000
215.40000	 61.65000	 83.34235	 61.65000
215.60000	 61.82000	 83.68861	 61.82000
215.80000	 62.00000	 84.05280	 62.00000
216.00000	 62.17000	 84.39477	 62.17000
216.20000	 62.34000	 84.73456	 62.34000
216.40000	 62.49000	 85.03212	 62.49000
216.60000	 62.63000	 85.30762	 62.63000
216.80000	 62.75000	 85.54116	 62.75000
217.00000	 62.84000	 85.71289	 62.84000
217.20000	 62.91000	 85.84313	 62.91000
217.40000	 62.95000	 85.91212	 62.95000
217.60000	 62.96000	 85.92018	 62.96000
217.80000	 62.93000	 85.84762	 62.93000
218.00000	 62.82000	 85.61472	 62.82000
218.20000	 62.68000	 85.32224	 62.68000
218.40000	 62.52000	 84.99071	 62.52000
218.60000	 62.37000	 84.68067	 62.37000
218.80000	 62.22000	 84.37230	 62.22000
219.00000	 62.13000	 84.18595	 62.13000
219.20000	 62.10000	 84.12146	 62.10000
219.40000	 62.07000	 84.05826	 62.07000
219.60000	 62.05000	 84.01612	 62.05000
219.80000	 62.02000	 83.95475	 62.02000
220.00000	 61.98000	 83.87403	 61.98000
220.20000	 61.89000	 83.69378	 61.89000
220.40000	 61.79000	 83.49428	 61.79000
220.60000	 61.68000	 83.27567	 61.68000
220.80000	 61.55000	 83.01806	 61.55000
221.00000	 61.42000	 82.76166	 61.42000
221.20000	 61.28000	 82.48652	 61.28000
221.40000	 61.14000	 82.21278	 61.14000
221.60000	 60.98000	 81.90042	 60.98000
221.80000	 60.84000	 81.62967	 60.84000
222.00000	 60.69000	 81.34039	 60.69000
222.20000	 60.55000	 81.07266	 60.55000
222.40000	 60.42000	 80.82642	 60.42000
222.60000	 60.30000	 80.60160	 60.30000
222.80000	 60.19000	 80.39806	 60.19000
223.00000	 60.11000	 80.25576	 60.11000
223.20000	 60.04000	 80.13439	 60.04000
223.40000	 60.01000	 80.09386	 60.01000
223.60000	 60.03000	 80.15390	 60.03000
223.80000	 60.08000	 80.27403	 60.08000
224.00000	 60.16000	 80.45385	 60.16000
224.20000	 60.25000	 80.65292	 60.25000
224.40000	 60.36000	 80.89097	 60.36000
224.60000	 60.47000	 81.12766	 60.47000
224.80000	 60.58000	 81.36282	 60.58000
225.00000	 60.70000	 81.61639	 60.70000
225.20000	 60.82000	 81.86824	 60.82000
225.40000	 60.95000	 82.13836	 60.95000
225.60000	 61.08000	 82.40666	 61.08000
225.80000	 61.19000	 82.63307	 61.19000
226.00000	 61.29000	 82.83769	 61.29000
226.20000	 61.39000	 83.04068	 61.39000
226.40000	 61.51000	 83.28219	 61.51000
226.60000	 61.63000	 83.52217	 61.63000
226.80000	 61.78000	 83.82071	 61.78000
227.00000	 61.99000	 84.23784	 61.99000
227.20000	 62.23000	 84.71315	 62.23000
227.40000	 62.48000	 85.20630	 62.48000
227.60000	 62.71000	 85.65696	 62.71000
227.80000	 62.93000	 86.08511	 62.93000
228.00000	 63.07000	 86.35058	 63.07000
228.20000	 63.14000	 86.47376	 63.14000
228.40000	 63.17000	 86.51529	 63.17000
228.60000	 63.18000	 86.51580	 63.18000
228.80000	 63.17000	 86.47574	 63.17000
229.00000	 63.14000	 86.39551	 63.14000
229.20000	 63.10000	 86.29551	 63.10000
229.40000	 63.06000	 86.19604	 63.06000
229.60000	 63.01000	 86.07725	 63.01000
229.80000	 62.97000	 85.97936	 62.97000
230.00000	 62.94000	 85.90244	 62.94000
230.20000	 62.93000	 85.86651	 62.93000
230.40000	 62.95000	 85.89150	 62.95000
230.60000	 63.00000	 85.97721	 63.00000
230.80000	 63.07000	 86.10336	 63.07000
231.00000	 63.16000	 86.26969	 63.16000
231.20000	 63.27000	 86.47595	 63.27000
231.40000	 63.41000	 86.74190	 63.41000
231.60000	 63.59000	 87.08729	 63.59000
231.80000	 63.78000	 87.45168	 63.78000
232.00000	 63.99000	 87.85483	 63.99000
232.20000	 64.22000	 88.29649	 64.22000
232.40000	 64.46000	 88.75640	 64.46000
232.60000	 64.74000	 89.29447	 64.74000
232.80000	 65.01000	 89.81027	 65.01000
233.00000	 65.28000	 90.32373	 65.28000
233.20000	 65.52000	 90.77468	 65.52000
233.40000	 65.73000	 91.16324	 65.73000
233.60000	 65.83000	 91.32937	 65.83000
233.80000	 65.81000	 91.25363	 65.81000
234.00000	 65.77000	 91.13727	 65.77000
234.20000	 65.72000	 91.00101	 65.72000
234.40000	 65.68000	 90.88544	 65.68000
234.60000	 65.68000	 90.85096	 65.68000
234.80000	 65.88000	 91.21811	 65.88000
235.00000	 66.11000	 91.64557	 66.11000
235.20000	 66.36000	 92.11265	 66.36000
235.40000	 66.60000	 92.55873	 66.60000
235.60000	 66.82000	 92.96348	 66.82000
235.80000	 66.90000	 93.08639	 66.90000
236.00000	 66.91000	 93.06819	 66.91000
236.20000	 66.90000	 93.00966	 66.90000
236.40000	 66.86000	 92.89128	 66.86000
236.60000	 66.80000	 92.73355	 66.80000
236.80000	 66.79000	 92.67707	 66.79000
237.00000	 66.80000	 92.66181	 66.80000
237.20000	 66.80000	 92.62762	 66.80000
237.40000	 66.79000	 92.57448	 66.79000
237.60000	 66.74000	 92.44232	 66.74000
237.80000	 66.66000	 92.25134	 66.66000
238.00000	 66.47000	 91.84151	 66.47000
238.20000	 66.22000	 91.31355	 66.22000
238.40000	 65.93000	 90.70815	 65.93000
238.60000	 65.63000	 90.08594	 65.63000
238.80000	 65.31000	 89.42728	 65.31000
239.00000	 65.00000	 88.79257	 65.00000
239.20000	 64.71000	 88.20196	 64.71000
239.40000	 64.42000	 87.61536	 64.42000
239.60000	 64.13000	 87.03270	 64.13000
239.80000	 63.84000	 86.45390	 63.84000
240.00000	 63.55000	 85.87886	 63.55000
240.20000	 63.26000	 85.30749	 63.26000
240.40000	 62.96000	 84.71965	 62.96000
240.60000	 62.66000	 84.13529	 62.66000
240.80000	 62.35000	 83.53431	 62.35000
241.00000	 62.05000	 82.95673	 62.05000
241.20000	 61.73000	 82.34233	 61.73000
241.40000	 61.38000	 81.67106	 61.38000
241.60000	 61.05000	 81.04316	 61.05000
241.80000	 60.73000	 80.43852	 60.73000
242.00000	 60.43000	 79.87707	 60.43000
242.20000	 60.17000	 79.39866	 60.17000
242.40000	 59.97000	 79.04306	 59.97000
242.60000	 59.83000	 78.80978	 59.83000
242.80000	 59.73000	 78.65815	 59.73000
243.00000	 59.67000	 78.58761	 59.67000
243.20000	 59.66000	 78.61762	 59.66000
243.40000	 59.71000	 78.76763	 59.71000
243.60000	 59.84000	 79.07707	 59.84000
243.80000	 60.00000	 79.44503	 60.00000
244.00000	 60.19000	 79.87090	 60.19000
244.20000	 60.38000	 80.29407	 60.38000
244.40000	 60.57000	 80.71421	 60.57000
244.60000	 60.70000	 81.01095	 60.70000
244.80000	 60.81000	 81.26456	 60.81000
245.00000	 60.90000	 81.47525	 60.90000
245.20000	 60.97000	 81.64326	 60.97000
245.40000	 61.02000	 81.76887	 61.02000
245.60000	 61.00000	 81.75222	 61.00000
245.80000	 60.92000	 81.61384	 60.92000
246.00000	 60.83000	 81.45447	 60.83000
246.20000	 60.76000	 81.33468	 60.76000
246.40000	 60.72000	 81.27473	 60.72000
246.60000	 60.73000	 81.31472	 60.73000
246.80000	 60.91000	 81.69486	 60.91000
247.00000	 61.13000	 82.15395	 61.13000
247.20000	 61.38000	 82.67127	 61.38000
247.40000	 61.64000	 83.20619	 61.64000
247.60000	 61.90000	 83.73826	 61.90000
247.80000	 62.11000	 84.16709	 62.11000
248.00000	 62.30000	 84.55284	 62.30000
248.20000	 62.47000	 84.89565	 62.47000
248.40000	 62.62000	 85.19575	 62.62000
248.60000	 62.74000	 85.43335	 62.74000
248.80000	 62.80000	 85.54868	 62.80000
249.00000	 62.83000	 85.60229	 62.83000
249.20000	 62.82000	 85.57463	 62.82000
249.40000	 62.78000	 85.48621	 62.78000
249.60000	 62.71000	 85.33748	 62.71000
249.80000	 62.59000	 85.08882	 62.59000
250.00000	 62.41000	 84.72067	 62.41000
250.20000	 62.21000	 84.31375	 62.21000
250.40000	 62.01000	 83.90857	 62.01000
250.60000	 61.80000	 83.48538	 61.80000
250.80000	 61.61000	 83.10449	 61.61000
251.00000	 61.49000	 82.86613	 61.49000
251.20000	 61.39000	 82.66984	 61.39000
251.40000	 61.30000	 82.49532	 61.30000
251.60000	 61.22000	 82.34232	 61.22000
251.80000	 61.15000	 82.21060	 61.15000
252.00000	 61.06000	 82.03987	 61.06000
252.20000	 60.96000	 81.85008	 60.96000
252.40000	 60.87000	 81.68128	 60.87000
252.60000	 60.78000	 81.51339	 60.78000
252.80000	 60.69000	 81.34634	 60.69000
253.00000	 60.62000	 81.22016	 60.62000
253.20000	 60.55000	 81.09467	 60.55000
253.40000	 60.49000	 80.98981	 60.49000
253.60000	 60.45000	 80.92550	 60.45000
253.80000	 60.42000	 80.88157	 60.42000
254.00000	 60.42000	 80.89793	 60.42000
254.20000	 60.43000	 80.93428	 60.43000
254.40000	 60.51000	 81.11063	 60.51000
254.60000	 60.61000	 81.32641	 60.61000
254.80000	 60.73000	 81.58126	 60.73000
255.00000	 60.85000	 81.83482	 60.85000
255.20000	 60.99000	 82.12694	 60.99000
255.40000	 61.12000	 82.39734	 61.12000
255.60000	 61.25000	 82.66597	 61.25000
255.80000	 61.38000	 82.93279	 61.38000
256.00000	 61.50000	 83.17776	 61.50000
256.20000	 61.61000	 83.40094	 61.61000
256.40000	 61.71000	 83.60242	 61.71000
256.60000	 61.77000	 83.72223	 61.77000
256.80000	 61.82000	 83.82072	 61.82000
257.00000	 61.85000	 83.87808	 61.85000
257.20000	 61.86000	 83.89457	 61.86000
257.40000	 61.85000	 83.87044	 61.85000
257.60000	 61.83000	 83.82598	 61.83000
257.80000	 61.75000	 83.66125	 61.75000
258.00000	 61.63000	 83.41670	 61.63000
258.20000	 61.51000	 83.17288	 61.51000
258.40000	 61.40000	 82.95012	 61.40000
258.60000	 61.30000	 82.74854	 61.30000
258.80000	 61.24000	 82.62828	 61.24000
259.00000	 61.26000	 82.66934	 61.26000
259.20000	 61.34000	 82.83122	 61.34000
259.40000	 61.46000	 83.07331	 61.46000
259.60000	 61.60000	 83.35503	 61.60000
259.80000	 61.76000	 83.67595	 61.76000
260.00000	 61.95000	 84.05573	 61.95000
260.20000	 62.16000	 84.47397	 62.16000
260.40000	 62.38000	 84.91035	 62.38000
260.60000	 62.60000	 85.34459	 62.60000
260.80000	 62.82000	 85.77657	 62.82000
261.00000	 63.04000	 86.20622	 63.04000
261.20000	 63.22000	 86.55338	 63.22000
261.40000	 63.36000	 86.81821	 63.36000
261.60000	 63.49000	 87.06113	 63.49000
261.80000	 63.62000	 87.30241	 63.62000
262.00000	 63.74000	 87.52221	 63.74000
262.20000	 63.86000	 87.74076	 63.86000
262.40000	 64.00000	 87.99826	 64.00000
262.60000	 64.16000	 88.29474	 64.16000
262.80000	 64.32000	 88.59007	 64.32000
263.00000	 64.46000	 88.84417	 64.46000
263.20000	 64.59000	 89.07715	 64.59000
263.40000	 64.71000	 89.28911	 64.71000
263.60000	 64.77000	 89.38001	 64.77000
263.80000	 64.81000	 89.43031	 64.81000
264.00000	 64.83000	 89.44032	 64.83000
264.20000	 64.83000	 89.41033	 64.83000
264.40000	 64.81000	 89.34062	 64.81000
264.60000	 64.78000	 89.25149	 64.78000
264.80000	 64.74000	 89.14315	 64.74000
265.00000	 64.68000	 88.99575	 64.68000
265.20000	 64.60000	 88.80948	 64.60000
265.40000	 64.49000	 88.56451	 64.49000
265.60000	 64.35000	 88.26108	 64.35000
265.80000	 64.15000	 87.83936	 64.15000
266.00000	 63.89000	 87.29976	 63.89000
266.20000	 63.61000	 86.72288	 63.61000
266.40000	 63.31000	 86.10913	 63.31000
266.60000	 63.02000	 85.51890	 63.02000
266.80000	 62.74000	 84.95234	 62.74000
267.00000	 62.51000	 84.48958	 62.51000
267.20000	 62.33000	 84.13041	 62.33000
267.40000	 62.16000	 83.79430	 62.16000
267.60000	 62.00000	 83.48092	 62.00000
267.80000	 61.84000	 83.16995	 61.84000
268.00000	 61.67000	 82.84113	 61.67000
268.20000	 61.45000	 82.41420	 61.45000
268.40000	 61.22000	 81.96937	 61.22000
268.60000	 61.00000	 81.54678	 61.00000
268.80000	 60.77000	 81.10638	 60.77000
269.00000	 60.55000	 80.68822	 60.55000
269.20000	 60.33000	 80.27222	 60.33000
269.40000	 60.13000	 79.89840	 60.13000
269.60000	 59.93000	 79.52654	 59.93000
269.80000	 59.75000	 79.19660	 59.75000
270.00000	 59.59000	 78.90839	 59.59000
270.20000	 59.46000	 78.68173	 59.46000
270.40000	 59.35000	 78.49631	 59.35000
270.60000	 59.30000	 78.43198	 59.30000
270.80000	 59.28000	 78.42818	 59.28000
271.00000	 59.29000	 78.48450	 59.29000
271.20000	 59.34000	 78.62056	 59.34000
271.40000	 59.42000	 78.81589	 59.42000
271.60000	 59.54000	 79.09012	 59.54000
271.80000	 59.72000	 79.48289	 59.72000
272.00000	 59.93000	 79.93358	 59.93000
272.20000	 60.16000	 80.42172	 60.16000
272.40000	 60.40000	 80.92691	 60.40000
272.60000	 60.65000	 81.44891	 60.65000
272.80000	 60.87000	 81.90740	 60.87000
273.00000	 61.06000	 82.30242	 61.06000
273.20000	 61.24000	 82.67421	 61.24000
273.40000	 61.43000	 83.06302	 61.43000
273.60000	 61.63000	 83.46896	 61.63000
273.80000	 61.83000	 83.87209	 61.83000
274.00000	 62.05000	 84.31254	 62.05000
274.20000	 62.30000	 84.81034	 62.30000
274.40000	 62.56000	 85.32534	 62.56000
274.60000	 62.83000	 85.85745	 62.83000
274.80000	 63.09000	 86.36656	 63.09000
275.00000	 63.36000	 86.89275	 63.36000
275.20000	 63.65000	 87.45606	 63.65000
275.40000	 63.93000	 87.99636	 63.93000
275.60000	 64.19000	 88.49365	 64.19000
275.80000	 64.42000	 88.92804	 64.42000
276.00000	 64.61000	 89.27973	 64.61000
276.20000	 64.68000	 89.38881	 64.68000
276.40000	 64.68000	 89.35620	 64.68000
276.60000	 64.63000	 89.22275	 64.63000
276.80000	 64.55000	 89.02927	 64.55000
277.00000	 64.44000	 88.77640	 64.44000
277.20000	 64.30000	 88.46467	 64.30000
277.40000	 64.18000	 88.19473	 64.18000
277.60000	 64.04000	 87.88667	 64.04000
277.80000	 63.89000	 87.56074	 63.89000
278.00000	 63.73000	 87.21710	 63.73000
278.20000	 63.57000	 86.87591	 63.57000
278.40000	 63.40000	 86.51721	 63.40000
278.60000	 63.24000	 86.18111	 63.24000
278.80000	 63.08000	 85.84756	 63.08000
279.00000	 62.92000	 85.51651	 62.92000
279.20000	 62.76000	 85.18791	 62.76000
279.40000	 62.61000	 84.88173	 62.61000
279.60000	 62.45000	 84.55779	 62.45000
279.80000	 62.29000	 84.23609	 62.29000
280.00000	 62.13000	 83.91655	 62.13000
280.20000	 61.97000	 83.59911	 61.97000
280.40000	 61.82000	 83.30375	 61.82000
280.60000	 61.68000	 83.03036	 61.68000
280.80000	 61.55000	 82.77881	 61.55000
281.00000	 61.44000	 82.56899	 61.44000
281.20000	 61.34000	 82.38066	 61.34000
281.40000	 61.25000	 82.21364	 61.25000
281.60000	 61.16000	 82.04772	 61.16000
281.80000	 61.08000	 81.90279	 61.08000
282.00000	 60.99000	 81.73865	 60.99000
282.20000	 60.89000	 81.55524	 60.89000
282.40000	 60.80000	 81.39261	 60.80000
282.60000	 60.71000	 81.23067	 60.71000
282.80000	 60.63000	 81.08941	 60.63000
283.00000	 60.56000	 80.96875	 60.56000
283.20000	 60.51000	 80.88863	 60.51000
283.40000	 60.50000	 80.88895	 60.50000
283.60000	 60.50000	 80.90937	 60.50000
283.80000	 60.51000	 80.94965	 60.51000
284.00000	 60.52000	 80.98957	 60.52000
284.20000	 60.54000	 81.04905	 60.54000
284.40000	 60.58000	 81.14799	 60.58000
284.60000	 60.61000	 81.22614	 60.61000
284.80000	 60.64000	 81.30347	 60.64000
285.00000	 60.66000	 81.35992	 60.66000
285.20000	 60.67000	 81.39553	 60.67000
285.40000	 60.66000	 81.39031	 60.66000
285.60000	 60.58000	 81.24425	 60.58000
285.80000	 60.46000	 81.01782	 60.46000
286.00000	 60.33000	 80.77153	 60.33000
286.20000	 60.20000	 80.52574	 60.20000
286.40000	 60.07000	 80.28067	 60.07000
286.60000	 59.97000	 80.09654	 59.97000
286.80000	 59.91000	 79.99337	 59.91000
287.00000	 59.90000	 79.99097	 59.90000
287.20000	 59.91000	 80.02894	 59.91000
287.40000	 59.96000	 80.14700	 59.96000
287.60000	 60.04000	 80.32477	 60.04000
