  0.00000	 89.26000	 30.89848	 89.26000
  0.20000	 88.98000	 30.74541	 88.98000
  0.40000	 89.03000	 30.73857	 89.03000
  0.60000	 89.35000	 30.85145	 89.35000
  0.80000	 89.85000	 31.04288	 89.85000
  1.00000	 90.45000	 31.27550	 90.45000
  1.20000	 91.07000	 31.51184	 91.07000
  1.40000	 91.63000	 31.71464	 91.63000
  1.60000	 91.95000	 31.80251	 91.95000
  1.80000	 91.95000	 31.74008	 91.95000
  2.00000	 91.82000	 31.61412	 91.82000
  2.20000	 91.57000	 31.43129	 91.57000
  2.40000	 91.28000	 31.22977	 91.28000
  2.60000	 90.96000	 31.01625	 90.96000
  2.80000	 90.59000	 30.78376	 90.59000
  3.00000	 90.19000	 30.54311	 90.19000
  3.20000	 89.78000	 30.30489	 89.78000
  3.40000	 89.36000	 30.07043	 89.36000
  3.60000	 88.92000	 29.83635	 88.92000
  3.80000	 88.47000	 29.60804	 88.47000
  4.00000	 87.93000	 29.35041	 87.93000
  4.20000	 87.36000	 29.09115	 87.36000
  4.40000	 86.86000	 28.87570	 86.86000
  4.60000	 86.46000	 28.71764	 86.46000
  4.80000	 86.33000	 28.69252	 86.33000
  5.00000	 86.43000	 28.78075	 86.43000
  5.20000	 86.68000	 28.94397	 86.68000
  5.40000	 87.05000	 29.16582	 87.05000
  5.60000	 87.56000	 29.45220	 87.56000
  5.80000	 88.15000	 29.77304	 88.15000
  6.00000	 88.76000	 30.09847	 88.76000
  6.20000	 89.33000	 30.39904	 89.33000
  6.40000	 89.71000	 30.60575	 89.71000
  6.60000	 89.98000	 30.75366	 89.98000
  6.80000	 90.18000	 30.86068	 90.18000
  7.00000	 90.28000	 30.91381	 90.28000
  7.20000	 90.34000	 30.94080	 90.34000
  7.40000	 90.30000	 30.91585	 90.30000
  7.60000	 90.17000	 30.84483	 90.17000
  7.80000	 89.93000	 30.72045	 89.93000
  8.00000	 89.41000	 30.46862	 89.41000
  8.20000	 88.83000	 30.19058	 88.83000
  8.40000	 88.24000	 29.91139	 88.24000
  8.60000	 87.72000	 29.66910	 87.72000
  8.80000	 87.44000	 29.54124	 87.44000
  9.00000	 87.31000	 29.48774	 87.31000
  9.20000	 87.31000	 29.49904	 87.31000
  9.40000	 87.44000	 29.57394	 87.44000
  9.60000	 87.84000	 29.77342	 87.84000
  9.80000	 88.35000	 30.02331	 88.35000
 10.00000	 88.89000	 30.28514	 88.89000
 10.20000	 89.40000	 30.52968	 89.40000
 10.40000	 89.67000	 30.66120	 89.67000
 10.60000	 89.86000	 30.75081	 89.86000
 10.80000	 89.98000	 30.80306	 89.98000
 11.00000	 90.03000	 30.81837	 90.03000
 11.20000	 90.01000	 30.79750	 90.01000
 11.40000	 89.95000	 30.75486	 89.95000
 11.60000	 89.85000	 30.69149	 89.85000
 11.80000	 89.74000	 30.62192	 89.74000
 12.00000	 89.67000	 30.56948	 89.67000
 12.20000	 89.57000	 30.50355	 89.57000
 12.40000	 89.43000	 30.42035	 89.43000
 12.60000	 89.22000	 30.30722	 89.22000
 12.80000	 88.75000	 30.08015	 88.75000
 13.00000	 88.27000	 29.85283	 88.27000
 13.20000	 87.82000	 29.64476	 87.82000
 13.40000	 87.48000	 29.49286	 87.48000
 13.60000	 87.50000	 29.50933	 87.50000
 13.80000	 87.68000	 29.60340	 87.68000
 14.00000	 87.95000	 29.74185	 87.95000
 14.20000	 88.30000	 29.91818	 88.30000
 14.40000	 88.69000	 30.11237	 88.69000
 14.60000	 89.09000	 30.30906	 89.09000
 14.80000	 89.48000	 30.49765	 89.48000
 15.00000	 89.82000	 30.65891	 89.82000
 15.20000	 90.02000	 30.75179	 90.02000
 15.40000	 90.16000	 30.81203	 90.16000
 15.60000	 90.25000	 30.84442	 90.25000
 15.80000	 90.31000	 30.85846	 90.31000
 16.00000	 90.38000	 30.87269	 90.38000
 16.20000	 90.40000	 30.86083	 90.40000
 16.40000	 90.35000	 30.81467	 90.35000
 16.60000	 90.18000	 30.71282	 90.18000
 16.80000	 89.82000	 30.52535	 89.82000
 17.00000	 89.43000	 30.32579	 89.43000
 17.20000	 89.05000	 30.13385	 89.05000
 17.40000	 88.76000	 29.98673	 88.76000
 17.60000	 88.65000	 29.92543	 88.65000
 17.80000	 88.61000	 29.90055	 88.61000
 18.00000	 88.66000	 29.92048	 88.66000
 18.20000	 88.79000	 29.97983	 88.79000
 18.40000	 89.00000	 30.07744	 89.00000
 18.60000	 89.25000	 30.19404	 89.25000
 18.80000	 89.49000	 30.30595	 89.49000
 19.00000	 89.67000	 30.38971	 89.67000
 19.20000	 89.78000	 30.44023	 89.78000
 19.40000	 89.84000	 30.46625	 89.84000
 19.60000	 89.84000	 30.46338	 89.84000
 19.80000	 89.75000	 30.41857	 89.75000
 20.00000	 89.57000	 30.33253	 89.57000
 20.20000	 89.36000	 30.23312	 89.36000
 20.40000	 89.10000	 30.11238	 89.10000
 20.60000	 88.84000	 29.99371	 88.84000
 20.80000	 88.58000	 29.87797	 88.58000
 21.00000	 88.32000	 29.76586	 88.32000
 21.20000	 88.07000	 29.66238	 88.07000
 21.40000	 87.79000	 29.55002	 87.79000
 21.60000	 87.44000	 29.41128	 87.44000
 21.80000	 87.22000	 29.33617	 87.22000
 22.00000	 87.18000	 29.34690	 87.18000
 22.20000	 87.48000	 29.51402	 87.48000
 22.40000	 88.29000	 29.91114	 88.29000
 22.60000	 89.32000	 30.40429	 89.32000
 22.80000	 90.53000	 30.97100	 90.53000
 23.00000	 91.89000	 31.59327	 91.89000
 23.20000	 93.33000	 32.23540	 93.33000
 23.40000	 94.74000	 32.84432	 94.74000
 23.60000	 96.04000	 33.38133	 96.04000
 23.80000	 96.99000	 33.73743	 96.99000
 24.00000	 97.70000	 33.96216	 97.70000
 24.20000	 98.21000	 34.07508	 98.21000
 24.40000	 98.52000	 34.07873	 98.52000
 24.60000	 98.58000	 33.95399	 98.58000
 24.80000	 98.50000	 33.75408	 98.50000
 25.00000	 98.31000	 33.49658	 98.31000
 25.20000	 98.09000	 33.22133	 98.09000
 25.40000	 97.98000	 32.99457	 97.98000
 25.60000	 97.79000	 32.73390	 97.79000
 25.80000	 97.50000	 32.43290	 97.50000
 26.00000	 97.08000	 32.08063	 97.08000
 26.20000	 96.22000	 31.54113	 96.22000
 26.40000	 95.20000	 30.94362	 95.20000
 26.60000	 94.11000	 30.33233	 94.11000
 26.80000	 93.04000	 29.75096	 93.04000
 27.00000	 92.15000	 29.27365	 92.15000
 27.20000	 91.51000	 28.93281	 91.51000
 27.40000	 90.97000	 28.66095	 90.97000
 27.60000	 90.49000	 28.43909	 90.49000
 27.80000	 90.06000	 28.26133	 90.06000
 28.00000	 89.66000	 28.11704	 89.66000
 28.20000	 89.28000	 27.99998	 89.28000
 28.40000	 88.91000	 27.90391	 88.91000
 28.60000	 88.52000	 27.81369	 88.52000
 28.80000	 88.01000	 27.68308	 88.01000
 29.00000	 87.48000	 27.55589	 87.48000
 29.20000	 86.95000	 27.44025	 86.95000
 29.40000	 86.44000	 27.34431	 86.44000
 29.60000	 85.99000	 27.28505	 85.99000
 29.80000	 85.61000	 27.26583	 85.61000
 30.00000	 85.28000	 27.27635	 85.28000
 30.20000	 84.99000	 27.31069	 84.99000
 30.40000	 84.73000	 27.36292	 84.73000
 30.60000	 84.41000	 27.39139	 84.41000
 30.80000	 84.21000	 27.47561	 84.21000
 31.00000	 84.17000	 27.63211	 84.17000
 31.20000	 84.35000	 27.88584	 84.35000
 31.40000	 84.96000	 28.32814	 84.96000
 31.60000	 85.80000	 28.86558	 85.80000
 31.80000	 86.83000	 29.47596	 86.83000
 32.00000	 88.07000	 30.16385	 88.07000
 32.20000	 89.56000	 30.94272	 89.56000
 32.40000	 91.06000	 31.70066	 91.06000
 32.60000	 92.47000	 32.38931	 92.47000
 32.80000	 93.49000	 32.87220	 93.49000
 33.00000	 94.16000	 33.16732	 94.16000
 33.20000	 94.62000	 33.33928	 94.62000
 33.40000	 94.90000	 33.40442	 94.90000
 33.60000	 95.09000	 33.40657	 95.09000
 33.80000	 95.14000	 33.32703	 95.14000
 34.00000	 95.08000	 33.18313	 95.08000
 34.20000	 94.91000	 32.97883	 94.91000
 34.40000	 94.65000	 32.72704	 94.65000
 34.60000	 94.30000	 32.43155	 94.30000
 34.80000	 93.85000	 32.09154	 93.85000
 35.00000	 93.30000	 31.71053	 93.30000
 35.20000	 92.55000	 31.24717	 92.55000
 35.40000	 91.72000	 30.75875	 91.72000
 35.60000	 90.90000	 30.28884	 90.90000
 35.80000	 90.15000	 29.86682	 90.15000
 36.00000	 89.67000	 29.58382	 89.67000
 36.20000	 89.46000	 29.43983	 89.46000
 36.40000	 89.35000	 29.35746	 89.35000
 36.60000	 89.31000	 29.32148	 89.31000
 36.80000	 89.29000	 29.30753	 89.29000
 37.00000	 89.28000	 29.30921	 89.28000
 37.20000	 89.23000	 29.30239	 89.23000
 37.40000	 89.12000	 29.27670	 89.12000
 37.60000	 88.85000	 29.18639	 88.85000
 37.80000	 88.35000	 28.99995	 88.35000
 38.00000	 87.81000	 28.80309	 87.81000
 38.20000	 87.25000	 28.60548	 87.25000
 38.40000	 86.75000	 28.44351	 86.75000
 38.60000	 86.44000	 28.37545	 86.44000
 38.80000	 86.18000	 28.33790	 86.18000
 39.00000	 85.98000	 28.33433	 85.98000
 39.20000	 85.83000	 28.35908	 85.83000
 39.40000	 85.75000	 28.41980	 85.75000
 39.60000	 85.70000	 28.49716	 85.70000
 39.80000	 85.64000	 28.57188	 85.64000
 40.00000	 85.55000	 28.63387	 85.55000
 40.20000	 85.28000	 28.61523	 85.28000
 40.40000	 84.74000	 28.47581	 84.74000
 40.60000	 84.26000	 28.36445	 84.26000
 40.80000	 83.92000	 28.31772	 83.92000
 41.00000	 83.85000	 28.39376	 83.85000
 41.20000	 84.34000	 28.72103	 84.34000
 41.40000	 85.08000	 29.15741	 85.08000
 41.60000	 86.04000	 29.68545	 86.04000
 41.80000	 87.20000	 30.29188	 87.20000
 42.00000	 88.57000	 30.97676	 88.57000
 42.20000	 90.01000	 31.67304	 90.01000
 42.40000	 91.46000	 32.35003	 91.46000
 42.60000	 92.83000	 32.96446	 92.83000
 42.80000	 94.08000	 33.49655	 94.08000
 43.00000	 95.16000	 33.92319	 95.16000
 43.20000	 96.03000	 34.22696	 96.03000
 43.40000	 96.46000	 34.30666	 96.46000
 43.60000	 96.63000	 34.24643	 96.63000
 43.80000	 96.60000	 34.07758	 96.60000
 44.00000	 96.42000	 33.82734	 96.42000
 44.20000	 96.16000	 33.53198	 96.16000
 44.40000	 95.79000	 33.18268	 95.79000
 44.60000	 95.35000	 32.80178	 95.35000
 44.80000	 94.83000	 32.38885	 94.83000
 45.00000	 94.26000	 31.96103	 94.26000
 45.20000	 93.66000	 31.53055	 93.66000
 45.40000	 93.04000	 31.10465	 93.04000
 45.60000	 92.42000	 30.69455	 92.42000
 45.80000	 91.83000	 30.31541	 91.83000
 46.00000	 91.28000	 29.97283	 91.28000
 46.20000	 90.78000	 29.67186	 90.78000
 46.40000	 90.33000	 29.41254	 90.33000
 46.60000	 89.95000	 29.20343	 89.95000
 46.80000	 89.73000	 29.08390	 89.73000
 47.00000	 89.56000	 29.00314	 89.56000
 47.20000	 89.41000	 28.94595	 89.41000
 47.40000	 89.26000	 28.90165	 89.26000
 47.60000	 89.00000	 28.81942	 89.00000
 47.80000	 88.71000	 28.73406	 88.71000
 48.00000	 88.40000	 28.64920	 88.40000
 48.20000	 88.09000	 28.57309	 88.09000
 48.40000	 87.81000	 28.51844	 87.81000
 48.60000	 87.56000	 28.48445	 87.56000
 48.80000	 87.32000	 28.46129	 87.32000
 49.00000	 87.11000	 28.45703	 87.11000
 49.20000	 86.90000	 28.45734	 86.90000
 49.40000	 86.67000	 28.45245	 86.67000
 49.60000	 86.51000	 28.48194	 86.51000
 49.80000	 86.45000	 28.55833	 86.45000
 50.00000	 86.55000	 28.70724	 86.55000
 50.20000	 86.95000	 28.98949	 86.95000
 50.40000	 87.49000	 29.33074	 87.49000
 50.60000	 88.16000	 29.72358	 88.16000
 50.80000	 88.94000	 30.15608	 88.94000
 51.00000	 89.79000	 30.60745	 89.79000
 51.20000	 90.73000	 31.08401	 90.73000
 51.40000	 91.75000	 31.57886	 91.75000
 51.60000	 92.95000	 32.13448	 92.95000
 51.80000	 94.28000	 32.72607	 94.28000
 52.00000	 95.50000	 33.24394	 95.50000
 52.20000	 96.51000	 33.64210	 96.51000
 52.40000	 96.85000	 33.71507	 96.85000
 52.60000	 96.85000	 33.61379	 96.85000
 52.80000	 96.60000	 33.38313	 96.60000
 53.00000	 96.17000	 33.05960	 96.17000
 53.20000	 95.71000	 32.71560	 95.71000
 53.40000	 95.15000	 32.32453	 95.15000
 53.60000	 94.51000	 31.89975	 94.51000
 53.80000	 93.80000	 31.44981	 93.80000
 54.00000	 93.03000	 30.98283	 93.03000
 54.20000	 92.24000	 30.51996	 92.24000
 54.40000	 91.44000	 30.06833	 91.44000
 54.60000	 90.67000	 29.64796	 90.67000
 54.80000	 89.97000	 29.27819	 89.97000
 55.00000	 89.34000	 28.95973	 89.34000
 55.20000	 88.79000	 28.69709	 88.79000
 55.40000	 88.34000	 28.49870	 88.34000
 55.60000	 88.02000	 28.37686	 88.02000
 55.80000	 87.91000	 28.36561	 87.91000
 56.00000	 87.87000	 28.39980	 87.87000
 56.20000	 87.84000	 28.44997	 87.84000
 56.40000	 87.78000	 28.49584	 87.78000
 56.60000	 87.54000	 28.46838	 87.54000
 56.80000	 87.24000	 28.42030	 87.24000
 57.00000	 86.91000	 28.36440	 86.91000
 57.20000	 86.53000	 28.29133	 86.53000
 57.40000	 86.11000	 28.20536	 86.11000
 57.60000	 85.66000	 28.11091	 85.66000
 57.80000	 85.22000	 28.02591	 85.22000
 58.00000	 84.79000	 27.95030	 84.79000
 58.20000	 84.44000	 27.91523	 84.44000
 58.40000	 84.15000	 27.91121	 84.15000
 58.60000	 83.90000	 27.92854	 83.90000
 58.80000	 83.69000	 27.96636	 83.69000
 59.00000	 83.45000	 27.99243	 83.45000
 59.20000	 83.14000	 27.98819	 83.14000
 59.40000	 82.93000	 28.02940	 82.93000
 59.60000	 82.88000	 28.14220	 82.88000
 59.80000	 83.13000	 28.38790	 83.13000
 60.00000	 83.85000	 28.84010	 83.85000
 60.20000	 84.77000	 29.37401	 84.77000
 60.40000	 85.82000	 29.95408	 85.82000
 60.60000	 86.97000	 30.56289	 86.97000
 60.80000	 88.15000	 31.16549	 88.15000
 61.00000	 89.28000	 31.72310	 89.28000
 61.20000	 90.29000	 32.20240	 90.29000
 61.40000	 90.96000	 32.50410	 90.96000
 61.60000	 91.37000	 32.66501	 91.37000
 61.80000	 91.62000	 32.73211	 91.62000
 62.00000	 91.72000	 32.71279	 91.72000
 62.20000	 91.74000	 32.64167	 91.74000
 62.40000	 91.67000	 32.51759	 91.67000
 62.60000	 91.50000	 32.33943	 91.50000
 62.80000	 91.24000	 32.11505	 91.24000
 63.00000	 90.88000	 31.84326	 90.88000
 63.20000	 90.45000	 31.54074	 90.45000
 63.40000	 89.99000	 31.22843	 89.99000
 63.60000	 89.53000	 30.92239	 89.53000
 63.80000	 89.09000	 30.63375	 89.09000
 64.00000	 88.69000	 30.37308	 88.69000
 64.20000	 88.35000	 30.15043	 88.35000
 64.40000	 88.10000	 29.97975	 88.10000
 64.60000	 87.99000	 29.88329	 87.99000
 64.80000	 88.06000	 29.87813	 88.06000
 65.00000	 88.22000	 29.92241	 88.22000
 65.20000	 88.45000	 30.00532	 88.45000
 65.40000	 88.74000	 30.12043	 88.74000
 65.60000	 89.07000	 30.25682	 89.07000
 65.80000	 89.39000	 30.39024	 89.39000
 66.00000	 89.67000	 30.50573	 89.67000
 66.20000	 89.84000	 30.57086	 89.84000
 66.40000	 89.84000	 30.55836	 89.84000
 66.60000	 89.78000	 30.51778	 89.78000
 66.80000	 89.67000	 30.45424	 89.67000
 67.00000	 89.57000	 30.39529	 89.57000
 67.20000	 89.50000	 30.35046	 89.50000
 67.40000	 89.41000	 30.29775	 89.41000
 67.60000	 89.28000	 30.22859	 89.28000
 67.80000	 89.11000	 30.14345	 89.11000
 68.00000	 88.84000	 30.01607	 88.84000
 68.20000	 88.53000	 29.87416	 88.53000
 68.40000	 88.18000	 29.71861	 88.18000
 68.60000	 87.81000	 29.55924	 87.81000
 68.80000	 87.32000	 29.35212	 87.32000
 69.00000	 86.83000	 29.15202	 86.83000
 69.20000	 86.43000	 29.00003	 86.43000
 69.40000	 86.20000	 28.93218	 86.20000
 69.60000	 86.33000	 29.03277	 86.33000
 69.80000	 86.76000	 29.27273	 86.76000
 70.00000	 87.37000	 29.59514	 87.37000
 70.20000	 88.10000	 29.96960	 88.10000
 70.40000	 89.00000	 30.41492	 89.00000
 70.60000	 89.96000	 30.87825	 89.96000
 70.80000	 90.89000	 31.31608	 90.89000
 71.00000	 91.70000	 31.68570	 91.70000
 71.20000	 92.10000	 31.85604	 92.10000
 71.40000	 92.31000	 31.92631	 92.31000
 71.60000	 92.39000	 31.92504	 92.39000
 71.80000	 92.35000	 31.85888	 92.35000
 72.00000	 92.28000	 31.77054	 92.28000
 72.20000	 92.13000	 31.64001	 92.13000
 72.40000	 91.92000	 31.47862	 91.92000
 72.60000	 91.64000	 31.28421	 91.64000
 72.80000	 91.21000	 31.02330	 91.21000
 73.00000	 90.75000	 30.75213	 90.75000
 73.20000	 90.31000	 30.49535	 90.31000
 73.40000	 89.93000	 30.27259	 89.93000
 73.60000	 89.78000	 30.16101	 89.78000
 73.80000	 89.78000	 30.12468	 89.78000
 74.00000	 89.84000	 30.12248	 89.84000
 74.20000	 89.94000	 30.14436	 89.94000
 74.40000	 90.08000	 30.18916	 90.08000
 74.60000	 90.21000	 30.23329	 90.21000
 74.80000	 90.27000	 30.24891	 90.27000
 75.00000	 90.24000	 30.22649	 90.24000
 75.20000	 89.92000	 30.07650	 89.92000
 75.40000	 89.41000	 29.84482	 89.41000
 75.60000	 88.80000	 29.57350	 88.80000
 75.80000	 88.13000	 29.28231	 88.13000
 76.00000	 87.48000	 29.00882	 87.48000
 76.20000	 86.85000	 28.75436	 86.85000
 76.40000	 86.24000	 28.51984	 86.24000
 76.60000	 85.65000	 28.30582	 85.65000
 76.80000	 85.09000	 28.11703	 85.09000
 77.00000	 84.56000	 27.95341	 84.56000
 77.20000	 84.11000	 27.83702	 84.11000
 77.40000	 83.79000	 27.78947	 83.79000
 77.60000	 83.65000	 27.83178	 83.65000
 77.80000	 83.85000	 28.03347	 83.85000
 78.00000	 84.17000	 28.29288	 84.17000
 78.20000	 84.57000	 28.58878	 84.57000
 78.40000	 84.98000	 28.88666	 84.98000
 78.60000	 85.32000	 29.14806	 85.32000
 78.80000	 85.65000	 29.39789	 85.65000
 79.00000	 85.94000	 29.62126	 85.94000
 79.20000	 86.18000	 29.81272	 86.18000
 79.40000	 86.33000	 29.95389	 86.33000
 79.60000	 86.45000	 30.07169	 86.45000
 79.80000	 86.54000	 30.16645	 86.54000
 80.00000	 86.61000	 30.24316	 86.61000
 80.20000	 86.66000	 30.30243	 86.66000
 80.40000	 86.73000	 30.36287	 86.73000
 80.60000	 86.85000	 30.43847	 86.85000
 80.80000	 87.05000	 30.54302	 87.05000
 81.00000	 87.40000	 30.70781	 87.40000
 81.20000	 87.82000	 30.89651	 87.82000
 81.40000	 88.32000	 31.11288	 88.32000
 81.60000	 88.94000	 31.37392	 88.94000
 81.80000	 89.69000	 31.68294	 89.69000
 82.00000	 90.43000	 31.97589	 90.43000
 82.20000	 91.07000	 32.21150	 91.07000
 82.40000	 91.44000	 32.31345	 91.44000
 82.60000	 91.52000	 32.27389	 91.52000
 82.80000	 91.47000	 32.16672	 91.47000
 83.00000	 91.32000	 32.00801	 91.32000
 83.20000	 91.17000	 31.84523	 91.17000
 83.40000	 91.04000	 31.68969	 91.04000
 83.60000	 90.84000	 31.50308	 90.84000
 83.80000	 90.56000	 31.28287	 90.56000
 84.00000	 90.12000	 30.99524	 90.12000
 84.20000	 89.43000	 30.60228	 89.43000
 84.40000	 88.73000	 30.21428	 88.73000
 84.60000	 88.06000	 29.85160	 88.06000
 84.80000	 87.53000	 29.56521	 87.53000
 85.00000	 87.37000	 29.45870	 87.37000
 85.20000	 87.33000	 29.41912	 87.33000
 85.40000	 87.37000	 29.42689	 87.37000
 85.60000	 87.43000	 29.45331	 87.43000
 85.80000	 87.46000	 29.47422	 87.46000
 86.00000	 87.48000	 29.49709	 87.48000
 86.20000	 87.48000	 29.51620	 87.48000
 86.40000	 87.44000	 29.52158	 87.44000
 86.60000	 87.31000	 29.49013	 87.31000
 86.80000	 87.15000	 29.44843	 87.15000
 87.00000	 86.95000	 29.39189	 86.95000
 87.20000	 86.73000	 29.32950	 86.73000
 87.40000	 86.51000	 29.27029	 86.51000
 87.60000	 86.27000	 29.20537	 86.27000
 87.80000	 86.02000	 29.13930	 86.02000
 88.00000	 85.76000	 29.07216	 85.76000
 88.20000	 85.44000	 28.98167	 85.44000
 88.40000	 85.11000	 28.89050	 85.11000
 88.60000	 84.81000	 28.81676	 84.81000
 88.80000	 84.59000	 28.78284	 84.59000
 89.00000	 84.46000	 28.79285	 84.46000
 89.20000	 84.47000	 28.86838	 84.47000
 89.40000	 84.62000	 29.00814	 84.62000
 89.60000	 84.94000	 29.22381	 84.94000
 89.80000	 85.45000	 29.52211	 85.45000
 90.00000	 86.38000	 30.00319	 86.38000
 90.20000	 87.44000	 30.53330	 87.44000
 90.40000	 88.56000	 31.07725	 88.56000
 90.60000	 89.69000	 31.60925	 89.69000
 90.80000	 90.65000	 32.04609	 90.65000
 91.00000	 91.53000	 32.42666	 91.53000
 91.20000	 92.29000	 32.73254	 92.29000
 91.40000	 92.90000	 32.95061	 92.90000
 91.60000	 93.24000	 33.02840	 93.24000
 91.80000	 93.42000	 33.01748	 93.42000
 92.00000	 93.46000	 32.92971	 93.46000
 92.20000	 93.36000	 32.76833	 93.36000
 92.40000	 93.07000	 32.51448	 93.07000
 92.60000	 92.69000	 32.21671	 92.69000
 92.80000	 92.26000	 31.89660	 92.26000
 93.00000	 91.82000	 31.57536	 91.82000
 93.20000	 91.47000	 31.30053	 91.47000
 93.40000	 91.23000	 31.08293	 91.23000
 93.60000	 91.03000	 30.89230	 91.03000
 93.80000	 90.87000	 30.72921	 90.87000
 94.00000	 90.77000	 30.60281	 90.77000
 94.20000	 90.79000	 30.53972	 90.79000
 94.40000	 90.79000	 30.47652	 90.79000
 94.60000	 90.76000	 30.40805	 90.76000
 94.80000	 90.63000	 30.30248	 90.63000
 95.00000	 90.25000	 30.09264	 90.25000
 95.20000	 89.77000	 29.84655	 89.77000
 95.40000	 89.22000	 29.57878	 89.22000
 95.60000	 88.62000	 29.29944	 88.62000
 95.80000	 88.02000	 29.03198	 88.02000
 96.00000	 87.41000	 28.77272	 87.41000
 96.20000	 86.80000	 28.52671	 86.80000
 96.40000	 86.20000	 28.29875	 86.20000
 96.60000	 85.59000	 28.07997	 85.59000
 96.80000	 84.98000	 27.87482	 84.98000
 97.00000	 84.42000	 27.70547	 84.42000
 97.20000	 83.94000	 27.58481	 83.94000
 97.40000	 83.55000	 27.51637	 83.55000
 97.60000	 83.34000	 27.53905	 83.34000
 97.80000	 83.31000	 27.65084	 83.31000
 98.00000	 83.38000	 27.81333	 83.38000
 98.20000	 83.54000	 28.01935	 83.54000
 98.40000	 83.79000	 28.26617	 83.79000
 98.60000	 84.12000	 28.54663	 84.12000
 98.80000	 84.49000	 28.84023	 84.49000
 99.00000	 84.88000	 29.13571	 84.88000
 99.20000	 85.25000	 29.41322	 85.25000
 99.40000	 85.57000	 29.65788	 85.57000
 99.60000	 85.86000	 29.87774	 85.86000
 99.80000	 86.12000	 30.07230	 86.12000
100.00000	 86.36000	 30.24588	 86.36000
100.20000	 86.55000	 30.38517	 86.55000
100.40000	 86.71000	 30.49955	 86.71000
100.60000	 86.83000	 30.58517	 86.83000
100.80000	 86.91000	 30.64285	 86.91000
101.00000	 86.92000	 30.66018	 86.92000
101.20000	 86.89000	 30.65181	 86.89000
101.40000	 86.81000	 30.61458	 86.81000
101.60000	 86.69000	 30.55436	 86.69000
101.80000	 86.47000	 30.44574	 86.47000
102.00000	 86.19000	 30.30828	 86.19000
102.20000	 85.92000	 30.17498	 85.92000
102.40000	 85.73000	 30.07853	 85.73000
102.60000	 85.72000	 30.06445	 85.72000
102.80000	 86.00000	 30.18176	 86.00000
103.00000	 86.36000	 30.33513	 86.36000
103.20000	 86.74000	 30.49619	 86.74000
103.40000	 87.07000	 30.63223	 87.07000
103.60000	 87.26000	 30.70208	 87.26000
103.80000	 87.37000	 30.73248	 87.37000
104.00000	 87.37000	 30.71029	 87.37000
104.20000	 87.22000	 30.61842	 87.22000
104.40000	 86.76000	 30.38670	 86.76000
104.60000	 86.22000	 30.12048	 86.22000
104.80000	 85.69000	 29.86250	 85.69000
105.00000	 85.20000	 29.62817	 85.20000
105.20000	 85.16000	 29.60223	 85.16000
105.40000	 85.29000	 29.65863	 85.29000
105.60000	 85.45000	 29.73322	 85.45000
105.80000	 85.58000	 29.79768	 85.58000
106.00000	 85.58000	 29.80612	 85.58000
106.20000	 85.13000	 29.61504	 85.13000
106.40000	 84.66000	 29.41834	 84.66000
106.60000	 84.24000	 29.24872	 84.24000
106.80000	 83.93000	 29.13394	 83.93000
107.00000	 84.09000	 29.23518	 84.09000
107.20000	 84.42000	 29.41633	 84.42000
107.40000	 84.85000	 29.64365	 84.85000
107.60000	 85.34000	 29.89670	 85.34000
107.80000	 85.82000	 30.14181	 85.82000
108.00000	 86.29000	 30.37705	 86.29000
108.20000	 86.74000	 30.59641	 86.74000
108.40000	 87.14000	 30.78539	 87.14000
108.60000	 87.43000	 30.91652	 87.43000
108.80000	 87.62000	 30.99433	 87.62000
109.00000	 87.73000	 31.02836	 87.73000
109.20000	 87.75000	 31.01508	 87.75000
109.40000	 87.65000	 30.94235	 87.65000
109.60000	 87.40000	 30.79843	 87.40000
109.80000	 87.09000	 30.62568	 87.09000
110.00000	 86.73000	 30.43064	 86.73000
110.20000	 86.35000	 30.22871	 86.35000
110.40000	 85.92000	 30.00819	 85.92000
110.60000	 85.51000	 29.80203	 85.51000
110.80000	 85.19000	 29.64273	 85.19000
111.00000	 85.00000	 29.54875	 85.00000
111.20000	 85.12000	 29.60037	 85.12000
111.40000	 85.51000	 29.77809	 85.51000
111.60000	 86.03000	 30.01669	 86.03000
111.80000	 86.61000	 30.28206	 86.61000
112.00000	 87.16000	 30.53131	 87.16000
112.20000	 87.67000	 30.75790	 87.67000
112.40000	 88.14000	 30.96034	 88.14000
112.60000	 88.57000	 31.13761	 88.57000
112.80000	 88.93000	 31.27568	 88.93000
113.00000	 89.20000	 31.36552	 89.20000
113.20000	 89.38000	 31.40752	 89.38000
113.40000	 89.49000	 31.41145	 89.49000
113.60000	 89.49000	 31.36051	 89.49000
113.80000	 89.38000	 31.25616	 89.38000
114.00000	 89.18000	 31.10911	 89.18000
114.20000	 88.89000	 30.92128	 88.89000
114.40000	 88.52000	 30.69916	 88.52000
114.60000	 87.96000	 30.39562	 87.96000
114.80000	 87.39000	 30.09367	 87.39000
115.00000	 86.84000	 29.80882	 86.84000
115.20000	 86.38000	 29.57396	 86.38000
115.40000	 86.23000	 29.48830	 86.23000
115.60000	 86.26000	 29.49291	 86.26000
115.80000	 86.38000	 29.54596	 86.38000
116.00000	 86.58000	 29.64117	 86.58000
116.20000	 86.82000	 29.75869	 86.82000
116.40000	 87.08000	 29.88768	 87.08000
116.60000	 87.33000	 30.01305	 87.33000
116.80000	 87.53000	 30.11550	 87.53000
117.00000	 87.56000	 30.14044	 87.56000
117.20000	 87.45000	 30.10125	 87.45000
117.40000	 87.30000	 30.04328	 87.30000
117.60000	 87.15000	 29.98510	 87.15000
117.80000	 87.12000	 29.98098	 87.12000
118.00000	 87.25000	 30.04877	 87.25000
118.20000	 87.40000	 30.12512	 87.40000
118.40000	 87.54000	 30.19592	 87.54000
118.60000	 87.61000	 30.23379	 87.61000
118.80000	 87.40000	 30.14472	 87.40000
119.00000	 87.15000	 30.03716	 87.15000
119.20000	 86.92000	 29.93911	 86.92000
119.40000	 86.75000	 29.86934	 86.75000
119.60000	 86.85000	 29.92218	 86.85000
119.80000	 87.07000	 30.02976	 87.07000
120.00000	 87.36000	 30.16844	 87.36000
120.20000	 87.69000	 30.32347	 87.69000
120.40000	 88.08000	 30.50246	 88.08000
120.60000	 88.46000	 30.67279	 88.46000
120.80000	 88.77000	 30.80659	 88.77000
121.00000	 88.97000	 30.88548	 88.97000
121.20000	 88.85000	 30.81569	 88.85000
121.40000	 88.51000	 30.64354	 88.51000
121.60000	 88.08000	 30.42951	 88.08000
121.80000	 87.59000	 30.18944	 87.59000
122.00000	 87.19000	 29.99268	 87.19000
122.20000	 86.86000	 29.83180	 86.86000
122.40000	 86.52000	 29.67191	 86.52000
122.60000	 86.17000	 29.51376	 86.17000
122.80000	 85.73000	 29.32218	 85.73000
123.00000	 85.12000	 29.06224	 85.12000
123.20000	 84.54000	 28.82471	 84.54000
123.40000	 84.05000	 28.63736	 84.05000
123.60000	 83.73000	 28.53620	 83.73000
123.80000	 83.86000	 28.64579	 83.86000
124.00000	 84.15000	 28.83381	 84.15000
124.20000	 84.56000	 29.07934	 84.56000
124.40000	 85.06000	 29.36585	 85.06000
124.60000	 85.59000	 29.66346	 85.59000
124.80000	 86.13000	 29.96056	 86.13000
125.00000	 86.67000	 30.25045	 86.67000
125.20000	 87.16000	 30.50896	 87.16000
125.40000	 87.55000	 30.71255	 87.55000
125.60000	 87.87000	 30.87417	 87.87000
125.80000	 88.11000	 30.98940	 88.11000
126.00000	 88.26000	 31.05430	 88.26000
126.20000	 88.29000	 31.05641	 88.29000
126.40000	 88.24000	 31.01503	 88.24000
126.60000	 88.10000	 30.92735	 88.10000
126.80000	 87.89000	 30.80417	 87.89000
127.00000	 87.49000	 30.59377	 87.49000
127.20000	 87.05000	 30.36571	 87.05000
127.40000	 86.65000	 30.15801	 86.65000
127.60000	 86.33000	 29.99028	 86.33000
127.80000	 86.32000	 29.96639	 86.32000
128.00000	 86.53000	 30.04553	 86.53000
128.20000	 86.84000	 30.17254	 86.84000
128.40000	 87.22000	 30.33226	 87.22000
128.60000	 87.65000	 30.51393	 87.65000
128.80000	 88.08000	 30.69347	 88.08000
129.00000	 88.48000	 30.85602	 88.48000
129.20000	 88.81000	 30.98266	 88.81000
129.40000	 88.87000	 30.98347	 88.87000
129.60000	 88.81000	 30.92633	 88.81000
129.80000	 88.70000	 30.84382	 88.70000
130.00000	 88.60000	 30.76410	 88.60000
130.20000	 88.71000	 30.77770	 88.71000
130.40000	 88.92000	 30.83542	 88.92000
130.60000	 89.10000	 30.87871	 89.10000
130.80000	 89.23000	 30.89838	 89.23000
131.00000	 89.09000	 30.79613	 89.09000
131.20000	 88.72000	 30.59109	 88.72000
131.40000	 88.33000	 30.37923	 88.33000
131.60000	 88.00000	 30.19815	 88.00000
131.80000	 87.93000	 30.13847	 87.93000
132.00000	 88.15000	 30.21343	 88.15000
132.20000	 88.48000	 30.34103	 88.48000
132.40000	 88.89000	 30.50608	 88.89000
132.60000	 89.38000	 30.70667	 89.38000
132.80000	 89.89000	 30.91404	 89.89000
133.00000	 90.35000	 31.09519	 90.35000
133.20000	 90.74000	 31.24000	 90.74000
133.40000	 90.83000	 31.24504	 90.83000
133.60000	 90.72000	 31.15588	 90.72000
133.80000	 90.53000	 31.02787	 90.53000
134.00000	 90.29000	 30.87624	 90.29000
134.20000	 90.18000	 30.78321	 90.18000
134.40000	 90.16000	 30.73181	 90.16000
134.60000	 90.09000	 30.65979	 90.09000
134.80000	 89.95000	 30.55869	 89.95000
135.00000	 89.59000	 30.36214	 89.59000
135.20000	 88.92000	 30.03146	 88.92000
135.40000	 88.20000	 29.68551	 88.20000
135.60000	 87.51000	 29.36241	 87.51000
135.80000	 86.95000	 29.10863	 86.95000
136.00000	 86.72000	 29.01435	 86.72000
136.20000	 86.61000	 28.98472	 86.61000
136.40000	 86.60000	 29.00933	 86.60000
136.60000	 86.68000	 29.08194	 86.68000
136.80000	 86.87000	 29.20950	 86.87000
137.00000	 87.08000	 29.34953	 87.08000
137.20000	 87.27000	 29.48215	 87.27000
137.40000	 87.37000	 29.57445	 87.37000
137.60000	 87.24000	 29.56286	 87.24000
137.80000	 87.05000	 29.52364	 87.05000
138.00000	 86.80000	 29.45723	 86.80000
138.20000	 86.54000	 29.38668	 86.54000
138.40000	 86.30000	 29.32599	 86.30000
138.60000	 86.08000	 29.27558	 86.08000
138.80000	 85.88000	 29.23567	 85.88000
139.00000	 85.73000	 29.21978	 85.73000
139.20000	 85.61000	 29.21881	 85.61000
139.40000	 85.57000	 29.25483	 85.57000
139.60000	 85.62000	 29.33169	 85.62000
139.80000	 85.78000	 29.45741	 85.78000
140.00000	 86.22000	 29.70674	 86.22000
140.20000	 86.81000	 30.01926	 86.81000
140.40000	 87.44000	 30.34323	 87.44000
140.60000	 88.07000	 30.65850	 88.07000
140.80000	 88.57000	 30.90515	 88.57000
141.00000	 88.97000	 31.09576	 88.97000
141.20000	 89.26000	 31.22573	 89.26000
141.40000	 89.43000	 31.29110	 89.43000
141.60000	 89.33000	 31.22591	 89.33000
141.80000	 89.08000	 31.08602	 89.08000
142.00000	 88.76000	 30.90985	 88.76000
142.20000	 88.40000	 30.71337	 88.40000
142.40000	 88.16000	 30.57051	 88.16000
142.60000	 88.00000	 30.46486	 88.00000
142.80000	 87.83000	 30.35703	 87.83000
143.00000	 87.65000	 30.24778	 87.65000
143.20000	 87.40000	 30.11093	 87.40000
143.40000	 87.00000	 29.91150	 87.00000
143.60000	 86.61000	 29.72235	 86.61000
143.80000	 86.28000	 29.56681	 86.28000
144.00000	 86.09000	 29.48113	 86.09000
144.20000	 86.13000	 29.50527	 86.13000
144.40000	 86.27000	 29.57975	 86.27000
144.60000	 86.47000	 29.68505	 86.47000
144.80000	 86.72000	 29.81498	 86.72000
145.00000	 86.99000	 29.95447	 86.99000
145.20000	 87.24000	 30.08412	 87.24000
145.40000	 87.44000	 30.18935	 87.44000
145.60000	 87.52000	 30.23812	 87.52000
145.80000	 87.34000	 30.16778	 87.34000
146.00000	 87.09000	 30.06442	 87.09000
146.20000	 86.81000	 29.94722	 86.81000
146.40000	 86.54000	 29.83528	 86.54000
146.60000	 86.51000	 29.83243	 86.51000
146.80000	 86.49000	 29.83557	 86.49000
147.00000	 86.45000	 29.83099	 86.45000
147.20000	 86.36000	 29.80513	 86.36000
147.40000	 85.95000	 29.63733	 85.95000
147.60000	 85.42000	 29.41850	 85.42000
147.80000	 84.95000	 29.23087	 84.95000
148.00000	 84.61000	 29.10688	 84.61000
148.20000	 84.68000	 29.17205	 84.68000
148.40000	 85.09000	 29.39348	 85.09000
148.60000	 85.67000	 29.69224	 85.67000
148.80000	 86.35000	 30.03380	 86.35000
149.00000	 87.11000	 30.40607	 87.11000
149.20000	 87.89000	 30.77928	 87.89000
149.40000	 88.61000	 31.11517	 88.61000
149.60000	 89.23000	 31.39416	 89.23000
149.80000	 89.47000	 31.49019	 89.47000
150.00000	 89.52000	 31.48934	 89.52000
150.20000	 89.46000	 31.42928	 89.46000
150.40000	 89.35000	 31.33906	 89.35000
150.60000	 89.37000	 31.30135	 89.37000
150.80000	 89.41000	 31.26826	 89.41000
151.00000	 89.39000	 31.20511	 89.39000
151.20000	 89.29000	 31.10414	 89.29000
151.40000	 88.92000	 30.88182	 88.92000
151.60000	 88.40000	 30.59416	 88.40000
151.80000	 87.87000	 30.30642	 87.87000
152.00000	 87.40000	 30.05212	 87.40000
152.20000	 87.18000	 29.91777	 87.18000
152.40000	 87.23000	 29.91238	 87.23000
152.60000	 87.38000	 29.95873	 87.38000
152.80000	 87.63000	 30.05528	 87.63000
153.00000	 87.95000	 30.18679	 87.95000
153.20000	 88.31000	 30.33799	 88.31000
153.40000	 88.67000	 30.48919	 88.67000
153.60000	 89.01000	 30.62997	 89.01000
153.80000	 89.24000	 30.71893	 89.24000
154.00000	 89.38000	 30.76455	 89.38000
154.20000	 89.46000	 30.78030	 89.46000
154.40000	 89.51000	 30.77994	 89.51000
154.60000	 89.55000	 30.77286	 89.55000
154.80000	 89.59000	 30.76400	 89.59000
155.00000	 89.56000	 30.72244	 89.56000
155.20000	 89.45000	 30.64440	 89.45000
155.40000	 89.17000	 30.49054	 89.17000
155.60000	 88.69000	 30.24901	 88.69000
155.80000	 88.19000	 30.00243	 88.19000
156.00000	 87.72000	 29.77503	 87.72000
156.20000	 87.38000	 29.61289	 87.38000
156.40000	 87.27000	 29.56124	 87.27000
156.60000	 87.28000	 29.57018	 87.28000
156.80000	 87.41000	 29.63855	 87.41000
157.00000	 87.74000	 29.80049	 87.74000
157.20000	 88.25000	 30.04478	 88.25000
157.40000	 88.80000	 30.30607	 88.80000
157.60000	 89.31000	 30.54612	 89.31000
157.80000	 89.59000	 30.67810	 89.59000
158.00000	 89.65000	 30.70599	 89.65000
158.20000	 89.60000	 30.67958	 89.60000
158.40000	 89.46000	 30.60890	 89.46000
158.60000	 89.27000	 30.51319	 89.27000
158.80000	 89.04000	 30.39830	 89.04000
159.00000	 88.74000	 30.25218	 88.74000
159.20000	 88.38000	 30.08076	 88.38000
159.40000	 87.87000	 29.84529	 87.87000
159.60000	 87.17000	 29.52976	 87.17000
159.80000	 86.48000	 29.22597	 86.48000
160.00000	 85.89000	 28.97604	 85.89000
160.20000	 85.51000	 28.83017	 85.51000
160.40000	 85.59000	 28.89996	 85.59000
160.60000	 85.87000	 29.06686	 85.87000
160.80000	 86.32000	 29.31452	 86.32000
161.00000	 86.90000	 29.62180	 86.90000
161.20000	 87.60000	 29.98087	 87.60000
161.40000	 88.36000	 30.36155	 88.36000
161.60000	 89.15000	 30.74744	 89.15000
161.80000	 89.91000	 31.10910	 89.91000
162.00000	 90.61000	 31.43120	 90.61000
162.20000	 91.23000	 31.70359	 91.23000
162.40000	 91.73000	 31.90787	 91.73000
162.60000	 91.98000	 31.98620	 91.98000
162.80000	 92.02000	 31.95794	 92.02000
163.00000	 91.94000	 31.86568	 91.94000
163.20000	 91.77000	 31.72545	 91.77000
163.40000	 91.62000	 31.58911	 91.62000
163.60000	 91.47000	 31.44995	 91.47000
163.80000	 91.25000	 31.27860	 91.25000
164.00000	 90.95000	 31.07252	 90.95000
164.20000	 90.49000	 30.79790	 90.49000
164.40000	 89.79000	 30.42132	 89.79000
164.60000	 89.06000	 30.03966	 89.06000
164.80000	 88.35000	 29.67781	 88.35000
165.00000	 87.71000	 29.36008	 87.71000
165.20000	 87.42000	 29.21284	 87.42000
165.40000	 87.27000	 29.14146	 87.27000
165.60000	 87.20000	 29.11774	 87.20000
165.80000	 87.20000	 29.13557	 87.20000
166.00000	 87.19000	 29.15736	 87.19000
166.20000	 87.19000	 29.19047	 87.19000
166.40000	 87.21000	 29.23793	 87.21000
166.60000	 87.27000	 29.30730	 87.27000
166.80000	 87.35000	 29.38828	 87.35000
167.00000	 87.46000	 29.48405	 87.46000
167.20000	 87.59000	 29.58892	 87.59000
167.40000	 87.73000	 29.69730	 87.73000
167.60000	 87.90000	 29.81714	 87.90000
167.80000	 88.08000	 29.93857	 88.08000
168.00000	 88.26000	 30.05632	 88.26000
168.20000	 88.42000	 30.16081	 88.42000
168.40000	 88.56000	 30.25165	 88.56000
168.60000	 88.68000	 30.32864	 88.68000
168.80000	 88.73000	 30.36940	 88.73000
169.00000	 88.70000	 30.36983	 88.70000
169.20000	 88.47000	 30.27696	 88.47000
169.40000	 87.95000	 30.05209	 87.95000
169.60000	 87.41000	 29.81853	 87.41000
169.80000	 86.95000	 29.62328	 86.95000
170.00000	 86.69000	 29.52153	 86.69000
170.20000	 86.86000	 29.61645	 86.86000
170.40000	 87.22000	 29.79909	 87.22000
170.60000	 87.72000	 30.04479	 87.72000
170.80000	 88.37000	 30.35549	 88.37000
171.00000	 89.20000	 30.74181	 89.20000
171.20000	 90.02000	 31.11568	 90.02000
171.40000	 90.76000	 31.44335	 90.76000
171.60000	 91.19000	 31.62036	 91.19000
171.80000	 91.25000	 31.62004	 91.25000
172.00000	 91.16000	 31.54266	 91.16000
172.20000	 90.94000	 31.39956	 90.94000
172.40000	 90.69000	 31.23813	 90.69000
172.60000	 90.43000	 31.06974	 90.43000
172.80000	 90.10000	 30.86971	 90.10000
173.00000	 89.70000	 30.64013	 89.70000
173.20000	 89.14000	 30.34284	 89.14000
173.40000	 88.40000	 29.97131	 88.40000
173.60000	 87.66000	 29.60879	 87.66000
173.80000	 86.97000	 29.27985	 86.97000
174.00000	 86.45000	 29.03968	 86.45000
174.20000	 86.29000	 28.97361	 86.29000
174.40000	 86.27000	 28.98186	 86.27000
174.60000	 86.34000	 29.04013	 86.34000
174.80000	 86.48000	 29.13730	 86.48000
175.00000	 86.64000	 29.24883	 86.64000
175.20000	 86.81000	 29.36823	 86.81000
175.40000	 86.97000	 29.48478	 86.97000
175.60000	 87.08000	 29.57913	 87.08000
175.80000	 87.05000	 29.61003	 87.05000
176.00000	 86.98000	 29.62196	 86.98000
176.20000	 86.88000	 29.61940	 86.88000
176.40000	 86.79000	 29.62038	 86.79000
176.60000	 86.77000	 29.65182	 86.77000
176.80000	 86.74000	 29.67773	 86.74000
177.00000	 86.72000	 29.70690	 86.72000
177.20000	 86.68000	 29.72580	 86.68000
177.40000	 86.60000	 29.72545	 86.60000
177.60000	 86.50000	 29.71498	 86.50000
177.80000	 86.41000	 29.70805	 86.41000
178.00000	 86.32000	 29.70038	 86.32000
178.20000	 86.20000	 29.67870	 86.20000
178.40000	 86.11000	 29.67012	 86.11000
178.60000	 86.09000	 29.69262	 86.09000
178.80000	 86.17000	 29.75938	 86.17000
179.00000	 86.50000	 29.93685	 86.50000
179.20000	 86.95000	 30.16527	 86.95000
179.40000	 87.45000	 30.41145	 87.45000
179.60000	 87.99000	 30.66918	 87.99000
179.80000	 88.53000	 30.91898	 88.53000
180.00000	 89.04000	 31.14618	 89.04000
180.20000	 89.47000	 31.32763	 89.47000
180.40000	 89.78000	 31.44521	 89.78000
180.60000	 89.88000	 31.45915	 89.88000
180.80000	 89.86000	 31.41113	 89.86000
181.00000	 89.74000	 31.31192	 89.74000
181.20000	 89.52000	 31.16358	 89.52000
181.40000	 89.20000	 30.96835	 89.20000
181.60000	 88.82000	 30.74645	 88.82000
181.80000	 88.40000	 30.50908	 88.40000
182.00000	 87.96000	 30.26722	 87.96000
182.20000	 87.59000	 30.06287	 87.59000
182.40000	 87.21000	 29.86136	 87.21000
182.60000	 86.80000	 29.65463	 86.80000
182.80000	 86.36000	 29.44349	 86.36000
183.00000	 85.77000	 29.17497	 85.77000
183.20000	 85.09000	 28.87707	 85.09000
183.40000	 84.43000	 28.60020	 84.43000
183.60000	 83.84000	 28.36756	 83.84000
183.80000	 83.40000	 28.21516	 83.40000
184.00000	 83.22000	 28.19157	 83.22000
184.20000	 83.18000	 28.24132	 83.18000
184.40000	 83.27000	 28.35767	 83.27000
184.60000	 83.51000	 28.54699	 83.51000
184.80000	 83.93000	 28.81978	 83.93000
185.00000	 84.45000	 29.13698	 84.45000
185.20000	 85.05000	 29.48644	 85.05000
185.40000	 85.70000	 29.85172	 85.70000
185.60000	 86.41000	 30.23461	 86.41000
185.80000	 87.11000	 30.60137	 87.11000
186.00000	 87.76000	 30.93224	 87.76000
186.20000	 88.28000	 31.19024	 88.28000
186.40000	 88.57000	 31.33040	 88.57000
186.60000	 88.77000	 31.41627	 88.77000
186.80000	 88.89000	 31.45368	 88.89000
187.00000	 88.94000	 31.44876	 88.94000
187.20000	 89.00000	 31.43909	 89.00000
187.40000	 89.01000	 31.39945	 89.01000
187.60000	 88.94000	 31.31805	 88.94000
187.80000	 88.79000	 31.19673	 88.79000
188.00000	 88.35000	 30.94351	 88.35000
188.20000	 87.84000	 30.65970	 87.84000
188.40000	 87.37000	 30.39726	 87.37000
188.60000	 87.03000	 30.19854	 87.03000
188.80000	 87.16000	 30.21672	 87.16000
189.00000	 87.66000	 30.40588	 87.66000
189.20000	 88.24000	 30.63363	 88.24000
189.40000	 88.83000	 30.86600	 88.83000
189.60000	 89.18000	 30.98890	 89.18000
189.80000	 89.31000	 31.01044	 89.31000
190.00000	 89.33000	 30.98009	 89.33000
190.20000	 89.22000	 30.88969	 89.22000
190.40000	 88.97000	 30.73601	 88.97000
190.60000	 88.59000	 30.52521	 88.59000
190.80000	 88.15000	 30.29059	 88.15000
191.00000	 87.67000	 30.04298	 87.67000
191.20000	 87.24000	 29.82436	 87.24000
191.40000	 86.89000	 29.64931	 86.89000
191.60000	 86.57000	 29.49600	 86.57000
191.80000	 86.28000	 29.36466	 86.28000
192.00000	 86.02000	 29.25525	 86.02000
192.20000	 85.66000	 29.10938	 85.66000
192.40000	 85.38000	 29.00768	 85.38000
192.60000	 85.22000	 28.96768	 85.22000
192.80000	 85.23000	 29.01083	 85.23000
193.00000	 85.65000	 29.24283	 85.65000
193.20000	 86.27000	 29.56656	 86.27000
193.40000	 86.99000	 29.93366	 86.99000
193.60000	 87.77000	 30.32275	 87.77000
193.80000	 88.55000	 30.70384	 88.55000
194.00000	 89.27000	 31.04754	 89.27000
194.20000	 89.88000	 31.32970	 89.88000
194.40000	 90.31000	 31.51815	 90.31000
194.60000	 90.31000	 31.50134	 90.31000
194.80000	 90.13000	 31.39328	 90.13000
195.00000	 89.82000	 31.21913	 89.82000
195.20000	 89.40000	 30.99088	 89.40000
195.40000	 89.02000	 30.77867	 89.02000
195.60000	 88.57000	 30.53579	 88.57000
195.80000	 88.05000	 30.26461	 88.05000
196.00000	 87.47000	 29.97186	 87.47000
196.20000	 86.66000	 29.58368	 86.66000
196.40000	 85.78000	 29.17432	 85.78000
196.60000	 84.95000	 28.79995	 84.95000
196.80000	 84.24000	 28.49359	 84.24000
197.00000	 83.85000	 28.34545	 83.85000
197.20000	 83.86000	 28.39034	 83.86000
197.40000	 84.03000	 28.51824	 84.03000
197.60000	 84.29000	 28.69469	 84.29000
197.80000	 84.59000	 28.89421	 84.59000
198.00000	 84.88000	 29.09157	 84.88000
198.20000	 85.15000	 29.27987	 85.15000
198.40000	 85.36000	 29.43931	 85.36000
198.60000	 85.42000	 29.52830	 85.42000
198.80000	 85.28000	 29.52408	 85.28000
199.00000	 85.05000	 29.47638	 85.05000
199.20000	 84.74000	 29.39062	 84.74000
199.40000	 84.39000	 29.28583	 84.39000
199.60000	 84.01000	 29.16766	 84.01000
199.80000	 83.62000	 29.04615	 83.62000
200.00000	 83.23000	 28.92677	 83.23000
200.20000	 82.87000	 28.82370	 82.87000
200.40000	 82.61000	 28.76877	 82.61000
200.60000	 82.38000	 28.73060	 82.38000
200.80000	 82.17000	 28.70450	 82.17000
201.00000	 81.97000	 28.68571	 81.97000
201.20000	 81.67000	 28.62469	 81.67000
201.40000	 81.37000	 28.56630	 81.37000
201.60000	 81.13000	 28.53744	 81.13000
201.80000	 80.98000	 28.55129	 80.98000
202.00000	 81.04000	 28.66090	 81.04000
202.20000	 81.30000	 28.86031	 81.30000
202.40000	 81.67000	 29.10714	 81.67000
202.60000	 82.11000	 29.38124	 82.11000
202.80000	 82.66000	 29.69830	 82.66000
203.00000	 83.25000	 30.02477	 83.25000
203.20000	 83.81000	 30.32736	 83.81000
203.40000	 84.31000	 30.59125	 84.31000
203.60000	 84.54000	 30.72173	 84.54000
203.80000	 84.57000	 30.75079	 84.57000
204.00000	 84.52000	 30.73365	 84.52000
204.20000	 84.40000	 30.67660	 84.40000
204.40000	 84.32000	 30.63075	 84.32000
204.60000	 84.31000	 30.61105	 84.31000
204.80000	 84.27000	 30.57380	 84.27000
205.00000	 84.21000	 30.52453	 84.21000
205.20000	 84.09000	 30.44635	 84.09000
205.40000	 83.80000	 30.29121	 83.80000
205.60000	 83.52000	 30.14133	 83.52000
205.80000	 83.28000	 30.01151	 83.28000
206.00000	 83.13000	 29.92508	 83.13000
206.20000	 83.24000	 29.95843	 83.24000
206.40000	 83.48000	 30.05257	 83.48000
206.60000	 83.84000	 30.20169	 83.84000
206.80000	 84.32000	 30.40409	 84.32000
207.00000	 84.95000	 30.67124	 84.95000
207.20000	 85.68000	 30.97852	 85.68000
207.40000	 86.45000	 31.29676	 86.45000
207.60000	 87.24000	 31.61498	 87.24000
207.80000	 88.01000	 31.91358	 88.01000
208.00000	 88.75000	 32.18684	 88.75000
208.20000	 89.42000	 32.41610	 89.42000
208.40000	 90.01000	 32.59669	 90.01000
208.60000	 90.41000	 32.67975	 90.41000
208.80000	 90.69000	 32.69785	 90.69000
209.00000	 90.89000	 32.67059	 90.89000
209.20000	 91.05000	 32.61778	 91.05000
209.40000	 91.26000	 32.58152	 91.26000
209.60000	 91.41000	 32.51407	 91.41000
209.80000	 91.49000	 32.41245	 91.49000
210.00000	 91.46000	 32.26041	 91.46000
210.20000	 91.27000	 32.03745	 91.27000
210.40000	 90.98000	 31.77268	 90.98000
210.60000	 90.61000	 31.47737	 90.61000
210.80000	 90.13000	 31.14038	 90.13000
211.00000	 89.46000	 30.72825	 89.46000
211.20000	 88.82000	 30.34203	 88.82000
211.40000	 88.27000	 30.01052	 88.27000
211.60000	 87.96000	 29.80192	 87.96000
211.80000	 88.18000	 29.84557	 88.18000
212.00000	 88.50000	 29.94643	 88.50000
212.20000	 88.85000	 30.07027	 88.85000
212.40000	 89.05000	 30.13391	 89.05000
212.60000	 88.96000	 30.07306	 88.96000
212.80000	 88.77000	 29.97249	 88.77000
213.00000	 88.49000	 29.83689	 88.49000
213.20000	 88.15000	 29.68023	 88.15000
213.40000	 87.77000	 29.51210	 87.77000
213.60000	 87.34000	 29.32869	 87.34000
213.80000	 86.89000	 29.14411	 86.89000
214.00000	 86.44000	 28.96792	 86.44000
214.20000	 86.00000	 28.80497	 86.00000
214.40000	 85.55000	 28.64653	 85.55000
214.60000	 85.10000	 28.49719	 85.10000
214.80000	 84.65000	 28.35694	 84.65000
215.00000	 84.20000	 28.22568	 84.20000
215.20000	 83.75000	 28.10322	 83.75000
215.40000	 83.31000	 27.99377	 83.31000
215.60000	 82.89000	 27.90145	 82.89000
215.80000	 82.42000	 27.79449	 82.42000
216.00000	 81.94000	 27.69051	 81.94000
216.20000	 81.56000	 27.63842	 81.56000
216.40000	 81.34000	 27.66431	 81.34000
216.60000	 81.38000	 27.81146	 81.38000
216.80000	 81.85000	 28.15349	 81.85000
217.00000	 82.48000	 28.56571	 82.48000
217.20000	 83.24000	 29.03066	 83.24000
217.40000	 84.08000	 29.52206	 84.08000
217.60000	 84.95000	 30.01400	 84.95000
217.80000	 85.80000	 30.48113	 85.80000
218.00000	 86.55000	 30.88545	 86.55000
218.20000	 87.07000	 31.16757	 87.07000
218.40000	 87.25000	 31.27852	 87.25000
218.60000	 87.28000	 31.30511	 87.28000
218.80000	 87.19000	 31.26322	 87.19000
219.00000	 87.04000	 31.18242	 87.04000
219.20000	 86.87000	 31.08334	 86.87000
219.40000	 86.66000	 30.95952	 86.66000
219.60000	 86.45000	 30.83120	 86.45000
219.80000	 86.25000	 30.70486	 86.25000
220.00000	 86.11000	 30.60457	 86.11000
220.20000	 86.00000	 30.51808	 86.00000
220.40000	 85.94000	 30.45516	 85.94000
220.60000	 85.91000	 30.40735	 85.91000
220.80000	 86.00000	 30.41514	 86.00000
221.00000	 86.12000	 30.43794	 86.12000
221.20000	 86.26000	 30.47083	 86.26000
221.40000	 86.39000	 30.49993	 86.39000
221.60000	 86.50000	 30.52039	 86.50000
221.80000	 86.57000	 30.52306	 86.57000
222.00000	 86.57000	 30.49451	 86.57000
222.20000	 86.48000	 30.42611	 86.48000
222.40000	 86.15000	 30.25144	 86.15000
222.60000	 85.72000	 30.03470	 85.72000
222.80000	 85.21000	 29.78662	 85.21000
223.00000	 84.66000	 29.52686	 84.66000
223.20000	 84.13000	 29.28389	 84.13000
223.40000	 83.63000	 29.06336	 83.63000
223.60000	 83.11000	 28.84368	 83.11000
223.80000	 82.60000	 28.63891	 82.60000
224.00000	 82.06000	 28.43153	 82.06000
224.20000	 81.44000	 28.19950	 81.44000
224.40000	 80.87000	 28.00146	 80.87000
224.60000	 80.40000	 27.85984	 80.40000
224.80000	 80.06000	 27.78753	 80.06000
225.00000	 80.06000	 27.87729	 80.06000
225.20000	 80.25000	 28.05948	 80.25000
225.40000	 80.56000	 28.29970	 80.56000
225.60000	 80.99000	 28.59473	 80.99000
225.80000	 81.53000	 28.93689	 81.53000
226.00000	 82.14000	 29.30507	 82.14000
226.20000	 82.76000	 29.66951	 82.76000
226.40000	 83.35000	 30.00989	 83.35000
226.60000	 83.78000	 30.26630	 83.78000
226.80000	 84.09000	 30.45595	 84.09000
227.00000	 84.34000	 30.60578	 84.34000
227.20000	 84.54000	 30.72079	 84.54000
227.40000	 84.74000	 30.82412	 84.74000
227.60000	 84.94000	 30.91657	 84.94000
227.80000	 85.11000	 30.98553	 85.11000
228.00000	 85.24000	 31.02742	 85.24000
228.20000	 85.31000	 31.03436	 85.31000
228.40000	 85.25000	 30.97630	 85.25000
228.60000	 85.19000	 30.91305	 85.19000
228.80000	 85.16000	 30.85952	 85.16000
229.00000	 85.18000	 30.82581	 85.18000
229.20000	 85.44000	 30.89766	 85.44000
229.40000	 85.77000	 30.99866	 85.77000
229.60000	 86.15000	 31.11926	 86.15000
229.80000	 86.56000	 31.24980	 86.56000
230.00000	 87.03000	 31.40300	 87.03000
230.20000	 87.46000	 31.53334	 87.46000
230.40000	 87.83000	 31.63144	 87.83000
230.60000	 88.06000	 31.66148	 88.06000
230.80000	 87.96000	 31.53915	 87.96000
231.00000	 87.74000	 31.36042	 87.74000
231.20000	 87.41000	 31.13206	 87.41000
231.40000	 87.02000	 30.87886	 87.02000
231.60000	 86.62000	 30.62548	 86.62000
231.80000	 86.21000	 30.37385	 86.21000
232.00000	 85.78000	 30.12110	 85.78000
232.20000	 85.35000	 29.87752	 85.35000
232.40000	 84.90000	 29.63521	 84.90000
232.60000	 84.46000	 29.40844	 84.46000
232.80000	 84.10000	 29.22904	 84.10000
233.00000	 83.84000	 29.10594	 83.84000
233.20000	 83.81000	 29.09666	 83.81000
233.40000	 84.06000	 29.22191	 84.06000
233.60000	 84.41000	 29.39848	 84.41000
233.80000	 84.83000	 29.61013	 84.83000
234.00000	 85.26000	 29.82728	 85.26000
234.20000	 85.66000	 30.02972	 85.66000
234.40000	 86.02000	 30.21112	 86.02000
234.60000	 86.32000	 30.36121	 86.32000
234.80000	 86.48000	 30.44341	 86.48000
235.00000	 86.48000	 30.44879	 86.48000
235.20000	 86.42000	 30.42284	 86.42000
235.40000	 86.32000	 30.37546	 86.32000
235.60000	 86.23000	 30.33004	 86.23000
235.80000	 86.22000	 30.31874	 86.22000
236.00000	 86.19000	 30.29723	 86.19000
236.20000	 86.13000	 30.26145	 86.13000
236.40000	 86.01000	 30.19850	 86.01000
236.60000	 85.63000	 30.01966	 85.63000
236.80000	 85.33000	 29.87867	 85.33000
237.00000	 85.18000	 29.80791	 85.18000
237.20000	 85.36000	 29.88807	 85.36000
237.40000	 86.18000	 30.25641	 86.18000
237.60000	 87.21000	 30.71670	 87.21000
237.80000	 88.37000	 31.22887	 88.37000
238.00000	 89.53000	 31.73069	 89.53000
238.20000	 90.63000	 32.19199	 90.63000
238.40000	 91.61000	 32.58353	 91.61000
238.60000	 92.41000	 32.87718	 92.41000
238.80000	 92.82000	 32.97894	 92.82000
239.00000	 92.83000	 32.88618	 92.83000
239.20000	 92.63000	 32.68736	 92.63000
239.40000	 92.27000	 32.40886	 92.27000
239.60000	 91.82000	 32.08617	 91.82000
239.80000	 91.34000	 31.75009	 91.34000
240.00000	 90.79000	 31.38622	 90.79000
240.20000	 90.16000	 30.99330	 90.16000
240.40000	 89.47000	 30.58324	 89.47000
240.60000	 88.63000	 30.11849	 88.63000
240.80000	 87.79000	 29.66888	 87.79000
241.00000	 86.99000	 29.25448	 86.99000
241.20000	 86.25000	 28.88568	 86.25000
241.40000	 85.73000	 28.63478	 85.73000
241.60000	 85.45000	 28.51015	 85.45000
241.80000	 85.26000	 28.44299	 85.26000
242.00000	 85.15000	 28.42674	 85.15000
242.20000	 85.09000	 28.44573	 85.09000
242.40000	 85.03000	 28.47533	 85.03000
242.60000	 84.98000	 28.51798	 84.98000
242.80000	 84.92000	 28.56288	 84.92000
243.00000	 84.85000	 28.60845	 84.85000
243.20000	 84.66000	 28.60415	 84.66000
243.40000	 84.44000	 28.58958	 84.44000
243.60000	 84.21000	 28.57324	 84.21000
243.80000	 83.99000	 28.56371	 83.99000
244.00000	 83.84000	 28.58744	 83.84000
244.20000	 83.74000	 28.63484	 83.74000
244.40000	 83.65000	 28.68725	 83.65000
244.60000	 83.54000	 28.73054	 83.54000
244.80000	 83.37000	 28.74633	 83.37000
245.00000	 83.05000	 28.69422	 83.05000
245.20000	 82.73000	 28.64183	 82.73000
245.40000	 82.44000	 28.60304	 82.44000
245.60000	 82.21000	 28.59151	 82.21000
245.80000	 82.13000	 28.64743	 82.13000
246.00000	 82.19000	 28.76561	 82.19000
246.20000	 82.34000	 28.92247	 82.34000
246.40000	 82.60000	 29.12553	 82.60000
246.60000	 83.07000	 29.41785	 83.07000
246.80000	 83.68000	 29.76585	 83.68000
247.00000	 84.31000	 30.11344	 84.31000
247.20000	 84.88000	 30.42276	 84.88000
247.40000	 85.19000	 30.60308	 85.19000
247.60000	 85.23000	 30.65008	 85.23000
247.80000	 85.17000	 30.64126	 85.17000
248.00000	 85.04000	 30.59186	 85.04000
248.20000	 84.92000	 30.53959	 84.92000
248.40000	 84.92000	 30.53532	 84.92000
248.60000	 84.90000	 30.51738	 84.90000
248.80000	 84.84000	 30.47777	 84.84000
249.00000	 84.74000	 30.41751	 84.74000
249.20000	 84.43000	 30.26163	 84.43000
249.40000	 84.05000	 30.07458	 84.05000
249.60000	 83.67000	 29.88952	 83.67000
249.80000	 83.35000	 29.73482	 83.35000
250.00000	 83.21000	 29.66514	 83.21000
250.20000	 83.31000	 29.70727	 83.31000
250.40000	 83.48000	 29.78410	 83.48000
250.60000	 83.71000	 29.88984	 83.71000
250.80000	 83.95000	 30.00074	 83.95000
251.00000	 84.17000	 30.10219	 84.17000
251.20000	 84.37000	 30.19324	 84.37000
251.40000	 84.54000	 30.26875	 84.54000
251.60000	 84.66000	 30.31935	 84.66000
251.80000	 84.73000	 30.34495	 84.73000
252.00000	 84.72000	 30.33230	 84.72000
252.20000	 84.62000	 30.27746	 84.62000
252.40000	 84.41000	 30.17236	 84.41000
252.60000	 83.94000	 29.95115	 83.94000
252.80000	 83.22000	 29.62052	 83.22000
253.00000	 82.46000	 29.27728	 82.46000
253.20000	 81.72000	 28.95085	 81.72000
253.40000	 81.08000	 28.67901	 81.08000
253.60000	 80.79000	 28.57467	 80.79000
253.80000	 80.65000	 28.54768	 80.65000
254.00000	 80.66000	 28.59665	 80.66000
254.20000	 80.82000	 28.71963	 80.82000
254.40000	 81.20000	 28.94555	 81.20000
254.60000	 81.72000	 29.23559	 81.72000
254.80000	 82.30000	 29.55079	 82.30000
255.00000	 82.91000	 29.87480	 82.91000
255.20000	 83.41000	 30.14246	 83.41000
255.40000	 83.87000	 30.38348	 83.87000
255.60000	 84.31000	 30.60575	 84.31000
255.80000	 84.73000	 30.80856	 84.73000
256.00000	 85.19000	 31.01837	 85.19000
256.20000	 85.65000	 31.21692	 85.65000
256.40000	 86.06000	 31.38164	 86.06000
256.60000	 86.40000	 31.50380	 86.40000
256.80000	 86.58000	 31.54375	 86.58000
257.00000	 86.51000	 31.46257	 86.51000
257.20000	 86.38000	 31.34757	 86.38000
257.40000	 86.23000	 31.21893	 86.23000
257.60000	 86.10000	 31.09664	 86.10000
257.80000	 86.15000	 31.05393	 86.15000
258.00000	 86.25000	 31.03332	 86.25000
258.20000	 86.42000	 31.04406	 86.42000
258.40000	 86.64000	 31.07718	 86.64000
258.60000	 86.98000	 31.16370	 86.98000
258.80000	 87.37000	 31.27159	 87.37000
259.00000	 87.76000	 31.37763	 87.76000
259.20000	 88.13000	 31.47220	 88.13000
259.40000	 88.38000	 31.51012	 88.38000
259.60000	 88.54000	 31.50498	 88.54000
259.80000	 88.64000	 31.47078	 88.64000
260.00000	 88.68000	 31.40830	 88.68000
260.20000	 88.67000	 31.32295	 88.67000
260.40000	 88.60000	 31.21128	 88.60000
260.60000	 88.48000	 31.07888	 88.48000
260.80000	 88.30000	 30.92244	 88.30000
261.00000	 88.06000	 30.74316	 88.06000
261.20000	 87.65000	 30.49310	 87.65000
261.40000	 87.21000	 30.23659	 87.21000
261.60000	 86.77000	 29.98857	 86.77000
261.80000	 86.36000	 29.76365	 86.36000
262.00000	 86.07000	 29.60281	 86.07000
262.20000	 85.90000	 29.50606	 85.90000
262.40000	 85.80000	 29.45038	 85.80000
262.60000	 85.78000	 29.43926	 85.78000
262.80000	 85.84000	 29.47143	 85.84000
263.00000	 86.01000	 29.55879	 86.01000
263.20000	 86.22000	 29.66821	 86.22000
263.40000	 86.48000	 29.80238	 86.48000
263.60000	 86.76000	 29.94617	 86.76000
263.80000	 87.08000	 30.10695	 87.08000
264.00000	 87.38000	 30.25642	 87.38000
264.20000	 87.64000	 30.38449	 87.64000
264.40000	 87.84000	 30.48150	 87.84000
264.60000	 87.88000	 30.50242	 87.88000
264.80000	 87.84000	 30.48353	 87.84000
265.00000	 87.70000	 30.41672	 87.70000
265.20000	 87.47000	 30.30763	 87.47000
265.40000	 87.05000	 30.11298	 87.05000
265.60000	 86.50000	 29.86163	 86.50000
265.80000	 85.95000	 29.61399	 85.95000
266.00000	 85.44000	 29.38984	 85.44000
266.20000	 85.07000	 29.23523	 85.07000
266.40000	 84.93000	 29.19082	 84.93000
266.60000	 84.91000	 29.20671	 84.91000
266.80000	 84.99000	 29.27271	 84.99000
267.00000	 85.15000	 29.37833	 85.15000
267.20000	 85.39000	 29.52188	 85.39000
267.40000	 85.70000	 29.69707	 85.70000
267.60000	 86.10000	 29.91100	 86.10000
267.80000	 86.57000	 30.15280	 86.57000
268.00000	 87.24000	 30.47867	 87.24000
268.20000	 87.94000	 30.81019	 87.94000
268.40000	 88.63000	 31.12737	 88.63000
268.60000	 89.24000	 31.39729	 89.24000
268.80000	 89.62000	 31.55201	 89.62000
269.00000	 89.85000	 31.62774	 89.85000
269.20000	 89.96000	 31.63904	 89.96000
269.40000	 89.96000	 31.59202	 89.96000
269.60000	 89.83000	 31.47969	 89.83000
269.80000	 89.56000	 31.29990	 89.56000
270.00000	 89.24000	 31.09552	 89.24000
270.20000	 88.91000	 30.88689	 88.91000
270.40000	 88.60000	 30.68953	 88.60000
270.60000	 88.45000	 30.56770	 88.45000
270.80000	 88.38000	 30.48629	 88.38000
271.00000	 88.35000	 30.42754	 88.35000
271.20000	 88.38000	 30.40027	 88.38000
271.40000	 88.50000	 30.41748	 88.50000
271.60000	 88.69000	 30.46943	 88.69000
271.80000	 88.86000	 30.51484	 88.86000
272.00000	 88.99000	 30.54399	 88.99000
272.20000	 88.98000	 30.51165	 88.98000
272.40000	 88.82000	 30.41353	 88.82000
272.60000	 88.58000	 30.28172	 88.58000
272.80000	 88.29000	 30.13066	 88.29000
273.00000	 87.96000	 29.96585	 87.96000
273.20000	 87.68000	 29.82855	 87.68000
273.40000	 87.36000	 29.67908	 87.36000
273.60000	 86.97000	 29.50462	 86.97000
273.80000	 86.50000	 29.30146	 86.50000
274.00000	 85.78000	 28.99448	 85.78000
274.20000	 84.89000	 28.62124	 84.89000
274.40000	 84.00000	 28.25991	 84.00000
274.60000	 83.18000	 27.94346	 83.18000
274.80000	 82.53000	 27.71756	 82.53000
275.00000	 82.29000	 27.68939	 82.29000
275.20000	 82.21000	 27.74511	 82.21000
275.40000	 82.27000	 27.87315	 82.27000
275.60000	 82.42000	 28.04824	 82.42000
275.80000	 82.69000	 28.28085	 82.69000
276.00000	 83.00000	 28.53215	 83.00000
276.20000	 83.33000	 28.79046	 83.33000
276.40000	 83.64000	 29.03548	 83.64000
276.60000	 83.76000	 29.18935	 83.76000
276.80000	 83.81000	 29.30504	 83.81000
277.00000	 83.83000	 29.40027	 83.83000
277.20000	 83.84000	 29.48404	 83.84000
277.40000	 83.95000	 29.60573	 83.95000
277.60000	 84.10000	 29.73827	 84.10000
277.80000	 84.24000	 29.85904	 84.24000
278.00000	 84.33000	 29.95003	 84.33000
278.20000	 84.29000	 29.97569	 84.29000
278.40000	 84.02000	 29.89213	 84.02000
278.60000	 83.72000	 29.79058	 83.72000
278.80000	 83.46000	 29.70403	 83.46000
279.00000	 83.27000	 29.64719	 83.27000
279.20000	 83.38000	 29.72366	 83.38000
279.40000	 83.61000	 29.85232	 83.61000
279.60000	 83.92000	 30.01419	 83.92000
279.80000	 84.30000	 30.20357	 84.30000
280.00000	 84.76000	 30.42361	 84.76000
280.20000	 85.23000	 30.64162	 85.23000
280.40000	 85.67000	 30.83855	 85.67000
280.60000	 86.03000	 30.99131	 86.03000
280.80000	 86.13000	 31.01921	 86.13000
281.00000	 86.08000	 30.97255	 86.08000
281.20000	 85.95000	 30.88430	 85.95000
281.40000	 85.77000	 30.76970	 85.77000
281.60000	 85.61000	 30.66185	 85.61000
281.80000	 85.47000	 30.56223	 85.47000
282.00000	 85.30000	 30.44963	 85.30000
282.20000	 85.09000	 30.32066	 85.09000
282.40000	 84.82000	 30.16748	 84.82000
282.60000	 84.40000	 29.95099	 84.40000
282.80000	 83.95000	 29.72644	 83.95000
283.00000	 83.48000	 29.49973	 83.48000
283.20000	 83.02000	 29.28547	 83.02000
283.40000	 82.58000	 29.08903	 82.58000
283.60000	 82.18000	 28.91990	 82.18000
283.80000	 81.86000	 28.79615	 81.86000
284.00000	 81.65000	 28.73089	 81.65000
284.20000	 81.61000	 28.75010	 81.61000
284.40000	 81.90000	 28.92374	 81.90000
284.60000	 82.29000	 29.14611	 82.29000
284.80000	 82.73000	 29.39195	 82.73000
285.00000	 83.17000	 29.63623	 83.17000
285.20000	 83.44000	 29.80070	 83.44000
285.40000	 83.66000	 29.93791	 83.66000
285.60000	 83.83000	 30.04724	 83.83000
285.80000	 83.97000	 30.13737	 83.97000
286.00000	 84.07000	 30.20381	 84.07000
286.20000	 84.13000	 30.24679	 84.13000
286.40000	 84.15000	 30.26675	 84.15000
286.60000	 84.11000	 30.25535	 84.11000
286.80000	 83.96000	 30.19105	 83.96000
287.00000	 83.65000	 30.05272	 83.65000
287.20000	 83.35000	 29.91815	 83.35000
287.40000	 83.11000	 29.81114	 83.11000
287.60000	 82.99000	 29.75947	 82.99000
