  0.00000	 64.50000	 85.66297	 64.50000
  0.20000	 64.19000	 84.11046	 64.19000
  0.40000	 63.86000	 82.72950	 63.86000
  0.60000	 63.53000	 81.62453	 63.53000
  0.80000	 63.19000	 80.79395	 63.19000
  1.00000	 62.86000	 80.26459	 62.86000
  1.20000	 62.53000	 79.97876	 62.53000
  1.40000	 62.21000	 79.90737	 62.21000
  1.60000	 61.90000	 79.99615	 61.90000
  1.80000	 61.61000	 80.21242	 61.61000
  2.00000	 61.35000	 80.52775	 61.35000
  2.20000	 61.10000	 80.85923	 61.10000
  2.40000	 60.90000	 81.25587	 60.90000
  2.60000	 60.77000	 81.73019	 60.77000
  2.80000	 60.68000	 82.19593	 60.68000
  3.00000	 60.60000	 82.57585	 60.60000
  3.20000	 60.53000	 82.86626	 60.53000
  3.40000	 60.46000	 83.05307	 60.46000
  3.60000	 60.39000	 83.15021	 60.39000
  3.80000	 60.28000	 83.09567	 60.28000
  4.00000	 60.17000	 82.99634	 60.17000
  4.20000	 60.04000	 82.83494	 60.04000
  4.40000	 59.90000	 82.65304	 59.90000
  4.60000	 59.74000	 82.44746	 59.74000
  4.80000	 59.56000	 82.23200	 59.56000
  5.00000	 59.27000	 81.83681	 59.27000
  5.20000	 58.98000	 81.50606	 58.98000
  5.40000	 58.69000	 81.25013	 58.69000
  5.60000	 58.42000	 81.10919	 58.42000
  5.80000	 58.17000	 81.07251	 58.17000
  6.00000	 57.95000	 81.14289	 57.95000
  6.20000	 57.89000	 81.55880	 57.89000
  6.40000	 57.87000	 82.03256	 57.87000
  6.60000	 57.89000	 82.52609	 57.89000
  6.80000	 57.93000	 82.97124	 57.93000
  7.00000	 57.99000	 83.35325	 57.99000
  7.20000	 58.05000	 83.62786	 58.05000
  7.40000	 58.09000	 83.76228	 58.09000
  7.60000	 58.14000	 83.83485	 58.14000
  7.80000	 58.20000	 83.86407	 58.20000
  8.00000	 58.25000	 83.82685	 58.25000
  8.20000	 58.31000	 83.78124	 58.31000
  8.40000	 58.38000	 83.74053	 58.38000
  8.60000	 58.45000	 83.69347	 58.45000
  8.80000	 58.51000	 83.62670	 58.51000
  9.00000	 58.57000	 83.56671	 58.57000
  9.20000	 58.62000	 83.49727	 58.62000
  9.40000	 58.65000	 83.40187	 58.65000
  9.60000	 58.64000	 83.24525	 58.64000
  9.80000	 58.56000	 82.97629	 58.56000
 10.00000	 58.48000	 82.75178	 58.48000
 10.20000	 58.41000	 82.59904	 58.41000
 10.40000	 58.36000	 82.53638	 58.36000
 10.60000	 58.34000	 82.57417	 58.34000
 10.80000	 58.42000	 82.83658	 58.42000
 11.00000	 58.57000	 83.23149	 58.57000
 11.20000	 58.75000	 83.64433	 58.75000
 11.40000	 58.95000	 84.02963	 58.95000
 11.60000	 59.16000	 84.35246	 59.16000
 11.80000	 59.37000	 84.58839	 59.37000
 12.00000	 59.54000	 84.66250	 59.54000
 12.20000	 59.71000	 84.67367	 59.71000
 12.40000	 59.87000	 84.62083	 59.87000
 12.60000	 60.03000	 84.54316	 60.03000
 12.80000	 60.17000	 84.41618	 60.17000
 13.00000	 60.33000	 84.33543	 60.33000
 13.20000	 60.48000	 84.24716	 60.48000
 13.40000	 60.62000	 84.15645	 60.62000
 13.60000	 60.73000	 84.02694	 60.73000
 13.80000	 60.82000	 83.88479	 60.82000
 14.00000	 60.87000	 83.69530	 60.87000
 14.20000	 60.78000	 83.26618	 60.78000
 14.40000	 60.60000	 82.72533	 60.60000
 14.60000	 60.43000	 82.30249	 60.43000
 14.80000	 60.27000	 82.00690	 60.27000
 15.00000	 60.16000	 81.91307	 60.16000
 15.20000	 60.13000	 82.05832	 60.13000
 15.40000	 60.37000	 82.78512	 60.37000
 15.60000	 60.68000	 83.61241	 60.68000
 15.80000	 61.02000	 84.39516	 61.02000
 16.00000	 61.37000	 85.05267	 61.37000
 16.20000	 61.70000	 85.50862	 61.70000
 16.40000	 61.91000	 85.57047	 61.91000
 16.60000	 62.07000	 85.42069	 62.07000
 16.80000	 62.20000	 85.14842	 62.20000
 17.00000	 62.29000	 84.77910	 62.29000
 17.20000	 62.36000	 84.39330	 62.36000
 17.40000	 62.37000	 83.94044	 62.37000
 17.60000	 62.35000	 83.50717	 62.35000
 17.80000	 62.31000	 83.12995	 62.31000
 18.00000	 62.25000	 82.81477	 62.25000
 18.20000	 62.17000	 82.55982	 62.17000
 18.40000	 62.08000	 82.37811	 62.08000
 18.60000	 62.04000	 82.37799	 62.04000
 18.80000	 61.99000	 82.41408	 61.99000
 19.00000	 61.92000	 82.44543	 61.92000
 19.20000	 61.82000	 82.43791	 61.82000
 19.40000	 61.68000	 82.36529	 61.68000
 19.60000	 61.49000	 82.20925	 61.49000
 19.80000	 61.12000	 81.71829	 61.12000
 20.00000	 60.73000	 81.25009	 60.73000
 20.20000	 60.34000	 80.86824	 60.34000
 20.40000	 59.99000	 80.66097	 59.99000
 20.60000	 59.68000	 80.61751	 59.68000
 20.80000	 59.53000	 80.95544	 59.53000
 21.00000	 59.55000	 81.64349	 59.55000
 21.20000	 59.62000	 82.37327	 59.62000
 21.40000	 59.73000	 83.07390	 59.73000
 21.60000	 59.85000	 83.65300	 59.85000
 21.80000	 59.96000	 84.05968	 59.96000
 22.00000	 60.01000	 84.20259	 60.01000
 22.20000	 60.04000	 84.19269	 60.04000
 22.40000	 60.05000	 84.06573	 60.05000
 22.60000	 60.05000	 83.87749	 60.05000
 22.80000	 60.02000	 83.61842	 60.02000
 23.00000	 59.91000	 83.21607	 59.91000
 23.20000	 59.79000	 82.84312	 59.79000
 23.40000	 59.65000	 82.49918	 59.65000
 23.60000	 59.51000	 82.23509	 59.51000
 23.80000	 59.37000	 82.05076	 59.37000
 24.00000	 59.26000	 81.99866	 59.26000
 24.20000	 59.23000	 82.16127	 59.23000
 24.40000	 59.23000	 82.40616	 59.23000
 24.60000	 59.23000	 82.64324	 59.23000
 24.80000	 59.25000	 82.89251	 59.25000
 25.00000	 59.27000	 83.09898	 59.27000
 25.20000	 59.27000	 83.21627	 59.27000
 25.40000	 59.18000	 83.10817	 59.18000
 25.60000	 59.10000	 82.99876	 59.10000
 25.80000	 59.05000	 82.94474	 59.05000
 26.00000	 59.03000	 82.95248	 59.03000
 26.20000	 59.07000	 83.08075	 59.07000
 26.40000	 59.25000	 83.47771	 59.25000
 26.60000	 59.60000	 84.17018	 59.60000
 26.80000	 59.99000	 84.84736	 59.99000
 27.00000	 60.38000	 85.39586	 60.38000
 27.20000	 60.75000	 85.76475	 60.75000
 27.40000	 61.05000	 85.86329	 61.05000
 27.60000	 61.19000	 85.54304	 61.19000
 27.80000	 61.27000	 85.06541	 61.27000
 28.00000	 61.30000	 84.50740	 61.30000
 28.20000	 61.28000	 83.91586	 61.28000
 28.40000	 61.23000	 83.36629	 61.23000
 28.60000	 61.16000	 82.89915	 61.16000
 28.80000	 61.05000	 82.48065	 61.05000
 29.00000	 60.93000	 82.17047	 60.93000
 29.20000	 60.79000	 81.93799	 60.79000
 29.40000	 60.64000	 81.78849	 60.64000
 29.60000	 60.49000	 81.72389	 60.49000
 29.80000	 60.36000	 81.76368	 60.36000
 30.00000	 60.24000	 81.86378	 60.24000
 30.20000	 60.11000	 81.96179	 60.11000
 30.40000	 59.98000	 82.06245	 59.98000
 30.60000	 59.86000	 82.17496	 59.86000
 30.80000	 59.73000	 82.25067	 59.73000
 31.00000	 59.56000	 82.22697	 59.56000
 31.20000	 59.39000	 82.19153	 59.39000
 31.40000	 59.24000	 82.19073	 59.24000
 31.60000	 59.11000	 82.22575	 59.11000
 31.80000	 59.00000	 82.29409	 59.00000
 32.00000	 58.95000	 82.47106	 58.95000
 32.20000	 58.99000	 82.80337	 58.99000
 32.40000	 59.05000	 83.12716	 59.05000
 32.60000	 59.14000	 83.44699	 59.14000
 32.80000	 59.24000	 83.71257	 59.24000
 33.00000	 59.34000	 83.90195	 59.34000
 33.20000	 59.42000	 83.98097	 59.42000
 33.40000	 59.48000	 83.96407	 59.48000
 33.60000	 59.54000	 83.91034	 59.54000
 33.80000	 59.59000	 83.81639	 59.59000
 34.00000	 59.63000	 83.69752	 59.63000
 34.20000	 59.66000	 83.56664	 59.66000
 34.40000	 59.69000	 83.45381	 59.69000
 34.60000	 59.70000	 83.32421	 59.70000
 34.80000	 59.70000	 83.20302	 59.70000
 35.00000	 59.69000	 83.09296	 59.69000
 35.20000	 59.66000	 82.97479	 59.66000
 35.40000	 59.61000	 82.84975	 59.61000
 35.60000	 59.48000	 82.59908	 59.48000
 35.80000	 59.34000	 82.37560	 59.34000
 36.00000	 59.20000	 82.20543	 59.20000
 36.20000	 59.07000	 82.10778	 59.07000
 36.40000	 58.96000	 82.09529	 58.96000
 36.60000	 58.88000	 82.17487	 58.88000
 36.80000	 58.90000	 82.46908	 58.90000
 37.00000	 58.95000	 82.80550	 58.95000
 37.20000	 59.04000	 83.17802	 59.04000
 37.40000	 59.15000	 83.52519	 59.15000
 37.60000	 59.30000	 83.87475	 59.30000
 37.80000	 59.50000	 84.23812	 59.50000
 38.00000	 59.73000	 84.56817	 59.73000
 38.20000	 59.99000	 84.86327	 59.99000
 38.40000	 60.26000	 85.08564	 60.26000
 38.60000	 60.53000	 85.22377	 60.53000
 38.80000	 60.81000	 85.31156	 60.81000
 39.00000	 61.08000	 85.32334	 61.08000
 39.20000	 61.33000	 85.25621	 61.33000
 39.40000	 61.56000	 85.12944	 61.56000
 39.60000	 61.78000	 84.98195	 61.78000
 39.80000	 61.96000	 84.76865	 61.96000
 40.00000	 62.11000	 84.52606	 62.11000
 40.20000	 62.15000	 84.10796	 62.15000
 40.40000	 62.17000	 83.72059	 62.17000
 40.60000	 62.16000	 83.35888	 62.16000
 40.80000	 62.13000	 83.05068	 62.13000
 41.00000	 62.09000	 82.81630	 62.09000
 41.20000	 62.07000	 82.70900	 62.07000
 41.40000	 62.11000	 82.79221	 62.11000
 41.60000	 62.14000	 82.89634	 62.14000
 41.80000	 62.16000	 82.99905	 62.16000
 42.00000	 62.17000	 83.08497	 62.17000
 42.20000	 62.16000	 83.12496	 62.16000
 42.40000	 62.09000	 83.03689	 62.09000
 42.60000	 61.98000	 82.87131	 61.98000
 42.80000	 61.84000	 82.66270	 61.84000
 43.00000	 61.68000	 82.44506	 61.68000
 43.20000	 61.50000	 82.22885	 61.50000
 43.40000	 61.31000	 82.04112	 61.31000
 43.60000	 61.12000	 81.90401	 61.12000
 43.80000	 60.92000	 81.79420	 60.92000
 44.00000	 60.72000	 81.72677	 60.72000
 44.20000	 60.51000	 81.67429	 60.51000
 44.40000	 60.29000	 81.63016	 60.29000
 44.60000	 60.06000	 81.58900	 60.06000
 44.80000	 59.81000	 81.52671	 59.81000
 45.00000	 59.51000	 81.38233	 59.51000
 45.20000	 59.21000	 81.26299	 59.21000
 45.40000	 58.92000	 81.19117	 58.92000
 45.60000	 58.66000	 81.20419	 58.66000
 45.80000	 58.43000	 81.29220	 58.43000
 46.00000	 58.25000	 81.48149	 58.25000
 46.20000	 58.18000	 81.87329	 58.18000
 46.40000	 58.14000	 82.27549	 58.14000
 46.60000	 58.14000	 82.68517	 58.14000
 46.80000	 58.17000	 83.06588	 58.17000
 47.00000	 58.23000	 83.40908	 58.23000
 47.20000	 58.31000	 83.69252	 58.31000
 47.40000	 58.41000	 83.92037	 58.41000
 47.60000	 58.52000	 84.08084	 58.52000
 47.80000	 58.63000	 84.16603	 58.63000
 48.00000	 58.74000	 84.19145	 58.74000
 48.20000	 58.84000	 84.15346	 58.84000
 48.40000	 58.92000	 84.04936	 58.92000
 48.60000	 58.92000	 83.77713	 58.92000
 48.80000	 58.90000	 83.48516	 58.90000
 49.00000	 58.88000	 83.23482	 58.88000
 49.20000	 58.86000	 83.03693	 58.86000
 49.40000	 58.84000	 82.89402	 58.84000
 49.60000	 58.84000	 82.84267	 58.84000
 49.80000	 58.92000	 82.99211	 58.92000
 50.00000	 59.00000	 83.15575	 59.00000
 50.20000	 59.08000	 83.31404	 59.08000
 50.40000	 59.16000	 83.45395	 59.16000
 50.60000	 59.23000	 83.54815	 59.23000
 50.80000	 59.26000	 83.53580	 59.26000
 51.00000	 59.23000	 83.38624	 59.23000
 51.20000	 59.19000	 83.21892	 59.19000
 51.40000	 59.13000	 83.02879	 59.13000
 51.60000	 59.07000	 82.86839	 59.07000
 51.80000	 58.99000	 82.70346	 58.99000
 52.00000	 58.90000	 82.55841	 58.90000
 52.20000	 58.78000	 82.39428	 58.78000
 52.40000	 58.67000	 82.29367	 58.67000
 52.60000	 58.57000	 82.25231	 58.57000
 52.80000	 58.48000	 82.26166	 58.48000
 53.00000	 58.41000	 82.33109	 58.41000
 53.20000	 58.37000	 82.46763	 58.37000
 53.40000	 58.42000	 82.77625	 58.42000
 53.60000	 58.50000	 83.11024	 58.50000
 53.80000	 58.61000	 83.44897	 58.61000
 54.00000	 58.73000	 83.73776	 58.73000
 54.20000	 58.86000	 83.97125	 58.86000
 54.40000	 59.01000	 84.17105	 59.01000
 54.60000	 59.16000	 84.30143	 59.16000
 54.80000	 59.31000	 84.37198	 59.31000
 55.00000	 59.46000	 84.39499	 59.46000
 55.20000	 59.60000	 84.36346	 59.60000
 55.40000	 59.72000	 84.27149	 59.72000
 55.60000	 59.81000	 84.11447	 59.81000
 55.80000	 59.85000	 83.86908	 59.85000
 56.00000	 59.86000	 83.59513	 59.86000
 56.20000	 59.86000	 83.34896	 59.86000
 56.40000	 59.85000	 83.13916	 59.85000
 56.60000	 59.83000	 82.96821	 59.83000
 56.80000	 59.81000	 82.85412	 59.81000
 57.00000	 59.78000	 82.77010	 59.78000
 57.20000	 59.75000	 82.72860	 59.75000
 57.40000	 59.74000	 82.76042	 59.74000
 57.60000	 59.73000	 82.81221	 59.73000
 57.80000	 59.75000	 82.93298	 59.75000
 58.00000	 59.80000	 83.10864	 59.80000
 58.20000	 59.92000	 83.40448	 59.92000
 58.40000	 60.06000	 83.69895	 60.06000
 58.60000	 60.22000	 83.97746	 60.22000
 58.80000	 60.38000	 84.19141	 60.38000
 59.00000	 60.55000	 84.36106	 60.55000
 59.20000	 60.71000	 84.45071	 60.71000
 59.40000	 60.85000	 84.45092	 60.85000
 59.60000	 60.99000	 84.41744	 60.99000
 59.80000	 61.11000	 84.32427	 61.11000
 60.00000	 61.21000	 84.18674	 61.21000
 60.20000	 61.29000	 84.01957	 61.29000
 60.40000	 61.32000	 83.77557	 61.32000
 60.60000	 61.30000	 83.47080	 61.30000
 60.80000	 61.26000	 83.18199	 61.26000
 61.00000	 61.19000	 82.89908	 61.19000
 61.20000	 61.11000	 82.66834	 61.11000
 61.40000	 61.02000	 82.48909	 61.02000
 61.60000	 60.92000	 82.35596	 60.92000
 61.80000	 60.81000	 82.26082	 60.81000
 62.00000	 60.70000	 82.21443	 60.70000
 62.20000	 60.58000	 82.18575	 60.58000
 62.40000	 60.48000	 82.22550	 60.48000
 62.60000	 60.39000	 82.30080	 60.39000
 62.80000	 60.35000	 82.47952	 60.35000
 63.00000	 60.32000	 82.66346	 60.32000
 63.20000	 60.29000	 82.81961	 60.29000
 63.40000	 60.26000	 82.94164	 60.26000
 63.60000	 60.22000	 83.00834	 60.22000
 63.80000	 60.16000	 83.00407	 60.16000
 64.00000	 60.01000	 82.79829	 60.01000
 64.20000	 59.85000	 82.57671	 59.85000
 64.40000	 59.70000	 82.39846	 59.70000
 64.60000	 59.56000	 82.27267	 59.56000
 64.80000	 59.45000	 82.24081	 59.45000
 65.00000	 59.38000	 82.31510	 59.38000
 65.20000	 59.38000	 82.54033	 59.38000
 65.40000	 59.43000	 82.85181	 59.43000
 65.60000	 59.53000	 83.22453	 59.53000
 65.80000	 59.70000	 83.67562	 59.70000
 66.00000	 59.93000	 84.16201	 59.93000
 66.20000	 60.31000	 84.84494	 60.31000
 66.40000	 60.81000	 85.63308	 60.81000
 66.60000	 61.34000	 86.31501	 61.34000
 66.80000	 61.90000	 86.87935	 61.90000
 67.00000	 62.47000	 87.28941	 62.47000
 67.20000	 62.99000	 87.44196	 62.99000
 67.40000	 63.42000	 87.29283	 63.42000
 67.60000	 63.81000	 86.99528	 63.81000
 67.80000	 64.15000	 86.57993	 64.15000
 68.00000	 64.44000	 86.09283	 64.44000
 68.20000	 64.66000	 85.53239	 64.66000
 68.40000	 64.77000	 84.85179	 64.77000
 68.60000	 64.77000	 84.08507	 64.77000
 68.80000	 64.72000	 83.38369	 64.72000
 69.00000	 64.64000	 82.80301	 64.64000
 69.20000	 64.54000	 82.36211	 64.54000
 69.40000	 64.44000	 82.08708	 64.44000
 69.60000	 64.45000	 82.17288	 64.45000
 69.80000	 64.46000	 82.34787	 64.46000
 70.00000	 64.45000	 82.52800	 64.45000
 70.20000	 64.42000	 82.68227	 64.42000
 70.40000	 64.36000	 82.77156	 64.36000
 70.60000	 64.18000	 82.60841	 64.18000
 70.80000	 63.94000	 82.33148	 63.94000
 71.00000	 63.66000	 82.00416	 63.66000
 71.20000	 63.35000	 81.66728	 63.35000
 71.40000	 63.01000	 81.33599	 63.01000
 71.60000	 62.67000	 81.08025	 62.67000
 71.80000	 62.35000	 80.93982	 62.35000
 72.00000	 62.04000	 80.88357	 62.04000
 72.20000	 61.72000	 80.85587	 61.72000
 72.40000	 61.40000	 80.86320	 61.40000
 72.60000	 61.09000	 80.91291	 61.09000
 72.80000	 60.77000	 80.95217	 60.77000
 73.00000	 60.45000	 80.99315	 60.45000
 73.20000	 60.13000	 81.03021	 60.13000
 73.40000	 59.82000	 81.07988	 59.82000
 73.60000	 59.52000	 81.13855	 59.52000
 73.80000	 59.23000	 81.20293	 59.23000
 74.00000	 58.96000	 81.29027	 58.96000
 74.20000	 58.71000	 81.39653	 58.71000
 74.40000	 58.48000	 81.51721	 58.48000
 74.60000	 58.29000	 81.68797	 58.29000
 74.80000	 58.12000	 81.86110	 58.12000
 75.00000	 57.98000	 82.05119	 57.98000
 75.20000	 57.88000	 82.27303	 57.88000
 75.40000	 57.87000	 82.62028	 57.87000
 75.60000	 57.90000	 82.97674	 57.90000
 75.80000	 57.95000	 83.29054	 57.95000
 76.00000	 58.01000	 83.53759	 58.01000
 76.20000	 58.08000	 83.72142	 58.08000
 76.40000	 58.13000	 83.79042	 58.13000
 76.60000	 58.02000	 83.48080	 58.02000
 76.80000	 57.91000	 83.15984	 57.91000
 77.00000	 57.84000	 82.94114	 57.84000
 77.20000	 57.81000	 82.83832	 57.81000
 77.40000	 57.85000	 82.91010	 57.85000
 77.60000	 58.04000	 83.29951	 58.04000
 77.80000	 58.46000	 84.12539	 58.46000
 78.00000	 58.95000	 84.99810	 58.95000
 78.20000	 59.46000	 85.76544	 59.46000
 78.40000	 60.00000	 86.42148	 60.00000
 78.60000	 60.51000	 86.83871	 60.51000
 78.80000	 60.91000	 86.87429	 60.91000
 79.00000	 61.27000	 86.71623	 61.27000
 79.20000	 61.60000	 86.43582	 61.60000
 79.40000	 61.88000	 86.03994	 61.88000
 79.60000	 62.12000	 85.59188	 62.12000
 79.80000	 62.28000	 85.04624	 62.28000
 80.00000	 62.39000	 84.49610	 62.39000
 80.20000	 62.46000	 83.98456	 62.46000
 80.40000	 62.49000	 83.52378	 62.49000
 80.60000	 62.49000	 83.13726	 62.49000
 80.80000	 62.47000	 82.84029	 62.47000
 81.00000	 62.43000	 82.62102	 62.43000
 81.20000	 62.37000	 82.46382	 62.37000
 81.40000	 62.31000	 82.39199	 62.31000
 81.60000	 62.26000	 82.40587	 62.26000
 81.80000	 62.21000	 82.46371	 62.21000
 82.00000	 62.20000	 82.62645	 62.20000
 82.20000	 62.23000	 82.87102	 62.23000
 82.40000	 62.28000	 83.13379	 62.28000
 82.60000	 62.34000	 83.37677	 62.34000
 82.80000	 62.43000	 83.62950	 62.43000
 83.00000	 62.54000	 83.86385	 62.54000
 83.20000	 62.72000	 84.17620	 62.72000
 83.40000	 62.89000	 84.39654	 62.89000
 83.60000	 63.06000	 84.54685	 63.06000
 83.80000	 63.20000	 84.57498	 63.20000
 84.00000	 63.31000	 84.49791	 63.31000
 84.20000	 63.30000	 84.15694	 63.30000
 84.40000	 63.20000	 83.65165	 63.20000
 84.60000	 63.05000	 83.10470	 63.05000
 84.80000	 62.86000	 82.56935	 62.86000
 85.00000	 62.63000	 82.06734	 62.63000
 85.20000	 62.36000	 81.61040	 62.36000
 85.40000	 62.02000	 81.14216	 62.02000
 85.60000	 61.65000	 80.74611	 61.65000
 85.80000	 61.27000	 80.45771	 61.27000
 86.00000	 60.91000	 80.32363	 60.91000
 86.20000	 60.58000	 80.34007	 60.58000
 86.40000	 60.29000	 80.49644	 60.29000
 86.60000	 60.16000	 80.99881	 60.16000
 86.80000	 60.11000	 81.63103	 60.11000
 87.00000	 60.11000	 82.28232	 60.11000
 87.20000	 60.14000	 82.87590	 60.14000
 87.40000	 60.18000	 83.35187	 60.18000
 87.60000	 60.23000	 83.70768	 60.23000
 87.80000	 60.22000	 83.81273	 60.22000
 88.00000	 60.22000	 83.83745	 60.22000
 88.20000	 60.23000	 83.81037	 60.23000
 88.40000	 60.25000	 83.75620	 60.25000
 88.60000	 60.29000	 83.71468	 60.29000
 88.80000	 60.37000	 83.73838	 60.37000
 89.00000	 60.48000	 83.80992	 60.48000
 89.20000	 60.60000	 83.88665	 60.60000
 89.40000	 60.73000	 83.96633	 60.73000
 89.60000	 60.85000	 84.00710	 60.85000
 89.80000	 60.97000	 84.03140	 60.97000
 90.00000	 61.06000	 83.98235	 61.06000
 90.20000	 61.12000	 83.86902	 61.12000
 90.40000	 61.16000	 83.72368	 61.16000
 90.60000	 61.19000	 83.57780	 61.19000
 90.80000	 61.21000	 83.43930	 61.21000
 91.00000	 61.21000	 83.29291	 61.21000
 91.20000	 61.17000	 83.10252	 61.17000
 91.40000	 61.10000	 82.89493	 61.10000
 91.60000	 61.04000	 82.75644	 61.04000
 91.80000	 60.97000	 82.64479	 60.97000
 92.00000	 60.92000	 82.61595	 60.92000
 92.20000	 60.89000	 82.65930	 60.89000
 92.40000	 60.92000	 82.84088	 60.92000
 92.60000	 61.00000	 83.11802	 61.00000
 92.80000	 61.10000	 83.40611	 61.10000
 93.00000	 61.21000	 83.66718	 61.21000
 93.20000	 61.33000	 83.89141	 61.33000
 93.40000	 61.46000	 84.07552	 61.46000
 93.60000	 61.59000	 84.20105	 61.59000
 93.80000	 61.71000	 84.25460	 61.71000
 94.00000	 61.82000	 84.24755	 61.82000
 94.20000	 61.91000	 84.17342	 61.91000
 94.40000	 61.98000	 84.04789	 61.98000
 94.60000	 61.94000	 83.70632	 61.94000
 94.80000	 61.88000	 83.35984	 61.88000
 95.00000	 61.79000	 83.01018	 61.79000
 95.20000	 61.70000	 82.73270	 61.70000
 95.40000	 61.60000	 82.51107	 61.60000
 95.60000	 61.54000	 82.44271	 61.54000
 95.80000	 61.55000	 82.57146	 61.55000
 96.00000	 61.56000	 82.72744	 61.56000
 96.20000	 61.57000	 82.88754	 61.57000
 96.40000	 61.57000	 83.01534	 61.57000
 96.60000	 61.55000	 83.08249	 61.55000
 96.80000	 61.48000	 83.02879	 61.48000
 97.00000	 61.30000	 82.74523	 61.30000
 97.20000	 61.10000	 82.44119	 61.10000
 97.40000	 60.90000	 82.17873	 60.90000
 97.60000	 60.69000	 81.94912	 60.69000
 97.80000	 60.49000	 81.79710	 60.49000
 98.00000	 60.34000	 81.79871	 60.34000
 98.20000	 60.25000	 81.95681	 60.25000
 98.40000	 60.18000	 82.16479	 60.18000
 98.60000	 60.12000	 82.37966	 60.12000
 98.80000	 60.08000	 82.60490	 60.08000
 99.00000	 60.04000	 82.78813	 60.04000
 99.20000	 60.01000	 82.94479	 60.01000
 99.40000	 59.97000	 83.03423	 59.97000
 99.60000	 59.93000	 83.08236	 59.93000
 99.80000	 59.89000	 83.09720	 59.89000
100.00000	 59.84000	 83.06739	 59.84000
100.20000	 59.76000	 82.96308	 59.76000
100.40000	 59.65000	 82.79828	 59.65000
100.60000	 59.53000	 82.62835	 59.53000
100.80000	 59.40000	 82.46435	 59.40000
101.00000	 59.26000	 82.31331	 59.26000
101.20000	 59.12000	 82.19889	 59.12000
101.40000	 58.98000	 82.12012	 58.98000
101.60000	 58.84000	 82.07296	 58.84000
101.80000	 58.70000	 82.05161	 58.70000
102.00000	 58.58000	 82.08970	 58.58000
102.20000	 58.47000	 82.15715	 58.47000
102.40000	 58.37000	 82.24431	 58.37000
102.60000	 58.31000	 82.40273	 58.31000
102.80000	 58.29000	 82.61992	 58.29000
103.00000	 58.29000	 82.84174	 58.29000
103.20000	 58.33000	 83.09817	 58.33000
103.40000	 58.38000	 83.31898	 58.38000
103.60000	 58.45000	 83.52062	 58.45000
103.80000	 58.57000	 83.76258	 58.57000
104.00000	 58.73000	 84.02079	 58.73000
104.20000	 58.89000	 84.21094	 58.89000
104.40000	 59.05000	 84.33658	 59.05000
104.60000	 59.21000	 84.40626	 59.21000
104.80000	 59.35000	 84.39116	 59.35000
105.00000	 59.42000	 84.20682	 59.42000
105.20000	 59.46000	 83.96003	 59.46000
105.40000	 59.48000	 83.69506	 59.48000
105.60000	 59.47000	 83.41030	 59.47000
105.80000	 59.44000	 83.14030	 59.44000
106.00000	 59.39000	 82.89365	 59.39000
106.20000	 59.26000	 82.55380	 59.26000
106.40000	 59.11000	 82.25200	 59.11000
106.60000	 58.97000	 82.05230	 58.97000
106.80000	 58.84000	 81.94784	 58.84000
107.00000	 58.73000	 81.94489	 58.73000
107.20000	 58.66000	 82.06449	 58.66000
107.40000	 58.71000	 82.44224	 58.71000
107.60000	 58.80000	 82.87685	 58.80000
107.80000	 58.92000	 83.31463	 58.92000
108.00000	 59.07000	 83.73212	 59.07000
108.20000	 59.24000	 84.09506	 59.24000
108.40000	 59.44000	 84.41888	 59.44000
108.60000	 59.65000	 84.66414	 59.65000
108.80000	 59.87000	 84.83875	 59.87000
109.00000	 60.10000	 84.95493	 60.10000
109.20000	 60.33000	 85.00665	 60.33000
109.40000	 60.55000	 84.98969	 60.55000
109.60000	 60.73000	 84.86136	 60.73000
109.80000	 60.90000	 84.70421	 60.90000
110.00000	 61.06000	 84.53646	 61.06000
110.20000	 61.19000	 84.33164	 61.19000
110.40000	 61.32000	 84.16264	 61.32000
110.60000	 61.42000	 83.97483	 61.42000
110.80000	 61.45000	 83.69355	 61.45000
111.00000	 61.48000	 83.47137	 61.48000
111.20000	 61.51000	 83.31127	 61.51000
111.40000	 61.54000	 83.20940	 61.54000
111.60000	 61.59000	 83.19768	 61.59000
111.80000	 61.69000	 83.32209	 61.69000
112.00000	 61.88000	 83.64029	 61.88000
112.20000	 62.09000	 83.97850	 62.09000
112.40000	 62.31000	 84.29163	 62.31000
112.60000	 62.54000	 84.56475	 62.54000
112.80000	 62.77000	 84.77132	 62.77000
113.00000	 62.99000	 84.89310	 62.99000
113.20000	 63.18000	 84.89926	 63.18000
113.40000	 63.36000	 84.84708	 63.36000
113.60000	 63.51000	 84.71391	 63.51000
113.80000	 63.63000	 84.51935	 63.63000
114.00000	 63.69000	 84.22259	 63.69000
114.20000	 63.69000	 83.84640	 63.69000
114.40000	 63.66000	 83.47396	 63.66000
114.60000	 63.59000	 83.10074	 63.59000
114.80000	 63.51000	 82.79749	 63.51000
115.00000	 63.40000	 82.52485	 63.40000
115.20000	 63.28000	 82.32038	 63.28000
115.40000	 63.14000	 82.15581	 63.14000
115.60000	 63.00000	 82.06165	 63.00000
115.80000	 62.86000	 82.02462	 62.86000
116.00000	 62.73000	 82.05014	 62.73000
116.20000	 62.61000	 82.12222	 62.61000
116.40000	 62.55000	 82.32559	 62.55000
116.60000	 62.52000	 82.57725	 62.52000
116.80000	 62.49000	 82.79679	 62.49000
117.00000	 62.46000	 82.97321	 62.46000
117.20000	 62.41000	 83.06288	 62.41000
117.40000	 62.32000	 83.03143	 62.32000
117.60000	 62.15000	 82.81399	 62.15000
117.80000	 61.96000	 82.55860	 61.96000
118.00000	 61.74000	 82.26804	 61.74000
118.20000	 61.51000	 82.00137	 61.51000
118.40000	 61.27000	 81.76946	 61.27000
118.60000	 61.02000	 81.57650	 61.02000
118.80000	 60.75000	 81.40162	 60.75000
119.00000	 60.49000	 81.30256	 60.49000
119.20000	 60.26000	 81.31062	 60.26000
119.40000	 60.05000	 81.38965	 60.05000
119.60000	 59.87000	 81.54190	 59.87000
119.80000	 59.76000	 81.82836	 59.76000
120.00000	 59.76000	 82.30348	 59.76000
120.20000	 59.80000	 82.79180	 59.80000
120.40000	 59.86000	 83.22776	 59.86000
120.60000	 59.94000	 83.59877	 59.94000
120.80000	 60.04000	 83.90230	 60.04000
121.00000	 60.12000	 84.06297	 60.12000
121.20000	 60.20000	 84.13756	 60.20000
121.40000	 60.29000	 84.16583	 60.29000
121.60000	 60.37000	 84.12580	 60.37000
121.80000	 60.45000	 84.05644	 60.45000
122.00000	 60.50000	 83.91356	 60.50000
122.20000	 60.54000	 83.75506	 60.54000
122.40000	 60.57000	 83.59475	 60.57000
122.60000	 60.61000	 83.48237	 60.61000
122.80000	 60.65000	 83.40010	 60.65000
123.00000	 60.69000	 83.34661	 60.69000
123.20000	 60.78000	 83.41843	 60.78000
123.40000	 60.89000	 83.54126	 60.89000
123.60000	 61.00000	 83.66046	 61.00000
123.80000	 61.10000	 83.74624	 61.10000
124.00000	 61.20000	 83.81502	 61.20000
124.20000	 61.28000	 83.82583	 61.28000
124.40000	 61.25000	 83.60317	 61.25000
124.60000	 61.21000	 83.37236	 61.21000
124.80000	 61.18000	 83.19152	 61.18000
125.00000	 61.19000	 83.12853	 61.19000
125.20000	 61.24000	 83.17778	 61.24000
125.40000	 61.43000	 83.52525	 61.43000
125.60000	 61.73000	 84.07319	 61.73000
125.80000	 62.08000	 84.65680	 62.08000
126.00000	 62.44000	 85.16185	 62.44000
126.20000	 62.79000	 85.53218	 62.79000
126.40000	 63.08000	 85.66918	 63.08000
126.60000	 63.32000	 85.61582	 63.32000
126.80000	 63.53000	 85.44588	 63.53000
127.00000	 63.73000	 85.23369	 63.73000
127.20000	 63.91000	 84.98690	 63.91000
127.40000	 64.09000	 84.76795	 64.09000
127.60000	 64.29000	 84.62974	 64.29000
127.80000	 64.46000	 84.47344	 64.46000
128.00000	 64.60000	 84.30157	 64.60000
128.20000	 64.70000	 84.09720	 64.70000
128.40000	 64.75000	 83.84536	 64.75000
128.60000	 64.66000	 83.37360	 64.66000
128.80000	 64.47000	 82.78774	 64.47000
129.00000	 64.25000	 82.25622	 64.25000
129.20000	 64.02000	 81.83337	 64.02000
129.40000	 63.80000	 81.55883	 63.80000
129.60000	 63.63000	 81.49841	 63.63000
129.80000	 63.60000	 81.80240	 63.60000
130.00000	 63.60000	 82.19573	 63.60000
130.20000	 63.60000	 82.57206	 63.60000
130.40000	 63.61000	 82.92103	 63.61000
130.60000	 63.59000	 83.14409	 63.59000
130.80000	 63.49000	 83.14014	 63.49000
131.00000	 63.36000	 83.02987	 63.36000
131.20000	 63.22000	 82.87752	 63.22000
131.40000	 63.07000	 82.70376	 63.07000
131.60000	 62.91000	 82.52489	 62.91000
131.80000	 62.80000	 82.47286	 62.80000
132.00000	 62.71000	 82.48385	 62.71000
132.20000	 62.61000	 82.48933	 62.61000
132.40000	 62.50000	 82.48393	 62.50000
132.60000	 62.35000	 82.40484	 62.35000
132.80000	 62.18000	 82.29705	 62.18000
133.00000	 61.82000	 81.82609	 61.82000
133.20000	 61.43000	 81.35032	 61.43000
133.40000	 61.04000	 80.95640	 61.04000
133.60000	 60.68000	 80.71504	 60.68000
133.80000	 60.38000	 80.67939	 60.38000
134.00000	 60.25000	 81.04571	 60.25000
134.20000	 60.28000	 81.73990	 60.28000
134.40000	 60.37000	 82.49377	 60.37000
134.60000	 60.50000	 83.21484	 60.50000
134.80000	 60.65000	 83.83002	 60.65000
135.00000	 60.75000	 84.18632	 60.75000
135.20000	 60.76000	 84.21910	 60.76000
135.40000	 60.77000	 84.14965	 60.77000
135.60000	 60.80000	 84.05611	 60.80000
135.80000	 60.85000	 83.96718	 60.85000
136.00000	 60.95000	 83.96248	 60.95000
136.20000	 61.23000	 84.30814	 61.23000
136.40000	 61.53000	 84.65515	 61.53000
136.60000	 61.86000	 85.00372	 61.86000
136.80000	 62.18000	 85.25999	 62.18000
137.00000	 62.50000	 85.44318	 62.50000
137.20000	 62.71000	 85.33930	 62.71000
137.40000	 62.81000	 84.97950	 62.81000
137.60000	 62.91000	 84.62953	 62.91000
137.80000	 63.02000	 84.33990	 63.02000
138.00000	 63.15000	 84.14608	 63.15000
138.20000	 63.40000	 84.25008	 63.40000
138.40000	 63.78000	 84.64537	 63.78000
138.60000	 64.19000	 85.08614	 64.19000
138.80000	 64.59000	 85.45658	 64.59000
139.00000	 64.98000	 85.73862	 64.98000
139.20000	 65.27000	 85.74778	 65.27000
139.40000	 65.47000	 85.52666	 65.47000
139.60000	 65.64000	 85.23252	 65.64000
139.80000	 65.75000	 84.83773	 65.75000
140.00000	 65.82000	 84.41415	 65.82000
140.20000	 65.85000	 83.98633	 65.85000
140.40000	 65.84000	 83.57156	 65.84000
140.60000	 65.79000	 83.18038	 65.79000
140.80000	 65.70000	 82.81773	 65.70000
141.00000	 65.56000	 82.46414	 65.56000
141.20000	 65.38000	 82.13898	 65.38000
141.40000	 65.10000	 81.71875	 65.10000
141.60000	 64.79000	 81.35003	 64.79000
141.80000	 64.46000	 81.05222	 64.46000
142.00000	 64.13000	 80.85820	 64.13000
142.20000	 63.80000	 80.75314	 63.80000
142.40000	 63.51000	 80.79850	 63.51000
142.60000	 63.27000	 80.98729	 63.27000
142.80000	 63.04000	 81.20727	 63.04000
143.00000	 62.84000	 81.47339	 62.84000
143.20000	 62.65000	 81.72391	 62.65000
143.40000	 62.48000	 81.96540	 62.48000
143.60000	 62.34000	 82.20948	 62.34000
143.80000	 62.22000	 82.43018	 62.22000
144.00000	 62.09000	 82.56558	 62.09000
144.20000	 61.97000	 82.66250	 61.97000
144.40000	 61.84000	 82.68926	 61.84000
144.60000	 61.67000	 82.59816	 61.67000
144.80000	 61.47000	 82.42882	 61.47000
145.00000	 61.27000	 82.26219	 61.27000
145.20000	 61.06000	 82.09242	 61.06000
145.40000	 60.86000	 81.96966	 60.86000
145.60000	 60.67000	 81.89647	 60.67000
145.80000	 60.50000	 81.89000	 60.50000
146.00000	 60.34000	 81.92199	 60.34000
146.20000	 60.20000	 82.00315	 60.20000
146.40000	 60.07000	 82.10245	 60.07000
146.60000	 59.97000	 82.25063	 59.97000
146.80000	 59.88000	 82.39668	 59.88000
147.00000	 59.76000	 82.45311	 59.76000
147.20000	 59.68000	 82.56344	 59.68000
147.40000	 59.65000	 82.74502	 59.65000
147.60000	 59.66000	 82.96940	 59.66000
147.80000	 59.74000	 83.28697	 59.74000
148.00000	 59.99000	 83.88276	 59.99000
148.20000	 60.36000	 84.62031	 60.36000
148.40000	 60.75000	 85.26124	 60.75000
148.60000	 61.16000	 85.78840	 61.16000
148.80000	 61.55000	 86.12065	 61.55000
149.00000	 61.81000	 86.05529	 61.81000
149.20000	 61.95000	 85.66175	 61.95000
149.40000	 62.05000	 85.16509	 62.05000
149.60000	 62.11000	 84.61979	 62.11000
149.80000	 62.14000	 84.08803	 62.14000
150.00000	 62.15000	 83.61766	 62.15000
150.20000	 62.18000	 83.30215	 62.18000
150.40000	 62.21000	 83.09611	 62.21000
150.60000	 62.24000	 82.98547	 62.24000
150.80000	 62.27000	 82.95146	 62.27000
151.00000	 62.31000	 82.99388	 62.31000
151.20000	 62.37000	 83.11153	 62.37000
151.40000	 62.47000	 83.32275	 62.47000
151.60000	 62.59000	 83.56373	 62.59000
151.80000	 62.71000	 83.77520	 62.71000
152.00000	 62.84000	 83.96672	 62.84000
152.20000	 62.97000	 84.11292	 62.97000
152.40000	 63.10000	 84.21439	 63.10000
152.60000	 63.22000	 84.25575	 63.22000
152.80000	 63.34000	 84.26590	 63.34000
153.00000	 63.45000	 84.23391	 63.45000
153.20000	 63.55000	 84.17003	 63.55000
153.40000	 63.62000	 84.04427	 63.62000
153.60000	 63.67000	 83.88938	 63.67000
153.80000	 63.72000	 83.75691	 63.72000
154.00000	 63.77000	 83.65271	 63.77000
154.20000	 63.83000	 83.59815	 63.83000
154.40000	 63.93000	 83.64961	 63.93000
154.60000	 64.06000	 83.77461	 64.06000
154.80000	 64.19000	 83.89757	 64.19000
155.00000	 64.31000	 83.98793	 64.31000
155.20000	 64.41000	 84.02144	 64.41000
155.40000	 64.48000	 83.98043	 64.48000
155.60000	 64.40000	 83.63311	 64.40000
155.80000	 64.28000	 83.23419	 64.28000
156.00000	 64.15000	 82.87232	 64.15000
156.20000	 64.03000	 82.60375	 64.03000
156.40000	 63.92000	 82.43092	 63.92000
156.60000	 63.92000	 82.54679	 63.92000
156.80000	 64.00000	 82.85927	 64.00000
157.00000	 64.11000	 83.22774	 64.11000
157.20000	 64.23000	 83.57892	 64.23000
157.40000	 64.34000	 83.85144	 64.34000
157.60000	 64.43000	 84.01793	 64.43000
157.80000	 64.48000	 84.04319	 64.48000
158.00000	 64.52000	 84.00393	 64.52000
158.20000	 64.54000	 83.89767	 64.54000
158.40000	 64.53000	 83.72279	 64.53000
158.60000	 64.49000	 83.49845	 64.49000
158.80000	 64.42000	 83.24246	 64.42000
159.00000	 64.33000	 82.99006	 64.33000
159.20000	 64.20000	 82.71132	 64.20000
159.40000	 64.05000	 82.45564	 64.05000
159.60000	 63.88000	 82.22724	 63.88000
159.80000	 63.63000	 81.90619	 63.63000
160.00000	 63.35000	 81.60129	 63.35000
160.20000	 63.07000	 81.37698	 63.07000
160.40000	 62.80000	 81.24867	 62.80000
160.60000	 62.55000	 81.22414	 62.55000
160.80000	 62.34000	 81.32522	 62.34000
161.00000	 62.26000	 81.70785	 62.26000
161.20000	 62.21000	 82.12866	 62.21000
161.40000	 62.17000	 82.51432	 62.17000
161.60000	 62.15000	 82.86516	 62.15000
161.80000	 62.14000	 83.15090	 62.14000
162.00000	 62.08000	 83.25046	 62.08000
162.20000	 62.02000	 83.28081	 62.02000
162.40000	 61.95000	 83.24012	 61.95000
162.60000	 61.87000	 83.14766	 61.87000
162.80000	 61.78000	 83.02165	 61.78000
163.00000	 61.70000	 82.91790	 61.70000
163.20000	 61.60000	 82.78515	 61.60000
163.40000	 61.49000	 82.65222	 61.49000
163.60000	 61.36000	 82.50513	 61.36000
163.80000	 61.21000	 82.34935	 61.21000
164.00000	 61.04000	 82.18940	 61.04000
164.20000	 60.77000	 81.86848	 60.77000
164.40000	 60.47000	 81.54407	 60.47000
164.60000	 60.17000	 81.28841	 60.17000
164.80000	 59.88000	 81.12346	 59.88000
165.00000	 59.62000	 81.08205	 59.62000
165.20000	 59.43000	 81.22772	 59.43000
165.40000	 59.36000	 81.63169	 59.36000
165.60000	 59.33000	 82.08970	 59.33000
165.80000	 59.34000	 82.56629	 59.34000
166.00000	 59.39000	 83.03531	 59.39000
166.20000	 59.47000	 83.45951	 59.47000
166.40000	 59.55000	 83.77121	 59.55000
166.60000	 59.65000	 84.01588	 59.65000
166.80000	 59.77000	 84.20369	 59.77000
167.00000	 59.91000	 84.34715	 59.91000
167.20000	 60.07000	 84.45916	 60.07000
167.40000	 60.28000	 84.61184	 60.28000
167.60000	 60.53000	 84.78980	 60.53000
167.80000	 60.78000	 84.91388	 60.78000
168.00000	 61.03000	 84.98987	 61.03000
168.20000	 61.27000	 85.00628	 61.27000
168.40000	 61.48000	 84.93458	 61.48000
168.60000	 61.55000	 84.57062	 61.55000
168.80000	 61.57000	 84.13304	 61.57000
169.00000	 61.60000	 83.77538	 61.60000
169.20000	 61.65000	 83.53321	 61.65000
169.40000	 61.73000	 83.42648	 61.73000
169.60000	 61.95000	 83.66275	 61.95000
169.80000	 62.30000	 84.18123	 62.30000
170.00000	 62.68000	 84.72712	 62.68000
170.20000	 63.06000	 85.20014	 63.06000
170.40000	 63.41000	 85.51928	 63.41000
170.60000	 63.66000	 85.54429	 63.66000
170.80000	 63.79000	 85.26254	 63.79000
171.00000	 63.88000	 84.88188	 63.88000
171.20000	 63.94000	 84.46451	 63.94000
171.40000	 63.96000	 84.02294	 63.96000
171.60000	 63.98000	 83.66196	 63.98000
171.80000	 64.00000	 83.39104	 64.00000
172.00000	 64.00000	 83.16812	 64.00000
172.20000	 63.99000	 83.00724	 63.99000
172.40000	 63.95000	 82.85829	 63.95000
172.60000	 63.89000	 82.73307	 63.89000
172.80000	 63.76000	 82.52344	 63.76000
173.00000	 63.62000	 82.35175	 63.62000
173.20000	 63.47000	 82.21590	 63.47000
173.40000	 63.32000	 82.13103	 63.32000
173.60000	 63.18000	 82.10893	 63.18000
173.80000	 63.07000	 82.17809	 63.07000
174.00000	 63.04000	 82.42212	 63.04000
174.20000	 63.03000	 82.69310	 63.03000
174.40000	 63.03000	 82.94935	 63.03000
174.60000	 63.03000	 83.15727	 63.03000
174.80000	 63.04000	 83.33208	 63.04000
175.00000	 63.01000	 83.37346	 63.01000
175.20000	 62.98000	 83.37391	 62.98000
175.40000	 62.94000	 83.32583	 62.94000
175.60000	 62.89000	 83.24238	 62.89000
175.80000	 62.85000	 83.17608	 62.85000
176.00000	 62.82000	 83.13392	 62.82000
176.20000	 62.80000	 83.11852	 62.80000
176.40000	 62.77000	 83.08913	 62.77000
176.60000	 62.73000	 83.04655	 62.73000
176.80000	 62.69000	 83.01260	 62.69000
177.00000	 62.62000	 82.92759	 62.62000
177.20000	 62.47000	 82.69635	 62.47000
177.40000	 62.28000	 82.41603	 62.28000
177.60000	 62.10000	 82.20305	 62.10000
177.80000	 61.94000	 82.08236	 61.94000
178.00000	 61.82000	 82.08878	 61.82000
178.20000	 61.78000	 82.28692	 61.78000
178.40000	 61.93000	 82.86854	 61.93000
178.60000	 62.13000	 83.49781	 62.13000
178.80000	 62.35000	 84.07197	 62.35000
179.00000	 62.56000	 84.50670	 62.56000
179.20000	 62.75000	 84.77832	 62.75000
179.40000	 62.78000	 84.61927	 62.78000
179.60000	 62.78000	 84.33902	 62.78000
179.80000	 62.76000	 84.00294	 62.76000
180.00000	 62.73000	 83.66766	 62.73000
180.20000	 62.71000	 83.39846	 62.71000
180.40000	 62.73000	 83.26667	 62.73000
180.60000	 62.78000	 83.24719	 62.78000
180.80000	 62.85000	 83.30596	 62.85000
181.00000	 62.92000	 83.38587	 62.92000
181.20000	 63.00000	 83.49314	 63.00000
181.40000	 63.09000	 83.61566	 63.09000
181.60000	 63.18000	 83.72363	 63.18000
181.80000	 63.28000	 83.83166	 63.28000
182.00000	 63.37000	 83.89598	 63.37000
182.20000	 63.46000	 83.93818	 63.46000
182.40000	 63.54000	 83.94136	 63.54000
182.60000	 63.61000	 83.91138	 63.61000
182.80000	 63.67000	 83.85537	 63.67000
183.00000	 63.71000	 83.76068	 63.71000
183.20000	 63.72000	 83.61597	 63.72000
183.40000	 63.70000	 83.43188	 63.70000
183.60000	 63.58000	 83.07916	 63.58000
183.80000	 63.40000	 82.66113	 63.40000
184.00000	 63.18000	 82.23985	 63.18000
184.20000	 62.95000	 81.89083	 62.95000
184.40000	 62.70000	 81.59779	 62.70000
184.60000	 62.44000	 81.37803	 62.44000
184.80000	 62.21000	 81.30276	 62.21000
185.00000	 62.00000	 81.33225	 62.00000
185.20000	 61.81000	 81.44301	 61.81000
185.40000	 61.64000	 81.61114	 61.64000
185.60000	 61.52000	 81.87485	 61.52000
185.80000	 61.43000	 82.17007	 61.43000
186.00000	 61.49000	 82.71769	 61.49000
186.20000	 61.58000	 83.24050	 61.58000
186.40000	 61.70000	 83.71546	 61.70000
186.60000	 61.83000	 84.09122	 61.83000
186.80000	 61.95000	 84.32932	 61.95000
187.00000	 62.02000	 84.36373	 62.02000
187.20000	 62.07000	 84.28342	 62.07000
187.40000	 62.10000	 84.11915	 62.10000
187.60000	 62.12000	 83.92012	 62.12000
187.80000	 62.14000	 83.72982	 62.14000
188.00000	 62.15000	 83.54362	 62.15000
188.20000	 62.16000	 83.39179	 62.16000
188.40000	 62.16000	 83.25814	 62.16000
188.60000	 62.15000	 83.14356	 62.15000
188.80000	 62.15000	 83.08690	 62.15000
189.00000	 62.13000	 83.02177	 62.13000
189.20000	 62.10000	 82.96457	 62.10000
189.40000	 62.07000	 82.93202	 62.07000
189.60000	 62.05000	 82.93955	 62.05000
189.80000	 62.04000	 82.98019	 62.04000
190.00000	 62.03000	 83.02601	 62.03000
190.20000	 62.06000	 83.15116	 62.06000
190.40000	 62.11000	 83.30409	 62.11000
190.60000	 62.18000	 83.47429	 62.18000
190.80000	 62.25000	 83.61286	 62.25000
191.00000	 62.34000	 83.75675	 62.34000
191.20000	 62.44000	 83.88333	 62.44000
191.40000	 62.56000	 84.01251	 62.56000
191.60000	 62.67000	 84.08396	 62.67000
191.80000	 62.77000	 84.10293	 62.77000
192.00000	 62.85000	 84.05795	 62.85000
192.20000	 62.90000	 83.94090	 62.90000
192.40000	 62.87000	 83.66658	 62.87000
192.60000	 62.80000	 83.34006	 62.80000
192.80000	 62.71000	 83.02345	 62.71000
193.00000	 62.60000	 82.73101	 62.60000
193.20000	 62.46000	 82.45021	 62.46000
193.40000	 62.28000	 82.16500	 62.28000
193.60000	 62.08000	 81.91847	 62.08000
193.80000	 61.86000	 81.70897	 61.86000
194.00000	 61.65000	 81.59188	 61.65000
194.20000	 61.45000	 81.55521	 61.45000
194.40000	 61.26000	 81.58309	 61.26000
194.60000	 61.14000	 81.77867	 61.14000
194.80000	 61.05000	 82.03438	 61.05000
195.00000	 60.99000	 82.32566	 60.99000
195.20000	 60.94000	 82.59220	 60.94000
195.40000	 60.90000	 82.82234	 60.90000
195.60000	 60.86000	 82.99148	 60.86000
195.80000	 60.82000	 83.10222	 60.82000
196.00000	 60.80000	 83.20195	 60.80000
196.20000	 60.79000	 83.27685	 60.79000
196.40000	 60.80000	 83.35362	 60.80000
196.60000	 60.85000	 83.47684	 60.85000
196.80000	 60.97000	 83.70550	 60.97000
197.00000	 61.11000	 83.92895	 61.11000
197.20000	 61.25000	 84.10043	 61.25000
197.40000	 61.39000	 84.22022	 61.39000
197.60000	 61.52000	 84.27339	 61.52000
197.80000	 61.60000	 84.18961	 61.60000
198.00000	 61.58000	 83.88827	 61.58000
198.20000	 61.54000	 83.56338	 61.54000
198.40000	 61.50000	 83.28054	 61.50000
198.60000	 61.47000	 83.07346	 61.47000
198.80000	 61.46000	 82.96452	 61.46000
199.00000	 61.55000	 83.10639	 61.55000
199.20000	 61.68000	 83.35024	 61.68000
199.40000	 61.81000	 83.58663	 61.81000
199.60000	 61.94000	 83.79597	 61.94000
199.80000	 62.07000	 83.96725	 62.07000
200.00000	 62.12000	 83.93621	 62.12000
200.20000	 62.16000	 83.85915	 62.16000
200.40000	 62.19000	 83.75150	 62.19000
200.60000	 62.21000	 83.62682	 62.21000
200.80000	 62.23000	 83.51610	 62.23000
201.00000	 62.27000	 83.46567	 62.27000
201.20000	 62.34000	 83.49425	 62.34000
201.40000	 62.41000	 83.53350	 62.41000
201.60000	 62.49000	 83.59671	 62.49000
201.80000	 62.57000	 83.65697	 62.57000
202.00000	 62.65000	 83.70977	 62.65000
202.20000	 62.73000	 83.75272	 62.73000
202.40000	 62.82000	 83.80511	 62.82000
202.60000	 62.89000	 83.80550	 62.89000
202.80000	 62.95000	 83.77781	 62.95000
203.00000	 63.00000	 83.72737	 63.00000
203.20000	 63.02000	 83.61992	 63.02000
203.40000	 62.96000	 83.36460	 62.96000
203.60000	 62.89000	 83.12176	 62.89000
203.80000	 62.81000	 82.90413	 62.81000
204.00000	 62.72000	 82.71808	 62.72000
204.20000	 62.62000	 82.56501	 62.62000
204.40000	 62.56000	 82.54288	 62.56000
204.60000	 62.51000	 82.57783	 62.51000
204.80000	 62.46000	 82.63492	 62.46000
205.00000	 62.41000	 82.70175	 62.41000
205.20000	 62.36000	 82.76881	 62.36000
205.40000	 62.31000	 82.82949	 62.31000
205.60000	 62.21000	 82.77965	 62.21000
205.80000	 62.12000	 82.74701	 62.12000
206.00000	 62.03000	 82.71517	 62.03000
206.20000	 61.96000	 82.72661	 61.96000
206.40000	 61.90000	 82.75896	 61.90000
206.60000	 61.88000	 82.86876	 61.88000
206.80000	 61.92000	 83.08643	 61.92000
207.00000	 61.99000	 83.33520	 61.99000
207.20000	 62.08000	 83.58068	 62.08000
207.40000	 62.18000	 83.79327	 62.18000
207.60000	 62.29000	 83.96952	 62.29000
207.80000	 62.41000	 84.11050	 62.41000
208.00000	 62.53000	 84.20029	 62.53000
208.20000	 62.65000	 84.24661	 62.65000
208.40000	 62.76000	 84.23887	 62.76000
208.60000	 62.86000	 84.18869	 62.86000
208.80000	 62.93000	 84.06803	 62.93000
209.00000	 62.99000	 83.93183	 62.99000
209.20000	 63.02000	 83.75178	 63.02000
209.40000	 63.02000	 83.54004	 63.02000
209.60000	 62.98000	 83.28787	 62.98000
209.80000	 62.92000	 83.04686	 62.92000
210.00000	 62.75000	 82.64353	 62.75000
210.20000	 62.53000	 82.21778	 62.53000
210.40000	 62.28000	 81.82521	 62.28000
210.60000	 62.04000	 81.55347	 62.04000
210.80000	 61.80000	 81.37633	 61.80000
211.00000	 61.58000	 81.32061	 61.58000
211.20000	 61.49000	 81.58607	 61.49000
211.40000	 61.43000	 81.92821	 61.43000
211.60000	 61.39000	 82.28929	 61.39000
211.80000	 61.37000	 82.64146	 61.37000
212.00000	 61.35000	 82.92632	 61.35000
212.20000	 61.30000	 83.07743	 61.30000
212.40000	 61.22000	 83.10296	 61.22000
212.60000	 61.14000	 83.08043	 61.14000
212.80000	 61.07000	 83.04650	 61.07000
213.00000	 61.00000	 82.99375	 61.00000
213.20000	 60.94000	 82.95273	 60.94000
213.40000	 60.89000	 82.92965	 60.89000
213.60000	 60.86000	 82.94718	 60.86000
213.80000	 60.85000	 83.00339	 60.85000
214.00000	 60.86000	 83.09333	 60.86000
214.20000	 60.88000	 83.19045	 60.88000
214.40000	 60.93000	 83.32965	 60.93000
214.60000	 61.04000	 83.56357	 61.04000
214.80000	 61.17000	 83.79820	 61.17000
215.00000	 61.31000	 84.00390	 61.31000
215.20000	 61.48000	 84.21684	 61.48000
215.40000	 61.65000	 84.37369	 61.65000
215.60000	 61.82000	 84.47749	 61.82000
215.80000	 62.00000	 84.55542	 62.00000
216.00000	 62.17000	 84.57484	 62.17000
216.20000	 62.34000	 84.56644	 62.34000
216.40000	 62.49000	 84.50014	 62.49000
216.60000	 62.63000	 84.40831	 62.63000
216.80000	 62.75000	 84.28184	 62.75000
217.00000	 62.84000	 84.11145	 62.84000
217.20000	 62.91000	 83.92868	 62.91000
217.40000	 62.95000	 83.72254	 62.95000
217.60000	 62.96000	 83.50140	 62.96000
217.80000	 62.93000	 83.25232	 62.93000
218.00000	 62.82000	 82.90259	 62.82000
218.20000	 62.68000	 82.56672	 62.68000
218.40000	 62.52000	 82.27326	 62.52000
218.60000	 62.37000	 82.08410	 62.37000
218.80000	 62.22000	 81.97061	 62.22000
219.00000	 62.13000	 82.03989	 62.13000
219.20000	 62.10000	 82.26578	 62.10000
219.40000	 62.07000	 82.49538	 62.07000
219.60000	 62.05000	 82.72573	 62.05000
219.80000	 62.02000	 82.90081	 62.02000
220.00000	 61.98000	 83.01479	 61.98000
220.20000	 61.89000	 82.98921	 61.89000
220.40000	 61.79000	 82.91843	 61.79000
220.60000	 61.68000	 82.81649	 61.68000
220.80000	 61.55000	 82.67603	 61.55000
221.00000	 61.42000	 82.54944	 61.42000
221.20000	 61.28000	 82.42392	 61.28000
221.40000	 61.14000	 82.32435	 61.14000
221.60000	 60.98000	 82.21158	 60.98000
221.80000	 60.84000	 82.16755	 60.84000
222.00000	 60.69000	 82.12696	 60.69000
222.20000	 60.55000	 82.12595	 60.55000
222.40000	 60.42000	 82.15805	 60.42000
222.60000	 60.30000	 82.21571	 60.30000
222.80000	 60.19000	 82.29132	 60.19000
223.00000	 60.11000	 82.41800	 60.11000
223.20000	 60.04000	 82.54618	 60.04000
223.40000	 60.01000	 82.72924	 60.01000
223.60000	 60.03000	 82.97755	 60.03000
223.80000	 60.08000	 83.23834	 60.08000
224.00000	 60.16000	 83.50178	 60.16000
224.20000	 60.25000	 83.72083	 60.25000
224.40000	 60.36000	 83.91495	 60.36000
224.60000	 60.47000	 84.04611	 60.47000
224.80000	 60.58000	 84.12169	 60.58000
225.00000	 60.70000	 84.17208	 60.70000
225.20000	 60.82000	 84.18685	 60.82000
225.40000	 60.95000	 84.19604	 60.95000
225.60000	 61.08000	 84.18714	 61.08000
225.80000	 61.19000	 84.12697	 61.19000
226.00000	 61.29000	 84.04513	 61.29000
226.20000	 61.39000	 83.97028	 61.39000
226.40000	 61.51000	 83.94781	 61.51000
226.60000	 61.63000	 83.93644	 61.63000
226.80000	 61.78000	 83.99438	 61.78000
227.00000	 61.99000	 84.17398	 61.99000
227.20000	 62.23000	 84.39848	 62.23000
227.40000	 62.48000	 84.61216	 62.48000
227.60000	 62.71000	 84.74512	 62.71000
227.80000	 62.93000	 84.81819	 62.93000
228.00000	 63.07000	 84.69733	 63.07000
228.20000	 63.14000	 84.42491	 63.14000
228.40000	 63.17000	 84.09056	 63.17000
228.60000	 63.18000	 83.76052	 63.18000
228.80000	 63.17000	 83.45242	 63.17000
229.00000	 63.14000	 83.17632	 63.14000
229.20000	 63.10000	 82.95609	 63.10000
229.40000	 63.06000	 82.80912	 63.06000
229.60000	 63.01000	 82.70659	 63.01000
229.80000	 62.97000	 82.67824	 62.97000
230.00000	 62.94000	 82.70995	 62.94000
230.20000	 62.93000	 82.80632	 62.93000
230.40000	 62.95000	 82.97065	 62.95000
230.60000	 63.00000	 83.18504	 63.00000
230.80000	 63.07000	 83.41243	 63.07000
231.00000	 63.16000	 83.63989	 63.16000
231.20000	 63.27000	 83.85854	 63.27000
231.40000	 63.41000	 84.08316	 63.41000
231.60000	 63.59000	 84.32970	 63.59000
231.80000	 63.78000	 84.53332	 63.78000
232.00000	 63.99000	 84.71486	 63.99000
232.20000	 64.22000	 84.87705	 64.22000
232.40000	 64.46000	 85.00366	 64.46000
232.60000	 64.74000	 85.16082	 64.74000
232.80000	 65.01000	 85.24981	 65.01000
233.00000	 65.28000	 85.29807	 65.28000
233.20000	 65.52000	 85.25449	 65.52000
233.40000	 65.73000	 85.13388	 65.73000
233.60000	 65.83000	 84.79340	 65.83000
233.80000	 65.81000	 84.24550	 65.81000
234.00000	 65.77000	 83.73213	 65.77000
234.20000	 65.72000	 83.29884	 65.72000
234.40000	 65.68000	 82.99572	 65.68000
234.60000	 65.68000	 82.87752	 65.68000
234.80000	 65.88000	 83.24369	 65.88000
235.00000	 66.11000	 83.69403	 66.11000
235.20000	 66.36000	 84.15933	 66.36000
235.40000	 66.60000	 84.54411	 66.60000
235.60000	 66.82000	 84.81144	 66.82000
235.80000	 66.90000	 84.72027	 66.90000
236.00000	 66.91000	 84.44377	 66.91000
236.20000	 66.90000	 84.12220	 66.90000
236.40000	 66.86000	 83.76747	 66.86000
236.60000	 66.80000	 83.42476	 66.80000
236.80000	 66.79000	 83.25049	 66.79000
237.00000	 66.80000	 83.18000	 66.80000
237.20000	 66.80000	 83.14032	 66.80000
237.40000	 66.79000	 83.11955	 66.79000
237.60000	 66.74000	 83.04755	 66.74000
237.80000	 66.66000	 82.94208	 66.66000
238.00000	 66.47000	 82.64437	 66.47000
238.20000	 66.22000	 82.27341	 66.22000
238.40000	 65.93000	 81.88898	 65.93000
238.60000	 65.63000	 81.56596	 65.63000
238.80000	 65.31000	 81.28871	 65.31000
239.00000	 65.00000	 81.11595	 65.00000
239.20000	 64.71000	 81.05690	 64.71000
239.40000	 64.42000	 81.05333	 64.42000
239.60000	 64.13000	 81.08741	 64.13000
239.80000	 63.84000	 81.14322	 63.84000
240.00000	 63.55000	 81.20770	 63.55000
240.20000	 63.26000	 81.27097	 63.26000
240.40000	 62.96000	 81.30628	 62.96000
240.60000	 62.66000	 81.33163	 62.66000
240.80000	 62.35000	 81.32651	 62.35000
241.00000	 62.05000	 81.33350	 62.05000
241.20000	 61.73000	 81.29314	 61.73000
241.40000	 61.38000	 81.19026	 61.38000
241.60000	 61.05000	 81.13417	 61.05000
241.80000	 60.73000	 81.10682	 60.73000
242.00000	 60.43000	 81.12695	 60.43000
242.20000	 60.17000	 81.22930	 60.17000
242.40000	 59.97000	 81.44260	 59.97000
242.60000	 59.83000	 81.74875	 59.83000
242.80000	 59.73000	 82.08659	 59.73000
243.00000	 59.67000	 82.43865	 59.67000
243.20000	 59.66000	 82.81168	 59.66000
243.40000	 59.71000	 83.21473	 59.71000
243.60000	 59.84000	 83.67764	 59.84000
243.80000	 60.00000	 84.08781	 60.00000
244.00000	 60.19000	 84.44173	 60.19000
244.20000	 60.38000	 84.68231	 60.38000
244.40000	 60.57000	 84.82238	 60.57000
244.60000	 60.70000	 84.76013	 60.70000
244.80000	 60.81000	 84.60734	 60.81000
245.00000	 60.90000	 84.39443	 60.90000
245.20000	 60.97000	 84.14806	 60.97000
245.40000	 61.02000	 83.88980	 61.02000
245.60000	 61.00000	 83.53545	 61.00000
245.80000	 60.92000	 83.12495	 60.92000
246.00000	 60.83000	 82.77730	 60.83000
246.20000	 60.76000	 82.55967	 60.76000
246.40000	 60.72000	 82.48476	 60.72000
246.60000	 60.73000	 82.57414	 60.73000
246.80000	 60.91000	 83.04004	 60.91000
247.00000	 61.13000	 83.56756	 61.13000
247.20000	 61.38000	 84.09324	 61.38000
247.40000	 61.64000	 84.54726	 61.64000
247.60000	 61.90000	 84.89580	 61.90000
247.80000	 62.11000	 85.03914	 62.11000
248.00000	 62.30000	 85.05693	 62.30000
248.20000	 62.47000	 84.97451	 62.47000
248.40000	 62.62000	 84.81883	 62.62000
248.60000	 62.74000	 84.59538	 62.74000
248.80000	 62.80000	 84.26804	 62.80000
249.00000	 62.83000	 83.92310	 62.83000
249.20000	 62.82000	 83.56023	 62.82000
249.40000	 62.78000	 83.21464	 62.78000
249.60000	 62.71000	 82.89509	 62.71000
249.80000	 62.59000	 82.56499	 62.59000
250.00000	 62.41000	 82.20755	 62.41000
250.20000	 62.21000	 81.90747	 62.21000
250.40000	 62.01000	 81.70250	 62.01000
250.60000	 61.80000	 81.56198	 61.80000
250.80000	 61.61000	 81.53253	 61.61000
251.00000	 61.49000	 81.69452	 61.49000
251.20000	 61.39000	 81.91625	 61.39000
251.40000	 61.30000	 82.15025	 61.30000
251.60000	 61.22000	 82.37642	 61.22000
251.80000	 61.15000	 82.58162	 61.15000
252.00000	 61.06000	 82.69867	 61.06000
252.20000	 60.96000	 82.75098	 60.96000
252.40000	 60.87000	 82.78703	 60.87000
252.60000	 60.78000	 82.79421	 60.78000
252.80000	 60.69000	 82.78038	 60.69000
253.00000	 60.62000	 82.79304	 60.62000
253.20000	 60.55000	 82.79483	 60.55000
253.40000	 60.49000	 82.80869	 60.49000
253.60000	 60.45000	 82.85557	 60.45000
253.80000	 60.42000	 82.91302	 60.42000
254.00000	 60.42000	 83.01845	 60.42000
254.20000	 60.43000	 83.12555	 60.43000
254.40000	 60.51000	 83.35005	 60.51000
254.60000	 60.61000	 83.57788	 60.61000
254.80000	 60.73000	 83.79914	 60.73000
255.00000	 60.85000	 83.96762	 60.85000
255.20000	 60.99000	 84.12413	 60.99000
255.40000	 61.12000	 84.21031	 61.12000
255.60000	 61.25000	 84.25399	 61.25000
255.80000	 61.38000	 84.26460	 61.38000
256.00000	 61.50000	 84.23179	 61.50000
256.20000	 61.61000	 84.16630	 61.61000
256.40000	 61.71000	 84.07865	 61.71000
256.60000	 61.77000	 83.91807	 61.77000
256.80000	 61.82000	 83.75788	 61.82000
257.00000	 61.85000	 83.58711	 61.85000
257.20000	 61.86000	 83.41298	 61.86000
257.40000	 61.85000	 83.24071	 61.85000
257.60000	 61.83000	 83.09371	 61.83000
257.80000	 61.75000	 82.87172	 61.75000
258.00000	 61.63000	 82.62161	 61.63000
258.20000	 61.51000	 82.43072	 61.51000
258.40000	 61.40000	 82.31850	 61.40000
258.60000	 61.30000	 82.27709	 61.30000
258.80000	 61.24000	 82.35452	 61.24000
259.00000	 61.26000	 82.61144	 61.26000
259.20000	 61.34000	 82.97762	 61.34000
259.40000	 61.46000	 83.38200	 61.46000
259.60000	 61.60000	 83.75959	 61.60000
259.80000	 61.76000	 84.09573	 61.76000
260.00000	 61.95000	 84.40433	 61.95000
260.20000	 62.16000	 84.66382	 62.16000
260.40000	 62.38000	 84.85784	 62.38000
260.60000	 62.60000	 84.97512	 62.60000
260.80000	 62.82000	 85.02902	 62.82000
261.00000	 63.04000	 85.03477	 63.04000
261.20000	 63.22000	 84.92734	 63.22000
261.40000	 63.36000	 84.72775	 63.36000
261.60000	 63.49000	 84.51924	 63.49000
261.80000	 63.62000	 84.33864	 63.62000
262.00000	 63.74000	 84.17494	 63.74000
262.20000	 63.86000	 84.05275	 63.86000
262.40000	 64.00000	 84.01138	 64.00000
262.60000	 64.16000	 84.04275	 64.16000
262.80000	 64.32000	 84.09437	 64.32000
263.00000	 64.46000	 84.11567	 64.46000
263.20000	 64.59000	 84.12220	 64.59000
263.40000	 64.71000	 84.11221	 64.71000
263.60000	 64.77000	 83.98586	 64.77000
263.80000	 64.81000	 83.83429	 64.81000
264.00000	 64.83000	 83.66744	 64.83000
264.20000	 64.83000	 83.49355	 64.83000
264.40000	 64.81000	 83.31893	 64.81000
264.60000	 64.78000	 83.16795	 64.78000
264.80000	 64.74000	 83.04137	 64.74000
265.00000	 64.68000	 82.91731	 64.68000
265.20000	 64.60000	 82.79418	 64.60000
265.40000	 64.49000	 82.65070	 64.49000
265.60000	 64.35000	 82.48780	 64.35000
265.80000	 64.15000	 82.24776	 64.15000
266.00000	 63.89000	 81.93930	 63.89000
266.20000	 63.61000	 81.65484	 63.61000
266.40000	 63.31000	 81.40053	 63.31000
266.60000	 63.02000	 81.23781	 63.02000
266.80000	 62.74000	 81.15896	 62.74000
267.00000	 62.51000	 81.23087	 62.51000
267.20000	 62.33000	 81.43029	 62.33000
267.40000	 62.16000	 81.64911	 62.16000
267.60000	 62.00000	 81.86617	 62.00000
267.80000	 61.84000	 82.04699	 61.84000
268.00000	 61.67000	 82.16495	 61.67000
268.20000	 61.45000	 82.14130	 61.45000
268.40000	 61.22000	 82.07031	 61.22000
268.60000	 61.00000	 82.00631	 61.00000
268.80000	 60.77000	 81.91847	 60.77000
269.00000	 60.55000	 81.85547	 60.55000
269.20000	 60.33000	 81.80093	 60.33000
269.40000	 60.13000	 81.79663	 60.13000
269.60000	 59.93000	 81.79903	 59.93000
269.80000	 59.75000	 81.84515	 59.75000
270.00000	 59.59000	 81.92881	 59.59000
270.20000	 59.46000	 82.06230	 59.46000
270.40000	 59.35000	 82.21561	 59.35000
270.60000	 59.30000	 82.46016	 59.30000
270.80000	 59.28000	 82.72143	 59.28000
271.00000	 59.29000	 82.98794	 59.29000
271.20000	 59.34000	 83.27143	 59.34000
271.40000	 59.42000	 83.54463	 59.42000
271.60000	 59.54000	 83.82367	 59.54000
271.80000	 59.72000	 84.14551	 59.72000
272.00000	 59.93000	 84.44409	 59.93000
272.20000	 60.16000	 84.69754	 60.16000
272.40000	 60.40000	 84.88892	 60.40000
272.60000	 60.65000	 85.02630	 60.65000
272.80000	 60.87000	 85.04025	 60.87000
273.00000	 61.06000	 84.94979	 61.06000
273.20000	 61.24000	 84.81789	 61.24000
273.40000	 61.43000	 84.70438	 61.43000
273.60000	 61.63000	 84.62123	 61.63000
273.80000	 61.83000	 84.55386	 61.83000
274.00000	 62.05000	 84.54462	 62.05000
274.20000	 62.30000	 84.60969	 62.30000
274.40000	 62.56000	 84.69942	 62.56000
274.60000	 62.83000	 84.80487	 62.83000
274.80000	 63.09000	 84.87835	 63.09000
275.00000	 63.36000	 84.95763	 63.36000
275.20000	 63.65000	 85.06064	 63.65000
275.40000	 63.93000	 85.12365	 63.93000
275.60000	 64.19000	 85.12787	 64.19000
275.80000	 64.42000	 85.05962	 64.42000
276.00000	 64.61000	 84.91001	 64.61000
276.20000	 64.68000	 84.53404	 64.68000
276.40000	 64.68000	 84.06343	 64.68000
276.60000	 64.63000	 83.56876	 64.63000
276.80000	 64.55000	 83.11332	 64.55000
277.00000	 64.44000	 82.70938	 64.44000
277.20000	 64.30000	 82.36041	 64.30000
277.40000	 64.18000	 82.16368	 64.18000
277.60000	 64.04000	 82.02272	 64.04000
277.80000	 63.89000	 81.94089	 63.89000
278.00000	 63.73000	 81.90100	 63.73000
278.20000	 63.57000	 81.90719	 63.57000
278.40000	 63.40000	 81.92406	 63.40000
278.60000	 63.24000	 81.97997	 63.24000
278.80000	 63.08000	 82.04316	 63.08000
279.00000	 62.92000	 82.10478	 62.92000
279.20000	 62.76000	 82.15888	 62.76000
279.40000	 62.61000	 82.22208	 62.61000
279.60000	 62.45000	 82.25113	 62.45000
279.80000	 62.29000	 82.26704	 62.29000
280.00000	 62.13000	 82.27174	 62.13000
280.20000	 61.97000	 82.26764	 61.97000
280.40000	 61.82000	 82.27724	 61.82000
280.60000	 61.68000	 82.30103	 61.68000
280.80000	 61.55000	 82.33802	 61.55000
281.00000	 61.44000	 82.40634	 61.44000
281.20000	 61.34000	 82.48177	 61.34000
281.40000	 61.25000	 82.56076	 61.25000
281.60000	 61.16000	 82.62053	 61.16000
281.80000	 61.08000	 82.68102	 61.08000
282.00000	 60.99000	 82.70208	 60.99000
282.20000	 60.89000	 82.68735	 60.89000
282.40000	 60.80000	 82.68275	 60.80000
282.60000	 60.71000	 82.67139	 60.71000
282.80000	 60.63000	 82.67612	 60.63000
283.00000	 60.56000	 82.69740	 60.56000
283.20000	 60.51000	 82.75405	 60.51000
283.40000	 60.50000	 82.88203	 60.50000
283.60000	 60.50000	 83.01179	 60.50000
283.80000	 60.51000	 83.13667	 60.51000
284.00000	 60.52000	 83.23251	 60.52000
284.20000	 60.54000	 83.31925	 60.54000
284.40000	 60.58000	 83.41774	 60.58000
284.60000	 60.61000	 83.46743	 60.61000
284.80000	 60.64000	 83.49261	 60.64000
285.00000	 60.66000	 83.47852	 60.66000
285.20000	 60.67000	 83.43249	 60.67000
285.40000	 60.66000	 83.34255	 60.66000
285.60000	 60.58000	 83.11820	 60.58000
285.80000	 60.46000	 82.83868	 60.46000
286.00000	 60.33000	 82.58242	 60.33000
286.20000	 60.20000	 82.37989	 60.20000
286.40000	 60.07000	 82.23325	 60.07000
286.60000	 59.97000	 82.19878	 59.97000
286.80000	 59.91000	 82.28339	 59.91000
287.00000	 59.90000	 82.48687	 59.90000
287.20000	 59.91000	 82.72407	 59.91000
287.40000	 59.96000	 83.01459	 59.96000
287.60000	 60.04000	 83.31933	 60.04000
