  0.00000	 99.84000	 51.39967	 99.84000
  0.20000	100.07000	 51.53993	100.07000
  0.40000	100.39000	 51.73760	100.39000
  0.60000	100.79000	 51.98608	100.79000
  0.80000	101.24000	 52.26586	101.24000
  1.00000	101.70000	 52.55098	101.70000
  1.20000	102.16000	 52.83488	102.16000
  1.40000	102.58000	 53.09171	102.58000
  1.60000	102.90000	 53.28285	102.90000
  1.80000	103.12000	 53.40843	103.12000
  2.00000	103.27000	 53.48804	103.27000
  2.20000	103.38000	 53.54125	103.38000
  2.40000	103.41000	 53.54254	103.41000
  2.60000	103.42000	 53.53083	103.42000
  2.80000	103.44000	 53.52563	103.44000
  3.00000	103.50000	 53.54641	103.50000
  3.20000	103.68000	 53.64472	103.68000
  3.40000	103.92000	 53.78178	103.92000
  3.60000	104.21000	 53.95099	104.21000
  3.80000	104.61000	 54.19080	104.61000
  4.00000	105.10000	 54.48809	105.10000
  4.20000	105.60000	 54.79102	105.60000
  4.40000	106.06000	 55.06721	106.06000
  4.60000	106.35000	 55.23284	106.35000
  4.80000	106.53000	 55.32674	106.53000
  5.00000	106.62000	 55.36206	106.62000
  5.20000	106.65000	 55.35843	106.65000
  5.40000	106.60000	 55.30326	106.60000
  5.60000	106.50000	 55.21616	106.50000
  5.80000	106.36000	 55.10385	106.36000
  6.00000	106.18000	 54.96656	106.18000
  6.20000	105.96000	 54.80447	105.96000
  6.40000	105.76000	 54.65641	105.76000
  6.60000	105.61000	 54.54179	105.61000
  6.80000	105.58000	 54.50566	105.58000
  7.00000	105.65000	 54.53497	105.65000
  7.20000	105.76000	 54.59081	105.76000
  7.40000	105.90000	 54.66650	105.90000
  7.60000	106.03000	 54.73607	106.03000
  7.80000	106.14000	 54.79296	106.14000
  8.00000	106.23000	 54.83710	106.23000
  8.20000	106.25000	 54.83627	106.25000
  8.40000	106.16000	 54.76477	106.16000
  8.60000	106.02000	 54.66146	106.02000
  8.80000	105.84000	 54.53295	105.84000
  9.00000	105.63000	 54.38586	105.63000
  9.20000	105.39000	 54.22034	105.39000
  9.40000	105.12000	 54.03653	105.12000
  9.60000	104.80000	 53.82166	104.80000
  9.80000	104.39000	 53.55011	104.39000
 10.00000	103.95000	 53.26071	103.95000
 10.20000	103.55000	 52.99870	103.55000
 10.40000	103.21000	 52.77699	103.21000
 10.60000	103.08000	 52.69214	103.08000
 10.80000	103.01000	 52.64720	103.01000
 11.00000	102.99000	 52.63541	102.99000
 11.20000	103.01000	 52.65004	103.01000
 11.40000	103.05000	 52.67796	103.05000
 11.60000	103.08000	 52.69965	103.08000
 11.80000	103.08000	 52.70208	103.08000
 12.00000	103.00000	 52.65302	103.00000
 12.20000	102.84000	 52.55253	102.84000
 12.40000	102.63000	 52.42008	102.63000
 12.60000	102.36000	 52.24940	102.36000
 12.80000	102.02000	 52.03423	102.02000
 13.00000	101.65000	 51.80055	101.65000
 13.20000	101.26000	 51.55496	101.26000
 13.40000	100.88000	 51.31692	100.88000
 13.60000	100.51000	 51.08649	100.51000
 13.80000	100.19000	 50.88947	100.19000
 14.00000	 99.93000	 50.73223	 99.93000
 14.20000	 99.77000	 50.64041	 99.77000
 14.40000	 99.75000	 50.63953	 99.75000
 14.60000	 99.78000	 50.67128	 99.78000
 14.80000	 99.86000	 50.73537	 99.86000
 15.00000	 99.97000	 50.81865	 99.97000
 15.20000	100.09000	 50.90800	100.09000
 15.40000	100.19000	 50.98396	100.19000
 15.60000	100.25000	 51.03355	100.25000
 15.80000	100.19000	 51.00526	100.19000
 16.00000	100.06000	 50.93146	100.06000
 16.20000	 99.88000	 50.82523	 99.88000
 16.40000	 99.66000	 50.69322	 99.66000
 16.60000	 99.41000	 50.54207	 99.41000
 16.80000	 99.13000	 50.37193	 99.13000
 17.00000	 98.82000	 50.18297	 98.82000
 17.20000	 98.45000	 49.95598	 98.45000
 17.40000	 98.00000	 49.67827	 98.00000
 17.60000	 97.57000	 49.41442	 97.57000
 17.80000	 97.20000	 49.19033	 97.20000
 18.00000	 96.98000	 49.06392	 96.98000
 18.20000	 96.91000	 49.03499	 96.91000
 18.40000	 96.92000	 49.05810	 96.92000
 18.60000	 96.99000	 49.12003	 96.99000
 18.80000	 97.07000	 49.18825	 97.07000
 19.00000	 97.17000	 49.26899	 97.17000
 19.20000	 97.30000	 49.36852	 97.30000
 19.40000	 97.44000	 49.47379	 97.44000
 19.60000	 97.60000	 49.59114	 97.60000
 19.80000	 97.76000	 49.70759	 97.76000
 20.00000	 97.92000	 49.82309	 97.92000
 20.20000	 98.06000	 49.92474	 98.06000
 20.40000	 98.18000	 50.01255	 98.18000
 20.60000	 98.27000	 50.08012	 98.27000
 20.80000	 98.35000	 50.14042	 98.35000
 21.00000	 98.38000	 50.16777	 98.38000
 21.20000	 98.36000	 50.16227	 98.36000
 21.40000	 98.35000	 50.16274	 98.35000
 21.60000	 98.38000	 50.18859	 98.38000
 21.80000	 98.51000	 50.27848	 98.51000
 22.00000	 98.73000	 50.42586	 98.73000
 22.20000	 99.01000	 50.61122	 99.01000
 22.40000	 99.32000	 50.81503	 99.32000
 22.60000	 99.67000	 51.04359	 99.67000
 22.80000	100.04000	 51.28384	100.04000
 23.00000	100.38000	 51.50348	100.38000
 23.20000	100.67000	 51.68958	100.67000
 23.40000	100.86000	 51.81000	100.86000
 23.60000	100.97000	 51.87782	100.97000
 23.80000	100.99000	 51.88681	100.99000
 24.00000	100.89000	 51.81796	100.89000
 24.20000	100.59000	 51.62007	100.59000
 24.40000	100.24000	 51.39028	100.24000
 24.60000	 99.85000	 51.13541	 99.85000
 24.80000	 99.49000	 50.90088	 99.49000
 25.00000	 99.21000	 50.71905	 99.21000
 25.20000	 98.96000	 50.55771	 98.96000
 25.40000	 98.77000	 50.43614	 98.77000
 25.60000	 98.68000	 50.37998	 98.68000
 25.80000	 98.67000	 50.37613	 98.67000
 26.00000	 98.67000	 50.37923	 98.67000
 26.20000	 98.64000	 50.36333	 98.64000
 26.40000	 98.49000	 50.27036	 98.49000
 26.60000	 98.26000	 50.12618	 98.26000
 26.80000	 97.97000	 49.94382	 97.97000
 27.00000	 97.63000	 49.72990	 97.63000
 27.20000	 97.23000	 49.47817	 97.23000
 27.40000	 96.79000	 49.20169	 96.79000
 27.60000	 96.34000	 48.91997	 96.34000
 27.80000	 95.88000	 48.63311	 95.88000
 28.00000	 95.40000	 48.33475	 95.40000
 28.20000	 94.95000	 48.05718	 94.95000
 28.40000	 94.57000	 47.82613	 94.57000
 28.60000	 94.30000	 47.66727	 94.30000
 28.80000	 94.19000	 47.61256	 94.19000
 29.00000	 94.17000	 47.61655	 94.17000
 29.20000	 94.24000	 47.67886	 94.24000
 29.40000	 94.38000	 47.78623	 94.38000
 29.60000	 94.58000	 47.93188	 94.58000
 29.80000	 94.84000	 48.11549	 94.84000
 30.00000	 95.14000	 48.32392	 95.14000
 30.20000	 95.49000	 48.56336	 95.49000
 30.40000	 95.88000	 48.82716	 95.88000
 30.60000	 96.27000	 49.08938	 96.27000
 30.80000	 96.67000	 49.35636	 96.67000
 31.00000	 97.04000	 49.60226	 97.04000
 31.20000	 97.41000	 49.84641	 97.41000
 31.40000	 97.76000	 50.07595	 97.76000
 31.60000	 98.10000	 50.29740	 98.10000
 31.80000	 98.40000	 50.49148	 98.40000
 32.00000	 98.72000	 50.69697	 98.72000
 32.20000	 99.08000	 50.92681	 99.08000
 32.40000	 99.54000	 51.21965	 99.54000
 32.60000	100.10000	 51.57539	100.10000
 32.80000	100.68000	 51.94231	100.68000
 33.00000	101.28000	 52.32027	101.28000
 33.20000	101.90000	 52.70917	101.90000
 33.40000	102.49000	 53.07674	102.49000
 33.60000	103.00000	 53.39078	103.00000
 33.80000	103.40000	 53.63210	103.40000
 34.00000	103.58000	 53.73010	103.58000
 34.20000	103.63000	 53.74321	103.63000
 34.40000	103.52000	 53.65261	103.52000
 34.60000	103.21000	 53.43309	103.21000
 34.80000	102.66000	 53.05952	102.66000
 35.00000	102.07000	 52.66144	102.07000
 35.20000	101.50000	 52.27804	101.50000
 35.40000	101.24000	 52.09641	101.24000
 35.60000	101.23000	 52.07772	101.23000
 35.80000	101.26000	 52.08623	101.26000
 36.00000	101.28000	 52.08934	101.28000
 36.20000	101.07000	 51.94511	101.07000
 36.40000	100.73000	 51.71804	100.73000
 36.60000	100.31000	 51.44058	100.31000
 36.80000	 99.83000	 51.12584	 99.83000
 37.00000	 99.31000	 50.78696	 99.31000
 37.20000	 98.76000	 50.43056	 98.76000
 37.40000	 98.21000	 50.07611	 98.21000
 37.60000	 97.65000	 49.71727	 97.65000
 37.80000	 97.11000	 49.37340	 97.11000
 38.00000	 96.63000	 49.07025	 96.63000
 38.20000	 96.25000	 48.83347	 96.25000
 38.40000	 96.08000	 48.73371	 96.08000
 38.60000	 96.07000	 48.73830	 96.07000
 38.80000	 96.13000	 48.78877	 96.13000
 39.00000	 96.25000	 48.87823	 96.25000
 39.20000	 96.40000	 48.98697	 96.40000
 39.40000	 96.54000	 49.08893	 96.54000
 39.60000	 96.61000	 49.14527	 96.61000
 39.80000	 96.50000	 49.08512	 96.50000
 40.00000	 96.23000	 48.92157	 96.23000
 40.20000	 95.86000	 48.69361	 95.86000
 40.40000	 95.41000	 48.41452	 95.41000
 40.60000	 94.80000	 48.03310	 94.80000
 40.80000	 94.20000	 47.65929	 94.20000
 41.00000	 93.66000	 47.32556	 93.66000
 41.20000	 93.33000	 47.12862	 93.33000
 41.40000	 93.27000	 47.10689	 93.27000
 41.60000	 93.32000	 47.15681	 93.32000
 41.80000	 93.43000	 47.24567	 93.43000
 42.00000	 93.54000	 47.33442	 93.54000
 42.20000	 93.64000	 47.41633	 93.64000
 42.40000	 93.73000	 47.49122	 93.73000
 42.60000	 93.78000	 47.53967	 93.78000
 42.80000	 93.73000	 47.52303	 93.73000
 43.00000	 93.66000	 47.49295	 93.66000
 43.20000	 93.58000	 47.45599	 93.58000
 43.40000	 93.52000	 47.43156	 93.52000
 43.60000	 93.48000	 47.41973	 93.48000
 43.80000	 93.45000	 47.41404	 93.45000
 44.00000	 93.42000	 47.40806	 93.42000
 44.20000	 93.39000	 47.40178	 93.39000
 44.40000	 93.39000	 47.41454	 93.39000
 44.60000	 93.44000	 47.45917	 93.44000
 44.80000	 93.62000	 47.58711	 93.62000
 45.00000	 93.88000	 47.76595	 93.88000
 45.20000	 94.12000	 47.93104	 94.12000
 45.40000	 94.27000	 48.03714	 94.27000
 45.60000	 94.19000	 47.99413	 94.19000
 45.80000	 94.05000	 47.91184	 94.05000
 46.00000	 93.88000	 47.80989	 93.88000
 46.20000	 93.70000	 47.70141	 93.70000
 46.40000	 93.57000	 47.62523	 93.57000
 46.60000	 93.53000	 47.60717	 93.53000
 46.80000	 93.70000	 47.72446	 93.70000
 47.00000	 94.14000	 48.01539	 94.14000
 47.20000	 94.68000	 48.36993	 94.68000
 47.40000	 95.29000	 48.76824	 95.29000
 47.60000	 95.89000	 49.15838	 95.89000
 47.80000	 96.47000	 49.53365	 96.47000
 48.00000	 97.01000	 49.88104	 97.01000
 48.20000	 97.45000	 50.16190	 97.45000
 48.40000	 97.79000	 50.37636	 97.79000
 48.60000	 98.02000	 50.51822	 98.02000
 48.80000	 98.13000	 50.58138	 98.13000
 49.00000	 98.08000	 50.54046	 98.08000
 49.20000	 97.91000	 50.42170	 97.91000
 49.40000	 97.63000	 50.23203	 97.63000
 49.60000	 97.16000	 49.92041	 97.16000
 49.80000	 96.61000	 49.55823	 96.61000
 50.00000	 96.03000	 49.17818	 96.03000
 50.20000	 95.48000	 48.81925	 95.48000
 50.40000	 95.03000	 48.52671	 95.03000
 50.60000	 94.66000	 48.28764	 94.66000
 50.80000	 94.40000	 48.12124	 94.40000
 51.00000	 94.37000	 48.10452	 94.37000
 51.20000	 94.49000	 48.18548	 94.49000
 51.40000	 94.70000	 48.32494	 94.70000
 51.60000	 94.93000	 48.47734	 94.93000
 51.80000	 95.12000	 48.60367	 95.12000
 52.00000	 95.29000	 48.71663	 95.29000
 52.20000	 95.44000	 48.81613	 95.44000
 52.40000	 95.53000	 48.87635	 95.53000
 52.60000	 95.56000	 48.89738	 95.56000
 52.80000	 95.53000	 48.87932	 95.53000
 53.00000	 95.44000	 48.82234	 95.44000
 53.20000	 95.25000	 48.70089	 95.25000
 53.40000	 94.99000	 48.53453	 94.99000
 53.60000	 94.69000	 48.34285	 94.69000
 53.80000	 94.31000	 48.10033	 94.31000
 54.00000	 93.88000	 47.82653	 93.88000
 54.20000	 93.46000	 47.56032	 93.46000
 54.40000	 93.10000	 47.33404	 93.10000
 54.60000	 92.87000	 47.19277	 92.87000
 54.80000	 92.77000	 47.13632	 92.77000
 55.00000	 92.79000	 47.15796	 92.79000
 55.20000	 92.95000	 47.27019	 92.95000
 55.40000	 93.31000	 47.51122	 93.31000
 55.60000	 93.79000	 47.82898	 93.79000
 55.80000	 94.33000	 48.18431	 94.33000
 56.00000	 94.90000	 48.55744	 94.90000
 56.20000	 95.48000	 48.93519	 95.48000
 56.40000	 96.06000	 49.31092	 96.06000
 56.60000	 96.65000	 49.69094	 96.65000
 56.80000	 97.26000	 50.08162	 97.26000
 57.00000	 97.82000	 50.43783	 97.82000
 57.20000	 98.31000	 50.74672	 98.31000
 57.40000	 98.63000	 50.94406	 98.63000
 57.60000	 98.80000	 51.04304	 98.80000
 57.80000	 98.87000	 51.07633	 98.87000
 58.00000	 98.86000	 51.05724	 98.86000
 58.20000	 98.75000	 50.97330	 98.75000
 58.40000	 98.61000	 50.87001	 98.61000
 58.60000	 98.49000	 50.77990	 98.49000
 58.80000	 98.49000	 50.76756	 98.49000
 59.00000	 98.66000	 50.86516	 98.66000
 59.20000	 98.88000	 50.99517	 98.88000
 59.40000	 99.10000	 51.12515	 99.10000
 59.60000	 99.26000	 51.21631	 99.26000
 59.80000	 99.36000	 51.26861	 99.36000
 60.00000	 99.42000	 51.29500	 99.42000
 60.20000	 99.42000	 51.28268	 99.42000
 60.40000	 99.36000	 51.23180	 99.36000
 60.60000	 99.26000	 51.15542	 99.26000
 60.80000	 99.10000	 51.04082	 99.10000
 61.00000	 98.91000	 50.90751	 98.91000
 61.20000	 98.68000	 50.74920	 98.68000
 61.40000	 98.41000	 50.56605	 98.41000
 61.60000	 98.09000	 50.35176	 98.09000
 61.80000	 97.71000	 50.10005	 97.71000
 62.00000	 97.28000	 49.81752	 97.28000
 62.20000	 96.82000	 49.51723	 96.82000
 62.40000	 96.32000	 49.19286	 96.32000
 62.60000	 95.75000	 48.82522	 95.75000
 62.80000	 95.21000	 48.47888	 95.21000
 63.00000	 94.74000	 48.17965	 94.74000
 63.20000	 94.48000	 48.01762	 94.48000
 63.40000	 94.44000	 47.99888	 94.44000
 63.60000	 94.50000	 48.04563	 94.50000
 63.80000	 94.63000	 48.13803	 94.63000
 64.00000	 94.78000	 48.24344	 94.78000
 64.20000	 94.93000	 48.34866	 94.93000
 64.40000	 95.08000	 48.45348	 95.08000
 64.60000	 95.21000	 48.54486	 95.21000
 64.80000	 95.27000	 48.59054	 95.27000
 65.00000	 95.32000	 48.62920	 95.32000
 65.20000	 95.35000	 48.65447	 95.35000
 65.40000	 95.38000	 48.67929	 95.38000
 65.60000	 95.41000	 48.70371	 95.41000
 65.80000	 95.41000	 48.70845	 95.41000
 66.00000	 95.36000	 48.68069	 95.36000
 66.20000	 95.13000	 48.53683	 95.13000
 66.40000	 94.87000	 48.37377	 94.87000
 66.60000	 94.60000	 48.20465	 94.60000
 66.80000	 94.40000	 48.08118	 94.40000
 67.00000	 94.32000	 48.03557	 94.32000
 67.20000	 94.30000	 48.02905	 94.30000
 67.40000	 94.37000	 48.08076	 94.37000
 67.60000	 94.55000	 48.20334	 94.55000
 67.80000	 94.84000	 48.39648	 94.84000
 68.00000	 95.15000	 48.60187	 95.15000
 68.20000	 95.46000	 48.80638	 95.46000
 68.40000	 95.67000	 48.94543	 95.67000
 68.60000	 95.84000	 49.05770	 95.84000
 68.80000	 95.95000	 49.13038	 95.95000
 69.00000	 95.98000	 49.15073	 95.98000
 69.20000	 95.94000	 49.12541	 95.94000
 69.40000	 95.84000	 49.06109	 95.84000
 69.60000	 95.69000	 48.96445	 95.69000
 69.80000	 95.50000	 48.84217	 95.50000
 70.00000	 95.26000	 48.68800	 95.26000
 70.20000	 95.00000	 48.52148	 95.00000
 70.40000	 94.72000	 48.34275	 94.72000
 70.60000	 94.38000	 48.12620	 94.38000
 70.80000	 94.07000	 47.92992	 94.07000
 71.00000	 93.83000	 47.77976	 93.83000
 71.20000	 93.75000	 47.73360	 93.75000
 71.40000	 93.87000	 47.81695	 93.87000
 71.60000	 94.09000	 47.96498	 94.09000
 71.80000	 94.39000	 48.16436	 94.39000
 72.00000	 94.76000	 48.40826	 94.76000
 72.20000	 95.17000	 48.67701	 95.17000
 72.40000	 95.59000	 48.95100	 95.59000
 72.60000	 95.98000	 49.20428	 95.98000
 72.80000	 96.29000	 49.40456	 96.29000
 73.00000	 96.57000	 49.58412	 96.57000
 73.20000	 96.80000	 49.73017	 96.80000
 73.40000	 97.00000	 49.85573	 97.00000
 73.60000	 97.14000	 49.94163	 97.14000
 73.80000	 97.21000	 49.98162	 97.21000
 74.00000	 97.17000	 49.95016	 97.17000
 74.20000	 96.92000	 49.78315	 96.92000
 74.40000	 96.62000	 49.58410	 96.62000
 74.60000	 96.30000	 49.37275	 96.30000
 74.80000	 96.07000	 49.22020	 96.07000
 75.00000	 95.95000	 49.13942	 95.95000
 75.20000	 95.91000	 49.11098	 95.91000
 75.40000	 95.95000	 49.13470	 95.95000
 75.60000	 96.13000	 49.24898	 96.13000
 75.80000	 96.40000	 49.42128	 96.40000
 76.00000	 96.68000	 49.59973	 96.68000
 76.20000	 96.92000	 49.75188	 96.92000
 76.40000	 96.97000	 49.78100	 96.97000
 76.60000	 96.95000	 49.76456	 96.95000
 76.80000	 96.86000	 49.70277	 96.86000
 77.00000	 96.70000	 49.59587	 96.70000
 77.20000	 96.47000	 49.44411	 96.47000
 77.40000	 96.18000	 49.25420	 96.18000
 77.60000	 95.85000	 49.03926	 95.85000
 77.80000	 95.44000	 48.77375	 95.44000
 78.00000	 95.00000	 48.49011	 95.00000
 78.20000	 94.56000	 48.20784	 94.56000
 78.40000	 94.16000	 47.95282	 94.16000
 78.60000	 93.85000	 47.75728	 93.85000
 78.80000	 93.63000	 47.62108	 93.63000
 79.00000	 93.50000	 47.54401	 93.50000
 79.20000	 93.50000	 47.55157	 93.50000
 79.40000	 93.71000	 47.69491	 93.71000
 79.60000	 94.01000	 47.89623	 94.01000
 79.80000	 94.34000	 48.11641	 94.34000
 80.00000	 94.65000	 48.32290	 94.65000
 80.20000	 94.88000	 48.47684	 94.88000
 80.40000	 95.09000	 48.61684	 95.09000
 80.60000	 95.28000	 48.74294	 95.28000
 80.80000	 95.46000	 48.86161	 95.46000
 81.00000	 95.63000	 48.97292	 95.63000
 81.20000	 95.76000	 49.05759	 95.76000
 81.40000	 95.85000	 49.11573	 95.85000
 81.60000	 95.84000	 49.10883	 95.84000
 81.80000	 95.82000	 49.09507	 95.82000
 82.00000	 95.80000	 49.08106	 95.80000
 82.20000	 95.84000	 49.10557	 95.84000
 82.40000	 95.96000	 49.18146	 95.96000
 82.60000	 96.12000	 49.28290	 96.12000
 82.80000	 96.32000	 49.40975	 96.32000
 83.00000	 96.59000	 49.58121	 96.59000
 83.20000	 96.90000	 49.77779	 96.90000
 83.40000	 97.20000	 49.96712	 97.20000
 83.60000	 97.48000	 50.14267	 97.48000
 83.80000	 97.69000	 50.27222	 97.69000
 84.00000	 97.85000	 50.36872	 97.85000
 84.20000	 97.94000	 50.41943	 97.94000
 84.40000	 97.94000	 50.41164	 97.94000
 84.60000	 97.85000	 50.34561	 97.85000
 84.80000	 97.68000	 50.22805	 97.68000
 85.00000	 97.46000	 50.07860	 97.46000
 85.20000	 97.19000	 49.89751	 97.19000
 85.40000	 96.88000	 49.69147	 96.88000
 85.60000	 96.54000	 49.46711	 96.54000
 85.80000	 96.17000	 49.22462	 96.17000
 86.00000	 95.74000	 48.94479	 95.74000
 86.20000	 95.33000	 48.67933	 95.33000
 86.40000	 94.97000	 48.44763	 94.97000
 86.60000	 94.74000	 48.30116	 94.74000
 86.80000	 94.67000	 48.25906	 94.67000
 87.00000	 94.69000	 48.27587	 94.69000
 87.20000	 94.76000	 48.32546	 94.76000
 87.40000	 94.89000	 48.41396	 94.89000
 87.60000	 95.05000	 48.52175	 95.05000
 87.80000	 95.21000	 48.62925	 95.21000
 88.00000	 95.36000	 48.72988	 95.36000
 88.20000	 95.44000	 48.78488	 95.44000
 88.40000	 95.48000	 48.81363	 95.48000
 88.60000	 95.48000	 48.81618	 95.48000
 88.80000	 95.46000	 48.80555	 95.46000
 89.00000	 95.41000	 48.77539	 95.41000
 89.20000	 95.31000	 48.71292	 95.31000
 89.40000	 95.16000	 48.61829	 95.16000
 89.60000	 94.87000	 48.43370	 94.87000
 89.80000	 94.53000	 48.21740	 94.53000
 90.00000	 94.19000	 48.00183	 94.19000
 90.20000	 93.88000	 47.80650	 93.88000
 90.40000	 93.68000	 47.68299	 93.68000
 90.60000	 93.54000	 47.59899	 93.54000
 90.80000	 93.48000	 47.56723	 93.48000
 91.00000	 93.54000	 47.61324	 93.54000
 91.20000	 93.72000	 47.73672	 93.72000
 91.40000	 93.93000	 47.87934	 93.93000
 91.60000	 94.13000	 48.01506	 94.13000
 91.80000	 94.21000	 48.07283	 94.21000
 92.00000	 94.22000	 48.08492	 94.22000
 92.20000	 94.18000	 48.06433	 94.18000
 92.40000	 94.09000	 48.01121	 94.09000
 92.60000	 93.97000	 47.93860	 93.97000
 92.80000	 93.80000	 47.83380	 93.80000
 93.00000	 93.60000	 47.70986	 93.60000
 93.20000	 93.34000	 47.54759	 93.34000
 93.40000	 93.04000	 47.36007	 93.04000
 93.60000	 92.73000	 47.16678	 92.73000
 93.80000	 92.43000	 46.98072	 92.43000
 94.00000	 92.14000	 46.80196	 92.14000
 94.20000	 91.90000	 46.65628	 91.90000
 94.40000	 91.74000	 46.56293	 91.74000
 94.60000	 91.71000	 46.55398	 91.71000
 94.80000	 91.91000	 46.69355	 91.91000
 95.00000	 92.18000	 46.87810	 92.18000
 95.20000	 92.49000	 47.08788	 92.49000
 95.40000	 92.74000	 47.25817	 92.74000
 95.60000	 92.93000	 47.38881	 92.93000
 95.80000	 93.10000	 47.50557	 93.10000
 96.00000	 93.25000	 47.60847	 93.25000
 96.20000	 93.43000	 47.72978	 93.43000
 96.40000	 93.57000	 47.82441	 93.57000
 96.60000	 93.66000	 47.88599	 93.66000
 96.80000	 93.63000	 47.86956	 93.63000
 97.00000	 93.45000	 47.75603	 93.45000
 97.20000	 93.22000	 47.61018	 93.22000
 97.40000	 92.96000	 47.44520	 92.96000
 97.60000	 92.70000	 47.28067	 92.70000
 97.80000	 92.48000	 47.14249	 92.48000
 98.00000	 92.32000	 47.04362	 92.32000
 98.20000	 92.25000	 47.00333	 92.25000
 98.40000	 92.41000	 47.11163	 92.41000
 98.60000	 92.68000	 47.29084	 92.68000
 98.80000	 93.01000	 47.50832	 93.01000
 99.00000	 93.35000	 47.73152	 93.35000
 99.20000	 93.65000	 47.92798	 93.65000
 99.40000	 93.93000	 48.11049	 93.93000
 99.60000	 94.20000	 48.28543	 94.20000
 99.80000	 94.41000	 48.42062	 94.41000
100.00000	 94.59000	 48.53546	 94.59000
100.20000	 94.75000	 48.63649	 94.75000
100.40000	 94.91000	 48.73671	 94.91000
100.60000	 95.13000	 48.87484	 95.13000
100.80000	 95.35000	 49.01223	 95.35000
101.00000	 95.58000	 49.15532	 95.58000
101.20000	 95.80000	 49.29121	 95.80000
101.40000	 95.98000	 49.40060	 95.98000
101.60000	 96.16000	 49.50932	 96.16000
101.80000	 96.37000	 49.63675	 96.37000
102.00000	 96.66000	 49.81509	 96.66000
102.20000	 97.03000	 50.04426	 97.03000
102.40000	 97.40000	 50.27256	 97.40000
102.60000	 97.73000	 50.47414	 97.73000
102.80000	 97.90000	 50.57169	 97.90000
103.00000	 97.99000	 50.61696	 97.99000
103.20000	 98.03000	 50.62952	 98.03000
103.40000	 98.01000	 50.60318	 98.01000
103.60000	 97.91000	 50.52529	 97.91000
103.80000	 97.88000	 50.49273	 97.88000
104.00000	 97.98000	 50.54425	 97.98000
104.20000	 98.51000	 50.87294	 98.51000
104.40000	 99.25000	 51.33649	 99.25000
104.60000	100.07000	 51.85047	100.07000
104.80000	100.85000	 52.33703	100.85000
105.00000	101.52000	 52.75077	101.52000
105.20000	102.09000	 53.09807	102.09000
105.40000	102.52000	 53.35329	102.52000
105.60000	102.71000	 53.45230	102.71000
105.80000	102.73000	 53.44069	102.73000
106.00000	102.58000	 53.31905	102.58000
106.20000	102.23000	 53.06866	102.23000
106.40000	101.72000	 52.71598	101.72000
106.60000	101.12000	 52.30674	101.12000
106.80000	100.48000	 51.87369	100.48000
107.00000	 99.91000	 51.48809	 99.91000
107.20000	 99.37000	 51.12435	 99.37000
107.40000	 98.88000	 50.79538	 98.88000
107.60000	 98.50000	 50.53977	 98.50000
107.80000	 98.27000	 50.38308	 98.27000
108.00000	 98.06000	 50.24122	 98.06000
108.20000	 97.85000	 50.10103	 97.85000
108.40000	 97.52000	 49.88500	 97.52000
108.60000	 97.13000	 49.63177	 97.13000
108.80000	 96.68000	 49.34140	 96.68000
109.00000	 96.19000	 49.02689	 96.19000
109.20000	 95.63000	 48.66900	 95.63000
109.40000	 95.05000	 48.30009	 95.05000
109.60000	 94.47000	 47.93315	 94.47000
109.80000	 93.91000	 47.58110	 93.91000
110.00000	 93.38000	 47.25039	 93.38000
110.20000	 92.90000	 46.95382	 92.90000
110.40000	 92.46000	 46.68482	 92.46000
110.60000	 92.07000	 46.44968	 92.07000
110.80000	 91.74000	 46.25465	 91.74000
111.00000	 91.50000	 46.11884	 91.50000
111.20000	 91.37000	 46.05484	 91.37000
111.40000	 91.43000	 46.11384	 91.43000
111.60000	 91.60000	 46.24384	 91.60000
111.80000	 91.82000	 46.40572	 91.82000
112.00000	 92.07000	 46.58621	 92.07000
112.20000	 92.27000	 46.73351	 92.27000
112.40000	 92.46000	 46.87324	 92.46000
112.60000	 92.63000	 46.99891	 92.63000
112.80000	 92.76000	 47.09764	 92.76000
113.00000	 92.85000	 47.16948	 92.85000
113.20000	 92.89000	 47.20810	 92.89000
113.40000	 92.89000	 47.22009	 92.89000
113.60000	 92.81000	 47.17984	 92.81000
113.80000	 92.67000	 47.10045	 92.67000
114.00000	 92.51000	 47.00791	 92.51000
114.20000	 92.36000	 46.92174	 92.36000
114.40000	 92.23000	 46.84848	 92.23000
114.60000	 92.14000	 46.80108	 92.14000
114.80000	 92.12000	 46.79883	 92.12000
115.00000	 92.21000	 46.86739	 92.21000
115.20000	 92.52000	 47.07740	 92.52000
115.40000	 92.91000	 47.33826	 92.91000
115.60000	 93.32000	 47.61096	 93.32000
115.80000	 93.70000	 47.86300	 93.70000
116.00000	 94.01000	 48.06848	 94.01000
116.20000	 94.30000	 48.25963	 94.30000
116.40000	 94.54000	 48.41717	 94.54000
116.60000	 94.71000	 48.52834	 94.71000
116.80000	 94.84000	 48.61262	 94.84000
117.00000	 94.93000	 48.67020	 94.93000
117.20000	 94.99000	 48.70772	 94.99000
117.40000	 95.02000	 48.72535	 95.02000
117.60000	 95.04000	 48.73612	 95.04000
117.80000	 95.07000	 48.75305	 95.07000
118.00000	 95.15000	 48.80197	 95.15000
118.20000	 95.28000	 48.88287	 95.28000
118.40000	 95.47000	 49.00214	 95.47000
118.60000	 95.71000	 49.15319	 95.71000
118.80000	 96.08000	 49.38742	 96.08000
119.00000	 96.56000	 49.69169	 96.56000
119.20000	 97.03000	 49.98840	 97.03000
119.40000	 97.47000	 50.26447	 97.47000
119.60000	 97.74000	 50.42967	 97.74000
119.80000	 97.90000	 50.52283	 97.90000
120.00000	 97.98000	 50.56353	 97.98000
120.20000	 97.98000	 50.55209	 97.98000
120.40000	 97.93000	 50.50813	 97.93000
120.60000	 97.81000	 50.41907	 97.81000
120.80000	 97.63000	 50.29161	 97.63000
121.00000	 97.33000	 50.08738	 97.33000
121.20000	 96.92000	 49.81316	 96.92000
121.40000	 96.51000	 49.54014	 96.51000
121.60000	 96.12000	 49.28144	 96.12000
121.80000	 95.88000	 49.12091	 95.88000
122.00000	 95.78000	 49.05198	 95.78000
122.20000	 95.76000	 49.03571	 95.76000
122.40000	 95.82000	 49.07181	 95.82000
122.60000	 95.98000	 49.17282	 95.98000
122.80000	 96.21000	 49.31909	 96.21000
123.00000	 96.47000	 49.48452	 96.47000
123.20000	 96.75000	 49.66240	 96.75000
123.40000	 97.00000	 49.82034	 97.00000
123.60000	 97.25000	 49.97755	 97.25000
123.80000	 97.49000	 50.12756	 97.49000
124.00000	 97.71000	 50.26389	 97.71000
124.20000	 97.92000	 50.39302	 97.92000
124.40000	 98.10000	 50.50210	 98.10000
124.60000	 98.23000	 50.57831	 98.23000
124.80000	 98.22000	 50.56382	 98.22000
125.00000	 98.16000	 50.51685	 98.16000
125.20000	 98.13000	 50.48917	 98.13000
125.40000	 98.17000	 50.50668	 98.17000
125.60000	 98.45000	 50.67887	 98.45000
125.80000	 98.82000	 50.90881	 98.82000
126.00000	 99.23000	 51.16399	 99.23000
126.20000	 99.67000	 51.43768	 99.67000
126.40000	100.11000	 51.71035	100.11000
126.60000	100.54000	 51.97543	100.54000
126.80000	100.94000	 52.21997	100.94000
127.00000	101.29000	 52.43110	101.29000
127.20000	101.57000	 52.59601	101.57000
127.40000	101.75000	 52.69554	101.75000
127.60000	101.83000	 52.72993	101.83000
127.80000	101.70000	 52.62864	101.70000
128.00000	101.43000	 52.43723	101.43000
128.20000	101.05000	 52.17553	101.05000
128.40000	100.57000	 51.85046	100.57000
128.60000	 99.94000	 51.43027	 99.94000
128.80000	 99.27000	 50.98628	 99.27000
129.00000	 98.61000	 50.55106	 98.61000
129.20000	 98.02000	 50.16345	 98.02000
129.40000	 97.57000	 49.86857	 97.57000
129.60000	 97.21000	 49.63402	 97.21000
129.80000	 96.93000	 49.45310	 96.93000
130.00000	 96.78000	 49.35770	 96.78000
130.20000	 96.74000	 49.33455	 96.74000
130.40000	 96.75000	 49.34458	 96.75000
130.60000	 96.79000	 49.37456	 96.79000
130.80000	 96.77000	 49.36621	 96.77000
131.00000	 96.70000	 49.32586	 96.70000
131.20000	 96.61000	 49.27281	 96.61000
131.40000	 96.52000	 49.21996	 96.52000
131.60000	 96.42000	 49.16085	 96.42000
131.80000	 96.31000	 49.09551	 96.31000
132.00000	 96.18000	 49.01752	 96.18000
132.20000	 96.04000	 48.93335	 96.04000
132.40000	 95.84000	 48.81084	 95.84000
132.60000	 95.66000	 48.70161	 95.66000
132.80000	 95.51000	 48.61213	 95.51000
133.00000	 95.45000	 48.58104	 95.45000
133.20000	 95.50000	 48.62109	 95.50000
133.40000	 95.61000	 48.69983	 95.61000
133.60000	 95.78000	 48.81702	 95.78000
133.80000	 96.01000	 48.97244	 96.01000
134.00000	 96.29000	 49.15941	 96.29000
134.20000	 96.56000	 49.33906	 96.56000
134.40000	 96.79000	 49.49195	 96.79000
134.60000	 96.89000	 49.56009	 96.89000
134.80000	 96.95000	 49.60160	 96.95000
135.00000	 96.98000	 49.62310	 96.98000
135.20000	 97.00000	 49.63763	 97.00000
135.40000	 97.02000	 49.65176	 97.02000
135.60000	 97.02000	 49.65269	 97.02000
135.80000	 96.97000	 49.62120	 96.97000
136.00000	 96.79000	 49.50589	 96.79000
136.20000	 96.57000	 49.36497	 96.57000
136.40000	 96.38000	 49.24376	 96.38000
136.60000	 96.26000	 49.16814	 96.26000
136.80000	 96.32000	 49.20892	 96.32000
137.00000	 96.48000	 49.31433	 96.48000
137.20000	 96.74000	 49.48406	 96.74000
137.40000	 97.12000	 49.73068	 97.12000
137.60000	 97.62000	 50.05379	 97.62000
137.80000	 98.18000	 50.41436	 98.18000
138.00000	 98.77000	 50.79272	 98.77000
138.20000	 99.35000	 51.16286	 99.35000
138.40000	 99.94000	 51.53751	 99.94000
138.60000	100.52000	 51.90370	100.52000
138.80000	101.11000	 52.27429	101.11000
139.00000	101.68000	 52.62995	101.68000
139.20000	102.23000	 52.97070	102.23000
139.40000	102.74000	 53.28375	102.74000
139.60000	103.15000	 53.53056	103.15000
139.80000	103.51000	 53.74357	103.51000
140.00000	103.84000	 53.93590	103.84000
140.20000	104.17000	 54.12709	104.17000
140.40000	104.50000	 54.31727	104.50000
140.60000	104.85000	 54.51947	104.85000
140.80000	105.21000	 54.72729	105.21000
141.00000	105.68000	 55.00518	105.68000
141.20000	106.19000	 55.30794	106.19000
141.40000	106.66000	 55.58394	106.66000
141.60000	107.06000	 55.81384	107.06000
141.80000	107.32000	 55.95264	107.32000
142.00000	107.46000	 56.01347	107.46000
142.20000	107.48000	 55.99666	107.48000
142.40000	107.31000	 55.85751	107.31000
142.60000	107.00000	 55.62873	107.00000
142.80000	106.57000	 55.32372	106.57000
143.00000	106.06000	 54.96874	106.06000
143.20000	105.45000	 54.55133	105.45000
143.40000	104.82000	 54.12342	104.82000
143.60000	104.19000	 53.69815	104.19000
143.80000	103.64000	 53.32722	103.64000
144.00000	103.19000	 53.02347	103.19000
144.20000	102.80000	 52.76099	102.80000
144.40000	102.49000	 52.55242	102.49000
144.60000	102.29000	 52.41681	102.29000
144.80000	102.16000	 52.32805	102.16000
145.00000	102.05000	 52.25359	102.05000
145.20000	101.95000	 52.18671	101.95000
145.40000	101.79000	 52.08211	101.79000
145.60000	101.61000	 51.96549	101.61000
145.80000	101.39000	 51.82393	101.39000
146.00000	101.10000	 51.63812	101.10000
146.20000	100.73000	 51.40172	100.73000
146.40000	100.33000	 51.14709	100.33000
146.60000	 99.89000	 50.86793	 99.89000
146.80000	 99.37000	 50.53860	 99.37000
147.00000	 98.85000	 50.21081	 98.85000
147.20000	 98.37000	 49.91043	 98.37000
147.40000	 97.97000	 49.66323	 97.97000
147.60000	 97.69000	 49.49484	 97.69000
147.80000	 97.52000	 49.39858	 97.52000
148.00000	 97.44000	 49.36125	 97.44000
148.20000	 97.53000	 49.43402	 97.53000
148.40000	 97.73000	 49.57779	 97.73000
148.60000	 97.97000	 49.74702	 97.97000
148.80000	 98.21000	 49.91559	 98.21000
149.00000	 98.34000	 50.01241	 98.34000
149.20000	 98.43000	 50.08256	 98.43000
149.40000	 98.49000	 50.13253	 98.49000
149.60000	 98.53000	 50.16885	 98.53000
149.80000	 98.53000	 50.17873	 98.53000
150.00000	 98.50000	 50.16871	 98.50000
150.20000	 98.41000	 50.11962	 98.41000
150.40000	 98.22000	 50.00585	 98.22000
150.60000	 98.00000	 49.87274	 98.00000
150.80000	 97.77000	 49.73336	 97.77000
151.00000	 97.58000	 49.62008	 97.58000
151.20000	 97.45000	 49.54582	 97.45000
151.40000	 97.39000	 49.51698	 97.39000
151.60000	 97.41000	 49.53986	 97.41000
151.80000	 97.61000	 49.67869	 97.61000
152.00000	 97.92000	 49.88802	 97.92000
152.20000	 98.26000	 50.11593	 98.26000
152.40000	 98.58000	 50.32994	 98.58000
152.60000	 98.79000	 50.47191	 98.79000
152.80000	 98.95000	 50.58054	 98.95000
153.00000	 99.06000	 50.65592	 99.06000
153.20000	 99.11000	 50.69176	 99.11000
153.40000	 99.11000	 50.69468	 99.11000
153.60000	 99.05000	 50.65846	 99.05000
153.80000	 98.92000	 50.57685	 98.92000
154.00000	 98.63000	 50.39214	 98.63000
154.20000	 98.31000	 50.18842	 98.31000
154.40000	 98.01000	 49.99819	 98.01000
154.60000	 97.81000	 49.87313	 97.81000
154.80000	 97.79000	 49.86475	 97.79000
155.00000	 97.83000	 49.89549	 97.83000
155.20000	 97.95000	 49.97799	 97.95000
155.40000	 98.15000	 50.11195	 98.15000
155.60000	 98.39000	 50.27134	 98.39000
155.80000	 98.62000	 50.42370	 98.62000
156.00000	 98.79000	 50.53667	 98.79000
156.20000	 98.80000	 50.54583	 98.80000
156.40000	 98.75000	 50.51580	 98.75000
156.60000	 98.64000	 50.44679	 98.64000
156.80000	 98.51000	 50.36479	 98.51000
157.00000	 98.36000	 50.26999	 98.36000
157.20000	 98.16000	 50.14321	 98.16000
157.40000	 97.91000	 49.98463	 97.91000
157.60000	 97.51000	 49.73000	 97.51000
157.80000	 97.07000	 49.45048	 97.07000
158.00000	 96.64000	 49.17852	 96.64000
158.20000	 96.28000	 48.95291	 96.28000
158.40000	 96.12000	 48.85737	 96.12000
158.60000	 96.03000	 48.80790	 96.03000
158.80000	 96.01000	 48.80423	 96.01000
159.00000	 96.05000	 48.83960	 96.05000
159.20000	 96.14000	 48.90732	 96.14000
159.40000	 96.24000	 48.98135	 96.24000
159.60000	 96.33000	 49.04863	 96.33000
159.80000	 96.32000	 49.05109	 96.32000
160.00000	 96.27000	 49.02742	 96.27000
160.20000	 96.20000	 48.99060	 96.20000
160.40000	 96.12000	 48.94717	 96.12000
160.60000	 96.05000	 48.91009	 96.05000
160.80000	 96.00000	 48.88583	 96.00000
161.00000	 95.95000	 48.86152	 95.95000
161.20000	 95.88000	 48.82428	 95.88000
161.40000	 95.83000	 48.79989	 95.83000
161.60000	 95.84000	 48.81412	 95.84000
161.80000	 95.94000	 48.88621	 95.94000
162.00000	 96.27000	 49.10615	 96.27000
162.20000	 96.69000	 49.38336	 96.69000
162.40000	 97.20000	 49.71746	 97.20000
162.60000	 97.78000	 50.09520	 97.78000
162.80000	 98.41000	 50.50337	 98.41000
163.00000	 99.04000	 50.90950	 99.04000
163.20000	 99.63000	 51.28767	 99.63000
163.40000	100.11000	 51.59275	100.11000
163.60000	100.50000	 51.83776	100.50000
163.80000	100.80000	 52.02294	100.80000
164.00000	100.97000	 52.12282	100.97000
164.20000	100.99000	 52.12488	100.99000
164.40000	100.92000	 52.06826	100.92000
164.60000	100.79000	 51.97270	100.79000
164.80000	100.61000	 51.84502	100.61000
165.00000	100.40000	 51.69843	100.40000
165.20000	100.18000	 51.54607	100.18000
165.40000	 99.95000	 51.38810	 99.95000
165.60000	 99.73000	 51.23754	 99.73000
165.80000	 99.55000	 51.11377	 99.55000
166.00000	 99.43000	 51.02965	 99.43000
166.20000	 99.46000	 51.04305	 99.46000
166.40000	 99.62000	 51.14082	 99.62000
166.60000	 99.83000	 51.27108	 99.83000
166.80000	100.05000	 51.40774	100.05000
167.00000	100.21000	 51.50551	100.21000
167.20000	100.36000	 51.59651	100.36000
167.40000	100.50000	 51.68072	100.50000
167.60000	100.65000	 51.77100	100.65000
167.80000	100.82000	 51.87378	100.82000
168.00000	100.98000	 51.96971	100.98000
168.20000	101.09000	 52.03303	101.09000
168.40000	101.11000	 52.03804	101.11000
168.60000	101.07000	 52.00422	101.07000
168.80000	101.02000	 51.96396	101.02000
169.00000	100.96000	 51.91742	100.96000
169.20000	100.91000	 51.87757	100.91000
169.40000	100.90000	 51.86381	100.90000
169.60000	100.93000	 51.87610	100.93000
169.80000	101.11000	 51.98525	101.11000
170.00000	101.40000	 52.16523	101.40000
170.20000	101.70000	 52.35135	101.70000
170.40000	101.98000	 52.52406	101.98000
170.60000	102.14000	 52.61885	102.14000
170.80000	102.21000	 52.65511	102.21000
171.00000	102.21000	 52.64590	102.21000
171.20000	102.09000	 52.55924	102.09000
171.40000	101.84000	 52.38898	101.84000
171.60000	101.53000	 52.18059	101.53000
171.80000	101.18000	 51.94726	101.18000
172.00000	100.86000	 51.73435	100.86000
172.20000	100.53000	 51.51623	100.53000
172.40000	100.18000	 51.28653	100.18000
172.60000	 99.79000	 51.03247	 99.79000
172.80000	 99.27000	 50.69614	 99.27000
173.00000	 98.77000	 50.37439	 98.77000
173.20000	 98.31000	 50.08019	 98.31000
173.40000	 98.01000	 49.89082	 98.01000
173.60000	 97.90000	 49.82539	 97.90000
173.80000	 97.89000	 49.82551	 97.89000
174.00000	 97.94000	 49.86501	 97.94000
174.20000	 98.06000	 49.94996	 98.06000
174.40000	 98.21000	 50.05423	 98.21000
174.60000	 98.34000	 50.14537	 98.34000
174.80000	 98.43000	 50.21032	 98.43000
175.00000	 98.40000	 50.19751	 98.40000
175.20000	 98.30000	 50.13928	 98.30000
175.40000	 98.13000	 50.03579	 98.13000
175.60000	 97.85000	 49.86150	 97.85000
175.80000	 97.48000	 49.62957	 97.48000
176.00000	 97.07000	 49.37252	 97.07000
176.20000	 96.63000	 49.09704	 96.63000
176.40000	 96.20000	 48.82909	 96.20000
176.60000	 95.78000	 48.56879	 95.78000
176.80000	 95.40000	 48.33552	 95.40000
177.00000	 95.09000	 48.14856	 95.09000
177.20000	 94.90000	 48.04000	 94.90000
177.40000	 94.78000	 47.97738	 94.78000
177.60000	 94.75000	 47.97332	 94.75000
177.80000	 94.85000	 48.05328	 94.85000
178.00000	 95.07000	 48.21044	 95.07000
178.20000	 95.32000	 48.38642	 95.32000
178.40000	 95.57000	 48.56160	 95.57000
178.60000	 95.71000	 48.66491	 95.71000
178.80000	 95.81000	 48.74146	 95.81000
179.00000	 95.90000	 48.81064	 95.90000
179.20000	 96.01000	 48.89183	 96.01000
179.40000	 96.17000	 49.00440	 96.17000
179.60000	 96.32000	 49.10966	 96.32000
179.80000	 96.46000	 49.20761	 96.46000
180.00000	 96.54000	 49.26607	 96.54000
180.20000	 96.59000	 49.30446	 96.59000
180.40000	 96.63000	 49.33577	 96.63000
180.60000	 96.67000	 49.36655	 96.67000
180.80000	 96.70000	 49.39041	 96.70000
181.00000	 96.77000	 49.43963	 96.77000
181.20000	 96.91000	 49.53353	 96.91000
181.40000	 97.19000	 49.71711	 97.19000
181.60000	 97.64000	 50.00945	 97.64000
181.80000	 98.13000	 50.32645	 98.13000
182.00000	 98.64000	 50.65494	 98.64000
182.20000	 99.07000	 50.93030	 99.07000
182.40000	 99.44000	 51.16538	 99.44000
182.60000	 99.75000	 51.36027	 99.75000
182.80000	100.00000	 51.51511	100.00000
183.00000	100.17000	 51.61721	100.17000
183.20000	100.27000	 51.67325	100.27000
183.40000	100.28000	 51.67062	100.28000
183.60000	100.18000	 51.59674	100.18000
183.80000	 99.98000	 51.45840	 99.98000
184.00000	 99.72000	 51.28174	 99.72000
184.20000	 99.45000	 51.09928	 99.45000
184.40000	 99.17000	 50.91125	 99.17000
184.60000	 98.91000	 50.73714	 98.91000
184.80000	 98.71000	 50.60277	 98.71000
185.00000	 98.60000	 50.52742	 98.60000
185.20000	 98.68000	 50.57536	 98.68000
185.40000	 98.82000	 50.66249	 98.82000
185.60000	 99.01000	 50.78205	 99.01000
185.80000	 99.18000	 50.88866	 99.18000
186.00000	 99.34000	 50.98860	 99.34000
186.20000	 99.49000	 51.08177	 99.49000
186.40000	 99.63000	 51.16811	 99.63000
186.60000	 99.73000	 51.22828	 99.73000
186.80000	 99.81000	 51.27521	 99.81000
187.00000	 99.85000	 51.29608	 99.85000
187.20000	 99.85000	 51.29097	 99.85000
187.40000	 99.80000	 51.25357	 99.80000
187.60000	 99.72000	 51.19690	 99.72000
187.80000	 99.60000	 51.11466	 99.60000
188.00000	 99.40000	 50.98124	 99.40000
188.20000	 99.16000	 50.82258	 99.16000
188.40000	 98.95000	 50.68395	 98.95000
188.60000	 98.79000	 50.57831	 98.79000
188.80000	 98.83000	 50.60226	 98.83000
189.00000	 98.95000	 50.67822	 98.95000
189.20000	 99.12000	 50.78657	 99.12000
189.40000	 99.33000	 50.92060	 99.33000
189.60000	 99.57000	 51.07365	 99.57000
189.80000	 99.81000	 51.22619	 99.81000
190.00000	100.04000	 51.37166	100.04000
190.20000	100.23000	 51.49067	100.23000
190.40000	100.36000	 51.57034	100.36000
190.60000	100.45000	 51.62366	100.45000
190.80000	100.47000	 51.63142	100.47000
191.00000	100.39000	 51.57448	100.39000
191.20000	100.25000	 51.47885	100.25000
191.40000	100.05000	 51.34479	100.05000
191.60000	 99.79000	 51.17252	 99.79000
191.80000	 99.46000	 50.95587	 99.46000
192.00000	 99.14000	 50.74658	 99.14000
192.20000	 98.86000	 50.56414	 98.86000
192.40000	 98.73000	 50.47943	 98.73000
192.60000	 98.72000	 50.47294	 98.72000
192.80000	 98.78000	 50.51218	 98.78000
193.00000	 98.91000	 50.59686	 98.91000
193.20000	 99.12000	 50.73314	 99.12000
193.40000	 99.35000	 50.88206	 99.35000
193.60000	 99.58000	 51.03052	 99.58000
193.80000	 99.73000	 51.12684	 99.73000
194.00000	 99.77000	 51.15170	 99.77000
194.20000	 99.77000	 51.15034	 99.77000
194.40000	 99.74000	 51.12937	 99.74000
194.60000	 99.76000	 51.14045	 99.76000
194.80000	 99.80000	 51.16431	 99.80000
195.00000	 99.78000	 51.14941	 99.78000
195.20000	 99.67000	 51.07653	 99.67000
195.40000	 99.32000	 50.84921	 99.32000
195.60000	 98.90000	 50.57738	 98.90000
195.80000	 98.44000	 50.28073	 98.44000
196.00000	 98.03000	 50.01751	 98.03000
196.20000	 97.69000	 49.80074	 97.69000
196.40000	 97.40000	 49.61752	 97.40000
196.60000	 97.17000	 49.47419	 97.17000
196.80000	 97.07000	 49.41568	 97.07000
197.00000	 97.05000	 49.40951	 97.05000
197.20000	 97.07000	 49.42962	 97.07000
197.40000	 97.08000	 49.44355	 97.08000
197.60000	 96.99000	 49.39314	 96.99000
197.80000	 96.85000	 49.31064	 96.85000
198.00000	 96.70000	 49.22186	 96.70000
198.20000	 96.56000	 49.13975	 96.56000
198.40000	 96.48000	 49.09654	 96.48000
198.60000	 96.42000	 49.06641	 96.42000
198.80000	 96.38000	 49.04928	 96.38000
199.00000	 96.35000	 49.03865	 96.35000
199.20000	 96.36000	 49.05376	 96.36000
199.40000	 96.34000	 49.04944	 96.34000
199.60000	 96.30000	 49.03210	 96.30000
199.80000	 96.13000	 48.93092	 96.13000
200.00000	 95.87000	 48.77182	 95.87000
200.20000	 95.62000	 48.61944	 95.62000
200.40000	 95.45000	 48.51902	 95.45000
200.60000	 95.53000	 48.58004	 95.53000
200.80000	 95.70000	 48.69911	 95.70000
201.00000	 95.93000	 48.85657	 95.93000
201.20000	 96.23000	 49.05855	 96.23000
201.40000	 96.56000	 49.27900	 96.56000
201.60000	 96.87000	 49.48548	 96.87000
201.80000	 97.13000	 49.65854	 97.13000
202.00000	 97.22000	 49.72091	 97.22000
202.20000	 97.20000	 49.71145	 97.20000
202.40000	 97.11000	 49.65622	 97.11000
202.60000	 96.97000	 49.56842	 96.97000
202.80000	 96.79000	 49.45476	 96.79000
203.00000	 96.56000	 49.30905	 96.56000
203.20000	 96.30000	 49.14438	 96.30000
203.40000	 95.93000	 48.90942	 95.93000
203.60000	 95.50000	 48.63664	 95.50000
203.80000	 95.10000	 48.38425	 95.10000
204.00000	 94.78000	 48.18459	 94.78000
204.20000	 94.76000	 48.17929	 94.76000
204.40000	 94.92000	 48.29067	 94.92000
204.60000	 95.16000	 48.45378	 95.16000
204.80000	 95.43000	 48.63597	 95.43000
205.00000	 95.64000	 48.77891	 95.64000
205.20000	 95.82000	 48.90177	 95.82000
205.40000	 95.98000	 49.01093	 95.98000
205.60000	 96.09000	 49.08707	 96.09000
205.80000	 96.12000	 49.11094	 96.12000
206.00000	 96.13000	 49.12132	 96.13000
206.20000	 96.11000	 49.11193	 96.11000
206.40000	 96.09000	 49.10221	 96.09000
206.60000	 96.06000	 49.08583	 96.06000
206.80000	 96.03000	 49.06931	 96.03000
207.00000	 96.01000	 49.05914	 96.01000
207.20000	 95.94000	 49.01671	 95.94000
207.40000	 95.89000	 48.98719	 95.89000
207.60000	 95.90000	 48.99636	 95.90000
207.80000	 96.01000	 49.06993	 96.01000
208.00000	 96.38000	 49.31078	 96.38000
208.20000	 96.87000	 49.62830	 96.87000
208.40000	 97.45000	 50.00272	 97.45000
208.60000	 98.09000	 50.41430	 98.09000
208.80000	 98.77000	 50.84981	 98.77000
209.00000	 99.46000	 51.28967	 99.46000
209.20000	100.13000	 51.71438	100.13000
209.40000	100.75000	 52.10455	100.75000
209.60000	101.29000	 52.44090	101.29000
209.80000	101.74000	 52.71714	101.74000
210.00000	102.09000	 52.92707	102.09000
210.20000	102.24000	 53.00661	102.24000
210.40000	102.29000	 53.02063	102.29000
210.60000	102.27000	 52.98894	102.27000
210.80000	102.18000	 52.91195	102.18000
211.00000	102.06000	 52.81579	102.06000
211.20000	101.95000	 52.72653	101.95000
211.40000	101.89000	 52.67011	101.89000
211.60000	102.00000	 52.72385	102.00000
211.80000	102.26000	 52.87471	102.26000
212.00000	102.57000	 53.05793	102.57000
212.20000	102.89000	 53.24748	102.89000
212.40000	103.16000	 53.40449	103.16000
212.60000	103.38000	 53.52890	103.38000
212.80000	103.54000	 53.61428	103.54000
213.00000	103.63000	 53.65428	103.63000
213.20000	103.59000	 53.61042	103.59000
213.40000	103.49000	 53.52806	103.49000
213.60000	103.33000	 53.40747	103.33000
213.80000	103.13000	 53.26176	103.13000
214.00000	102.90000	 53.09761	102.90000
214.20000	102.63000	 52.90874	102.63000
214.40000	102.31000	 52.68889	102.31000
214.60000	101.87000	 52.39311	101.87000
214.80000	101.41000	 52.08609	101.41000
215.00000	100.98000	 51.80019	100.98000
215.20000	100.64000	 51.57412	100.64000
215.40000	100.46000	 51.45289	100.46000
215.60000	100.36000	 51.38468	100.36000
215.80000	100.34000	 51.36917	100.34000
216.00000	100.43000	 51.42537	100.43000
216.20000	100.59000	 51.52714	100.59000
216.40000	100.77000	 51.64193	100.77000
216.60000	100.92000	 51.73726	100.92000
216.80000	100.94000	 51.74861	100.94000
217.00000	100.90000	 51.72111	100.90000
217.20000	100.81000	 51.66135	100.81000
217.40000	100.70000	 51.58880	100.70000
217.60000	100.56000	 51.49715	100.56000
217.80000	100.37000	 51.37365	100.37000
218.00000	100.12000	 51.21199	100.12000
218.20000	 99.71000	 50.94794	 99.71000
218.40000	 99.22000	 50.63335	 99.22000
218.60000	 98.73000	 50.32004	 98.73000
218.80000	 98.31000	 50.05330	 98.31000
219.00000	 98.14000	 49.94909	 98.14000
219.20000	 98.08000	 49.91692	 98.08000
219.40000	 98.09000	 49.93066	 98.09000
219.60000	 98.17000	 49.98995	 98.17000
219.80000	 98.32000	 50.09448	 98.32000
220.00000	 98.48000	 50.20527	 98.48000
220.20000	 98.62000	 50.30277	 98.62000
220.40000	 98.68000	 50.34822	 98.68000
220.60000	 98.62000	 50.31588	 98.62000
220.80000	 98.48000	 50.23169	 98.48000
221.00000	 98.28000	 50.10875	 98.28000
221.20000	 97.97000	 49.91509	 97.97000
221.40000	 97.58000	 49.67034	 97.58000
221.60000	 97.17000	 49.41343	 97.17000
221.80000	 96.78000	 49.17035	 96.78000
222.00000	 96.43000	 48.95411	 96.43000
222.20000	 96.16000	 48.79048	 96.16000
222.40000	 95.98000	 48.68579	 95.98000
222.60000	 95.90000	 48.64630	 95.90000
222.80000	 96.10000	 48.78767	 96.10000
223.00000	 96.40000	 48.99341	 96.40000
223.20000	 96.73000	 49.21794	 96.73000
223.40000	 97.03000	 49.42224	 97.03000
223.60000	 97.17000	 49.52237	 97.17000
223.80000	 97.26000	 49.58927	 97.26000
224.00000	 97.29000	 49.61661	 97.29000
224.20000	 97.28000	 49.61746	 97.28000
224.40000	 97.24000	 49.59841	 97.24000
224.60000	 97.14000	 49.54033	 97.14000
224.80000	 96.97000	 49.43696	 96.97000
225.00000	 96.65000	 49.23700	 96.65000
225.20000	 96.24000	 48.97943	 96.24000
225.40000	 95.82000	 48.71614	 95.82000
225.60000	 95.41000	 48.46023	 95.41000
225.80000	 95.10000	 48.26983	 95.10000
226.00000	 94.86000	 48.12556	 94.86000
226.20000	 94.71000	 48.04018	 94.71000
226.40000	 94.67000	 48.02635	 94.67000
226.60000	 94.85000	 48.15463	 94.85000
226.80000	 95.10000	 48.32791	 95.10000
227.00000	 95.40000	 48.53291	 95.40000
227.20000	 95.71000	 48.74350	 95.71000
227.40000	 95.98000	 48.92725	 95.98000
227.60000	 96.22000	 49.09050	 96.22000
227.80000	 96.39000	 49.20747	 96.39000
228.00000	 96.44000	 49.24603	 96.44000
228.20000	 96.39000	 49.21931	 96.39000
228.40000	 96.27000	 49.14692	 96.27000
228.60000	 96.10000	 49.04203	 96.10000
228.80000	 95.90000	 48.91778	 95.90000
229.00000	 95.68000	 48.78085	 95.68000
229.20000	 95.44000	 48.63141	 95.44000
229.40000	 95.18000	 48.46959	 95.18000
229.60000	 94.91000	 48.30195	 94.91000
229.80000	 94.67000	 48.15434	 94.67000
230.00000	 94.50000	 48.05254	 94.50000
230.20000	 94.48000	 48.04798	 94.48000
230.40000	 94.68000	 48.18549	 94.68000
230.60000	 94.94000	 48.36155	 94.94000
230.80000	 95.22000	 48.55001	 95.22000
231.00000	 95.43000	 48.69262	 95.43000
231.20000	 95.57000	 48.78927	 95.57000
231.40000	 95.66000	 48.85288	 95.66000
231.60000	 95.70000	 48.88355	 95.70000
231.80000	 95.67000	 48.86854	 95.67000
232.00000	 95.58000	 48.81446	 95.58000
232.20000	 95.44000	 48.72798	 95.44000
232.40000	 95.24000	 48.60285	 95.24000
232.60000	 94.93000	 48.40710	 94.93000
232.80000	 94.59000	 48.19255	 94.59000
233.00000	 94.23000	 47.96585	 94.23000
233.20000	 93.90000	 47.75939	 93.90000
233.40000	 93.61000	 47.57968	 93.61000
233.60000	 93.37000	 47.43315	 93.37000
233.80000	 93.20000	 47.33260	 93.20000
234.00000	 93.18000	 47.32939	 93.18000
234.20000	 93.34000	 47.44254	 93.34000
234.40000	 93.52000	 47.56855	 93.52000
234.60000	 93.68000	 47.68135	 93.68000
234.80000	 93.67000	 47.68411	 93.67000
235.00000	 93.50000	 47.58338	 93.50000
235.20000	 93.26000	 47.43740	 93.26000
235.40000	 92.97000	 47.25932	 92.97000
235.60000	 92.67000	 47.07516	 92.67000
235.80000	 92.34000	 46.87221	 92.34000
236.00000	 91.98000	 46.65065	 91.98000
236.20000	 91.58000	 46.40415	 91.58000
236.40000	 91.08000	 46.09422	 91.08000
236.60000	 90.57000	 45.77903	 90.57000
236.80000	 90.10000	 45.49094	 90.10000
237.00000	 89.70000	 45.24929	 89.70000
237.20000	 89.44000	 45.09909	 89.44000
237.40000	 89.27000	 45.00789	 89.27000
237.60000	 89.19000	 44.97540	 89.19000
237.80000	 89.22000	 45.01417	 89.22000
238.00000	 89.40000	 45.14959	 89.40000
238.20000	 89.63000	 45.31683	 89.63000
238.40000	 89.87000	 45.48975	 89.87000
238.60000	 90.05000	 45.62303	 90.05000
238.80000	 90.14000	 45.69724	 90.14000
239.00000	 90.18000	 45.73824	 90.18000
239.20000	 90.18000	 45.75258	 90.18000
239.40000	 90.11000	 45.72108	 90.11000
239.60000	 89.99000	 45.65682	 89.99000
239.80000	 89.85000	 45.57932	 89.85000
240.00000	 89.72000	 45.50808	 89.72000
240.20000	 89.59000	 45.43675	 89.59000
240.40000	 89.50000	 45.39116	 89.50000
240.60000	 89.48000	 45.39065	 89.48000
240.80000	 89.56000	 45.45443	 89.56000
241.00000	 89.88000	 45.67248	 89.88000
241.20000	 90.25000	 45.92201	 90.25000
241.40000	 90.66000	 46.19620	 90.66000
241.60000	 91.03000	 46.44326	 91.03000
241.80000	 91.31000	 46.63087	 91.31000
242.00000	 91.54000	 46.78481	 91.54000
242.20000	 91.72000	 46.90522	 91.72000
242.40000	 91.82000	 46.97291	 91.82000
242.60000	 91.85000	 46.99455	 91.85000
242.80000	 91.83000	 46.98326	 91.83000
243.00000	 91.77000	 46.94573	 91.77000
243.20000	 91.69000	 46.89506	 91.69000
243.40000	 91.57000	 46.81854	 91.57000
243.60000	 91.44000	 46.73567	 91.44000
243.80000	 91.28000	 46.63370	 91.28000
244.00000	 91.07000	 46.49988	 91.07000
244.20000	 90.88000	 46.37942	 90.88000
244.40000	 90.75000	 46.29817	 90.75000
244.60000	 90.74000	 46.29473	 90.74000
244.80000	 90.90000	 46.40112	 90.90000
245.00000	 91.13000	 46.55258	 91.13000
245.20000	 91.43000	 46.74879	 91.43000
245.40000	 91.76000	 46.96368	 91.76000
245.60000	 92.11000	 47.19056	 92.11000
245.80000	 92.47000	 47.42282	 92.47000
246.00000	 92.82000	 47.64744	 92.82000
246.20000	 93.13000	 47.84504	 93.13000
246.40000	 93.39000	 48.00921	 93.39000
246.60000	 93.61000	 48.14647	 93.61000
246.80000	 93.77000	 48.24408	 93.77000
247.00000	 93.82000	 48.27000	 93.82000
247.20000	 93.82000	 48.26314	 93.82000
247.40000	 93.78000	 48.23020	 93.78000
247.60000	 93.73000	 48.19072	 93.73000
247.80000	 93.65000	 48.13200	 93.65000
248.00000	 93.60000	 48.09282	 93.60000
248.20000	 93.60000	 48.08612	 93.60000
248.40000	 93.72000	 48.15698	 93.72000
248.60000	 94.08000	 48.38250	 94.08000
248.80000	 94.50000	 48.64633	 94.50000
249.00000	 94.96000	 48.93521	 94.96000
249.20000	 95.40000	 49.21021	 95.40000
249.40000	 95.77000	 49.43896	 95.77000
249.60000	 96.10000	 49.64078	 96.10000
249.80000	 96.37000	 49.80284	 96.37000
250.00000	 96.54000	 49.89951	 96.54000
250.20000	 96.61000	 49.93101	 96.61000
250.40000	 96.64000	 49.93628	 96.64000
250.60000	 96.65000	 49.92844	 96.65000
250.80000	 96.71000	 49.95279	 96.71000
251.00000	 96.77000	 49.97719	 96.77000
251.20000	 96.82000	 49.99525	 96.82000
251.40000	 96.84000	 49.99414	 96.84000
251.60000	 96.71000	 49.89663	 96.71000
251.80000	 96.59000	 49.80601	 96.59000
252.00000	 96.52000	 49.74819	 96.52000
252.20000	 96.57000	 49.76827	 96.57000
252.40000	 96.81000	 49.91121	 96.81000
252.60000	 97.16000	 50.12513	 97.16000
252.80000	 97.62000	 50.40965	 97.62000
253.00000	 98.21000	 50.77725	 98.21000
253.20000	 98.91000	 51.21463	 98.91000
253.40000	 99.66000	 51.68272	 99.66000
253.60000	100.42000	 52.15541	100.42000
253.80000	101.13000	 52.59384	101.13000
254.00000	101.79000	 52.99794	101.79000
254.20000	102.40000	 53.36775	102.40000
254.40000	102.94000	 53.69051	102.94000
254.60000	103.40000	 53.95995	103.40000
254.80000	103.77000	 54.16989	103.77000
255.00000	104.05000	 54.32062	104.05000
255.20000	104.15000	 54.35452	104.15000
255.40000	104.11000	 54.29780	104.11000
255.60000	104.02000	 54.20895	104.02000
255.80000	103.91000	 54.10768	103.91000
256.00000	103.90000	 54.07157	103.90000
256.20000	103.95000	 54.07494	103.95000
256.40000	104.02000	 54.09198	104.02000
256.60000	104.12000	 54.12907	104.12000
256.80000	104.28000	 54.20544	104.28000
257.00000	104.44000	 54.28230	104.44000
257.20000	104.58000	 54.34667	104.58000
257.40000	104.63000	 54.35342	104.63000
257.60000	104.57000	 54.28975	104.57000
257.80000	104.48000	 54.20737	104.48000
258.00000	104.39000	 54.12578	104.39000
258.20000	104.41000	 54.11591	104.41000
258.40000	104.46000	 54.12616	104.46000
258.60000	104.49000	 54.12423	104.49000
258.80000	104.47000	 54.09075	104.47000
259.00000	104.26000	 53.93557	104.26000
259.20000	104.00000	 53.74912	104.00000
259.40000	103.73000	 53.55738	103.73000
259.60000	103.48000	 53.37984	103.48000
259.80000	103.31000	 53.25520	103.31000
260.00000	103.16000	 53.14475	103.16000
260.20000	103.01000	 53.03552	103.01000
260.40000	102.91000	 52.95964	102.91000
260.60000	102.82000	 52.89123	102.82000
260.80000	102.69000	 52.79798	102.69000
261.00000	102.50000	 52.66696	102.50000
261.20000	102.17000	 52.44672	102.17000
261.40000	101.74000	 52.16320	101.74000
261.60000	101.23000	 51.82956	101.23000
261.80000	100.66000	 51.45892	100.66000
262.00000	100.02000	 51.04510	100.02000
262.20000	 99.32000	 50.59477	 99.32000
262.40000	 98.58000	 50.12101	 98.58000
262.60000	 97.76000	 49.59825	 97.76000
262.80000	 96.87000	 49.03312	 96.87000
263.00000	 96.02000	 48.49667	 96.02000
263.20000	 95.24000	 48.00826	 95.24000
263.40000	 94.68000	 47.66443	 94.68000
263.60000	 94.33000	 47.45837	 94.33000
263.80000	 94.10000	 47.33156	 94.10000
264.00000	 93.96000	 47.26413	 93.96000
264.20000	 93.91000	 47.25559	 93.91000
264.40000	 93.92000	 47.28614	 93.92000
264.60000	 93.94000	 47.32318	 93.94000
264.80000	 93.96000	 47.36000	 93.96000
265.00000	 93.86000	 47.31911	 93.86000
265.20000	 93.73000	 47.25850	 93.73000
265.40000	 93.59000	 47.19112	 93.59000
265.60000	 93.43000	 47.11058	 93.43000
265.80000	 93.27000	 47.02984	 93.27000
266.00000	 93.11000	 46.94895	 93.11000
266.20000	 92.97000	 46.88081	 92.97000
266.40000	 92.81000	 46.79967	 92.81000
266.60000	 92.68000	 46.73776	 92.68000
266.80000	 92.62000	 46.72081	 92.62000
267.00000	 92.65000	 46.76161	 92.65000
267.20000	 92.98000	 46.99523	 92.98000
267.40000	 93.38000	 47.27302	 93.38000
267.60000	 93.83000	 47.58168	 93.83000
267.80000	 94.26000	 47.87578	 94.26000
268.00000	 94.60000	 48.11005	 94.60000
268.20000	 94.90000	 48.31670	 94.90000
268.40000	 95.15000	 48.48936	 95.15000
268.60000	 95.30000	 48.59597	 95.30000
268.80000	 95.38000	 48.65607	 95.38000
269.00000	 95.39000	 48.66993	 95.39000
269.20000	 95.35000	 48.65073	 95.35000
269.40000	 95.23000	 48.57939	 95.23000
269.60000	 95.06000	 48.47553	 95.06000
269.80000	 94.86000	 48.35230	 94.86000
270.00000	 94.61000	 48.19703	 94.61000
270.20000	 94.30000	 48.00349	 94.30000
270.40000	 94.02000	 47.82987	 94.02000
270.60000	 93.82000	 47.70847	 93.82000
270.80000	 93.82000	 47.71655	 93.82000
271.00000	 94.01000	 47.84736	 94.01000
271.20000	 94.26000	 48.01673	 94.26000
271.40000	 94.55000	 48.21141	 94.55000
271.60000	 94.76000	 48.35380	 94.76000
271.80000	 94.95000	 48.48244	 94.95000
272.00000	 95.12000	 48.59731	 95.12000
272.20000	 95.27000	 48.69842	 95.27000
272.40000	 95.40000	 48.78580	 95.40000
272.60000	 95.50000	 48.85310	 95.50000
272.80000	 95.57000	 48.90039	 95.57000
273.00000	 95.58000	 48.90845	 95.58000
273.20000	 95.51000	 48.86458	 95.51000
273.40000	 95.41000	 48.80117	 95.41000
273.60000	 95.30000	 48.73130	 95.30000
273.80000	 95.18000	 48.65510	 95.18000
274.00000	 95.06000	 48.57913	 95.06000
274.20000	 94.99000	 48.53565	 94.99000
274.40000	 94.99000	 48.53753	 94.99000
274.60000	 95.14000	 48.63618	 95.14000
274.80000	 95.41000	 48.81203	 95.41000
275.00000	 95.74000	 49.02608	 95.74000
275.20000	 96.14000	 49.28448	 96.14000
275.40000	 96.63000	 49.59982	 96.63000
275.60000	 97.13000	 49.92028	 97.13000
275.80000	 97.60000	 50.21988	 97.60000
276.00000	 97.97000	 50.45347	 97.97000
276.20000	 98.21000	 50.60180	 98.21000
276.40000	 98.37000	 50.69732	 98.37000
276.60000	 98.47000	 50.75319	 98.47000
276.80000	 98.50000	 50.76325	 98.50000
277.00000	 98.48000	 50.74067	 98.48000
277.20000	 98.38000	 50.66639	 98.38000
277.40000	 98.20000	 50.54069	 98.20000
277.60000	 97.86000	 50.31234	 97.86000
277.80000	 97.48000	 50.05904	 97.48000
278.00000	 97.13000	 49.82618	 97.13000
278.20000	 96.88000	 49.65901	 96.88000
278.40000	 96.82000	 49.61548	 96.82000
278.60000	 96.84000	 49.62445	 96.84000
278.80000	 96.94000	 49.68563	 96.94000
279.00000	 97.13000	 49.80515	 97.13000
279.20000	 97.38000	 49.96334	 97.38000
279.40000	 97.65000	 50.13414	 97.65000
279.60000	 97.90000	 50.29156	 97.90000
279.80000	 98.06000	 50.39038	 98.06000
280.00000	 98.16000	 50.44997	 98.16000
280.20000	 98.23000	 50.48976	 98.23000
280.40000	 98.26000	 50.50342	 98.26000
280.60000	 98.28000	 50.51041	 98.28000
280.80000	 98.26000	 50.49152	 98.26000
281.00000	 98.21000	 50.45330	 98.21000
281.20000	 98.09000	 50.37013	 98.09000
281.40000	 97.90000	 50.24217	 97.90000
281.60000	 97.72000	 50.12115	 97.72000
281.80000	 97.56000	 50.01365	 97.56000
282.00000	 97.52000	 49.98410	 97.52000
282.20000	 97.54000	 49.99375	 97.54000
282.40000	 97.61000	 50.03598	 97.61000
282.60000	 97.69000	 50.08485	 97.69000
282.80000	 97.79000	 50.14665	 97.79000
283.00000	 97.88000	 50.20196	 97.88000
283.20000	 97.95000	 50.24424	 97.95000
283.40000	 97.95000	 50.24130	 97.95000
283.60000	 97.90000	 50.20607	 97.90000
283.80000	 97.81000	 50.14513	 97.81000
284.00000	 97.69000	 50.06504	 97.69000
284.20000	 97.57000	 49.98525	 97.57000
284.40000	 97.42000	 49.88652	 97.42000
284.60000	 97.26000	 49.78183	 97.26000
284.80000	 97.06000	 49.65193	 97.06000
285.00000	 96.82000	 49.49690	 96.82000
285.20000	 96.57000	 49.33618	 96.57000
285.40000	 96.35000	 49.19561	 96.35000
285.60000	 96.21000	 49.10740	 96.21000
285.80000	 96.13000	 49.05857	 96.13000
286.00000	 96.09000	 49.03607	 96.09000
286.20000	 96.09000	 49.03973	 96.09000
286.40000	 96.16000	 49.08873	 96.16000
286.60000	 96.24000	 49.14419	 96.24000
286.80000	 96.29000	 49.18022	 96.29000
287.00000	 96.21000	 49.13234	 96.21000
287.20000	 95.98000	 48.98778	 95.98000
287.40000	 95.76000	 48.84989	 95.76000
287.60000	 95.58000	 48.73816	 95.58000
