  0.00000	 47.85000	 77.71444	 47.85000
  0.20000	 47.27000	 74.76875	 47.27000
  0.40000	 46.83000	 72.59948	 46.83000
  0.60000	 46.52000	 71.26839	 46.52000
  0.80000	 46.31000	 70.67144	 46.31000
  1.00000	 46.20000	 70.72901	 46.20000
  1.20000	 46.16000	 71.23592	 46.16000
  1.40000	 46.19000	 72.06935	 46.19000
  1.60000	 46.25000	 72.99554	 46.25000
  1.80000	 46.34000	 73.92588	 46.34000
  2.00000	 46.44000	 74.73968	 46.44000
  2.20000	 46.49000	 75.22807	 46.49000
  2.40000	 46.51000	 75.45887	 46.51000
  2.60000	 46.51000	 75.49186	 46.51000
  2.80000	 46.50000	 75.39615	 46.50000
  3.00000	 46.45000	 75.12259	 46.45000
  3.20000	 46.33000	 74.62648	 46.33000
  3.40000	 46.18000	 74.07715	 46.18000
  3.60000	 46.01000	 73.54442	 46.01000
  3.80000	 45.83000	 73.08403	 45.83000
  4.00000	 45.66000	 72.76633	 45.66000
  4.20000	 45.54000	 72.70386	 45.54000
  4.40000	 45.45000	 72.80968	 45.45000
  4.60000	 45.36000	 72.96010	 45.36000
  4.80000	 45.28000	 73.15622	 45.28000
  5.00000	 45.19000	 73.31494	 45.19000
  5.20000	 45.05000	 73.30491	 45.05000
  5.40000	 44.88000	 73.19188	 44.88000
  5.60000	 44.73000	 73.13777	 44.73000
  5.80000	 44.60000	 73.14693	 44.60000
  6.00000	 44.51000	 73.27560	 44.51000
  6.20000	 44.53000	 73.71759	 44.53000
  6.40000	 44.61000	 74.28702	 44.61000
  6.60000	 44.73000	 74.88666	 44.73000
  6.80000	 44.88000	 75.45795	 44.88000
  7.00000	 45.06000	 75.98363	 45.06000
  7.20000	 45.27000	 76.45627	 45.27000
  7.40000	 45.48000	 76.78722	 45.48000
  7.60000	 45.68000	 76.96038	 45.68000
  7.80000	 45.87000	 76.99992	 45.87000
  8.00000	 45.98000	 76.72829	 45.98000
  8.20000	 46.03000	 76.25392	 46.03000
  8.40000	 46.06000	 75.74805	 46.06000
  8.60000	 46.05000	 75.19113	 46.05000
  8.80000	 46.02000	 74.67427	 46.02000
  9.00000	 45.94000	 74.12705	 45.94000
  9.20000	 45.83000	 73.62382	 45.83000
  9.40000	 45.71000	 73.22990	 45.71000
  9.60000	 45.60000	 72.99830	 45.60000
  9.80000	 45.50000	 72.90947	 45.50000
 10.00000	 45.47000	 73.11377	 45.47000
 10.20000	 45.51000	 73.56516	 45.51000
 10.40000	 45.57000	 74.06097	 45.57000
 10.60000	 45.62000	 74.47045	 45.62000
 10.80000	 45.67000	 74.80214	 45.67000
 11.00000	 45.69000	 74.96019	 45.69000
 11.20000	 45.63000	 74.80810	 45.63000
 11.40000	 45.56000	 74.58951	 45.56000
 11.60000	 45.48000	 74.33608	 45.48000
 11.80000	 45.40000	 74.10255	 45.40000
 12.00000	 45.31000	 73.87490	 45.31000
 12.20000	 45.23000	 73.72238	 45.23000
 12.40000	 45.18000	 73.70408	 45.18000
 12.60000	 45.16000	 73.80743	 45.16000
 12.80000	 45.23000	 74.18973	 45.23000
 13.00000	 45.40000	 74.84074	 45.40000
 13.20000	 45.61000	 75.53072	 45.61000
 13.40000	 45.82000	 76.10166	 45.82000
 13.60000	 46.01000	 76.47822	 46.01000
 13.80000	 46.11000	 76.46052	 46.11000
 14.00000	 46.18000	 76.26761	 46.18000
 14.20000	 46.22000	 75.94477	 46.22000
 14.40000	 46.24000	 75.56504	 46.24000
 14.60000	 46.25000	 75.19335	 46.25000
 14.80000	 46.26000	 74.88294	 46.26000
 15.00000	 46.24000	 74.55573	 46.24000
 15.20000	 46.21000	 74.27958	 46.21000
 15.40000	 46.15000	 73.99655	 46.15000
 15.60000	 46.02000	 73.58972	 46.02000
 15.80000	 45.87000	 73.21908	 45.87000
 16.00000	 45.73000	 72.97823	 45.73000
 16.20000	 45.61000	 72.88790	 45.61000
 16.40000	 45.53000	 72.98697	 45.53000
 16.60000	 45.64000	 73.68704	 45.64000
 16.80000	 45.79000	 74.46698	 45.79000
 17.00000	 45.96000	 75.20648	 45.96000
 17.20000	 46.14000	 75.83754	 46.14000
 17.40000	 46.30000	 76.25523	 46.30000
 17.60000	 46.37000	 76.26147	 46.37000
 17.80000	 46.43000	 76.13725	 46.43000
 18.00000	 46.46000	 75.86662	 46.46000
 18.20000	 46.46000	 75.49312	 46.46000
 18.40000	 46.44000	 75.08604	 46.44000
 18.60000	 46.38000	 74.61685	 46.38000
 18.80000	 46.31000	 74.20102	 46.31000
 19.00000	 46.22000	 73.82248	 46.22000
 19.20000	 46.13000	 73.54599	 46.13000
 19.40000	 46.04000	 73.36584	 46.04000
 19.60000	 45.96000	 73.29849	 45.96000
 19.80000	 45.88000	 73.29470	 45.88000
 20.00000	 45.79000	 73.30526	 45.79000
 20.20000	 45.69000	 73.31517	 45.69000
 20.40000	 45.58000	 73.31403	 45.58000
 20.60000	 45.38000	 73.05919	 45.38000
 20.80000	 45.19000	 72.86544	 45.19000
 21.00000	 45.01000	 72.74034	 45.01000
 21.20000	 44.86000	 72.74183	 44.86000
 21.40000	 44.77000	 72.94591	 44.77000
 21.60000	 44.82000	 73.56145	 44.82000
 21.80000	 44.94000	 74.32427	 44.94000
 22.00000	 45.10000	 75.09250	 45.10000
 22.20000	 45.30000	 75.82901	 45.30000
 22.40000	 45.54000	 76.51133	 45.54000
 22.60000	 45.81000	 77.09970	 45.81000
 22.80000	 46.09000	 77.53701	 46.09000
 23.00000	 46.35000	 77.75032	 46.35000
 23.20000	 46.58000	 77.74207	 46.58000
 23.40000	 46.69000	 77.28922	 46.69000
 23.60000	 46.74000	 76.64027	 46.74000
 23.80000	 46.75000	 75.92181	 46.75000
 24.00000	 46.71000	 75.15737	 46.71000
 24.20000	 46.65000	 74.47646	 46.65000
 24.40000	 46.55000	 73.84020	 46.55000
 24.60000	 46.44000	 73.34681	 46.44000
 24.80000	 46.32000	 72.98935	 46.32000
 25.00000	 46.21000	 72.80917	 46.21000
 25.20000	 46.12000	 72.80682	 46.12000
 25.40000	 46.10000	 73.09328	 46.10000
 25.60000	 46.10000	 73.46831	 46.10000
 25.80000	 46.12000	 73.88736	 46.12000
 26.00000	 46.16000	 74.31551	 46.16000
 26.20000	 46.21000	 74.69827	 46.21000
 26.40000	 46.29000	 75.08187	 46.29000
 26.60000	 46.38000	 75.39834	 46.38000
 26.80000	 46.45000	 75.55931	 46.45000
 27.00000	 46.52000	 75.63870	 46.52000
 27.20000	 46.54000	 75.50670	 46.54000
 27.40000	 46.51000	 75.19550	 46.51000
 27.60000	 46.46000	 74.83273	 46.46000
 27.80000	 46.38000	 74.42058	 46.38000
 28.00000	 46.28000	 74.01508	 46.28000
 28.20000	 46.16000	 73.63383	 46.16000
 28.40000	 46.01000	 73.25705	 46.01000
 28.60000	 45.85000	 72.95003	 45.85000
 28.80000	 45.67000	 72.68082	 45.67000
 29.00000	 45.48000	 72.47364	 45.48000
 29.20000	 45.28000	 72.31885	 45.28000
 29.40000	 45.02000	 72.05700	 45.02000
 29.60000	 44.76000	 71.86714	 44.76000
 29.80000	 44.53000	 71.83230	 44.53000
 30.00000	 44.34000	 71.96364	 44.34000
 30.20000	 44.20000	 72.26245	 44.20000
 30.40000	 44.21000	 72.98917	 44.21000
 30.60000	 44.32000	 73.93203	 44.32000
 30.80000	 44.48000	 74.87902	 44.48000
 31.00000	 44.68000	 75.75603	 44.68000
 31.20000	 44.89000	 76.45039	 44.89000
 31.40000	 45.09000	 76.90372	 45.09000
 31.60000	 45.28000	 77.13929	 45.28000
 31.80000	 45.46000	 77.19377	 45.46000
 32.00000	 45.61000	 77.05052	 45.61000
 32.20000	 45.72000	 76.72794	 45.72000
 32.40000	 45.74000	 76.12822	 45.74000
 32.60000	 45.73000	 75.48900	 45.73000
 32.80000	 45.69000	 74.85561	 45.69000
 33.00000	 45.63000	 74.28829	 45.63000
 33.20000	 45.56000	 73.83144	 45.56000
 33.40000	 45.47000	 73.45528	 45.47000
 33.60000	 45.38000	 73.21101	 45.38000
 33.80000	 45.29000	 73.08069	 45.29000
 34.00000	 45.20000	 73.04107	 45.20000
 34.20000	 45.13000	 73.12662	 45.13000
 34.40000	 45.08000	 73.30851	 45.08000
 34.60000	 45.06000	 73.58735	 45.06000
 34.80000	 45.07000	 73.93408	 45.07000
 35.00000	 45.10000	 74.29276	 45.10000
 35.20000	 45.16000	 74.67368	 45.16000
 35.40000	 45.30000	 75.20932	 45.30000
 35.60000	 45.49000	 75.78624	 45.49000
 35.80000	 45.69000	 76.26542	 45.69000
 36.00000	 45.89000	 76.61223	 45.89000
 36.20000	 46.08000	 76.80613	 46.08000
 36.40000	 46.19000	 76.66089	 46.19000
 36.60000	 46.28000	 76.39980	 46.28000
 36.80000	 46.35000	 76.06555	 46.35000
 37.00000	 46.40000	 75.69449	 46.40000
 37.20000	 46.43000	 75.31518	 46.43000
 37.40000	 46.44000	 74.94804	 46.44000
 37.60000	 46.45000	 74.66506	 46.45000
 37.80000	 46.44000	 74.40809	 46.44000
 38.00000	 46.42000	 74.20476	 46.42000
 38.20000	 46.39000	 74.04861	 46.39000
 38.40000	 46.36000	 73.96021	 46.36000
 38.60000	 46.34000	 73.95646	 46.34000
 38.80000	 46.31000	 73.96154	 46.31000
 39.00000	 46.27000	 73.96299	 46.27000
 39.20000	 46.24000	 74.01159	 46.24000
 39.40000	 46.19000	 74.00849	 46.19000
 39.60000	 46.10000	 73.89230	 46.10000
 39.80000	 46.00000	 73.76061	 46.00000
 40.00000	 45.91000	 73.68012	 45.91000
 40.20000	 45.84000	 73.68084	 45.84000
 40.40000	 45.80000	 73.78506	 45.80000
 40.60000	 45.81000	 74.03725	 45.81000
 40.80000	 45.90000	 74.50220	 45.90000
 41.00000	 46.03000	 75.02545	 46.03000
 41.20000	 46.19000	 75.54707	 46.19000
 41.40000	 46.39000	 76.07592	 46.39000
 41.60000	 46.63000	 76.59720	 46.63000
 41.80000	 46.90000	 77.07205	 46.90000
 42.00000	 47.18000	 77.43948	 47.18000
 42.20000	 47.45000	 77.64931	 47.45000
 42.40000	 47.68000	 77.63391	 47.68000
 42.60000	 47.81000	 77.25162	 47.81000
 42.80000	 47.89000	 76.70908	 47.89000
 43.00000	 47.93000	 76.09150	 47.93000
 43.20000	 47.94000	 75.47384	 47.94000
 43.40000	 47.92000	 74.88737	 47.92000
 43.60000	 47.89000	 74.40975	 47.89000
 43.80000	 47.84000	 74.01387	 47.84000
 44.00000	 47.77000	 73.69360	 47.77000
 44.20000	 47.68000	 73.43742	 47.68000
 44.40000	 47.56000	 73.20160	 47.56000
 44.60000	 47.40000	 72.94471	 47.40000
 44.80000	 47.22000	 72.71938	 47.22000
 45.00000	 47.04000	 72.57716	 47.04000
 45.20000	 46.86000	 72.50493	 46.86000
 45.40000	 46.70000	 72.54609	 46.70000
 45.60000	 46.58000	 72.73827	 46.58000
 45.80000	 46.53000	 73.14118	 46.53000
 46.00000	 46.51000	 73.59699	 46.51000
 46.20000	 46.51000	 74.04388	 46.51000
 46.40000	 46.54000	 74.49003	 46.54000
 46.60000	 46.60000	 74.92088	 46.60000
 46.80000	 46.70000	 75.35753	 46.70000
 47.00000	 46.81000	 75.70511	 46.81000
 47.20000	 46.92000	 75.93828	 46.92000
 47.40000	 47.03000	 76.07078	 47.03000
 47.60000	 47.09000	 75.97389	 47.09000
 47.80000	 47.10000	 75.68221	 47.10000
 48.00000	 47.10000	 75.35611	 47.10000
 48.20000	 47.09000	 75.02795	 47.09000
 48.40000	 47.06000	 74.69074	 47.06000
 48.60000	 47.04000	 74.44950	 47.04000
 48.80000	 47.03000	 74.30651	 47.03000
 49.00000	 47.00000	 74.16546	 47.00000
 49.20000	 46.96000	 74.05030	 46.96000
 49.40000	 46.92000	 73.98420	 46.92000
 49.60000	 46.81000	 73.75122	 46.81000
 49.80000	 46.69000	 73.53781	 46.69000
 50.00000	 46.58000	 73.40751	 46.58000
 50.20000	 46.50000	 73.41467	 46.50000
 50.40000	 46.46000	 73.57272	 46.46000
 50.60000	 46.55000	 74.12241	 46.55000
 50.80000	 46.71000	 74.83259	 46.71000
 51.00000	 46.89000	 75.50343	 46.89000
 51.20000	 47.10000	 76.13225	 47.10000
 51.40000	 47.30000	 76.58270	 47.30000
 51.60000	 47.48000	 76.82948	 47.48000
 51.80000	 47.64000	 76.89471	 47.64000
 52.00000	 47.77000	 76.78123	 47.77000
 52.20000	 47.86000	 76.49866	 47.86000
 52.40000	 47.83000	 75.85346	 47.83000
 52.60000	 47.74000	 75.08632	 47.74000
 52.80000	 47.59000	 74.25233	 47.59000
 53.00000	 47.42000	 73.51384	 47.42000
 53.20000	 47.22000	 72.86267	 47.22000
 53.40000	 47.04000	 72.45300	 47.04000
 53.60000	 46.85000	 72.17780	 46.85000
 53.80000	 46.66000	 72.04117	 46.66000
 54.00000	 46.45000	 71.95321	 46.45000
 54.20000	 46.23000	 71.91748	 46.23000
 54.40000	 45.95000	 71.76318	 45.95000
 54.60000	 45.64000	 71.57394	 45.64000
 54.80000	 45.33000	 71.43808	 45.33000
 55.00000	 45.06000	 71.46852	 45.06000
 55.20000	 44.82000	 71.61652	 44.82000
 55.40000	 44.68000	 72.06474	 44.68000
 55.60000	 44.65000	 72.79807	 44.65000
 55.80000	 44.67000	 73.58190	 44.67000
 56.00000	 44.73000	 74.34250	 44.73000
 56.20000	 44.83000	 75.05172	 44.83000
 56.40000	 44.98000	 75.72472	 44.98000
 56.60000	 45.15000	 76.26658	 45.15000
 56.80000	 45.32000	 76.62636	 45.32000
 57.00000	 45.47000	 76.76788	 45.47000
 57.20000	 45.56000	 76.60931	 45.56000
 57.40000	 45.56000	 76.11527	 45.56000
 57.60000	 45.51000	 75.47214	 45.51000
 57.80000	 45.44000	 74.82959	 45.44000
 58.00000	 45.33000	 74.17059	 45.33000
 58.20000	 45.17000	 73.49604	 45.17000
 58.40000	 44.98000	 72.88733	 44.98000
 58.60000	 44.79000	 72.44216	 44.79000
 58.80000	 44.61000	 72.18085	 44.61000
 59.00000	 44.45000	 72.10920	 44.45000
 59.20000	 44.39000	 72.42939	 44.39000
 59.40000	 44.39000	 72.96291	 44.39000
 59.60000	 44.44000	 73.61863	 44.44000
 59.80000	 44.52000	 74.28350	 44.52000
 60.00000	 44.63000	 74.91949	 44.63000
 60.20000	 44.79000	 75.56229	 44.79000
 60.40000	 44.96000	 76.07709	 44.96000
 60.60000	 45.14000	 76.46457	 45.14000
 60.80000	 45.29000	 76.61911	 45.29000
 61.00000	 45.40000	 76.54175	 45.40000
 61.20000	 45.41000	 76.09807	 45.41000
 61.40000	 45.39000	 75.55879	 45.39000
 61.60000	 45.33000	 74.94744	 45.33000
 61.80000	 45.24000	 74.33691	 45.24000
 62.00000	 45.12000	 73.75697	 45.12000
 62.20000	 44.98000	 73.25471	 44.98000
 62.40000	 44.82000	 72.83481	 44.82000
 62.60000	 44.65000	 72.52216	 44.65000
 62.80000	 44.48000	 72.33286	 44.48000
 63.00000	 44.30000	 72.21638	 44.30000
 63.20000	 44.11000	 72.15123	 44.11000
 63.40000	 43.93000	 72.17675	 43.93000
 63.60000	 43.79000	 72.35937	 43.79000
 63.80000	 43.69000	 72.66907	 43.69000
 64.00000	 43.66000	 73.16190	 43.66000
 64.20000	 43.76000	 73.97568	 43.76000
 64.40000	 43.91000	 74.81696	 43.91000
 64.60000	 44.09000	 75.58482	 44.09000
 64.80000	 44.30000	 76.25745	 44.30000
 65.00000	 44.51000	 76.74026	 44.51000
 65.20000	 44.73000	 77.07667	 44.73000
 65.40000	 44.94000	 77.23109	 44.94000
 65.60000	 45.13000	 77.20743	 45.13000
 65.80000	 45.29000	 77.01604	 45.29000
 66.00000	 45.35000	 76.49336	 45.35000
 66.20000	 45.37000	 75.87756	 45.37000
 66.40000	 45.37000	 75.27842	 45.37000
 66.60000	 45.35000	 74.72936	 45.35000
 66.80000	 45.32000	 74.27820	 45.32000
 67.00000	 45.32000	 74.04651	 45.32000
 67.20000	 45.31000	 73.89773	 45.31000
 67.40000	 45.28000	 73.78175	 45.28000
 67.60000	 45.25000	 73.74020	 45.25000
 67.80000	 45.20000	 73.69484	 45.20000
 68.00000	 45.11000	 73.57355	 45.11000
 68.20000	 45.01000	 73.46297	 45.01000
 68.40000	 44.92000	 73.41973	 44.92000
 68.60000	 44.84000	 73.43579	 44.84000
 68.80000	 44.79000	 73.55915	 44.79000
 69.00000	 44.80000	 73.86078	 44.80000
 69.20000	 44.83000	 74.19367	 44.83000
 69.40000	 44.89000	 74.56460	 44.89000
 69.60000	 44.97000	 74.92481	 44.97000
 69.80000	 45.10000	 75.35080	 45.10000
 70.00000	 45.26000	 75.76908	 45.26000
 70.20000	 45.43000	 76.11149	 45.43000
 70.40000	 45.58000	 76.29034	 45.58000
 70.60000	 45.70000	 76.29211	 45.70000
 70.80000	 45.72000	 75.93763	 45.72000
 71.00000	 45.68000	 75.39745	 45.68000
 71.20000	 45.62000	 74.84330	 45.62000
 71.40000	 45.54000	 74.31341	 45.54000
 71.60000	 45.43000	 73.80229	 45.43000
 71.80000	 45.31000	 73.38377	 45.31000
 72.00000	 45.18000	 73.05922	 45.18000
 72.20000	 45.05000	 72.85019	 45.05000
 72.40000	 44.93000	 72.76974	 44.93000
 72.60000	 44.82000	 72.79436	 44.82000
 72.80000	 44.73000	 72.92741	 44.73000
 73.00000	 44.66000	 73.14063	 44.66000
 73.20000	 44.63000	 73.46607	 44.63000
 73.40000	 44.63000	 73.84504	 44.63000
 73.60000	 44.68000	 74.31158	 44.68000
 73.80000	 44.83000	 74.98812	 44.83000
 74.00000	 45.03000	 75.68999	 45.03000
 74.20000	 45.27000	 76.35998	 45.27000
 74.40000	 45.53000	 76.92307	 45.53000
 74.60000	 45.81000	 77.37849	 45.81000
 74.80000	 46.09000	 77.67690	 46.09000
 75.00000	 46.37000	 77.83992	 46.37000
 75.20000	 46.64000	 77.86579	 46.64000
 75.40000	 46.87000	 77.69801	 46.87000
 75.60000	 47.04000	 77.31784	 47.04000
 75.80000	 47.15000	 76.77301	 47.15000
 76.00000	 47.21000	 76.14138	 47.21000
 76.20000	 47.22000	 75.46432	 47.22000
 76.40000	 47.17000	 74.74493	 47.17000
 76.60000	 47.04000	 73.95039	 47.04000
 76.80000	 46.87000	 73.22379	 46.87000
 77.00000	 46.68000	 72.63481	 46.68000
 77.20000	 46.46000	 72.14804	 46.46000
 77.40000	 46.24000	 71.83828	 46.24000
 77.60000	 46.01000	 71.64960	 46.01000
 77.80000	 45.81000	 71.67046	 45.81000
 78.00000	 45.64000	 71.86057	 45.64000
 78.20000	 45.51000	 72.20573	 45.51000
 78.40000	 45.53000	 72.98634	 45.53000
 78.60000	 45.60000	 73.83547	 45.60000
 78.80000	 45.71000	 74.66795	 45.71000
 79.00000	 45.84000	 75.38796	 45.84000
 79.20000	 45.97000	 75.92176	 45.97000
 79.40000	 46.08000	 76.21771	 46.08000
 79.60000	 46.18000	 76.33297	 46.18000
 79.80000	 46.26000	 76.27412	 46.26000
 80.00000	 46.30000	 76.02346	 46.30000
 80.20000	 46.28000	 75.56848	 46.28000
 80.40000	 46.18000	 74.90132	 46.18000
 80.60000	 46.05000	 74.22490	 46.05000
 80.80000	 45.88000	 73.54855	 45.88000
 81.00000	 45.69000	 72.95806	 45.69000
 81.20000	 45.45000	 72.37500	 45.45000
 81.40000	 45.17000	 71.83502	 45.17000
 81.60000	 44.89000	 71.45627	 44.89000
 81.80000	 44.64000	 71.31211	 44.64000
 82.00000	 44.43000	 71.39943	 44.43000
 82.20000	 44.31000	 71.82173	 44.31000
 82.40000	 44.29000	 72.54669	 44.29000
 82.60000	 44.34000	 73.41471	 44.34000
 82.80000	 44.45000	 74.33398	 44.45000
 83.00000	 44.62000	 75.25687	 44.62000
 83.20000	 44.90000	 76.29820	 44.90000
 83.40000	 45.24000	 77.27675	 45.24000
 83.60000	 45.59000	 78.02789	 45.59000
 83.80000	 45.93000	 78.50242	 45.93000
 84.00000	 46.20000	 78.55599	 46.20000
 84.20000	 46.34000	 78.07357	 46.34000
 84.40000	 46.42000	 77.35521	 46.42000
 84.60000	 46.46000	 76.54650	 46.46000
 84.80000	 46.46000	 75.71567	 46.46000
 85.00000	 46.44000	 74.97090	 46.44000
 85.20000	 46.39000	 74.30838	 46.39000
 85.40000	 46.32000	 73.76751	 46.32000
 85.60000	 46.23000	 73.34350	 46.23000
 85.80000	 46.12000	 73.02182	 46.12000
 86.00000	 45.98000	 72.75310	 45.98000
 86.20000	 45.81000	 72.51841	 45.81000
 86.40000	 45.65000	 72.41949	 45.65000
 86.60000	 45.50000	 72.43213	 45.50000
 86.80000	 45.37000	 72.55862	 45.37000
 87.00000	 45.31000	 72.91719	 45.31000
 87.20000	 45.33000	 73.49537	 45.33000
 87.40000	 45.37000	 74.06637	 45.37000
 87.60000	 45.43000	 74.59675	 45.43000
 87.80000	 45.50000	 75.03778	 45.50000
 88.00000	 45.58000	 75.38467	 45.58000
 88.20000	 45.65000	 75.58397	 45.65000
 88.40000	 45.72000	 75.68309	 45.72000
 88.60000	 45.77000	 75.64474	 45.77000
 88.80000	 45.80000	 75.49695	 45.80000
 89.00000	 45.77000	 75.15113	 45.77000
 89.20000	 45.69000	 74.67578	 45.69000
 89.40000	 45.59000	 74.19852	 45.59000
 89.60000	 45.46000	 73.71680	 45.46000
 89.80000	 45.31000	 73.27915	 45.31000
 90.00000	 45.15000	 72.92398	 45.15000
 90.20000	 44.94000	 72.53132	 44.94000
 90.40000	 44.74000	 72.28056	 44.74000
 90.60000	 44.55000	 72.15977	 44.55000
 90.80000	 44.38000	 72.17797	 44.38000
 91.00000	 44.24000	 72.33747	 44.24000
 91.20000	 44.17000	 72.72442	 44.17000
 91.40000	 44.15000	 73.23635	 44.15000
 91.60000	 44.18000	 73.83169	 44.18000
 91.80000	 44.26000	 74.47407	 44.26000
 92.00000	 44.38000	 75.10455	 44.38000
 92.20000	 44.62000	 75.94059	 44.62000
 92.40000	 44.91000	 76.74339	 44.91000
 92.60000	 45.21000	 77.37603	 45.21000
 92.80000	 45.49000	 77.75307	 45.49000
 93.00000	 45.73000	 77.84174	 45.73000
 93.20000	 45.83000	 77.39178	 45.83000
 93.40000	 45.88000	 76.75075	 45.88000
 93.60000	 45.89000	 76.02251	 45.89000
 93.80000	 45.87000	 75.29608	 45.87000
 94.00000	 45.83000	 74.64182	 45.83000
 94.20000	 45.80000	 74.16974	 45.80000
 94.40000	 45.74000	 73.75917	 45.74000
 94.60000	 45.67000	 73.46155	 45.67000
 94.80000	 45.58000	 73.23127	 45.58000
 95.00000	 45.46000	 73.02115	 45.46000
 95.20000	 45.27000	 72.69871	 45.27000
 95.40000	 45.07000	 72.44164	 45.07000
 95.60000	 44.89000	 72.33264	 44.89000
 95.80000	 44.73000	 72.35363	 44.73000
 96.00000	 44.61000	 72.53904	 44.61000
 96.20000	 44.65000	 73.21110	 44.65000
 96.40000	 44.73000	 73.94751	 44.73000
 96.60000	 44.84000	 74.66602	 44.84000
 96.80000	 44.96000	 75.27288	 44.96000
 97.00000	 45.08000	 75.72522	 45.08000
 97.20000	 45.17000	 75.93976	 45.17000
 97.40000	 45.25000	 76.00168	 45.25000
 97.60000	 45.31000	 75.91388	 45.31000
 97.80000	 45.34000	 75.68334	 45.34000
 98.00000	 45.34000	 75.34868	 45.34000
 98.20000	 45.26000	 74.79856	 45.26000
 98.40000	 45.16000	 74.25550	 45.16000
 98.60000	 45.03000	 73.72043	 45.03000
 98.80000	 44.88000	 73.24310	 44.88000
 99.00000	 44.73000	 72.89101	 44.73000
 99.20000	 44.59000	 72.68769	 44.59000
 99.40000	 44.46000	 72.61491	 44.46000
 99.60000	 44.33000	 72.61822	 44.33000
 99.80000	 44.19000	 72.64360	 44.19000
100.00000	 44.05000	 72.70153	 44.05000
100.20000	 43.89000	 72.71663	 43.89000
100.40000	 43.70000	 72.65200	 43.70000
100.60000	 43.54000	 72.68728	 43.54000
100.80000	 43.41000	 72.81478	 43.41000
101.00000	 43.31000	 73.02060	 43.31000
101.20000	 43.32000	 73.52434	 43.32000
101.40000	 43.42000	 74.22762	 43.42000
101.60000	 43.56000	 74.93707	 43.56000
101.80000	 43.73000	 75.59125	 43.73000
102.00000	 43.90000	 76.08479	 43.90000
102.20000	 44.07000	 76.42134	 44.07000
102.40000	 44.23000	 76.58874	 44.23000
102.60000	 44.37000	 76.58543	 44.37000
102.80000	 44.49000	 76.44685	 44.49000
103.00000	 44.57000	 76.15111	 44.57000
103.20000	 44.56000	 75.59085	 44.56000
103.40000	 44.51000	 74.96639	 44.51000
103.60000	 44.45000	 74.40861	 44.45000
103.80000	 44.36000	 73.88126	 44.36000
104.00000	 44.27000	 73.48578	 44.27000
104.20000	 44.19000	 73.24810	 44.19000
104.40000	 44.10000	 73.09170	 44.10000
104.60000	 44.01000	 73.02633	 44.01000
104.80000	 43.92000	 73.02967	 43.92000
105.00000	 43.81000	 73.02064	 43.81000
105.20000	 43.65000	 72.89644	 43.65000
105.40000	 43.51000	 72.86478	 43.51000
105.60000	 43.39000	 72.91760	 43.39000
105.80000	 43.31000	 73.10053	 43.31000
106.00000	 43.33000	 73.56948	 43.33000
106.20000	 43.45000	 74.28310	 43.45000
106.40000	 43.63000	 75.07194	 43.63000
106.60000	 43.85000	 75.83463	 43.85000
106.80000	 44.09000	 76.48550	 44.09000
107.00000	 44.37000	 77.07599	 44.37000
107.20000	 44.65000	 77.48848	 44.65000
107.40000	 44.92000	 77.71071	 44.92000
107.60000	 45.15000	 77.68392	 45.15000
107.80000	 45.29000	 77.30440	 45.29000
108.00000	 45.31000	 76.54689	 45.31000
108.20000	 45.29000	 75.72683	 45.29000
108.40000	 45.23000	 74.90462	 45.23000
108.60000	 45.14000	 74.15161	 45.14000
108.80000	 45.05000	 73.57868	 45.05000
109.00000	 44.96000	 73.18416	 44.96000
109.20000	 44.85000	 72.89088	 44.85000
109.40000	 44.74000	 72.73578	 44.74000
109.60000	 44.61000	 72.63129	 44.61000
109.80000	 44.45000	 72.52325	 44.45000
110.00000	 44.28000	 72.45393	 44.28000
110.20000	 44.13000	 72.49660	 44.13000
110.40000	 44.02000	 72.68921	 44.02000
110.60000	 43.96000	 73.03272	 43.96000
110.80000	 44.06000	 73.81843	 44.06000
111.00000	 44.22000	 74.68639	 44.22000
111.20000	 44.43000	 75.55503	 44.43000
111.40000	 44.66000	 76.29987	 44.66000
111.60000	 44.91000	 76.90797	 44.91000
111.80000	 45.16000	 77.32431	 45.16000
112.00000	 45.40000	 77.54031	 45.40000
112.20000	 45.62000	 77.55986	 45.62000
112.40000	 45.81000	 77.39504	 45.81000
112.60000	 45.91000	 76.91463	 45.91000
112.80000	 45.94000	 76.23904	 45.94000
113.00000	 45.93000	 75.51747	 45.93000
113.20000	 45.90000	 74.85505	 45.90000
113.40000	 45.83000	 74.21883	 45.83000
113.60000	 45.74000	 73.68333	 45.74000
113.80000	 45.63000	 73.24956	 45.63000
114.00000	 45.51000	 72.93804	 45.51000
114.20000	 45.40000	 72.79000	 45.40000
114.40000	 45.31000	 72.80718	 45.31000
114.60000	 45.24000	 72.95480	 45.24000
114.80000	 45.21000	 73.25567	 45.21000
115.00000	 45.21000	 73.64079	 45.21000
115.20000	 45.24000	 74.07507	 45.24000
115.40000	 45.30000	 74.52971	 45.30000
115.60000	 45.47000	 75.21948	 45.47000
115.80000	 45.67000	 75.87126	 45.67000
116.00000	 45.88000	 76.40432	 45.88000
116.20000	 46.09000	 76.78544	 46.09000
116.40000	 46.27000	 76.93779	 46.27000
116.60000	 46.38000	 76.77285	 46.38000
116.80000	 46.47000	 76.48858	 46.47000
117.00000	 46.52000	 76.07183	 46.52000
117.20000	 46.54000	 75.59627	 46.54000
117.40000	 46.53000	 75.09785	 46.53000
117.60000	 46.47000	 74.54434	 46.47000
117.80000	 46.39000	 74.04796	 46.39000
118.00000	 46.28000	 73.58993	 46.28000
118.20000	 46.15000	 73.20347	 46.15000
118.40000	 46.00000	 72.88423	 46.00000
118.60000	 45.80000	 72.53406	 45.80000
118.80000	 45.60000	 72.29682	 45.60000
119.00000	 45.42000	 72.21821	 45.42000
119.20000	 45.26000	 72.27404	 45.26000
119.40000	 45.13000	 72.46452	 45.13000
119.60000	 45.09000	 72.93407	 45.09000
119.80000	 45.12000	 73.57488	 45.12000
120.00000	 45.20000	 74.27831	 45.20000
120.20000	 45.32000	 74.97484	 45.32000
120.40000	 45.49000	 75.66727	 45.49000
120.60000	 45.77000	 76.51506	 45.77000
120.80000	 46.09000	 77.28485	 46.09000
121.00000	 46.41000	 77.84771	 46.41000
121.20000	 46.70000	 78.12714	 46.70000
121.40000	 46.92000	 78.04001	 46.92000
121.60000	 46.97000	 77.34937	 46.97000
121.80000	 46.95000	 76.44754	 46.95000
122.00000	 46.88000	 75.48022	 46.88000
122.20000	 46.77000	 74.54283	 46.77000
122.40000	 46.64000	 73.73704	 46.64000
122.60000	 46.49000	 73.07973	 46.49000
122.80000	 46.33000	 72.59796	 46.33000
123.00000	 46.18000	 72.33246	 46.18000
123.20000	 46.03000	 72.22052	 46.03000
123.40000	 45.90000	 72.28376	 45.90000
123.60000	 45.84000	 72.62753	 45.84000
123.80000	 45.84000	 73.16674	 45.84000
124.00000	 45.86000	 73.72654	 45.86000
124.20000	 45.89000	 74.23634	 45.89000
124.40000	 45.95000	 74.73164	 45.95000
124.60000	 46.03000	 75.16807	 46.03000
124.80000	 46.12000	 75.51150	 46.12000
125.00000	 46.22000	 75.76764	 46.22000
125.20000	 46.29000	 75.83051	 46.29000
125.40000	 46.35000	 75.78586	 46.35000
125.60000	 46.33000	 75.45535	 46.33000
125.80000	 46.25000	 74.94447	 46.25000
126.00000	 46.13000	 74.36118	 46.13000
126.20000	 45.98000	 73.77550	 45.98000
126.40000	 45.81000	 73.24504	 45.81000
126.60000	 45.62000	 72.78390	 45.62000
126.80000	 45.41000	 72.39515	 45.41000
127.00000	 45.19000	 72.10352	 45.19000
127.20000	 44.96000	 71.89640	 44.96000
127.40000	 44.73000	 71.78658	 44.73000
127.60000	 44.50000	 71.75323	 44.50000
127.80000	 44.25000	 71.71558	 44.25000
128.00000	 44.00000	 71.71804	 44.00000
128.20000	 43.78000	 71.83530	 43.78000
128.40000	 43.61000	 72.10611	 43.61000
128.60000	 43.50000	 72.53165	 43.50000
128.80000	 43.53000	 73.31443	 43.53000
129.00000	 43.70000	 74.39791	 43.70000
129.20000	 43.90000	 75.39013	 43.90000
129.40000	 44.13000	 76.25364	 44.13000
129.60000	 44.35000	 76.85664	 44.35000
129.80000	 44.46000	 76.91876	 44.46000
130.00000	 44.52000	 76.67848	 44.52000
130.20000	 44.55000	 76.26555	 44.55000
130.40000	 44.55000	 75.74509	 44.55000
130.60000	 44.52000	 75.17217	 44.52000
130.80000	 44.47000	 74.61928	 44.47000
131.00000	 44.40000	 74.11413	 44.40000
131.20000	 44.30000	 73.64172	 44.30000
131.40000	 44.20000	 73.29753	 44.20000
131.60000	 44.07000	 72.98547	 44.07000
131.80000	 43.91000	 72.69718	 43.91000
132.00000	 43.73000	 72.45402	 43.73000
132.20000	 43.56000	 72.33460	 43.56000
132.40000	 43.40000	 72.32029	 43.40000
132.60000	 43.28000	 72.47697	 43.28000
132.80000	 43.24000	 72.89114	 43.24000
133.00000	 43.29000	 73.54642	 43.29000
133.20000	 43.38000	 74.24096	 43.38000
133.40000	 43.50000	 74.90422	 43.50000
133.60000	 43.63000	 75.45190	 43.63000
133.80000	 43.78000	 75.90707	 43.78000
134.00000	 43.93000	 76.21502	 43.93000
134.20000	 44.07000	 76.36319	 44.07000
134.40000	 44.19000	 76.34883	 44.19000
134.60000	 44.29000	 76.20581	 44.29000
134.80000	 44.32000	 75.82183	 44.32000
135.00000	 44.28000	 75.24391	 44.28000
135.20000	 44.22000	 74.67032	 44.22000
135.40000	 44.15000	 74.16508	 44.15000
135.60000	 44.06000	 73.71594	 44.06000
135.80000	 43.98000	 73.41814	 43.98000
136.00000	 43.92000	 73.29151	 43.92000
136.20000	 43.87000	 73.28367	 43.87000
136.40000	 43.81000	 73.30851	 43.81000
136.60000	 43.74000	 73.34419	 43.74000
136.80000	 43.66000	 73.37452	 43.66000
137.00000	 43.52000	 73.24094	 43.52000
137.20000	 43.38000	 73.12853	 43.38000
137.40000	 43.28000	 73.15886	 43.28000
137.60000	 43.22000	 73.32094	 43.22000
137.80000	 43.23000	 73.68361	 43.23000
138.00000	 43.37000	 74.39187	 43.37000
138.20000	 43.58000	 75.21399	 43.58000
138.40000	 43.85000	 76.07239	 43.85000
138.60000	 44.17000	 76.90115	 44.17000
138.80000	 44.59000	 77.82598	 44.59000
139.00000	 45.09000	 78.76393	 45.09000
139.20000	 45.59000	 79.46128	 45.59000
139.40000	 46.07000	 79.86971	 46.07000
139.60000	 46.50000	 79.93530	 46.50000
139.80000	 46.72000	 79.24134	 46.72000
140.00000	 46.88000	 78.34086	 46.88000
140.20000	 46.99000	 77.35853	 46.99000
140.40000	 47.05000	 76.36768	 47.05000
140.60000	 47.10000	 75.53783	 47.10000
140.80000	 47.16000	 74.94831	 47.16000
141.00000	 47.21000	 74.53129	 47.21000
141.20000	 47.22000	 74.17571	 47.22000
141.40000	 47.22000	 73.94866	 47.22000
141.60000	 47.18000	 73.73434	 47.18000
141.80000	 47.06000	 73.39429	 47.06000
142.00000	 46.91000	 73.07375	 46.91000
142.20000	 46.74000	 72.79849	 46.74000
142.40000	 46.59000	 72.67973	 46.59000
142.60000	 46.45000	 72.66835	 46.45000
142.80000	 46.36000	 72.85893	 46.36000
143.00000	 46.43000	 73.54136	 46.43000
143.20000	 46.53000	 74.26136	 46.53000
143.40000	 46.65000	 74.93750	 46.65000
143.60000	 46.77000	 75.47901	 46.77000
143.80000	 46.88000	 75.84715	 46.88000
144.00000	 46.92000	 75.87461	 46.92000
144.20000	 46.92000	 75.68884	 46.92000
144.40000	 46.89000	 75.36622	 46.89000
144.60000	 46.83000	 74.95195	 46.83000
144.80000	 46.74000	 74.48583	 46.74000
145.00000	 46.60000	 73.94105	 46.60000
145.20000	 46.42000	 73.37668	 46.42000
145.40000	 46.21000	 72.84437	 46.21000
145.60000	 45.99000	 72.41529	 45.99000
145.80000	 45.75000	 72.05842	 45.75000
146.00000	 45.49000	 71.76581	 45.49000
146.20000	 45.20000	 71.49617	 45.20000
146.40000	 44.93000	 71.38685	 44.93000
146.60000	 44.68000	 71.41555	 44.68000
146.80000	 44.46000	 71.58342	 44.46000
147.00000	 44.30000	 71.94647	 44.30000
147.20000	 44.29000	 72.72995	 44.29000
147.40000	 44.33000	 73.57112	 44.33000
147.60000	 44.42000	 74.41828	 44.42000
147.80000	 44.53000	 75.14669	 44.53000
148.00000	 44.68000	 75.80184	 44.68000
148.20000	 44.84000	 76.29280	 44.84000
148.40000	 45.01000	 76.63360	 45.01000
148.60000	 45.17000	 76.78910	 45.17000
148.80000	 45.30000	 76.73429	 45.30000
149.00000	 45.36000	 76.39429	 45.36000
149.20000	 45.33000	 75.76661	 45.33000
149.40000	 45.27000	 75.09450	 45.27000
149.60000	 45.17000	 74.39809	 45.17000
149.80000	 45.04000	 73.74342	 45.04000
150.00000	 44.87000	 73.12205	 44.87000
150.20000	 44.65000	 72.51569	 44.65000
150.40000	 44.43000	 72.07819	 44.43000
150.60000	 44.22000	 71.82735	 44.22000
150.80000	 44.04000	 71.79652	 44.04000
151.00000	 43.90000	 71.97674	 43.90000
151.20000	 43.90000	 72.61717	 43.90000
151.40000	 43.93000	 73.31778	 43.93000
151.60000	 43.99000	 74.02118	 43.99000
151.80000	 44.09000	 74.71707	 44.09000
152.00000	 44.20000	 75.29017	 44.20000
152.20000	 44.33000	 75.76325	 44.33000
152.40000	 44.47000	 76.11167	 44.47000
152.60000	 44.59000	 76.26200	 44.59000
152.80000	 44.69000	 76.24345	 44.69000
153.00000	 44.72000	 75.94433	 44.72000
153.20000	 44.68000	 75.41578	 44.68000
153.40000	 44.60000	 74.80324	 44.60000
153.60000	 44.49000	 74.18327	 44.49000
153.80000	 44.36000	 73.61850	 44.36000
154.00000	 44.19000	 73.06740	 44.19000
154.20000	 43.97000	 72.51105	 43.97000
154.40000	 43.76000	 72.13437	 43.76000
154.60000	 43.56000	 71.92566	 43.56000
154.80000	 43.39000	 71.92008	 43.39000
155.00000	 43.28000	 72.17066	 43.28000
155.20000	 43.27000	 72.74703	 43.27000
155.40000	 43.31000	 73.43749	 43.31000
155.60000	 43.39000	 74.15770	 43.39000
155.80000	 43.51000	 74.86715	 43.51000
156.00000	 43.68000	 75.56858	 43.68000
156.20000	 43.90000	 76.24448	 43.90000
156.40000	 44.11000	 76.70808	 44.11000
156.60000	 44.32000	 77.00244	 44.32000
156.80000	 44.49000	 77.03473	 44.49000
157.00000	 44.53000	 76.58109	 44.53000
157.20000	 44.51000	 75.92288	 44.51000
157.40000	 44.46000	 75.21935	 44.46000
157.60000	 44.37000	 74.49393	 44.37000
157.80000	 44.25000	 73.81472	 44.25000
158.00000	 44.11000	 73.23339	 44.11000
158.20000	 43.96000	 72.78546	 43.96000
158.40000	 43.82000	 72.52147	 43.82000
158.60000	 43.68000	 72.38856	 43.68000
158.80000	 43.55000	 72.38776	 43.55000
159.00000	 43.47000	 72.60509	 43.47000
159.20000	 43.42000	 72.93876	 43.42000
159.40000	 43.41000	 73.37795	 43.41000
159.60000	 43.44000	 73.88494	 43.44000
159.80000	 43.52000	 74.45695	 43.52000
160.00000	 43.71000	 75.24309	 43.71000
160.20000	 43.94000	 75.99725	 43.94000
160.40000	 44.20000	 76.66597	 44.20000
160.60000	 44.47000	 77.18187	 44.47000
160.80000	 44.73000	 77.49461	 44.73000
161.00000	 44.97000	 77.59990	 44.97000
161.20000	 45.18000	 77.50520	 45.18000
161.40000	 45.38000	 77.31401	 45.38000
161.60000	 45.54000	 76.97749	 45.54000
161.80000	 45.64000	 76.47761	 45.64000
162.00000	 45.69000	 75.88752	 45.69000
162.20000	 45.72000	 75.33432	 45.72000
162.40000	 45.72000	 74.81145	 45.72000
162.60000	 45.70000	 74.36136	 45.70000
162.80000	 45.69000	 74.07464	 45.69000
163.00000	 45.67000	 73.87808	 45.67000
163.20000	 45.64000	 73.75335	 45.64000
163.40000	 45.61000	 73.71046	 45.61000
163.60000	 45.58000	 73.72810	 45.58000
163.80000	 45.56000	 73.81538	 45.56000
164.00000	 45.55000	 73.95159	 45.55000
164.20000	 45.54000	 74.08825	 45.54000
164.40000	 45.53000	 74.21224	 45.53000
164.60000	 45.52000	 74.31566	 45.52000
164.80000	 45.52000	 74.42455	 45.52000
165.00000	 45.48000	 74.38822	 45.48000
165.20000	 45.43000	 74.30688	 45.43000
165.40000	 45.40000	 74.28135	 45.40000
165.60000	 45.39000	 74.31492	 45.39000
165.80000	 45.41000	 74.43390	 45.41000
166.00000	 45.50000	 74.74637	 45.50000
166.20000	 45.64000	 75.16826	 45.64000
166.40000	 45.83000	 75.67222	 45.83000
166.60000	 46.05000	 76.17270	 46.05000
166.80000	 46.31000	 76.68146	 46.31000
167.00000	 46.67000	 77.36296	 46.67000
167.20000	 47.04000	 77.92648	 47.04000
167.40000	 47.40000	 78.30701	 47.40000
167.60000	 47.72000	 78.42910	 47.72000
167.80000	 47.93000	 78.11922	 47.93000
168.00000	 48.00000	 77.35209	 48.00000
168.20000	 48.01000	 76.45055	 48.01000
168.40000	 47.98000	 75.54593	 47.98000
168.60000	 47.90000	 74.65870	 47.90000
168.80000	 47.83000	 73.99894	 47.83000
169.00000	 47.76000	 73.53827	 47.76000
169.20000	 47.67000	 73.19953	 47.67000
169.40000	 47.55000	 72.92903	 47.55000
169.60000	 47.42000	 72.76254	 47.42000
169.80000	 47.26000	 72.61488	 47.26000
170.00000	 47.02000	 72.31829	 47.02000
170.20000	 46.76000	 72.04990	 46.76000
170.40000	 46.49000	 71.83637	 46.49000
170.60000	 46.24000	 71.75909	 46.24000
170.80000	 46.03000	 71.85935	 46.03000
171.00000	 45.88000	 72.16736	 45.88000
171.20000	 45.87000	 72.88020	 45.87000
171.40000	 45.90000	 73.63752	 45.90000
171.60000	 45.95000	 74.33137	 45.95000
171.80000	 46.00000	 74.87494	 46.00000
172.00000	 46.05000	 75.26330	 46.05000
172.20000	 46.03000	 75.30081	 46.03000
172.40000	 46.00000	 75.20545	 46.00000
172.60000	 45.95000	 74.98831	 45.95000
172.80000	 45.89000	 74.71851	 45.89000
173.00000	 45.80000	 74.36924	 45.80000
173.20000	 45.68000	 73.97025	 45.68000
173.40000	 45.54000	 73.57620	 45.54000
173.60000	 45.38000	 73.20392	 45.38000
173.80000	 45.21000	 72.89242	 45.21000
174.00000	 45.03000	 72.64244	 45.03000
174.20000	 44.82000	 72.38951	 44.82000
174.40000	 44.59000	 72.15958	 44.59000
174.60000	 44.38000	 72.06610	 44.38000
174.80000	 44.19000	 72.09293	 44.19000
175.00000	 44.05000	 72.30632	 44.05000
175.20000	 44.01000	 72.82113	 44.01000
175.40000	 44.06000	 73.55703	 44.06000
175.60000	 44.17000	 74.36979	 44.17000
175.80000	 44.31000	 75.12532	 44.31000
176.00000	 44.48000	 75.79777	 44.48000
176.20000	 44.68000	 76.37727	 44.68000
176.40000	 44.89000	 76.80685	 44.89000
176.60000	 45.10000	 77.07267	 45.10000
176.80000	 45.29000	 77.14203	 45.29000
177.00000	 45.45000	 77.02212	 45.45000
177.20000	 45.50000	 76.51970	 45.50000
177.40000	 45.52000	 75.93672	 45.52000
177.60000	 45.50000	 75.29644	 45.50000
177.80000	 45.45000	 74.67017	 45.45000
178.00000	 45.36000	 74.05577	 45.36000
178.20000	 45.22000	 73.44133	 45.22000
178.40000	 45.07000	 72.95700	 45.07000
178.60000	 44.92000	 72.62821	 44.92000
178.80000	 44.79000	 72.49652	 44.79000
179.00000	 44.68000	 72.53121	 44.68000
179.20000	 44.68000	 72.96137	 44.68000
179.40000	 44.73000	 73.54730	 44.73000
179.60000	 44.82000	 74.20179	 44.82000
179.80000	 44.93000	 74.81954	 44.93000
180.00000	 45.06000	 75.37219	 45.06000
180.20000	 45.22000	 75.87591	 45.22000
180.40000	 45.38000	 76.23758	 45.38000
180.60000	 45.54000	 76.46756	 45.54000
180.80000	 45.68000	 76.52638	 45.68000
181.00000	 45.78000	 76.38462	 45.78000
181.20000	 45.80000	 75.96338	 45.80000
181.40000	 45.78000	 75.43411	 45.78000
181.60000	 45.73000	 74.87322	 45.73000
181.80000	 45.65000	 74.31600	 45.65000
182.00000	 45.54000	 73.78633	 45.54000
182.20000	 45.37000	 73.20931	 45.37000
182.40000	 45.18000	 72.71685	 45.18000
182.60000	 44.98000	 72.33987	 44.98000
182.80000	 44.78000	 72.09785	 44.78000
183.00000	 44.59000	 72.00063	 44.59000
183.20000	 44.41000	 72.02089	 44.41000
183.40000	 44.27000	 72.21731	 44.27000
183.60000	 44.16000	 72.52314	 44.16000
183.80000	 44.09000	 72.93198	 44.09000
184.00000	 44.08000	 73.46852	 44.08000
184.20000	 44.19000	 74.27452	 44.19000
184.40000	 44.40000	 75.24140	 44.40000
184.60000	 44.65000	 76.14289	 44.65000
184.80000	 44.91000	 76.86288	 44.91000
185.00000	 45.16000	 77.34049	 45.16000
185.20000	 45.32000	 77.36092	 45.32000
185.40000	 45.45000	 77.15931	 45.45000
185.60000	 45.55000	 76.79650	 45.55000
185.80000	 45.62000	 76.32972	 45.62000
186.00000	 45.66000	 75.80826	 45.66000
186.20000	 45.65000	 75.21215	 45.65000
186.40000	 45.62000	 74.66393	 45.62000
186.60000	 45.56000	 74.15285	 45.56000
186.80000	 45.48000	 73.71782	 45.48000
187.00000	 45.35000	 73.26931	 45.35000
187.20000	 45.17000	 72.80774	 45.17000
187.40000	 45.00000	 72.51168	 45.00000
187.60000	 44.85000	 72.39593	 44.85000
187.80000	 44.74000	 72.49244	 44.74000
188.00000	 44.74000	 72.96941	 44.74000
188.20000	 44.84000	 73.73509	 44.84000
188.40000	 44.97000	 74.51278	 44.97000
188.60000	 45.13000	 75.25316	 45.13000
188.80000	 45.30000	 75.86668	 45.30000
189.00000	 45.44000	 76.22611	 45.44000
189.20000	 45.58000	 76.43778	 45.58000
189.40000	 45.70000	 76.46877	 45.70000
189.60000	 45.79000	 76.32468	 45.79000
189.80000	 45.84000	 76.01669	 45.84000
190.00000	 45.80000	 75.44050	 45.80000
190.20000	 45.73000	 74.82845	 45.73000
190.40000	 45.63000	 74.22185	 45.63000
190.60000	 45.49000	 73.61906	 45.49000
190.80000	 45.32000	 73.06836	 45.32000
191.00000	 45.09000	 72.48896	 45.09000
191.20000	 44.85000	 72.03648	 44.85000
191.40000	 44.60000	 71.70427	 44.60000
191.60000	 44.37000	 71.56494	 44.37000
191.80000	 44.16000	 71.58924	 44.16000
192.00000	 44.02000	 71.88932	 44.02000
192.20000	 43.97000	 72.47390	 43.97000
192.40000	 43.97000	 73.16344	 43.97000
192.60000	 44.00000	 73.84671	 44.00000
192.80000	 44.06000	 74.48842	 44.06000
193.00000	 44.16000	 75.09777	 44.16000
193.20000	 44.30000	 75.66397	 44.30000
193.40000	 44.46000	 76.12473	 44.46000
193.60000	 44.61000	 76.39929	 44.61000
193.80000	 44.74000	 76.48114	 44.74000
194.00000	 44.82000	 76.31569	 44.82000
194.20000	 44.84000	 75.92013	 44.84000
194.40000	 44.83000	 75.43691	 44.83000
194.60000	 44.78000	 74.88187	 44.78000
194.80000	 44.71000	 74.35211	 44.71000
195.00000	 44.61000	 73.84187	 44.61000
195.20000	 44.44000	 73.24738	 44.44000
195.40000	 44.27000	 72.79313	 44.27000
195.60000	 44.11000	 72.50758	 44.11000
195.80000	 43.96000	 72.37405	 43.96000
196.00000	 43.84000	 72.42579	 43.84000
196.20000	 43.84000	 72.89349	 43.84000
196.40000	 43.89000	 73.50714	 43.89000
196.60000	 43.98000	 74.17992	 43.98000
196.80000	 44.09000	 74.80771	 44.09000
197.00000	 44.22000	 75.36372	 44.22000
197.20000	 44.38000	 75.86587	 44.38000
197.40000	 44.54000	 76.22270	 44.54000
197.60000	 44.70000	 76.44604	 44.70000
197.80000	 44.84000	 76.49760	 44.84000
198.00000	 44.95000	 76.37839	 44.95000
198.20000	 44.95000	 75.88913	 44.95000
198.40000	 44.92000	 75.32641	 44.92000
198.60000	 44.85000	 74.70911	 44.85000
198.80000	 44.74000	 74.07569	 44.74000
199.00000	 44.62000	 73.54275	 44.62000
199.20000	 44.44000	 72.97230	 44.44000
199.40000	 44.24000	 72.49252	 44.24000
199.60000	 44.05000	 72.19031	 44.05000
199.80000	 43.87000	 72.04767	 43.87000
200.00000	 43.73000	 72.12576	 43.73000
200.20000	 43.67000	 72.50309	 43.67000
200.40000	 43.74000	 73.27206	 43.74000
200.60000	 43.85000	 74.09198	 43.85000
200.80000	 44.00000	 74.90653	 44.00000
201.00000	 44.16000	 75.58880	 44.16000
201.20000	 44.33000	 76.12489	 44.33000
201.40000	 44.50000	 76.48951	 44.50000
201.60000	 44.66000	 76.67229	 44.66000
201.80000	 44.79000	 76.64457	 44.79000
202.00000	 44.90000	 76.47675	 44.90000
202.20000	 44.94000	 76.06246	 44.94000
202.40000	 44.91000	 75.45334	 44.91000
202.60000	 44.84000	 74.79183	 44.84000
202.80000	 44.74000	 74.14948	 44.74000
203.00000	 44.61000	 73.55335	 44.61000
203.20000	 44.46000	 73.04722	 44.46000
203.40000	 44.27000	 72.57317	 44.27000
203.60000	 44.08000	 72.24699	 44.08000
203.80000	 43.90000	 72.08256	 43.90000
204.00000	 43.76000	 72.14243	 43.76000
204.20000	 43.66000	 72.38751	 43.66000
204.40000	 43.75000	 73.21677	 43.75000
204.60000	 43.87000	 74.07235	 43.87000
204.80000	 44.02000	 74.89310	 44.02000
205.00000	 44.17000	 75.55149	 44.17000
205.20000	 44.30000	 75.97687	 44.30000
205.40000	 44.33000	 75.94675	 44.33000
205.60000	 44.32000	 75.69070	 44.32000
205.80000	 44.30000	 75.35471	 44.30000
206.00000	 44.25000	 74.92688	 44.25000
206.20000	 44.18000	 74.47795	 44.18000
206.40000	 44.09000	 74.03835	 44.09000
206.60000	 43.98000	 73.62813	 43.98000
206.80000	 43.86000	 73.28784	 43.86000
207.00000	 43.73000	 73.01841	 43.73000
207.20000	 43.60000	 72.84328	 43.60000
207.40000	 43.46000	 72.71974	 43.46000
207.60000	 43.29000	 72.57461	 43.29000
207.80000	 43.12000	 72.48872	 43.12000
208.00000	 42.98000	 72.53968	 42.98000
208.20000	 42.87000	 72.70706	 42.87000
208.40000	 42.80000	 72.99542	 42.80000
208.60000	 42.83000	 73.55356	 42.83000
208.80000	 42.96000	 74.33672	 42.96000
209.00000	 43.13000	 75.11587	 43.13000
209.20000	 43.32000	 75.79669	 43.32000
209.40000	 43.54000	 76.39378	 43.54000
209.60000	 43.75000	 76.78667	 43.75000
209.80000	 43.96000	 77.02263	 43.96000
210.00000	 44.16000	 77.09922	 44.16000
210.20000	 44.34000	 77.02070	 44.34000
210.40000	 44.49000	 76.79549	 44.49000
210.60000	 44.57000	 76.34539	 44.57000
210.80000	 44.61000	 75.80765	 44.61000
211.00000	 44.62000	 75.25356	 44.62000
211.20000	 44.60000	 74.71338	 44.60000
211.40000	 44.55000	 74.20657	 44.55000
211.60000	 44.45000	 73.68418	 44.45000
211.80000	 44.31000	 73.18399	 44.31000
212.00000	 44.19000	 72.88669	 44.19000
212.20000	 44.09000	 72.77551	 44.09000
212.40000	 44.03000	 72.88047	 44.03000
212.60000	 44.12000	 73.48627	 44.12000
212.80000	 44.35000	 74.48882	 44.35000
213.00000	 44.60000	 75.44506	 44.60000
213.20000	 44.87000	 76.29829	 44.87000
213.40000	 45.11000	 76.87135	 45.11000
213.60000	 45.24000	 76.93380	 45.24000
213.80000	 45.25000	 76.50797	 45.25000
214.00000	 45.22000	 75.91180	 45.22000
214.20000	 45.15000	 75.21759	 45.15000
214.40000	 45.04000	 74.48447	 45.04000
214.60000	 44.89000	 73.75682	 44.89000
214.80000	 44.71000	 73.09419	 44.71000
215.00000	 44.51000	 72.54057	 44.51000
215.20000	 44.30000	 72.12509	 44.30000
215.40000	 44.10000	 71.89342	 44.10000
215.60000	 43.90000	 71.78935	 43.90000
215.80000	 43.72000	 71.84147	 43.72000
216.00000	 43.58000	 72.07308	 43.58000
216.20000	 43.46000	 72.38350	 43.46000
216.40000	 43.37000	 72.76617	 43.37000
216.60000	 43.32000	 73.21896	 43.32000
216.80000	 43.34000	 73.80220	 43.34000
217.00000	 43.46000	 74.57297	 43.46000
217.20000	 43.61000	 75.28532	 43.61000
217.40000	 43.76000	 75.82923	 43.76000
217.60000	 43.92000	 76.23543	 43.92000
217.80000	 44.04000	 76.37005	 44.04000
218.00000	 44.07000	 76.12042	 44.07000
218.20000	 44.08000	 75.75362	 44.08000
218.40000	 44.06000	 75.29273	 44.06000
218.60000	 44.01000	 74.78295	 44.01000
218.80000	 43.93000	 74.26002	 43.93000
219.00000	 43.79000	 73.66110	 43.79000
219.20000	 43.63000	 73.12915	 43.63000
219.40000	 43.47000	 72.73395	 43.47000
219.60000	 43.31000	 72.46994	 43.31000
219.80000	 43.18000	 72.40953	 43.18000
220.00000	 43.12000	 72.64057	 43.12000
220.20000	 43.11000	 73.05572	 43.11000
220.40000	 43.13000	 73.54533	 43.13000
220.60000	 43.18000	 74.06753	 43.18000
220.80000	 43.26000	 74.59041	 43.26000
221.00000	 43.37000	 75.09200	 43.37000
221.20000	 43.53000	 75.61836	 43.53000
221.40000	 43.68000	 75.98108	 43.68000
221.60000	 43.83000	 76.21746	 43.83000
221.80000	 43.95000	 76.25617	 43.95000
222.00000	 44.00000	 76.00953	 44.00000
222.20000	 43.97000	 75.49575	 43.97000
222.40000	 43.91000	 74.92054	 43.91000
222.60000	 43.83000	 74.35919	 43.83000
222.80000	 43.71000	 73.78283	 43.71000
223.00000	 43.58000	 73.30227	 43.58000
223.20000	 43.41000	 72.83503	 43.41000
223.40000	 43.24000	 72.50216	 43.24000
223.60000	 43.08000	 72.32242	 43.08000
223.80000	 42.94000	 72.30347	 42.94000
224.00000	 42.82000	 72.41504	 42.82000
224.20000	 42.80000	 72.86037	 42.80000
224.40000	 42.85000	 73.49676	 42.85000
224.60000	 42.92000	 74.12133	 42.92000
224.80000	 43.01000	 74.69718	 43.01000
225.00000	 43.10000	 75.14435	 43.10000
225.20000	 43.18000	 75.43105	 43.18000
225.40000	 43.24000	 75.54130	 43.24000
225.60000	 43.29000	 75.53067	 43.29000
225.80000	 43.33000	 75.42855	 43.33000
226.00000	 43.35000	 75.23432	 43.35000
226.20000	 43.34000	 74.94708	 43.34000
226.40000	 43.29000	 74.56575	 43.29000
226.60000	 43.22000	 74.17784	 43.22000
226.80000	 43.14000	 73.83307	 43.14000
227.00000	 43.05000	 73.54128	 43.05000
227.20000	 42.96000	 73.33373	 42.96000
227.40000	 42.85000	 73.14455	 42.85000
227.60000	 42.74000	 73.02630	 42.74000
227.80000	 42.65000	 73.02685	 42.65000
228.00000	 42.58000	 73.12728	 42.58000
228.20000	 42.55000	 73.36425	 42.55000
228.40000	 42.61000	 73.85732	 42.61000
228.60000	 42.76000	 74.56317	 42.76000
228.80000	 42.93000	 75.22532	 42.93000
229.00000	 43.12000	 75.81365	 43.12000
229.20000	 43.31000	 76.25532	 43.31000
229.40000	 43.45000	 76.40692	 43.45000
229.60000	 43.55000	 76.32822	 43.55000
229.80000	 43.62000	 76.09128	 43.62000
230.00000	 43.67000	 75.76987	 43.67000
230.20000	 43.69000	 75.37296	 43.69000
230.40000	 43.65000	 74.84552	 43.65000
230.60000	 43.56000	 74.25240	 43.56000
230.80000	 43.46000	 73.74222	 43.46000
231.00000	 43.35000	 73.32811	 43.35000
231.20000	 43.26000	 73.09868	 43.26000
231.40000	 43.19000	 73.03650	 43.19000
231.60000	 43.19000	 73.26158	 43.19000
231.80000	 43.23000	 73.63921	 43.23000
232.00000	 43.30000	 74.09374	 43.30000
232.20000	 43.40000	 74.58616	 43.40000
232.40000	 43.54000	 75.11559	 43.54000
232.60000	 43.76000	 75.77589	 43.76000
232.80000	 44.01000	 76.39050	 44.01000
233.00000	 44.25000	 76.82574	 44.25000
233.20000	 44.48000	 77.08784	 44.48000
233.40000	 44.65000	 77.04968	 44.65000
233.60000	 44.72000	 76.63541	 44.72000
233.80000	 44.75000	 76.08678	 44.75000
234.00000	 44.76000	 75.51996	 44.76000
234.20000	 44.73000	 74.91698	 44.73000
234.40000	 44.68000	 74.36861	 44.68000
234.60000	 44.62000	 73.92105	 44.62000
234.80000	 44.54000	 73.54668	 44.54000
235.00000	 44.45000	 73.26933	 44.45000
235.20000	 44.34000	 73.04626	 44.34000
235.40000	 44.22000	 72.89264	 44.22000
235.60000	 44.08000	 72.76232	 44.08000
235.80000	 43.91000	 72.61194	 43.91000
236.00000	 43.74000	 72.52234	 43.74000
236.20000	 43.59000	 72.54147	 43.59000
236.40000	 43.46000	 72.65141	 43.46000
236.60000	 43.36000	 72.86083	 43.36000
236.80000	 43.35000	 73.32335	 43.35000
237.00000	 43.39000	 73.88087	 43.39000
237.20000	 43.46000	 74.43796	 43.46000
237.40000	 43.58000	 75.02880	 43.58000
237.60000	 43.73000	 75.57409	 43.73000
237.80000	 43.94000	 76.15302	 43.94000
238.00000	 44.20000	 76.72661	 44.20000
238.20000	 44.47000	 77.17090	 44.47000
238.40000	 44.76000	 77.52378	 44.76000
238.60000	 45.05000	 77.74065	 45.05000
238.80000	 45.34000	 77.84446	 45.34000
239.00000	 45.62000	 77.83224	 45.62000
239.20000	 45.87000	 77.67421	 45.87000
239.40000	 46.08000	 77.37474	 46.08000
239.60000	 46.25000	 76.97052	 46.25000
239.80000	 46.28000	 76.20105	 46.28000
240.00000	 46.26000	 75.39043	 46.26000
240.20000	 46.21000	 74.64159	 46.21000
240.40000	 46.12000	 73.94929	 46.12000
240.60000	 46.04000	 73.47259	 46.04000
240.80000	 45.96000	 73.16937	 45.96000
241.00000	 45.88000	 73.01450	 45.88000
241.20000	 45.80000	 72.97656	 45.80000
241.40000	 45.72000	 73.02272	 45.72000
241.60000	 45.64000	 73.12227	 45.64000
241.80000	 45.56000	 73.24892	 45.56000
242.00000	 45.50000	 73.44100	 45.50000
242.20000	 45.46000	 73.67806	 45.46000
242.40000	 45.45000	 73.97131	 45.45000
242.60000	 45.47000	 74.30295	 45.47000
242.80000	 45.62000	 74.95271	 45.62000
243.00000	 45.79000	 75.55515	 45.79000
243.20000	 45.96000	 76.02781	 45.96000
243.40000	 46.13000	 76.36683	 46.13000
243.60000	 46.27000	 76.49352	 46.27000
243.80000	 46.28000	 76.13915	 46.28000
244.00000	 46.25000	 75.63313	 46.25000
244.20000	 46.19000	 75.06304	 46.19000
244.40000	 46.10000	 74.47494	 46.10000
244.60000	 46.00000	 73.96139	 46.00000
244.80000	 45.91000	 73.59752	 45.91000
245.00000	 45.80000	 73.29165	 45.80000
245.20000	 45.69000	 73.09520	 45.69000
245.40000	 45.57000	 72.96293	 45.57000
245.60000	 45.44000	 72.87784	 45.44000
245.80000	 45.26000	 72.70544	 45.26000
246.00000	 45.07000	 72.56065	 45.07000
246.20000	 44.89000	 72.49764	 44.89000
246.40000	 44.74000	 72.56441	 44.74000
246.60000	 44.63000	 72.77071	 44.63000
246.80000	 44.61000	 73.23761	 44.61000
247.00000	 44.69000	 73.95203	 44.69000
247.20000	 44.82000	 74.71376	 44.82000
247.40000	 44.98000	 75.42323	 44.98000
247.60000	 45.16000	 76.02797	 45.16000
247.80000	 45.37000	 76.55170	 45.37000
248.00000	 45.58000	 76.90955	 45.58000
248.20000	 45.79000	 77.11986	 45.79000
248.40000	 45.96000	 77.09106	 45.96000
248.60000	 46.10000	 76.89359	 46.10000
248.80000	 46.11000	 76.27597	 46.11000
249.00000	 46.03000	 75.42602	 46.03000
249.20000	 45.90000	 74.53161	 45.90000
249.40000	 45.75000	 73.73358	 45.75000
249.60000	 45.58000	 73.05879	 45.58000
249.80000	 45.41000	 72.57319	 45.41000
250.00000	 45.28000	 72.38180	 45.28000
250.20000	 45.16000	 72.35920	 45.16000
250.40000	 45.04000	 72.43447	 45.04000
250.60000	 44.93000	 72.59924	 44.93000
250.80000	 44.82000	 72.78931	 44.82000
251.00000	 44.73000	 73.03738	 44.73000
251.20000	 44.66000	 73.31982	 44.66000
251.40000	 44.60000	 73.58754	 44.60000
251.60000	 44.54000	 73.79893	 44.54000
251.80000	 44.48000	 73.95098	 44.48000
252.00000	 44.42000	 74.04721	 44.42000
252.20000	 44.29000	 73.88846	 44.29000
252.40000	 44.15000	 73.68117	 44.15000
252.60000	 44.02000	 73.50912	 44.02000
252.80000	 43.92000	 73.44525	 43.92000
253.00000	 43.85000	 73.48903	 43.85000
253.20000	 43.88000	 73.83699	 43.88000
253.40000	 44.03000	 74.51280	 44.03000
253.60000	 44.21000	 75.19558	 44.21000
253.80000	 44.42000	 75.84683	 44.42000
254.00000	 44.63000	 76.35438	 44.63000
254.20000	 44.80000	 76.59734	 44.80000
254.40000	 44.91000	 76.53959	 44.91000
254.60000	 45.00000	 76.34340	 45.00000
254.80000	 45.07000	 76.05225	 45.07000
255.00000	 45.11000	 75.67558	 45.11000
255.20000	 45.14000	 75.30740	 45.14000
255.40000	 45.13000	 74.88238	 45.13000
255.60000	 45.10000	 74.48092	 45.10000
255.80000	 45.05000	 74.11542	 45.05000
256.00000	 44.98000	 73.79095	 44.98000
256.20000	 44.90000	 73.53658	 44.90000
256.40000	 44.79000	 73.28618	 44.79000
256.60000	 44.63000	 72.97521	 44.63000
256.80000	 44.44000	 72.66450	 44.44000
257.00000	 44.25000	 72.44371	 44.25000
257.20000	 44.07000	 72.33457	 44.07000
257.40000	 43.93000	 72.40981	 43.93000
257.60000	 43.82000	 72.61161	 43.82000
257.80000	 43.81000	 73.11549	 43.81000
258.00000	 43.86000	 73.75345	 43.86000
258.20000	 43.95000	 74.41958	 43.95000
258.40000	 44.10000	 75.13813	 44.10000
258.60000	 44.30000	 75.85080	 44.30000
258.80000	 44.58000	 76.62718	 44.58000
259.00000	 44.95000	 77.47804	 44.95000
259.20000	 45.34000	 78.17693	 45.34000
259.40000	 45.73000	 78.66571	 45.73000
259.60000	 46.12000	 78.96494	 46.12000
259.80000	 46.48000	 79.01811	 46.48000
260.00000	 46.75000	 78.69331	 46.75000
260.20000	 46.97000	 78.17547	 46.97000
260.40000	 47.13000	 77.49921	 47.13000
260.60000	 47.23000	 76.72364	 47.23000
260.80000	 47.24000	 75.81007	 47.24000
261.00000	 47.12000	 74.68743	 47.12000
261.20000	 46.94000	 73.61433	 46.94000
261.40000	 46.73000	 72.71023	 46.73000
261.60000	 46.50000	 72.00981	 46.50000
261.80000	 46.33000	 71.73369	 46.33000
262.00000	 46.18000	 71.71285	 46.18000
262.20000	 46.05000	 71.88806	 46.05000
262.40000	 45.92000	 72.14076	 45.92000
262.60000	 45.81000	 72.48157	 45.81000
262.80000	 45.71000	 72.83912	 45.71000
263.00000	 45.60000	 73.12384	 45.60000
263.20000	 45.50000	 73.38059	 45.50000
263.40000	 45.42000	 73.63175	 45.42000
263.60000	 45.37000	 73.90256	 45.37000
263.80000	 45.34000	 74.15878	 45.34000
264.00000	 45.38000	 74.54645	 45.38000
264.20000	 45.48000	 75.02274	 45.48000
264.40000	 45.59000	 75.42264	 45.59000
264.60000	 45.69000	 75.68239	 45.69000
264.80000	 45.78000	 75.81199	 45.78000
265.00000	 45.79000	 75.62372	 45.79000
265.20000	 45.71000	 75.13097	 45.71000
265.40000	 45.60000	 74.56912	 45.60000
265.60000	 45.47000	 74.01427	 45.47000
265.80000	 45.32000	 73.49789	 45.32000
266.00000	 45.15000	 73.03800	 45.15000
266.20000	 45.01000	 72.78940	 45.01000
266.40000	 44.87000	 72.64844	 44.87000
266.60000	 44.74000	 72.62413	 44.74000
266.80000	 44.60000	 72.63212	 44.60000
267.00000	 44.46000	 72.68140	 44.46000
267.20000	 44.32000	 72.75382	 44.32000
267.40000	 44.15000	 72.74594	 44.15000
267.60000	 43.96000	 72.68455	 43.96000
267.80000	 43.79000	 72.69089	 43.79000
268.00000	 43.63000	 72.73120	 43.63000
268.20000	 43.50000	 72.85853	 43.50000
268.40000	 43.41000	 73.09016	 43.41000
268.60000	 43.43000	 73.61482	 43.43000
268.80000	 43.49000	 74.18595	 43.49000
269.00000	 43.59000	 74.77188	 43.59000
269.20000	 43.72000	 75.31997	 43.72000
269.40000	 43.88000	 75.81798	 43.88000
269.60000	 44.09000	 76.32146	 44.09000
269.80000	 44.33000	 76.76860	 44.33000
270.00000	 44.56000	 77.04480	 44.56000
270.20000	 44.79000	 77.19825	 44.79000
270.40000	 44.99000	 77.16482	 44.99000
270.60000	 45.12000	 76.86079	 45.12000
270.80000	 45.09000	 76.06925	 45.09000
271.00000	 45.02000	 75.22416	 45.02000
271.20000	 44.94000	 74.47390	 44.94000
271.40000	 44.85000	 73.85078	 44.85000
271.60000	 44.77000	 73.42419	 44.77000
271.80000	 44.74000	 73.30091	 44.74000
272.00000	 44.74000	 73.38548	 44.74000
272.20000	 44.80000	 73.72189	 44.80000
272.40000	 44.91000	 74.22615	 44.91000
272.60000	 45.08000	 74.87452	 45.08000
272.80000	 45.40000	 75.88278	 45.40000
273.00000	 45.86000	 77.15340	 45.86000
273.20000	 46.36000	 78.31969	 46.36000
273.40000	 46.86000	 79.22428	 46.86000
273.60000	 47.32000	 79.74662	 47.32000
273.80000	 47.62000	 79.56640	 47.62000
274.00000	 47.83000	 78.97993	 47.83000
274.20000	 47.98000	 78.17571	 47.98000
274.40000	 48.06000	 77.21362	 48.06000
274.60000	 48.10000	 76.25876	 48.10000
274.80000	 48.07000	 75.27449	 48.07000
275.00000	 48.00000	 74.38788	 48.00000
275.20000	 47.90000	 73.64562	 47.90000
275.40000	 47.78000	 73.07528	 47.78000
275.60000	 47.63000	 72.62953	 47.63000
275.80000	 47.49000	 72.40235	 47.49000
276.00000	 47.37000	 72.38586	 47.37000
276.20000	 47.25000	 72.47519	 47.25000
276.40000	 47.14000	 72.65822	 47.14000
276.60000	 47.04000	 72.89726	 47.04000
276.80000	 46.96000	 73.19054	 46.96000
277.00000	 46.94000	 73.62957	 46.94000
277.20000	 46.96000	 74.12328	 46.96000
277.40000	 46.99000	 74.55592	 46.99000
277.60000	 47.01000	 74.85548	 47.01000
277.80000	 47.02000	 75.02555	 47.02000
278.00000	 46.99000	 74.99218	 46.99000
278.20000	 46.85000	 74.57768	 46.85000
278.40000	 46.68000	 74.07419	 46.68000
278.60000	 46.48000	 73.52854	 46.48000
278.80000	 46.25000	 72.97694	 46.25000
279.00000	 46.01000	 72.50400	 46.01000
279.20000	 45.75000	 72.09029	 45.75000
279.40000	 45.44000	 71.64845	 45.44000
279.60000	 45.13000	 71.32953	 45.13000
279.80000	 44.84000	 71.18329	 44.84000
280.00000	 44.59000	 71.24612	 44.59000
280.20000	 44.38000	 71.48271	 44.38000
280.40000	 44.25000	 71.97063	 44.25000
280.60000	 44.32000	 73.01306	 44.32000
280.80000	 44.43000	 74.05006	 44.43000
281.00000	 44.59000	 75.05167	 44.59000
281.20000	 44.78000	 75.92121	 44.78000
281.40000	 44.98000	 76.58622	 44.98000
281.60000	 45.16000	 76.96823	 45.16000
281.80000	 45.33000	 77.13052	 45.33000
282.00000	 45.49000	 77.11719	 45.49000
282.20000	 45.62000	 76.91622	 45.62000
282.40000	 45.72000	 76.57782	 45.72000
282.60000	 45.76000	 76.06093	 45.76000
282.80000	 45.76000	 75.47417	 45.76000
283.00000	 45.73000	 74.88778	 45.73000
283.20000	 45.67000	 74.32970	 45.67000
283.40000	 45.59000	 73.84599	 45.59000
283.60000	 45.44000	 73.29316	 45.44000
283.80000	 45.28000	 72.85764	 45.28000
284.00000	 45.14000	 72.62325	 45.14000
284.20000	 45.02000	 72.56771	 45.02000
284.40000	 44.94000	 72.71786	 44.94000
284.60000	 45.05000	 73.47548	 45.05000
284.80000	 45.20000	 74.31199	 45.20000
285.00000	 45.37000	 75.10202	 45.37000
285.20000	 45.54000	 75.74510	 45.54000
285.40000	 45.70000	 76.19697	 45.70000
285.60000	 45.75000	 76.16991	 45.75000
285.80000	 45.78000	 75.98010	 45.78000
286.00000	 45.77000	 75.61845	 45.77000
286.20000	 45.75000	 75.22431	 45.75000
286.40000	 45.69000	 74.74712	 45.69000
286.60000	 45.62000	 74.30957	 45.62000
286.80000	 45.52000	 73.87228	 45.52000
287.00000	 45.41000	 73.50785	 45.41000
287.20000	 45.27000	 73.15954	 45.27000
287.40000	 45.12000	 72.88641	 45.12000
287.60000	 44.95000	 72.65169	 44.95000
