  0.00000	 94.90000	 66.97713	 94.90000
  0.20000	 95.35000	 67.13845	 95.35000
  0.40000	 95.60000	 67.09287	 95.60000
  0.60000	 95.69000	 66.88141	 95.69000
  0.80000	 95.64000	 66.52795	 95.64000
  1.00000	 95.48000	 66.06590	 95.48000
  1.20000	 95.24000	 65.52876	 95.24000
  1.40000	 94.93000	 64.93173	 94.93000
  1.60000	 94.62000	 64.34373	 94.62000
  1.80000	 94.31000	 63.76956	 94.31000
  2.00000	 93.99000	 63.20406	 93.99000
  2.20000	 93.67000	 62.65940	 93.67000
  2.40000	 93.34000	 62.12898	 93.34000
  2.60000	 93.02000	 61.63273	 93.02000
  2.80000	 92.71000	 61.17185	 92.71000
  3.00000	 92.43000	 60.76502	 92.43000
  3.20000	 92.18000	 60.41221	 92.18000
  3.40000	 91.99000	 60.13988	 91.99000
  3.60000	 91.82000	 59.91061	 91.82000
  3.80000	 91.66000	 59.71381	 91.66000
  4.00000	 91.50000	 59.53877	 91.50000
  4.20000	 91.31000	 59.35677	 91.31000
  4.40000	 91.15000	 59.22059	 91.15000
  4.60000	 91.04000	 59.14666	 91.04000
  4.80000	 91.02000	 59.16907	 91.02000
  5.00000	 91.16000	 59.34830	 91.16000
  5.20000	 91.32000	 59.55424	 91.32000
  5.40000	 91.48000	 59.76536	 91.48000
  5.60000	 91.57000	 59.91551	 91.57000
  5.80000	 91.55000	 59.96670	 91.55000
  6.00000	 91.48000	 59.97242	 91.48000
  6.20000	 91.36000	 59.93259	 91.36000
  6.40000	 91.15000	 59.81152	 91.15000
  6.60000	 90.87000	 59.62839	 90.87000
  6.80000	 90.56000	 59.42087	 90.56000
  7.00000	 90.26000	 59.22660	 90.26000
  7.20000	 89.97000	 59.04677	 89.97000
  7.40000	 89.73000	 58.91832	 89.73000
  7.60000	 89.54000	 58.84142	 89.54000
  7.80000	 89.41000	 58.82476	 89.41000
  8.00000	 89.38000	 58.90350	 89.38000
  8.20000	 89.48000	 59.10299	 89.48000
  8.40000	 89.65000	 59.36643	 89.65000
  8.60000	 89.90000	 59.69998	 89.90000
  8.80000	 90.20000	 60.07345	 90.20000
  9.00000	 90.56000	 60.49284	 90.56000
  9.20000	 90.96000	 60.93712	 90.96000
  9.40000	 91.40000	 61.40353	 91.40000
  9.60000	 91.87000	 61.88053	 91.87000
  9.80000	 92.38000	 62.37492	 92.38000
 10.00000	 92.87000	 62.83056	 92.87000
 10.20000	 93.33000	 63.23714	 93.33000
 10.40000	 93.69000	 63.53094	 93.69000
 10.60000	 93.95000	 63.71264	 93.95000
 10.80000	 94.15000	 63.82000	 94.15000
 11.00000	 94.31000	 63.87329	 94.31000
 11.20000	 94.45000	 63.89295	 94.45000
 11.40000	 94.56000	 63.87234	 94.56000
 11.60000	 94.62000	 63.79585	 94.62000
 11.80000	 94.62000	 63.65706	 94.62000
 12.00000	 94.51000	 63.41370	 94.51000
 12.20000	 94.32000	 63.09626	 94.32000
 12.40000	 94.07000	 62.72641	 94.07000
 12.60000	 93.79000	 62.33479	 93.79000
 12.80000	 93.49000	 61.93364	 93.49000
 13.00000	 93.17000	 61.52577	 93.17000
 13.20000	 92.88000	 61.15870	 92.88000
 13.40000	 92.63000	 60.84304	 92.63000
 13.60000	 92.48000	 60.63377	 92.48000
 13.80000	 92.44000	 60.53950	 92.44000
 14.00000	 92.47000	 60.52268	 92.47000
 14.20000	 92.56000	 60.57224	 92.56000
 14.40000	 92.73000	 60.70382	 92.73000
 14.60000	 92.99000	 60.92361	 92.99000
 14.80000	 93.22000	 61.12007	 93.22000
 15.00000	 93.39000	 61.26360	 93.39000
 15.20000	 93.35000	 61.21727	 93.35000
 15.40000	 93.09000	 60.97261	 93.09000
 15.60000	 92.74000	 60.64931	 92.74000
 15.80000	 92.34000	 60.28629	 92.34000
 16.00000	 91.94000	 59.93143	 91.94000
 16.20000	 91.60000	 59.64110	 91.60000
 16.40000	 91.27000	 59.37143	 91.27000
 16.60000	 90.98000	 59.15029	 90.98000
 16.80000	 90.73000	 58.97790	 90.73000
 17.00000	 90.59000	 58.91704	 90.59000
 17.20000	 90.48000	 58.89416	 90.48000
 17.40000	 90.40000	 58.90766	 90.40000
 17.60000	 90.31000	 58.91976	 90.31000
 17.80000	 90.08000	 58.81177	 90.08000
 18.00000	 89.86000	 58.71898	 89.86000
 18.20000	 89.71000	 58.69535	 89.71000
 18.40000	 89.67000	 58.77614	 89.67000
 18.60000	 89.94000	 59.14000	 89.94000
 18.80000	 90.35000	 59.62927	 90.35000
 19.00000	 90.87000	 60.21203	 90.87000
 19.20000	 91.44000	 60.82911	 91.44000
 19.40000	 92.09000	 61.50302	 92.09000
 19.60000	 92.71000	 62.13012	 92.71000
 19.80000	 93.26000	 62.67113	 93.26000
 20.00000	 93.63000	 63.02498	 93.63000
 20.20000	 93.75000	 63.12890	 93.75000
 20.40000	 93.72000	 63.07591	 93.72000
 20.60000	 93.57000	 62.89704	 93.57000
 20.80000	 93.29000	 62.58790	 93.29000
 21.00000	 92.92000	 62.18975	 92.92000
 21.20000	 92.48000	 61.72593	 92.48000
 21.40000	 92.03000	 61.25565	 92.03000
 21.60000	 91.60000	 60.81033	 91.60000
 21.80000	 91.29000	 60.48360	 91.29000
 22.00000	 91.00000	 60.18692	 91.00000
 22.20000	 90.73000	 59.92139	 90.73000
 22.40000	 90.48000	 59.68763	 90.48000
 22.60000	 90.18000	 59.42264	 90.18000
 22.80000	 89.88000	 59.17199	 89.88000
 23.00000	 89.60000	 58.95393	 89.60000
 23.20000	 89.36000	 58.78634	 89.36000
 23.40000	 89.16000	 58.66857	 89.16000
 23.60000	 89.00000	 58.59954	 89.00000
 23.80000	 88.92000	 58.61396	 88.92000
 24.00000	 88.92000	 58.70980	 88.92000
 24.20000	 89.05000	 58.92965	 89.05000
 24.40000	 89.34000	 59.29719	 89.34000
 24.60000	 89.72000	 59.74497	 89.72000
 24.80000	 90.14000	 60.22345	 90.14000
 25.00000	 90.59000	 60.71958	 90.59000
 25.20000	 91.03000	 61.19372	 91.03000
 25.40000	 91.48000	 61.66113	 91.48000
 25.60000	 91.90000	 62.08349	 91.90000
 25.80000	 92.22000	 62.39624	 92.22000
 26.00000	 92.50000	 62.65342	 92.50000
 26.20000	 92.78000	 62.89162	 92.78000
 26.40000	 93.07000	 63.12050	 93.07000
 26.60000	 93.51000	 63.46700	 93.51000
 26.80000	 93.96000	 63.80422	 93.96000
 27.00000	 94.38000	 64.09569	 94.38000
 27.20000	 94.71000	 64.28741	 94.71000
 27.40000	 94.90000	 64.33542	 94.90000
 27.60000	 95.02000	 64.30527	 95.02000
 27.80000	 95.05000	 64.18175	 95.05000
 28.00000	 94.98000	 63.95915	 94.98000
 28.20000	 94.85000	 63.67736	 94.85000
 28.40000	 94.68000	 63.35821	 94.68000
 28.60000	 94.51000	 63.04135	 94.51000
 28.80000	 94.34000	 62.72977	 94.34000
 29.00000	 94.16000	 62.41688	 94.16000
 29.20000	 93.97000	 62.10477	 93.97000
 29.40000	 93.75000	 61.77710	 93.75000
 29.60000	 93.51000	 61.44449	 93.51000
 29.80000	 93.25000	 61.10833	 93.25000
 30.00000	 92.96000	 60.76076	 92.96000
 30.20000	 92.55000	 60.32169	 92.55000
 30.40000	 92.17000	 59.92824	 92.17000
 30.60000	 91.87000	 59.62657	 91.87000
 30.80000	 91.76000	 59.51585	 91.76000
 31.00000	 91.90000	 59.64825	 91.90000
 31.20000	 92.13000	 59.87531	 92.13000
 31.40000	 92.40000	 60.14752	 92.40000
 31.60000	 92.64000	 60.39756	 92.64000
 31.80000	 92.83000	 60.60408	 92.83000
 32.00000	 93.00000	 60.79179	 93.00000
 32.20000	 93.11000	 60.92283	 93.11000
 32.40000	 93.13000	 60.96918	 93.13000
 32.60000	 93.09000	 60.95798	 93.09000
 32.80000	 93.02000	 60.91691	 93.02000
 33.00000	 92.91000	 60.83777	 92.91000
 33.20000	 92.79000	 60.74871	 92.79000
 33.40000	 92.62000	 60.61465	 92.62000
 33.60000	 92.42000	 60.45494	 92.42000
 33.80000	 92.13000	 60.21680	 92.13000
 34.00000	 91.79000	 59.93822	 91.79000
 34.20000	 91.44000	 59.65730	 91.44000
 34.40000	 91.11000	 59.40280	 91.11000
 34.60000	 90.89000	 59.25709	 90.89000
 34.80000	 90.72000	 59.16593	 90.72000
 35.00000	 90.59000	 59.11963	 90.59000
 35.20000	 90.46000	 59.08113	 90.46000
 35.40000	 90.25000	 58.97730	 90.25000
 35.60000	 90.06000	 58.89823	 90.06000
 35.80000	 89.93000	 58.87962	 89.93000
 36.00000	 89.91000	 58.96565	 89.91000
 36.20000	 90.13000	 59.27178	 90.13000
 36.40000	 90.45000	 59.66796	 90.45000
 36.60000	 90.85000	 60.13211	 90.85000
 36.80000	 91.30000	 60.63308	 91.30000
 37.00000	 91.78000	 61.14905	 91.78000
 37.20000	 92.23000	 61.62255	 92.23000
 37.40000	 92.61000	 62.01513	 92.61000
 37.60000	 92.77000	 62.19032	 92.77000
 37.80000	 92.78000	 62.21247	 92.78000
 38.00000	 92.71000	 62.14729	 92.71000
 38.20000	 92.56000	 61.99782	 92.56000
 38.40000	 92.36000	 61.79455	 92.36000
 38.60000	 92.13000	 61.55895	 92.13000
 38.80000	 91.88000	 61.30325	 91.88000
 39.00000	 91.63000	 61.04840	 91.63000
 39.20000	 91.46000	 60.86901	 91.46000
 39.40000	 91.30000	 60.70322	 91.30000
 39.60000	 91.12000	 60.52494	 91.12000
 39.80000	 90.93000	 60.34410	 90.93000
 40.00000	 90.56000	 60.00813	 90.56000
 40.20000	 90.20000	 59.69065	 90.20000
 40.40000	 89.89000	 59.42939	 89.89000
 40.60000	 89.66000	 59.25226	 89.66000
 40.80000	 89.71000	 59.33952	 89.71000
 41.00000	 89.86000	 59.52601	 89.86000
 41.20000	 90.09000	 59.79035	 90.09000
 41.40000	 90.34000	 60.07481	 90.34000
 41.60000	 90.48000	 60.25889	 90.48000
 41.80000	 90.69000	 60.50325	 90.69000
 42.00000	 91.03000	 60.85998	 91.03000
 42.20000	 91.69000	 61.49763	 91.69000
 42.40000	 92.58000	 62.32983	 92.58000
 42.60000	 93.48000	 63.15183	 93.48000
 42.80000	 94.21000	 63.79608	 94.21000
 43.00000	 94.59000	 64.09765	 94.59000
 43.20000	 94.82000	 64.23824	 94.82000
 43.40000	 94.90000	 64.22058	 94.90000
 43.60000	 94.85000	 64.06661	 94.85000
 43.80000	 94.71000	 63.81708	 94.71000
 44.00000	 94.53000	 63.52198	 94.53000
 44.20000	 94.38000	 63.24905	 94.38000
 44.40000	 94.27000	 63.01096	 94.27000
 44.60000	 94.14000	 62.75630	 94.14000
 44.80000	 93.99000	 62.48754	 93.99000
 45.00000	 93.72000	 62.11667	 93.72000
 45.20000	 93.41000	 61.71873	 93.41000
 45.40000	 93.09000	 61.32345	 93.09000
 45.60000	 92.80000	 60.96915	 92.80000
 45.80000	 92.65000	 60.75648	 92.65000
 46.00000	 92.52000	 60.57698	 92.52000
 46.20000	 92.41000	 60.43012	 92.41000
 46.40000	 92.28000	 60.27902	 92.28000
 46.60000	 92.05000	 60.05090	 92.05000
 46.80000	 91.81000	 59.82714	 91.81000
 47.00000	 91.57000	 59.61690	 91.57000
 47.20000	 91.34000	 59.42915	 91.34000
 47.40000	 91.17000	 59.30873	 91.17000
 47.60000	 91.01000	 59.20960	 91.01000
 47.80000	 90.86000	 59.13077	 90.86000
 48.00000	 90.71000	 59.06216	 90.71000
 48.20000	 90.55000	 58.99374	 90.55000
 48.40000	 90.38000	 58.92466	 90.38000
 48.60000	 90.19000	 58.84518	 90.19000
 48.80000	 89.96000	 58.73673	 89.96000
 49.00000	 89.66000	 58.57210	 89.66000
 49.20000	 89.39000	 58.44193	 89.39000
 49.40000	 89.16000	 58.35523	 89.16000
 49.60000	 89.07000	 58.40179	 89.07000
 49.80000	 89.11000	 58.57088	 89.11000
 50.00000	 89.21000	 58.79669	 89.21000
 50.20000	 89.34000	 59.04934	 89.34000
 50.40000	 89.45000	 59.28110	 89.45000
 50.60000	 89.56000	 59.50799	 89.56000
 50.80000	 89.67000	 59.72838	 89.67000
 51.00000	 89.76000	 59.92293	 89.76000
 51.20000	 89.82000	 60.08178	 89.82000
 51.40000	 89.87000	 60.22263	 89.87000
 51.60000	 89.90000	 60.33637	 89.90000
 51.80000	 89.93000	 60.44125	 89.93000
 52.00000	 89.93000	 60.51047	 89.93000
 52.20000	 89.93000	 60.57167	 89.93000
 52.40000	 89.94000	 60.63448	 89.94000
 52.60000	 89.97000	 60.70839	 89.97000
 52.80000	 90.02000	 60.79372	 90.02000
 53.00000	 90.11000	 60.90865	 90.11000
 53.20000	 90.23000	 61.04401	 90.23000
 53.40000	 90.41000	 61.22652	 90.41000
 53.60000	 90.65000	 61.45544	 90.65000
 53.80000	 90.92000	 61.70264	 90.92000
 54.00000	 91.22000	 61.96703	 91.22000
 54.20000	 91.60000	 62.29264	 91.60000
 54.40000	 91.96000	 62.58777	 91.96000
 54.60000	 92.24000	 62.79734	 92.24000
 54.80000	 92.37000	 62.85828	 92.37000
 55.00000	 92.24000	 62.67291	 92.24000
 55.20000	 92.00000	 62.38033	 92.00000
 55.40000	 91.66000	 61.99383	 91.66000
 55.60000	 91.26000	 61.55401	 91.26000
 55.80000	 90.81000	 61.07424	 90.81000
 56.00000	 90.33000	 60.57662	 90.33000
 56.20000	 89.84000	 60.08277	 89.84000
 56.40000	 89.37000	 59.62271	 89.37000
 56.60000	 88.94000	 59.21663	 88.94000
 56.80000	 88.55000	 58.86578	 88.55000
 57.00000	 88.22000	 58.58866	 88.22000
 57.20000	 87.97000	 58.40296	 87.97000
 57.40000	 87.83000	 58.33453	 87.83000
 57.60000	 87.77000	 58.35405	 87.77000
 57.80000	 87.82000	 58.48584	 87.82000
 58.00000	 88.03000	 58.77152	 88.03000
 58.20000	 88.36000	 59.17054	 88.36000
 58.40000	 88.75000	 59.62390	 88.75000
 58.60000	 89.15000	 60.08180	 89.15000
 58.80000	 89.53000	 60.51323	 89.53000
 59.00000	 89.87000	 60.89707	 89.87000
 59.20000	 90.13000	 61.19515	 90.13000
 59.40000	 90.27000	 61.37047	 90.27000
 59.60000	 90.20000	 61.34234	 90.20000
 59.80000	 90.04000	 61.22147	 90.04000
 60.00000	 89.81000	 61.02890	 89.81000
 60.20000	 89.55000	 60.80397	 89.55000
 60.40000	 89.29000	 60.57680	 89.29000
 60.60000	 89.03000	 60.35002	 89.03000
 60.80000	 88.76000	 60.11679	 88.76000
 61.00000	 88.52000	 59.91511	 88.52000
 61.20000	 88.33000	 59.76430	 88.33000
 61.40000	 88.15000	 59.62884	 88.15000
 61.60000	 87.97000	 59.50005	 87.97000
 61.80000	 87.76000	 59.35105	 87.76000
 62.00000	 87.48000	 59.14612	 87.48000
 62.20000	 87.20000	 58.94925	 87.20000
 62.40000	 86.94000	 58.77911	 86.94000
 62.60000	 86.71000	 58.64499	 86.71000
 62.80000	 86.55000	 58.58280	 86.55000
 63.00000	 86.45000	 58.58267	 86.45000
 63.20000	 86.39000	 58.62520	 86.39000
 63.40000	 86.40000	 58.73589	 86.40000
 63.60000	 86.48000	 58.91273	 86.48000
 63.80000	 86.62000	 59.14434	 86.62000
 64.00000	 86.80000	 59.41016	 86.80000
 64.20000	 87.08000	 59.76184	 87.08000
 64.40000	 87.42000	 60.16037	 87.42000
 64.60000	 87.76000	 60.54869	 87.76000
 64.80000	 88.05000	 60.87935	 88.05000
 65.00000	 88.18000	 61.05173	 88.18000
 65.20000	 88.21000	 61.12037	 88.21000
 65.40000	 88.17000	 61.11374	 88.17000
 65.60000	 88.09000	 61.06085	 88.09000
 65.80000	 87.97000	 60.96382	 87.97000
 66.00000	 87.84000	 60.85193	 87.84000
 66.20000	 87.70000	 60.72722	 87.70000
 66.40000	 87.58000	 60.61860	 87.58000
 66.60000	 87.51000	 60.55451	 87.51000
 66.80000	 87.46000	 60.50862	 87.46000
 67.00000	 87.43000	 60.48138	 87.43000
 67.20000	 87.41000	 60.46392	 87.41000
 67.40000	 87.37000	 60.42925	 87.37000
 67.60000	 87.35000	 60.41367	 87.35000
 67.80000	 87.37000	 60.43519	 87.37000
 68.00000	 87.47000	 60.52953	 87.47000
 68.20000	 87.67000	 60.71367	 87.67000
 68.40000	 87.91000	 60.93173	 87.91000
 68.60000	 88.17000	 61.16381	 88.17000
 68.80000	 88.43000	 61.39021	 88.43000
 69.00000	 88.67000	 61.59152	 88.67000
 69.20000	 88.86000	 61.73981	 88.86000
 69.40000	 88.99000	 61.82585	 88.99000
 69.60000	 88.91000	 61.71479	 88.91000
 69.80000	 88.77000	 61.54431	 88.77000
 70.00000	 88.60000	 61.34404	 88.60000
 70.20000	 88.42000	 61.13451	 88.42000
 70.40000	 88.32000	 60.99909	 88.32000
 70.60000	 88.23000	 60.87573	 88.23000
 70.80000	 88.13000	 60.74719	 88.13000
 71.00000	 88.05000	 60.64123	 88.05000
 71.20000	 87.97000	 60.54020	 87.97000
 71.40000	 87.87000	 60.42633	 87.87000
 71.60000	 87.75000	 60.29993	 87.75000
 71.80000	 87.51000	 60.07123	 87.51000
 72.00000	 87.20000	 59.78668	 87.20000
 72.20000	 86.95000	 59.56523	 86.95000
 72.40000	 86.81000	 59.45279	 86.81000
 72.60000	 87.04000	 59.68346	 87.04000
 72.80000	 87.42000	 60.05498	 87.42000
 73.00000	 87.91000	 60.52666	 87.91000
 73.20000	 88.46000	 61.04850	 88.46000
 73.40000	 89.04000	 61.58884	 89.04000
 73.60000	 89.58000	 62.08048	 89.58000
 73.80000	 90.04000	 62.48441	 90.04000
 74.00000	 90.18000	 62.58257	 90.18000
 74.20000	 90.17000	 62.53007	 90.17000
 74.40000	 90.12000	 62.42913	 90.12000
 74.60000	 90.10000	 62.34593	 90.10000
 74.80000	 90.31000	 62.46325	 90.31000
 75.00000	 90.59000	 62.63676	 90.59000
 75.20000	 90.93000	 62.85691	 90.93000
 75.40000	 91.33000	 63.12278	 91.33000
 75.60000	 91.89000	 63.52335	 91.89000
 75.80000	 92.41000	 63.87585	 92.41000
 76.00000	 92.85000	 64.14270	 92.85000
 76.20000	 93.06000	 64.18820	 93.06000
 76.40000	 92.98000	 63.96012	 92.98000
 76.60000	 92.77000	 63.60713	 92.77000
 76.80000	 92.47000	 63.17022	 92.47000
 77.00000	 92.13000	 62.69947	 92.13000
 77.20000	 91.76000	 62.20842	 91.76000
 77.40000	 91.39000	 61.72814	 91.39000
 77.60000	 91.07000	 61.30699	 91.07000
 77.80000	 90.82000	 60.96513	 90.82000
 78.00000	 90.63000	 60.69454	 90.63000
 78.20000	 90.51000	 60.50435	 90.51000
 78.40000	 90.52000	 60.44793	 90.52000
 78.60000	 90.59000	 60.46017	 90.59000
 78.80000	 90.69000	 60.51166	 90.69000
 79.00000	 90.77000	 60.55488	 90.77000
 79.20000	 90.83000	 60.58790	 90.83000
 79.40000	 90.84000	 60.58211	 90.84000
 79.60000	 90.79000	 60.52757	 90.79000
 79.80000	 90.60000	 60.35181	 90.60000
 80.00000	 90.31000	 60.09189	 90.31000
 80.20000	 89.97000	 59.79453	 89.97000
 80.40000	 89.62000	 59.49756	 89.62000
 80.60000	 89.28000	 59.22049	 89.28000
 80.80000	 88.96000	 58.97334	 88.96000
 81.00000	 88.66000	 58.75666	 88.66000
 81.20000	 88.40000	 58.58864	 88.40000
 81.40000	 88.23000	 58.51398	 88.23000
 81.60000	 88.09000	 58.47730	 88.09000
 81.80000	 87.96000	 58.45911	 87.96000
 82.00000	 87.83000	 58.44895	 87.83000
 82.20000	 87.65000	 58.40044	 87.65000
 82.40000	 87.47000	 58.35797	 87.47000
 82.60000	 87.30000	 58.32990	 87.30000
 82.80000	 87.13000	 58.30650	 87.13000
 83.00000	 86.95000	 58.27811	 86.95000
 83.20000	 86.83000	 58.30736	 86.83000
 83.40000	 86.81000	 58.42935	 86.81000
 83.60000	 86.99000	 58.73251	 86.99000
 83.80000	 87.37000	 59.21354	 87.37000
 84.00000	 87.82000	 59.75062	 87.82000
 84.20000	 88.33000	 60.33036	 88.33000
 84.40000	 88.86000	 60.91256	 88.86000
 84.60000	 89.36000	 61.44866	 89.36000
 84.80000	 89.81000	 61.91818	 89.81000
 85.00000	 90.10000	 62.22053	 90.10000
 85.20000	 90.22000	 62.34724	 90.22000
 85.40000	 90.27000	 62.39074	 90.27000
 85.60000	 90.27000	 62.37181	 90.27000
 85.80000	 90.32000	 62.38362	 90.32000
 86.00000	 90.35000	 62.36520	 90.35000
 86.20000	 90.36000	 62.31870	 90.36000
 86.40000	 90.34000	 62.23723	 90.34000
 86.60000	 90.27000	 62.10486	 90.27000
 86.80000	 90.16000	 61.93293	 90.16000
 87.00000	 90.03000	 61.74183	 90.03000
 87.20000	 89.89000	 61.54274	 89.89000
 87.40000	 89.73000	 61.32855	 89.73000
 87.60000	 89.56000	 61.11002	 89.56000
 87.80000	 89.37000	 60.87965	 89.37000
 88.00000	 89.12000	 60.60273	 89.12000
 88.20000	 88.78000	 60.25383	 88.78000
 88.40000	 88.47000	 59.94327	 88.47000
 88.60000	 88.22000	 59.69946	 88.22000
 88.80000	 88.15000	 59.63111	 88.15000
 89.00000	 88.30000	 59.77293	 88.30000
 89.20000	 88.55000	 60.01340	 88.55000
 89.40000	 88.87000	 60.32171	 88.87000
 89.60000	 89.23000	 60.66695	 89.23000
 89.80000	 89.60000	 61.01847	 89.60000
 90.00000	 89.95000	 61.34610	 89.95000
 90.20000	 90.22000	 61.59337	 90.22000
 90.40000	 90.30000	 61.65987	 90.30000
 90.60000	 90.30000	 61.64565	 90.30000
 90.80000	 90.25000	 61.57929	 90.25000
 91.00000	 90.19000	 61.49865	 90.19000
 91.20000	 90.13000	 61.41444	 90.13000
 91.40000	 90.06000	 61.31906	 90.06000
 91.60000	 89.96000	 61.19579	 89.96000
 91.80000	 89.86000	 61.07310	 89.86000
 92.00000	 89.74000	 60.93412	 89.74000
 92.20000	 89.60000	 60.77998	 89.60000
 92.40000	 89.44000	 60.61180	 89.44000
 92.60000	 89.23000	 60.40359	 89.23000
 92.80000	 88.97000	 60.15665	 88.97000
 93.00000	 88.70000	 59.90852	 88.70000
 93.20000	 88.42000	 59.66045	 88.42000
 93.40000	 88.10000	 59.38642	 88.10000
 93.60000	 87.78000	 59.12362	 87.78000
 93.80000	 87.52000	 58.92700	 87.52000
 94.00000	 87.32000	 58.79657	 87.32000
 94.20000	 87.33000	 58.86700	 87.33000
 94.40000	 87.45000	 59.04549	 87.45000
 94.60000	 87.65000	 59.30173	 87.65000
 94.80000	 87.91000	 59.61417	 87.91000
 95.00000	 88.23000	 59.97926	 88.23000
 95.20000	 88.53000	 60.32136	 88.53000
 95.40000	 88.78000	 60.61068	 88.78000
 95.60000	 88.88000	 60.75527	 88.88000
 95.80000	 88.73000	 60.66492	 88.73000
 96.00000	 88.50000	 60.49530	 88.50000
 96.20000	 88.23000	 60.28528	 88.23000
 96.40000	 88.01000	 60.11879	 88.01000
 96.60000	 87.88000	 60.03378	 87.88000
 96.80000	 87.76000	 59.95885	 87.76000
 97.00000	 87.65000	 59.89454	 87.65000
 97.20000	 87.52000	 59.81414	 87.52000
 97.40000	 87.38000	 59.72713	 87.38000
 97.60000	 87.23000	 59.63395	 87.23000
 97.80000	 87.06000	 59.52600	 87.06000
 98.00000	 86.87000	 59.40381	 86.87000
 98.20000	 86.67000	 59.27694	 86.67000
 98.40000	 86.47000	 59.15496	 86.47000
 98.60000	 86.29000	 59.05627	 86.29000
 98.80000	 86.13000	 58.98096	 86.13000
 99.00000	 86.01000	 58.94690	 86.01000
 99.20000	 85.95000	 58.97159	 85.95000
 99.40000	 85.97000	 59.07199	 85.97000
 99.60000	 86.16000	 59.32765	 86.16000
 99.80000	 86.45000	 59.67247	 86.45000
100.00000	 86.78000	 60.04897	 86.78000
100.20000	 87.16000	 60.46301	 87.16000
100.40000	 87.59000	 60.91159	 87.59000
100.60000	 87.98000	 61.31064	 87.98000
100.80000	 88.29000	 61.62217	 88.29000
101.00000	 88.38000	 61.71917	 88.38000
101.20000	 88.26000	 61.61221	 88.26000
101.40000	 88.04000	 61.40388	 88.04000
101.60000	 87.74000	 61.11607	 87.74000
101.80000	 87.43000	 60.81598	 87.43000
102.00000	 87.13000	 60.52517	 87.13000
102.20000	 86.81000	 60.21946	 86.81000
102.40000	 86.51000	 59.93751	 86.51000
102.60000	 86.26000	 59.70831	 86.26000
102.80000	 86.06000	 59.53293	 86.06000
103.00000	 85.89000	 59.39370	 85.89000
103.20000	 85.73000	 59.27252	 85.73000
103.40000	 85.58000	 59.16915	 85.58000
103.60000	 85.43000	 59.07416	 85.43000
103.80000	 85.30000	 59.00519	 85.30000
104.00000	 85.15000	 58.92552	 85.15000
104.20000	 84.98000	 58.83473	 84.98000
104.40000	 84.75000	 58.69647	 84.75000
104.60000	 84.54000	 58.58317	 84.54000
104.80000	 84.40000	 58.53988	 84.40000
105.00000	 84.41000	 58.63803	 84.41000
105.20000	 84.59000	 58.89362	 84.59000
105.40000	 84.83000	 59.20411	 84.83000
105.60000	 85.10000	 59.53912	 85.10000
105.80000	 85.38000	 59.87757	 85.38000
106.00000	 85.64000	 60.18981	 85.64000
106.20000	 85.85000	 60.44686	 85.85000
106.40000	 86.01000	 60.64768	 86.01000
106.60000	 86.00000	 60.68371	 86.00000
106.80000	 85.92000	 60.64654	 85.92000
107.00000	 85.79000	 60.55615	 85.79000
107.20000	 85.64000	 60.44176	 85.64000
107.40000	 85.53000	 60.35953	 85.53000
107.60000	 85.41000	 60.26580	 85.41000
107.80000	 85.26000	 60.14382	 85.26000
108.00000	 85.08000	 59.99499	 85.08000
108.20000	 84.82000	 59.77564	 84.82000
108.40000	 84.55000	 59.55082	 84.55000
108.60000	 84.28000	 59.33122	 84.28000
108.80000	 84.05000	 59.15426	 84.05000
109.00000	 83.90000	 59.05672	 83.90000
109.20000	 83.78000	 58.99328	 83.78000
109.40000	 83.67000	 58.94537	 83.67000
109.60000	 83.56000	 58.90336	 83.56000
109.80000	 83.37000	 58.79451	 83.37000
110.00000	 83.22000	 58.72724	 83.22000
110.20000	 83.13000	 58.71933	 83.13000
110.40000	 83.14000	 58.80603	 83.14000
110.60000	 83.33000	 59.05786	 83.33000
110.80000	 83.61000	 59.39060	 83.61000
111.00000	 83.94000	 59.76480	 83.94000
111.20000	 84.33000	 60.18625	 84.33000
111.40000	 84.76000	 60.63370	 84.76000
111.60000	 85.19000	 61.06813	 85.19000
111.80000	 85.56000	 61.43310	 85.56000
112.00000	 85.85000	 61.70930	 85.85000
112.20000	 86.04000	 61.87855	 86.04000
112.40000	 86.09000	 61.90572	 86.09000
112.60000	 85.98000	 61.77501	 85.98000
112.80000	 85.50000	 61.30045	 85.50000
113.00000	 84.88000	 60.69589	 84.88000
113.20000	 84.18000	 60.02214	 84.18000
113.40000	 83.44000	 59.32156	 83.44000
113.60000	 82.84000	 58.76209	 82.84000
113.80000	 82.30000	 58.27483	 82.30000
114.00000	 81.81000	 57.85277	 81.81000
114.20000	 81.40000	 57.52397	 81.40000
114.40000	 81.06000	 57.27932	 81.06000
114.60000	 80.83000	 57.15396	 80.83000
114.80000	 80.70000	 57.13686	 80.70000
115.00000	 80.66000	 57.21620	 80.66000
115.20000	 80.72000	 57.39769	 80.72000
115.40000	 80.92000	 57.71357	 80.92000
115.60000	 81.25000	 58.15024	 81.25000
115.80000	 81.65000	 58.64851	 81.65000
116.00000	 82.10000	 59.18546	 82.10000
116.20000	 82.60000	 59.75661	 82.60000
116.40000	 83.11000	 60.32176	 83.11000
116.60000	 83.65000	 60.89558	 83.65000
116.80000	 84.19000	 61.44809	 84.19000
117.00000	 84.71000	 61.95903	 84.71000
117.20000	 85.22000	 62.43599	 85.22000
117.40000	 85.71000	 62.86912	 85.71000
117.60000	 86.18000	 63.25818	 86.18000
117.80000	 86.65000	 63.62149	 86.65000
118.00000	 87.10000	 63.94150	 87.10000
118.20000	 87.50000	 64.19206	 87.50000
118.40000	 87.85000	 64.37462	 87.85000
118.60000	 88.08000	 64.42798	 88.08000
118.80000	 88.22000	 64.38215	 88.22000
119.00000	 88.28000	 64.24965	 88.28000
119.20000	 88.28000	 64.05232	 88.28000
119.40000	 88.22000	 63.79405	 88.22000
119.60000	 88.10000	 63.47872	 88.10000
119.80000	 87.96000	 63.14625	 87.96000
120.00000	 87.80000	 62.80003	 87.80000
120.20000	 87.63000	 62.45209	 87.63000
120.40000	 87.49000	 62.14105	 87.49000
120.60000	 87.36000	 61.85061	 87.36000
120.80000	 87.25000	 61.59106	 87.25000
121.00000	 87.21000	 61.40824	 87.21000
121.20000	 87.33000	 61.38318	 87.33000
121.40000	 87.41000	 61.33374	 87.41000
121.60000	 87.40000	 61.21359	 87.40000
121.80000	 87.18000	 60.91414	 87.18000
122.00000	 86.51000	 60.22040	 86.51000
122.20000	 85.73000	 59.44424	 85.73000
122.40000	 84.89000	 58.63595	 84.89000
122.60000	 84.12000	 57.91743	 84.12000
122.80000	 83.67000	 57.51721	 83.67000
123.00000	 83.32000	 57.23612	 83.32000
123.20000	 83.03000	 57.03628	 83.03000
123.40000	 82.79000	 56.90631	 82.79000
123.60000	 82.57000	 56.81644	 82.57000
123.80000	 82.30000	 56.70082	 82.30000
124.00000	 82.05000	 56.62054	 82.05000
124.20000	 81.84000	 56.59156	 81.84000
124.40000	 81.65000	 56.59354	 81.65000
124.60000	 81.49000	 56.63325	 81.49000
124.80000	 81.35000	 56.69940	 81.35000
125.00000	 81.27000	 56.82585	 81.27000
125.20000	 81.28000	 57.03723	 81.28000
125.40000	 81.38000	 57.33060	 81.38000
125.60000	 81.63000	 57.75682	 81.63000
125.80000	 82.01000	 58.29376	 82.01000
126.00000	 82.50000	 58.91884	 82.50000
126.20000	 83.13000	 59.65444	 83.13000
126.40000	 83.91000	 60.50456	 83.91000
126.60000	 84.83000	 61.45481	 84.83000
126.80000	 85.84000	 62.45461	 85.84000
127.00000	 86.90000	 63.46281	 86.90000
127.20000	 88.05000	 64.51117	 88.05000
127.40000	 89.21000	 65.52354	 89.21000
127.60000	 90.31000	 66.43381	 90.31000
127.80000	 91.32000	 67.21352	 91.32000
128.00000	 92.07000	 67.70947	 92.07000
128.20000	 92.66000	 68.01489	 92.66000
128.40000	 93.11000	 68.15233	 93.11000
128.60000	 93.40000	 68.10926	 93.40000
128.80000	 93.52000	 67.88313	 93.52000
129.00000	 93.53000	 67.53538	 93.53000
129.20000	 93.46000	 67.10048	 93.46000
129.40000	 93.37000	 66.63966	 93.37000
129.60000	 93.31000	 66.20430	 93.31000
129.80000	 93.23000	 65.75429	 93.23000
130.00000	 93.12000	 65.28500	 93.12000
130.20000	 92.99000	 64.80930	 92.99000
130.40000	 92.85000	 64.33953	 92.85000
130.60000	 92.68000	 63.86033	 92.68000
130.80000	 92.49000	 63.38310	 92.49000
131.00000	 92.27000	 62.90074	 92.27000
131.20000	 91.98000	 62.37883	 91.98000
131.40000	 91.66000	 61.85523	 91.66000
131.60000	 91.33000	 61.34945	 91.33000
131.80000	 91.03000	 60.89862	 91.03000
132.00000	 90.79000	 60.53008	 90.79000
132.20000	 90.69000	 60.31541	 90.69000
132.40000	 90.60000	 60.13525	 90.60000
132.60000	 90.49000	 59.96042	 90.49000
132.80000	 90.32000	 59.75298	 90.32000
133.00000	 89.99000	 59.42145	 89.99000
133.20000	 89.61000	 59.06520	 89.61000
133.40000	 89.19000	 58.69361	 89.19000
133.60000	 88.77000	 58.34317	 88.77000
133.80000	 88.37000	 58.03207	 88.37000
134.00000	 87.97000	 57.74193	 87.97000
134.20000	 87.58000	 57.48129	 87.58000
134.40000	 87.21000	 57.25843	 87.21000
134.60000	 86.86000	 57.07234	 86.86000
134.80000	 86.53000	 56.92176	 86.53000
135.00000	 86.22000	 56.80529	 86.22000
135.20000	 85.92000	 56.71234	 85.92000
135.40000	 85.64000	 56.65037	 85.64000
135.60000	 85.36000	 56.59971	 85.36000
135.80000	 85.09000	 56.56787	 85.09000
136.00000	 84.86000	 56.58045	 84.86000
136.20000	 84.66000	 56.62675	 84.66000
136.40000	 84.52000	 56.73207	 84.52000
136.60000	 84.43000	 56.88529	 84.43000
136.80000	 84.37000	 57.06616	 84.37000
137.00000	 84.34000	 57.27252	 84.34000
137.20000	 84.30000	 57.46621	 84.30000
137.40000	 84.24000	 57.63660	 84.24000
137.60000	 84.25000	 57.86377	 84.25000
137.80000	 84.32000	 58.13718	 84.32000
138.00000	 84.54000	 58.53633	 84.54000
138.20000	 84.91000	 59.05851	 84.91000
138.40000	 85.38000	 59.65514	 85.38000
138.60000	 85.92000	 60.29551	 85.92000
138.80000	 86.55000	 60.99417	 86.55000
139.00000	 87.25000	 61.72958	 87.25000
139.20000	 87.93000	 62.41727	 87.93000
139.40000	 88.56000	 63.02792	 88.56000
139.60000	 89.03000	 63.46122	 89.03000
139.80000	 89.40000	 63.77215	 89.40000
140.00000	 89.66000	 63.95372	 89.66000
140.20000	 89.81000	 64.00892	 89.81000
140.40000	 89.82000	 63.91451	 89.82000
140.60000	 89.74000	 63.72033	 89.74000
140.80000	 89.59000	 63.44944	 89.59000
141.00000	 89.40000	 63.13388	 89.40000
141.20000	 89.18000	 62.78735	 89.18000
141.40000	 88.92000	 62.40506	 88.92000
141.60000	 88.66000	 62.02701	 88.66000
141.80000	 88.41000	 61.66549	 88.41000
142.00000	 88.20000	 61.35013	 88.20000
142.20000	 87.98000	 61.03752	 87.98000
142.40000	 87.76000	 60.73806	 87.76000
142.60000	 87.50000	 60.41670	 87.50000
142.80000	 87.19000	 60.06547	 87.19000
143.00000	 86.87000	 59.72163	 86.87000
143.20000	 86.58000	 59.42217	 86.58000
143.40000	 86.32000	 59.16738	 86.32000
143.60000	 86.15000	 59.01117	 86.15000
143.80000	 86.02000	 58.90725	 86.02000
144.00000	 85.93000	 58.85409	 85.93000
144.20000	 85.90000	 58.86790	 85.90000
144.40000	 85.93000	 58.94647	 85.93000
144.60000	 86.00000	 59.06925	 86.00000
144.80000	 86.09000	 59.21562	 86.09000
145.00000	 86.21000	 59.39219	 86.21000
145.20000	 86.36000	 59.59662	 86.36000
145.40000	 86.49000	 59.78158	 86.49000
145.60000	 86.58000	 59.92733	 86.58000
145.80000	 86.54000	 59.95165	 86.54000
146.00000	 86.39000	 59.87292	 86.39000
146.20000	 86.20000	 59.75562	 86.20000
146.40000	 85.97000	 59.60125	 85.97000
146.60000	 85.70000	 59.41144	 85.70000
146.80000	 85.43000	 59.22402	 85.43000
147.00000	 85.17000	 59.04943	 85.17000
147.20000	 84.92000	 58.88875	 84.92000
147.40000	 84.77000	 58.82392	 84.77000
147.60000	 84.68000	 58.81854	 84.68000
147.80000	 84.63000	 58.85369	 84.63000
148.00000	 84.58000	 58.89215	 84.58000
148.20000	 84.51000	 58.91488	 84.51000
148.40000	 84.39000	 58.89413	 84.39000
148.60000	 84.29000	 58.89290	 84.29000
148.80000	 84.20000	 58.90185	 84.20000
149.00000	 84.12000	 58.92060	 84.12000
149.20000	 84.06000	 58.95777	 84.06000
149.40000	 84.06000	 59.04890	 84.06000
149.60000	 84.14000	 59.21107	 84.14000
149.80000	 84.38000	 59.51489	 84.38000
150.00000	 84.82000	 59.99375	 84.82000
150.20000	 85.33000	 60.52636	 85.33000
150.40000	 85.88000	 61.08174	 85.88000
150.60000	 86.39000	 61.58424	 86.39000
150.80000	 86.87000	 62.04045	 86.87000
151.00000	 87.34000	 62.46689	 87.34000
151.20000	 87.83000	 62.88964	 87.83000
151.40000	 88.34000	 63.30794	 88.34000
151.60000	 88.86000	 63.71219	 88.86000
151.80000	 89.37000	 64.08403	 89.37000
152.00000	 89.89000	 64.44159	 89.89000
152.20000	 90.42000	 64.78510	 90.42000
152.40000	 90.89000	 65.05179	 90.89000
152.60000	 91.28000	 65.22470	 91.28000
152.80000	 91.50000	 65.22454	 91.50000
153.00000	 91.58000	 65.08171	 91.58000
153.20000	 91.55000	 64.82751	 91.55000
153.40000	 91.40000	 64.45763	 91.40000
153.60000	 91.13000	 63.97719	 91.13000
153.80000	 90.80000	 63.44573	 90.80000
154.00000	 90.44000	 62.89538	 90.44000
154.20000	 90.12000	 62.39375	 90.12000
154.40000	 89.84000	 61.94406	 89.84000
154.60000	 89.56000	 61.51245	 89.56000
154.80000	 89.29000	 61.10957	 89.29000
155.00000	 88.98000	 60.69140	 88.98000
155.20000	 88.69000	 60.31311	 88.69000
155.40000	 88.45000	 60.00222	 88.45000
155.60000	 88.28000	 59.77646	 88.28000
155.80000	 88.28000	 59.72488	 88.28000
156.00000	 88.33000	 59.73654	 88.33000
156.20000	 88.39000	 59.77239	 88.39000
156.40000	 88.41000	 59.78460	 88.41000
156.60000	 88.35000	 59.73501	 88.35000
156.80000	 88.25000	 59.65856	 88.25000
157.00000	 88.08000	 59.52746	 88.08000
157.20000	 87.82000	 59.32363	 87.82000
157.40000	 87.49000	 59.06576	 87.49000
157.60000	 87.11000	 58.77299	 87.11000
157.80000	 86.69000	 58.45559	 86.69000
158.00000	 86.25000	 58.13289	 86.25000
158.20000	 85.79000	 57.80601	 85.79000
158.40000	 85.35000	 57.51202	 85.35000
158.60000	 84.92000	 57.24236	 84.92000
158.80000	 84.57000	 57.06033	 84.57000
159.00000	 84.31000	 56.97416	 84.31000
159.20000	 84.08000	 56.92812	 84.08000
159.40000	 83.89000	 56.92944	 83.89000
159.60000	 83.71000	 56.94907	 83.71000
159.80000	 83.53000	 56.97612	 83.53000
160.00000	 83.37000	 57.02700	 83.37000
160.20000	 83.23000	 57.10005	 83.23000
160.40000	 83.09000	 57.17564	 83.09000
160.60000	 82.94000	 57.24337	 82.94000
160.80000	 82.82000	 57.33824	 82.82000
161.00000	 82.75000	 57.47710	 82.75000
161.20000	 82.75000	 57.67657	 82.75000
161.40000	 82.90000	 58.00701	 82.90000
161.60000	 83.11000	 58.38439	 83.11000
161.80000	 83.38000	 58.80589	 83.38000
162.00000	 83.69000	 59.25064	 83.69000
162.20000	 84.04000	 59.71604	 84.04000
162.40000	 84.40000	 60.17268	 84.40000
162.60000	 84.74000	 60.59158	 84.74000
162.80000	 85.06000	 60.97156	 85.06000
163.00000	 85.34000	 61.29399	 85.34000
163.20000	 85.55000	 61.53189	 85.55000
163.40000	 85.67000	 61.66818	 85.67000
163.60000	 85.58000	 61.59643	 85.58000
163.80000	 85.36000	 61.39246	 85.36000
164.00000	 85.05000	 61.09675	 85.05000
164.20000	 84.69000	 60.75002	 84.69000
164.40000	 84.31000	 60.38374	 84.31000
164.60000	 83.92000	 60.01086	 83.92000
164.80000	 83.53000	 59.64375	 83.53000
165.00000	 83.14000	 59.28519	 83.14000
165.20000	 82.83000	 59.00956	 82.83000
165.40000	 82.58000	 58.79989	 82.58000
165.60000	 82.36000	 58.62930	 82.36000
165.80000	 82.16000	 58.48855	 82.16000
166.00000	 81.99000	 58.38616	 81.99000
166.20000	 81.76000	 58.24011	 81.76000
166.40000	 81.56000	 58.13134	 81.56000
166.60000	 81.41000	 58.07728	 81.41000
166.80000	 81.33000	 58.09490	 81.33000
167.00000	 81.40000	 58.25475	 81.40000
167.20000	 81.55000	 58.49089	 81.55000
167.40000	 81.76000	 58.78215	 81.76000
167.60000	 81.99000	 59.08929	 81.99000
167.80000	 82.22000	 59.39142	 82.22000
168.00000	 82.45000	 59.68622	 82.45000
168.20000	 82.65000	 59.94475	 82.65000
168.40000	 82.83000	 60.17482	 82.83000
168.60000	 82.90000	 60.29451	 82.90000
168.80000	 82.93000	 60.36747	 82.93000
169.00000	 82.94000	 60.41266	 82.94000
169.20000	 82.91000	 60.41307	 82.91000
169.40000	 82.88000	 60.40612	 82.88000
169.60000	 82.84000	 60.38401	 82.84000
169.80000	 82.78000	 60.33888	 82.78000
170.00000	 82.73000	 60.29903	 82.73000
170.20000	 82.66000	 60.23837	 82.66000
170.40000	 82.59000	 60.17599	 82.59000
170.60000	 82.54000	 60.13083	 82.54000
170.80000	 82.51000	 60.10345	 82.51000
171.00000	 82.55000	 60.13928	 82.55000
171.20000	 82.64000	 60.21992	 82.64000
171.40000	 82.73000	 60.29950	 82.73000
171.60000	 82.81000	 60.36837	 82.81000
171.80000	 82.79000	 60.34493	 82.79000
172.00000	 82.71000	 60.26584	 82.71000
172.20000	 82.65000	 60.20429	 82.65000
172.40000	 82.65000	 60.19708	 82.65000
172.60000	 82.84000	 60.36153	 82.84000
172.80000	 83.17000	 60.65085	 83.17000
173.00000	 83.57000	 60.99925	 83.57000
173.20000	 84.00000	 61.36782	 84.00000
173.40000	 84.45000	 61.74498	 84.45000
173.60000	 84.89000	 62.10143	 84.89000
173.80000	 85.29000	 62.40845	 85.29000
174.00000	 85.61000	 62.62904	 85.61000
174.20000	 85.80000	 62.71824	 85.80000
174.40000	 85.92000	 62.73160	 85.92000
174.60000	 85.97000	 62.67110	 85.97000
174.80000	 85.93000	 62.52111	 85.93000
175.00000	 85.83000	 62.31162	 85.83000
175.20000	 85.69000	 62.06374	 85.69000
175.40000	 85.52000	 61.78947	 85.52000
175.60000	 85.38000	 61.54570	 85.38000
175.80000	 85.26000	 61.32542	 85.26000
176.00000	 85.14000	 61.11205	 85.14000
176.20000	 85.02000	 60.90675	 85.02000
176.40000	 84.90000	 60.71039	 84.90000
176.60000	 84.78000	 60.52362	 84.78000
176.80000	 84.65000	 60.33786	 84.65000
177.00000	 84.52000	 60.16246	 84.52000
177.20000	 84.36000	 59.97055	 84.36000
177.40000	 84.16000	 59.75341	 84.16000
177.60000	 83.99000	 59.57466	 83.99000
177.80000	 83.87000	 59.45238	 83.87000
178.00000	 83.85000	 59.43112	 83.85000
178.20000	 83.96000	 59.53644	 83.96000
178.40000	 84.14000	 59.71169	 84.14000
178.60000	 84.37000	 59.93600	 84.37000
178.80000	 84.62000	 60.17942	 84.62000
179.00000	 84.90000	 60.44836	 84.90000
179.20000	 85.21000	 60.74037	 85.21000
179.40000	 85.55000	 61.05314	 85.55000
179.60000	 85.96000	 61.42063	 85.96000
179.80000	 86.38000	 61.78639	 86.38000
180.00000	 86.77000	 62.11239	 86.77000
180.20000	 87.10000	 62.37035	 87.10000
180.40000	 87.34000	 62.53288	 87.34000
180.60000	 87.50000	 62.60969	 87.50000
180.80000	 87.56000	 62.58418	 87.56000
181.00000	 87.43000	 62.37743	 87.43000
181.20000	 87.17000	 62.04726	 87.17000
181.40000	 86.84000	 61.65218	 86.84000
181.60000	 86.48000	 61.23259	 86.48000
181.80000	 86.21000	 60.90064	 86.21000
182.00000	 86.00000	 60.63164	 86.00000
182.20000	 85.80000	 60.38188	 85.80000
182.40000	 85.61000	 60.15231	 85.61000
182.60000	 85.42000	 59.93449	 85.42000
182.80000	 85.23000	 59.72880	 85.23000
183.00000	 85.04000	 59.53541	 85.04000
183.20000	 84.86000	 59.36335	 84.86000
183.40000	 84.71000	 59.23044	 84.71000
183.60000	 84.58000	 59.12708	 84.58000
183.80000	 84.45000	 59.03443	 84.45000
184.00000	 84.33000	 58.96070	 84.33000
184.20000	 84.16000	 58.85092	 84.16000
184.40000	 83.94000	 58.70469	 83.94000
184.60000	 83.74000	 58.58520	 83.74000
184.80000	 83.60000	 58.52828	 83.60000
185.00000	 83.58000	 58.58722	 83.58000
185.20000	 83.69000	 58.76916	 83.69000
185.40000	 83.90000	 59.04423	 83.90000
185.60000	 84.18000	 59.38206	 84.18000
185.80000	 84.57000	 59.81535	 84.57000
186.00000	 85.01000	 60.28614	 85.01000
186.20000	 85.48000	 60.77282	 85.48000
186.40000	 85.95000	 61.24516	 85.95000
186.60000	 86.41000	 61.69166	 86.41000
186.80000	 86.80000	 62.05634	 86.80000
187.00000	 87.09000	 62.31144	 87.09000
187.20000	 87.14000	 62.33120	 87.14000
187.40000	 86.95000	 62.11841	 86.95000
187.60000	 86.65000	 61.79505	 86.65000
187.80000	 86.28000	 61.40228	 86.28000
188.00000	 85.94000	 61.03527	 85.94000
188.20000	 85.62000	 60.68895	 85.62000
188.40000	 85.30000	 60.34836	 85.30000
188.60000	 84.97000	 60.00704	 84.97000
188.80000	 84.66000	 59.69419	 84.66000
189.00000	 84.36000	 59.40230	 84.36000
189.20000	 84.07000	 59.13242	 84.07000
189.40000	 83.80000	 58.89422	 83.80000
189.60000	 83.54000	 58.67890	 83.54000
189.80000	 83.28000	 58.47737	 83.28000
190.00000	 83.07000	 58.33453	 83.07000
190.20000	 82.90000	 58.24060	 82.90000
190.40000	 82.79000	 58.21245	 82.79000
190.60000	 82.77000	 58.27551	 82.77000
190.80000	 82.82000	 58.40945	 82.82000
191.00000	 82.96000	 58.62964	 82.96000
191.20000	 83.21000	 58.95103	 83.21000
191.40000	 83.60000	 59.39706	 83.60000
191.60000	 84.06000	 59.90029	 84.06000
191.80000	 84.56000	 60.42949	 84.56000
192.00000	 85.09000	 60.97186	 85.09000
192.20000	 85.61000	 61.48803	 85.61000
192.40000	 86.09000	 61.94846	 86.09000
192.60000	 86.49000	 62.31554	 86.49000
192.80000	 86.66000	 62.45363	 86.66000
193.00000	 86.73000	 62.48205	 86.73000
193.20000	 86.72000	 62.42165	 86.72000
193.40000	 86.66000	 62.30280	 86.66000
193.60000	 86.59000	 62.16494	 86.59000
193.80000	 86.48000	 61.98405	 86.48000
194.00000	 86.36000	 61.79017	 86.36000
194.20000	 86.25000	 61.60400	 86.25000
194.40000	 86.17000	 61.44575	 86.17000
194.60000	 86.08000	 61.28087	 86.08000
194.80000	 85.99000	 61.11974	 85.99000
195.00000	 85.88000	 60.94543	 85.88000
195.20000	 85.73000	 60.74094	 85.73000
195.40000	 85.56000	 60.52549	 85.56000
195.60000	 85.40000	 60.32726	 85.40000
195.80000	 85.23000	 60.12894	 85.23000
196.00000	 85.05000	 59.93115	 85.05000
196.20000	 84.92000	 59.78852	 84.92000
196.40000	 84.84000	 59.70091	 84.84000
196.60000	 84.90000	 59.74883	 84.90000
196.80000	 85.12000	 59.94840	 85.12000
197.00000	 85.40000	 60.20627	 85.40000
197.20000	 85.70000	 60.48311	 85.70000
197.40000	 85.96000	 60.72187	 85.96000
197.60000	 86.19000	 60.92952	 86.19000
197.80000	 86.40000	 61.11365	 86.40000
198.00000	 86.58000	 61.26425	 86.58000
198.20000	 86.75000	 61.39892	 86.75000
198.40000	 86.87000	 61.48133	 86.87000
198.60000	 86.93000	 61.50279	 86.93000
198.80000	 86.90000	 61.43716	 86.90000
199.00000	 86.73000	 61.24094	 86.73000
199.20000	 86.49000	 60.97997	 86.49000
199.40000	 86.23000	 60.70226	 86.23000
199.60000	 85.99000	 60.44651	 85.99000
199.80000	 85.83000	 60.26881	 85.83000
200.00000	 85.66000	 60.08886	 85.66000
200.20000	 85.50000	 59.92545	 85.50000
200.40000	 85.32000	 59.75199	 85.32000
200.60000	 85.11000	 59.55993	 85.11000
200.80000	 84.89000	 59.36790	 84.89000
201.00000	 84.65000	 59.16736	 84.65000
201.20000	 84.40000	 58.96780	 84.40000
201.40000	 84.11000	 58.74254	 84.11000
201.60000	 83.83000	 58.53725	 83.83000
201.80000	 83.58000	 58.37025	 83.58000
202.00000	 83.38000	 58.25940	 83.38000
202.20000	 83.27000	 58.24007	 83.27000
202.40000	 83.23000	 58.29270	 83.23000
202.60000	 83.26000	 58.41526	 83.26000
202.80000	 83.40000	 58.64144	 83.40000
203.00000	 83.65000	 58.96819	 83.65000
203.20000	 83.95000	 59.33779	 83.95000
203.40000	 84.25000	 59.70170	 84.25000
203.60000	 84.53000	 60.03905	 84.53000
203.80000	 84.77000	 60.32967	 84.77000
204.00000	 84.96000	 60.56326	 84.96000
204.20000	 85.07000	 60.71222	 85.07000
204.40000	 85.02000	 60.70482	 85.02000
204.60000	 84.88000	 60.60614	 84.88000
204.80000	 84.70000	 60.46383	 84.70000
205.00000	 84.49000	 60.28950	 84.49000
205.20000	 84.29000	 60.12174	 84.29000
205.40000	 84.08000	 59.94454	 84.08000
205.60000	 83.87000	 59.76876	 83.87000
205.80000	 83.65000	 59.58688	 83.65000
206.00000	 83.45000	 59.42730	 83.45000
206.20000	 83.26000	 59.28190	 83.26000
206.40000	 83.07000	 59.14226	 83.07000
206.60000	 82.89000	 59.01785	 82.89000
206.80000	 82.75000	 58.93595	 82.75000
207.00000	 82.61000	 58.86023	 82.61000
207.20000	 82.47000	 58.79042	 82.47000
207.40000	 82.31000	 58.70817	 82.31000
207.60000	 82.01000	 58.50509	 82.01000
207.80000	 81.70000	 58.29956	 81.70000
208.00000	 81.46000	 58.16466	 81.46000
208.20000	 81.33000	 58.13655	 81.33000
208.40000	 81.50000	 58.38562	 81.50000
208.60000	 81.80000	 58.75490	 81.80000
208.80000	 82.21000	 59.22207	 82.21000
209.00000	 82.72000	 59.77357	 82.72000
209.20000	 83.29000	 60.36864	 83.29000
209.40000	 83.90000	 60.98488	 83.90000
209.60000	 84.54000	 61.60941	 84.54000
209.80000	 85.19000	 62.22086	 85.19000
210.00000	 85.82000	 62.78954	 85.82000
210.20000	 86.39000	 63.27760	 86.39000
210.40000	 86.84000	 63.63026	 86.84000
210.60000	 87.01000	 63.70400	 87.01000
210.80000	 87.06000	 63.64668	 87.06000
211.00000	 87.04000	 63.50769	 87.04000
211.20000	 86.98000	 63.31853	 86.98000
211.40000	 87.01000	 63.20075	 87.01000
211.60000	 87.01000	 63.04896	 87.01000
211.80000	 87.01000	 62.89301	 87.01000
212.00000	 86.97000	 62.69921	 86.97000
212.20000	 86.91000	 62.48797	 86.91000
212.40000	 86.81000	 62.24345	 86.81000
212.60000	 86.70000	 61.99488	 86.70000
212.80000	 86.56000	 61.72606	 86.56000
213.00000	 86.40000	 61.44779	 86.40000
213.20000	 86.22000	 61.16164	 86.22000
213.40000	 86.03000	 60.87800	 86.03000
213.60000	 85.84000	 60.60703	 85.84000
213.80000	 85.61000	 60.31347	 85.61000
214.00000	 85.41000	 60.06134	 85.41000
214.20000	 85.23000	 59.84196	 85.23000
214.40000	 85.10000	 59.68232	 85.10000
214.60000	 85.06000	 59.61782	 85.06000
214.80000	 85.08000	 59.61988	 85.08000
215.00000	 85.19000	 59.71359	 85.19000
215.20000	 85.40000	 59.90540	 85.40000
215.40000	 85.76000	 60.23725	 85.76000
215.60000	 86.19000	 60.63290	 86.19000
215.80000	 86.68000	 61.07928	 86.68000
216.00000	 87.21000	 61.55443	 87.21000
216.20000	 87.75000	 62.02771	 87.75000
216.40000	 88.28000	 62.47808	 88.28000
216.60000	 88.78000	 62.88524	 88.78000
216.80000	 89.13000	 63.13947	 89.13000
217.00000	 89.43000	 63.33130	 89.43000
217.20000	 89.72000	 63.49771	 89.72000
217.40000	 90.04000	 63.67583	 90.04000
217.60000	 90.51000	 63.97468	 90.51000
217.80000	 90.98000	 64.25841	 90.98000
218.00000	 91.44000	 64.51770	 91.44000
218.20000	 91.85000	 64.71649	 91.85000
218.40000	 92.20000	 64.84641	 92.20000
218.60000	 92.44000	 64.86358	 92.44000
218.80000	 92.54000	 64.74313	 92.54000
219.00000	 92.37000	 64.37100	 92.37000
219.20000	 92.02000	 63.83362	 92.02000
219.40000	 91.56000	 63.20019	 91.56000
219.60000	 91.05000	 62.53090	 91.05000
219.80000	 90.55000	 61.88532	 90.55000
220.00000	 90.06000	 61.26778	 90.06000
220.20000	 89.61000	 60.70870	 89.61000
220.40000	 89.26000	 60.26441	 89.26000
220.60000	 89.00000	 59.92659	 89.00000
220.80000	 88.80000	 59.66766	 88.80000
221.00000	 88.64000	 59.46834	 88.64000
221.20000	 88.55000	 59.35403	 88.55000
221.40000	 88.48000	 59.27734	 88.48000
221.60000	 88.39000	 59.19989	 88.39000
221.80000	 88.27000	 59.11068	 88.27000
222.00000	 88.09000	 58.98112	 88.09000
222.20000	 87.85000	 58.81027	 87.85000
222.40000	 87.53000	 58.57973	 87.53000
222.60000	 87.06000	 58.22661	 87.06000
222.80000	 86.47000	 57.77940	 86.47000
223.00000	 85.85000	 57.32143	 85.85000
223.20000	 85.23000	 56.88164	 85.23000
223.40000	 84.72000	 56.56064	 84.72000
223.60000	 84.31000	 56.34937	 84.31000
223.80000	 83.95000	 56.20158	 83.95000
224.00000	 83.62000	 56.09759	 83.62000
224.20000	 83.34000	 56.05363	 83.34000
224.40000	 83.09000	 56.04952	 83.09000
224.60000	 82.85000	 56.06497	 82.85000
224.80000	 82.62000	 56.09793	 82.62000
225.00000	 82.32000	 56.07427	 82.32000
225.20000	 81.96000	 56.00197	 81.96000
225.40000	 81.66000	 55.98884	 81.66000
225.60000	 81.44000	 56.05198	 81.44000
225.80000	 81.44000	 56.31611	 81.44000
226.00000	 81.62000	 56.74182	 81.62000
226.20000	 81.93000	 57.27960	 81.93000
226.40000	 82.35000	 57.90658	 82.35000
226.60000	 82.90000	 58.63585	 82.90000
226.80000	 83.51000	 59.39911	 83.51000
227.00000	 84.17000	 60.18266	 84.17000
227.20000	 84.85000	 60.95534	 84.85000
227.40000	 85.52000	 61.68677	 85.52000
227.60000	 86.12000	 62.32048	 86.12000
227.80000	 86.62000	 62.82843	 86.62000
228.00000	 86.84000	 63.04874	 86.84000
228.20000	 86.89000	 63.08395	 86.89000
228.40000	 86.84000	 63.00188	 86.84000
228.60000	 86.72000	 62.83473	 86.72000
228.80000	 86.63000	 62.67790	 86.63000
229.00000	 86.52000	 62.49057	 86.52000
229.20000	 86.37000	 62.25865	 86.37000
229.40000	 86.20000	 62.00392	 86.20000
229.60000	 86.02000	 61.73883	 86.02000
229.80000	 85.82000	 61.45732	 85.82000
230.00000	 85.60000	 61.16204	 85.60000
230.20000	 85.37000	 60.86441	 85.37000
230.40000	 85.13000	 60.56643	 85.13000
230.60000	 84.87000	 60.26077	 84.87000
230.80000	 84.61000	 59.96697	 84.61000
231.00000	 84.33000	 59.66811	 84.33000
231.20000	 84.00000	 59.33811	 84.00000
231.40000	 83.66000	 59.01418	 83.66000
231.60000	 83.33000	 58.71521	 83.33000
231.80000	 83.04000	 58.46875	 83.04000
232.00000	 82.80000	 58.28366	 82.80000
232.20000	 82.62000	 58.16820	 82.62000
232.40000	 82.51000	 58.13005	 82.51000
232.60000	 82.47000	 58.16728	 82.47000
232.80000	 82.58000	 58.34967	 82.58000
233.00000	 82.77000	 58.61062	 82.77000
233.20000	 82.99000	 58.90131	 82.99000
233.40000	 83.19000	 59.17321	 83.19000
233.60000	 83.29000	 59.35146	 83.29000
233.80000	 83.33000	 59.47080	 83.33000
234.00000	 83.30000	 59.52170	 83.30000
234.20000	 83.17000	 59.47733	 83.17000
234.40000	 82.87000	 59.27570	 82.87000
234.60000	 82.52000	 59.02761	 82.52000
234.80000	 82.14000	 58.75373	 82.14000
235.00000	 81.81000	 58.52866	 81.81000
235.20000	 81.58000	 58.39911	 81.58000
235.40000	 81.38000	 58.30228	 81.38000
235.60000	 81.22000	 58.24718	 81.22000
235.80000	 81.09000	 58.22435	 81.09000
236.00000	 80.98000	 58.22406	 80.98000
236.20000	 80.90000	 58.25452	 80.90000
236.40000	 80.85000	 58.31473	 80.85000
236.60000	 80.83000	 58.40355	 80.83000
236.80000	 80.80000	 58.48365	 80.80000
237.00000	 80.81000	 58.59916	 80.81000
237.20000	 80.88000	 58.76697	 80.88000
237.40000	 80.99000	 58.96753	 80.99000
237.60000	 81.18000	 59.23534	 81.18000
237.80000	 81.45000	 59.56840	 81.45000
238.00000	 81.81000	 59.97340	 81.81000
238.20000	 82.30000	 60.48376	 82.30000
238.40000	 82.94000	 61.11424	 82.94000
238.60000	 83.66000	 61.79774	 83.66000
238.80000	 84.41000	 62.48532	 84.41000
239.00000	 85.18000	 63.16473	 85.18000
239.20000	 85.92000	 63.78825	 85.92000
239.40000	 86.60000	 64.32718	 86.60000
239.60000	 87.13000	 64.69986	 87.13000
239.80000	 87.44000	 64.84443	 87.44000
240.00000	 87.64000	 64.86351	 87.64000
240.20000	 87.73000	 64.76123	 87.73000
240.40000	 87.71000	 64.54231	 87.71000
240.60000	 87.62000	 64.24799	 87.62000
240.80000	 87.49000	 63.91044	 87.49000
241.00000	 87.35000	 63.56145	 87.35000
241.20000	 87.30000	 63.29535	 87.30000
241.40000	 87.28000	 63.06065	 87.28000
241.60000	 87.26000	 62.83217	 87.26000
241.80000	 87.22000	 62.59340	 87.22000
242.00000	 87.12000	 62.30964	 87.12000
242.20000	 86.99000	 62.00955	 86.99000
242.40000	 86.83000	 61.69464	 86.83000
242.60000	 86.66000	 61.38434	 86.66000
242.80000	 86.44000	 61.04369	 86.44000
243.00000	 86.21000	 60.70999	 86.21000
243.20000	 85.99000	 60.40223	 85.99000
243.40000	 85.80000	 60.13898	 85.80000
243.60000	 85.66000	 59.93824	 85.66000
243.80000	 85.58000	 59.80837	 85.58000
244.00000	 85.55000	 59.73908	 85.55000
244.20000	 85.59000	 59.74669	 85.59000
244.40000	 85.77000	 59.89213	 85.77000
244.60000	 85.97000	 60.06391	 85.97000
244.80000	 86.18000	 60.24998	 86.18000
245.00000	 86.36000	 60.41158	 86.36000
245.20000	 86.47000	 60.51060	 86.47000
245.40000	 86.51000	 60.54597	 86.51000
245.60000	 86.46000	 60.49938	 86.46000
245.80000	 86.19000	 60.25413	 86.19000
246.00000	 85.82000	 59.92096	 85.82000
246.20000	 85.39000	 59.53891	 85.39000
246.40000	 84.95000	 59.15606	 84.95000
246.60000	 84.56000	 58.82905	 84.56000
246.80000	 84.19000	 58.53235	 84.19000
247.00000	 83.83000	 58.25791	 83.83000
247.20000	 83.51000	 58.03340	 83.51000
247.40000	 83.28000	 57.90389	 83.28000
247.60000	 83.08000	 57.81430	 83.08000
247.80000	 82.90000	 57.75435	 82.90000
248.00000	 82.71000	 57.69564	 82.71000
248.20000	 82.47000	 57.60092	 82.47000
248.40000	 82.21000	 57.49664	 82.21000
248.60000	 81.96000	 57.40941	 81.96000
248.80000	 81.71000	 57.32966	 81.71000
249.00000	 81.46000	 57.25684	 81.46000
249.20000	 81.24000	 57.21747	 81.24000
249.40000	 81.08000	 57.23784	 81.08000
249.60000	 81.03000	 57.36177	 81.03000
249.80000	 81.17000	 57.65932	 81.17000
250.00000	 81.45000	 58.08188	 81.45000
250.20000	 81.84000	 58.59819	 81.84000
250.40000	 82.34000	 59.20378	 82.34000
250.60000	 82.97000	 59.91206	 82.97000
250.80000	 83.65000	 60.64593	 83.65000
251.00000	 84.34000	 61.36496	 84.34000
251.20000	 85.00000	 62.02954	 85.00000
251.40000	 85.59000	 62.60120	 85.59000
251.60000	 86.09000	 63.06087	 86.09000
251.80000	 86.45000	 63.36371	 86.45000
252.00000	 86.54000	 63.39427	 86.54000
252.20000	 86.48000	 63.26509	 86.48000
252.40000	 86.30000	 63.00845	 86.30000
252.60000	 86.01000	 62.63908	 86.01000
252.80000	 85.63000	 62.18096	 85.63000
253.00000	 85.22000	 61.69409	 85.22000
253.20000	 84.81000	 61.21080	 84.81000
253.40000	 84.48000	 60.80762	 84.48000
253.60000	 84.27000	 60.52354	 84.27000
253.80000	 84.10000	 60.28760	 84.10000
254.00000	 83.95000	 60.08231	 83.95000
254.20000	 83.80000	 59.88975	 83.80000
254.40000	 83.62000	 59.68284	 83.62000
254.60000	 83.45000	 59.49776	 83.45000
254.80000	 83.28000	 59.32536	 83.28000
255.00000	 83.08000	 59.13831	 83.08000
255.20000	 82.85000	 58.93652	 82.85000
255.40000	 82.63000	 58.75614	 82.63000
255.60000	 82.47000	 58.64209	 82.47000
255.80000	 82.41000	 58.62963	 82.41000
256.00000	 82.51000	 58.77118	 82.51000
256.20000	 82.65000	 58.95548	 82.65000
256.40000	 82.82000	 59.17056	 82.82000
256.60000	 82.96000	 59.35949	 82.96000
256.80000	 83.06000	 59.51115	 83.06000
257.00000	 83.13000	 59.63318	 83.13000
257.20000	 83.14000	 59.69762	 83.14000
257.40000	 83.02000	 59.64119	 83.02000
257.60000	 82.82000	 59.51004	 82.82000
257.80000	 82.58000	 59.34194	 82.58000
258.00000	 82.31000	 59.14765	 82.31000
258.20000	 82.04000	 58.95598	 82.04000
258.40000	 81.76000	 58.75936	 81.76000
258.60000	 81.47000	 58.55904	 81.47000
258.80000	 81.18000	 58.36512	 81.18000
259.00000	 80.88000	 58.16945	 80.88000
259.20000	 80.57000	 57.97273	 80.57000
259.40000	 80.28000	 57.80264	 80.28000
259.60000	 79.99000	 57.64138	 79.99000
259.80000	 79.75000	 57.53416	 79.75000
260.00000	 79.54000	 57.46247	 79.54000
260.20000	 79.34000	 57.40751	 79.34000
260.40000	 79.15000	 57.36849	 79.15000
260.60000	 78.95000	 57.32650	 78.95000
260.80000	 78.74000	 57.28086	 78.74000
261.00000	 78.55000	 57.25807	 78.55000
261.20000	 78.39000	 57.26647	 78.39000
261.40000	 78.27000	 57.31417	 78.27000
261.60000	 78.20000	 57.40903	 78.20000
261.80000	 78.21000	 57.57667	 78.21000
262.00000	 78.31000	 57.82417	 78.31000
262.20000	 78.62000	 58.25734	 78.62000
262.40000	 79.05000	 58.79111	 79.05000
262.60000	 79.56000	 59.38511	 79.56000
262.80000	 80.15000	 60.03516	 80.15000
263.00000	 80.81000	 60.72817	 80.81000
263.20000	 81.46000	 61.38813	 81.46000
263.40000	 82.04000	 61.95806	 82.04000
263.60000	 82.44000	 62.33723	 82.44000
263.80000	 82.64000	 62.50827	 82.64000
264.00000	 82.72000	 62.54605	 82.72000
264.20000	 82.72000	 62.49024	 82.72000
264.40000	 82.65000	 62.35388	 82.65000
264.60000	 82.53000	 62.15919	 82.53000
264.80000	 82.37000	 61.91932	 82.37000
265.00000	 82.20000	 61.66526	 82.20000
265.20000	 82.02000	 61.40049	 82.02000
265.40000	 81.85000	 61.14605	 81.85000
265.60000	 81.73000	 60.94049	 81.73000
265.80000	 81.68000	 60.80339	 81.68000
266.00000	 81.87000	 60.88876	 81.87000
266.20000	 82.14000	 61.05054	 82.14000
266.40000	 82.41000	 61.21440	 82.41000
266.60000	 82.63000	 61.33333	 82.63000
266.80000	 82.67000	 61.28896	 82.67000
267.00000	 82.60000	 61.14509	 82.60000
267.20000	 82.46000	 60.93938	 82.46000
267.40000	 82.21000	 60.63769	 82.21000
267.60000	 81.81000	 60.20650	 81.81000
267.80000	 81.43000	 59.80263	 81.43000
268.00000	 81.15000	 59.50088	 81.15000
268.20000	 81.19000	 59.50090	 81.19000
268.40000	 81.42000	 59.68338	 81.42000
268.60000	 81.78000	 59.99067	 81.78000
268.80000	 82.21000	 60.36439	 82.21000
269.00000	 82.69000	 60.78228	 82.69000
269.20000	 83.19000	 61.21327	 83.19000
269.40000	 83.67000	 61.61779	 83.67000
269.60000	 84.09000	 61.95707	 84.09000
269.80000	 84.44000	 62.22051	 84.44000
270.00000	 84.69000	 62.38048	 84.69000
270.20000	 84.81000	 62.41050	 84.81000
270.40000	 84.69000	 62.21311	 84.69000
270.60000	 84.47000	 61.91841	 84.47000
270.80000	 84.20000	 61.57565	 84.20000
271.00000	 83.95000	 61.25200	 83.95000
271.20000	 83.78000	 61.00473	 83.78000
271.40000	 83.61000	 60.76358	 83.61000
271.60000	 83.45000	 60.53912	 83.45000
271.80000	 83.29000	 60.32344	 83.29000
272.00000	 83.14000	 60.12640	 83.14000
272.20000	 82.98000	 59.93047	 82.98000
272.40000	 82.81000	 59.73607	 82.81000
272.60000	 82.63000	 59.54351	 82.63000
272.80000	 82.43000	 59.34402	 82.43000
273.00000	 82.21000	 59.13784	 82.21000
273.20000	 81.98000	 58.93427	 81.98000
273.40000	 81.70000	 58.69742	 81.70000
273.60000	 81.34000	 58.40070	 81.34000
273.80000	 81.01000	 58.14433	 81.01000
274.00000	 80.73000	 57.94676	 80.73000
274.20000	 80.57000	 57.87089	 80.57000
274.40000	 80.57000	 57.95135	 80.57000
274.60000	 80.67000	 58.13125	 80.67000
274.80000	 80.85000	 58.38917	 80.85000
275.00000	 81.10000	 58.71251	 81.10000
275.20000	 81.41000	 59.08855	 81.41000
275.40000	 81.81000	 59.54072	 81.81000
275.60000	 82.28000	 60.04716	 82.28000
275.80000	 82.88000	 60.65827	 82.88000
276.00000	 83.53000	 61.29769	 83.53000
276.20000	 84.19000	 61.92555	 84.19000
276.40000	 84.78000	 62.46664	 84.78000
276.60000	 85.28000	 62.90125	 85.28000
276.80000	 85.74000	 63.27415	 85.74000
277.00000	 86.17000	 63.59474	 86.17000
277.20000	 86.59000	 63.88192	 86.59000
277.40000	 86.99000	 64.12777	 86.99000
277.60000	 87.34000	 64.30657	 87.34000
277.80000	 87.65000	 64.42918	 87.65000
278.00000	 87.85000	 64.43457	 87.85000
278.20000	 88.00000	 64.37986	 88.00000
278.40000	 88.12000	 64.28620	 88.12000
278.60000	 88.22000	 64.16566	 88.22000
278.80000	 88.37000	 64.08421	 88.37000
279.00000	 88.49000	 63.97169	 88.49000
279.20000	 88.57000	 63.82107	 88.57000
279.40000	 88.56000	 63.58932	 88.56000
279.60000	 88.40000	 63.22486	 88.40000
279.80000	 88.22000	 62.84843	 88.22000
280.00000	 88.05000	 62.49012	 88.05000
280.20000	 88.01000	 62.26056	 88.01000
280.40000	 88.12000	 62.17846	 88.12000
280.60000	 88.27000	 62.14372	 88.27000
280.80000	 88.45000	 62.14605	 88.45000
281.00000	 88.62000	 62.14795	 88.62000
281.20000	 88.78000	 62.14821	 88.78000
281.40000	 88.92000	 62.13681	 88.92000
281.60000	 89.02000	 62.09495	 89.02000
281.80000	 89.04000	 61.98623	 89.04000
282.00000	 89.02000	 61.84712	 89.02000
282.20000	 88.97000	 61.68727	 88.97000
282.40000	 88.88000	 61.49837	 88.88000
282.60000	 88.75000	 61.28132	 88.75000
282.80000	 88.64000	 61.09126	 88.64000
283.00000	 88.55000	 60.92879	 88.55000
283.20000	 88.55000	 60.85724	 88.55000
283.40000	 88.68000	 60.91197	 88.68000
283.60000	 88.85000	 61.00987	 88.85000
283.80000	 89.05000	 61.13991	 89.05000
284.00000	 89.25000	 61.27296	 89.25000
284.20000	 89.46000	 61.41631	 89.46000
284.40000	 89.63000	 61.52327	 89.63000
284.60000	 89.73000	 61.56580	 89.73000
284.80000	 89.71000	 61.49864	 89.71000
285.00000	 89.58000	 61.33175	 89.58000
285.20000	 89.36000	 61.08498	 89.36000
285.40000	 89.05000	 60.76064	 89.05000
285.60000	 88.63000	 60.34338	 88.63000
285.80000	 88.17000	 59.89958	 88.17000
286.00000	 87.68000	 59.44120	 87.68000
286.20000	 87.21000	 59.01596	 87.21000
286.40000	 86.77000	 58.63474	 86.77000
286.60000	 86.36000	 58.29865	 86.36000
286.80000	 86.00000	 58.02619	 86.00000
287.00000	 85.71000	 57.83515	 85.71000
287.20000	 85.49000	 57.72445	 85.49000
287.40000	 85.37000	 57.71946	 85.37000
287.60000	 85.40000	 57.86277	 85.40000
