  0.00000	 99.06000	 58.07120	 99.06000
  0.20000	 99.53000	 58.41799	 99.53000
  0.40000	 99.90000	 58.69070	 99.90000
  0.60000	100.17000	 58.88897	100.17000
  0.80000	100.36000	 59.02742	100.36000
  1.00000	100.48000	 59.11347	100.48000
  1.20000	100.55000	 59.16196	100.55000
  1.40000	100.57000	 59.17309	100.57000
  1.60000	100.56000	 59.16176	100.56000
  1.80000	100.52000	 59.12816	100.52000
  2.00000	100.51000	 59.11653	100.51000
  2.20000	100.51000	 59.11226	100.51000
  2.40000	100.50000	 59.10071	100.50000
  2.60000	100.50000	 59.09659	100.50000
  2.80000	100.50000	 59.09257	100.50000
  3.00000	100.56000	 59.13274	100.56000
  3.20000	100.60000	 59.15824	100.60000
  3.40000	100.59000	 59.14702	100.59000
  3.60000	100.53000	 59.09912	100.53000
  3.80000	100.25000	 58.88981	100.25000
  4.00000	 99.88000	 58.61495	 99.88000
  4.20000	 99.45000	 58.29698	 99.45000
  4.40000	 99.00000	 57.96562	 99.00000
  4.60000	 98.56000	 57.64316	 98.56000
  4.80000	 98.28000	 57.43991	 98.28000
  5.00000	 98.02000	 57.25289	 98.02000
  5.20000	 97.76000	 57.06727	 97.76000
  5.40000	 97.50000	 56.88291	 97.50000
  5.60000	 97.22000	 56.68505	 97.22000
  5.80000	 96.75000	 56.34878	 96.75000
  6.00000	 96.28000	 56.01388	 96.28000
  6.20000	 95.83000	 55.69520	 95.83000
  6.40000	 95.46000	 55.43684	 95.46000
  6.60000	 95.17000	 55.23873	 95.17000
  6.80000	 95.16000	 55.24756	 95.16000
  7.00000	 95.26000	 55.33790	 95.26000
  7.20000	 95.44000	 55.48717	 95.44000
  7.40000	 95.69000	 55.68755	 95.69000
  7.60000	 96.01000	 55.93859	 96.01000
  7.80000	 96.37000	 56.21787	 96.37000
  8.00000	 96.75000	 56.51039	 96.75000
  8.20000	 97.15000	 56.81591	 97.15000
  8.40000	 97.51000	 57.09021	 97.51000
  8.60000	 97.83000	 57.33325	 97.83000
  8.80000	 98.15000	 57.57446	 98.15000
  9.00000	 98.45000	 57.79920	 98.45000
  9.20000	 98.75000	 58.02225	 98.75000
  9.40000	 99.10000	 58.28040	 99.10000
  9.60000	 99.41000	 58.50755	 99.41000
  9.80000	 99.70000	 58.71845	 99.70000
 10.00000	 99.93000	 58.88382	 99.93000
 10.20000	 99.98000	 58.91569	 99.98000
 10.40000	 99.94000	 58.88055	 99.94000
 10.60000	 99.90000	 58.84491	 99.90000
 10.80000	 99.88000	 58.82375	 99.88000
 11.00000	 99.99000	 58.89800	 99.99000
 11.20000	100.31000	 59.12637	100.31000
 11.40000	100.66000	 59.37627	100.66000
 11.60000	101.02000	 59.63274	101.02000
 11.80000	101.35000	 59.86619	101.35000
 12.00000	101.58000	 60.02514	101.58000
 12.20000	101.74000	 60.13171	101.74000
 12.40000	101.81000	 60.17141	101.81000
 12.60000	101.75000	 60.11511	101.75000
 12.80000	101.37000	 59.82364	101.37000
 13.00000	100.90000	 59.46666	100.90000
 13.20000	100.36000	 59.05947	100.36000
 13.40000	 99.80000	 58.63931	 99.80000
 13.60000	 99.34000	 58.29468	 99.34000
 13.80000	 99.06000	 58.08441	 99.06000
 14.00000	 98.80000	 57.89076	 98.80000
 14.20000	 98.55000	 57.70617	 98.55000
 14.40000	 98.28000	 57.50844	 98.28000
 14.60000	 97.92000	 57.24604	 97.92000
 14.80000	 97.39000	 56.86028	 97.39000
 15.00000	 96.87000	 56.48361	 96.87000
 15.20000	 96.39000	 56.13823	 96.39000
 15.40000	 95.99000	 55.85354	 95.99000
 15.60000	 95.81000	 55.73223	 95.81000
 15.80000	 95.80000	 55.73717	 95.80000
 16.00000	 95.89000	 55.81639	 95.89000
 16.20000	 96.05000	 55.94733	 96.05000
 16.40000	 96.27000	 56.12217	 96.27000
 16.60000	 96.51000	 56.31114	 96.51000
 16.80000	 96.80000	 56.53596	 96.80000
 17.00000	 97.10000	 56.76700	 97.10000
 17.20000	 97.42000	 57.01140	 97.42000
 17.40000	 97.74000	 57.25435	 97.74000
 17.60000	 98.06000	 57.49576	 98.06000
 17.80000	 98.35000	 57.71354	 98.35000
 18.00000	 98.61000	 57.90775	 98.61000
 18.20000	 98.80000	 58.04907	 98.80000
 18.40000	 98.95000	 58.15972	 98.95000
 18.60000	 99.05000	 58.23255	 99.05000
 18.80000	 99.10000	 58.26775	 99.10000
 19.00000	 99.06000	 58.23619	 99.06000
 19.20000	 98.95000	 58.15284	 98.95000
 19.40000	 98.82000	 58.05474	 98.82000
 19.60000	 98.69000	 57.95682	 98.69000
 19.80000	 98.59000	 57.88125	 98.59000
 20.00000	 98.62000	 57.90157	 98.62000
 20.20000	 98.70000	 57.95884	 98.70000
 20.40000	 98.80000	 58.03087	 98.80000
 20.60000	 98.92000	 58.11750	 98.92000
 20.80000	 99.10000	 58.24797	 99.10000
 21.00000	 99.29000	 58.38539	 99.29000
 21.20000	 99.44000	 58.49290	 99.44000
 21.40000	 99.53000	 58.55578	 99.53000
 21.60000	 99.47000	 58.50803	 99.47000
 21.80000	 99.20000	 58.30583	 99.20000
 22.00000	 98.85000	 58.04518	 98.85000
 22.20000	 98.45000	 57.74856	 98.45000
 22.40000	 98.04000	 57.44573	 98.04000
 22.60000	 97.71000	 57.20303	 97.71000
 22.80000	 97.41000	 56.98381	 97.41000
 23.00000	 97.12000	 56.77333	 97.12000
 23.20000	 96.84000	 56.57155	 96.84000
 23.40000	 96.56000	 56.37106	 96.56000
 23.60000	 96.17000	 56.09102	 96.17000
 23.80000	 95.80000	 55.82703	 95.80000
 24.00000	 95.50000	 55.61583	 95.50000
 24.20000	 95.29000	 55.47202	 95.29000
 24.40000	 95.28000	 55.47619	 95.28000
 24.60000	 95.48000	 55.63523	 95.48000
 24.80000	 95.77000	 55.86039	 95.77000
 25.00000	 96.11000	 56.12173	 96.11000
 25.20000	 96.48000	 56.40413	 96.48000
 25.40000	 96.83000	 56.67053	 96.83000
 25.60000	 97.18000	 56.93542	 97.18000
 25.80000	 97.51000	 57.18401	 97.51000
 26.00000	 97.79000	 57.39423	 97.79000
 26.20000	 97.97000	 57.52943	 97.97000
 26.40000	 98.12000	 57.64122	 98.12000
 26.60000	 98.23000	 57.72248	 98.23000
 26.80000	 98.32000	 57.78809	 98.32000
 27.00000	 98.46000	 57.88964	 98.46000
 27.20000	 98.59000	 57.98312	 98.59000
 27.40000	 98.67000	 58.03922	 98.67000
 27.60000	 98.71000	 58.06540	 98.71000
 27.80000	 98.65000	 58.01774	 98.65000
 28.00000	 98.40000	 57.83038	 98.40000
 28.20000	 98.11000	 57.61395	 98.11000
 28.40000	 97.81000	 57.39085	 97.81000
 28.60000	 97.52000	 57.17601	 97.52000
 28.80000	 97.34000	 57.04304	 97.34000
 29.00000	 97.26000	 56.98452	 97.26000
 29.20000	 97.22000	 56.95616	 97.22000
 29.40000	 97.21000	 56.95044	 97.21000
 29.60000	 97.23000	 56.96714	 97.23000
 29.80000	 97.28000	 57.00611	 97.28000
 30.00000	 97.34000	 57.05247	 97.34000
 30.20000	 97.39000	 57.09141	 97.39000
 30.40000	 97.43000	 57.12287	 97.43000
 30.60000	 97.41000	 57.11007	 97.41000
 30.80000	 97.32000	 57.04576	 97.32000
 31.00000	 97.21000	 56.96679	 97.21000
 31.20000	 97.06000	 56.85861	 97.06000
 31.40000	 96.88000	 56.72872	 96.88000
 31.60000	 96.65000	 56.56256	 96.65000
 31.80000	 96.40000	 56.38233	 96.40000
 32.00000	 96.13000	 56.18817	 96.13000
 32.20000	 95.86000	 55.99487	 95.86000
 32.40000	 95.59000	 55.80251	 95.59000
 32.60000	 95.33000	 55.61848	 95.33000
 32.80000	 95.09000	 55.45010	 95.09000
 33.00000	 94.91000	 55.32673	 94.91000
 33.20000	 94.81000	 55.26293	 94.81000
 33.40000	 94.83000	 55.28787	 94.83000
 33.60000	 95.09000	 55.48936	 95.09000
 33.80000	 95.41000	 55.73462	 95.41000
 34.00000	 95.78000	 56.01583	 95.78000
 34.20000	 96.16000	 56.30322	 96.16000
 34.40000	 96.43000	 56.50838	 96.43000
 34.60000	 96.67000	 56.69007	 96.67000
 34.80000	 96.90000	 56.86303	 96.90000
 35.00000	 97.10000	 57.01263	 97.10000
 35.20000	 97.31000	 57.16836	 97.31000
 35.40000	 97.52000	 57.32294	 97.52000
 35.60000	 97.71000	 57.46173	 97.71000
 35.80000	 97.89000	 57.59217	 97.89000
 36.00000	 98.05000	 57.70697	 98.05000
 36.20000	 98.15000	 57.77686	 98.15000
 36.40000	 98.18000	 57.79466	 98.18000
 36.60000	 98.21000	 57.81198	 98.21000
 36.80000	 98.25000	 57.83633	 98.25000
 37.00000	 98.33000	 57.88984	 98.33000
 37.20000	 98.54000	 58.03861	 98.54000
 37.40000	 98.85000	 58.26043	 98.85000
 37.60000	 99.18000	 58.49627	 99.18000
 37.80000	 99.52000	 58.73858	 99.52000
 38.00000	 99.84000	 58.96518	 99.84000
 38.20000	100.12000	 59.16132	100.12000
 38.40000	100.36000	 59.32703	100.36000
 38.60000	100.54000	 59.44771	100.54000
 38.80000	100.65000	 59.51618	100.65000
 39.00000	100.58000	 59.45186	100.58000
 39.20000	100.46000	 59.35065	100.46000
 39.40000	100.30000	 59.22025	100.30000
 39.60000	100.13000	 59.08301	100.13000
 39.80000	100.04000	 59.00524	100.04000
 40.00000	100.03000	 58.98695	100.03000
 40.20000	100.05000	 58.99133	100.05000
 40.40000	100.08000	 59.00354	100.08000
 40.60000	100.12000	 59.02349	100.12000
 40.80000	100.08000	 58.98498	100.08000
 41.00000	100.02000	 58.93215	100.02000
 41.20000	100.01000	 58.91645	100.01000
 41.40000	100.10000	 58.97458	100.10000
 41.60000	100.34000	 59.14309	100.34000
 41.80000	100.90000	 59.54649	100.90000
 42.00000	101.56000	 60.02250	101.56000
 42.20000	102.27000	 60.53379	102.27000
 42.40000	102.98000	 61.04315	102.98000
 42.60000	103.55000	 61.44745	103.55000
 42.80000	104.08000	 61.82016	104.08000
 43.00000	104.58000	 62.16873	104.58000
 43.20000	105.04000	 62.48592	105.04000
 43.40000	105.47000	 62.77926	105.47000
 43.60000	105.86000	 63.04158	105.86000
 43.80000	106.22000	 63.28042	106.22000
 44.00000	106.54000	 63.48861	106.54000
 44.20000	106.83000	 63.67372	106.83000
 44.40000	107.09000	 63.83592	107.09000
 44.60000	107.31000	 63.96806	107.31000
 44.80000	107.47000	 64.05564	107.47000
 45.00000	107.58000	 64.10623	107.58000
 45.20000	107.56000	 64.06129	107.56000
 45.40000	107.45000	 63.95055	107.45000
 45.60000	107.29000	 63.80376	107.29000
 45.80000	107.12000	 63.65060	107.12000
 46.00000	106.94000	 63.49129	106.94000
 46.20000	106.88000	 63.42148	106.88000
 46.40000	106.85000	 63.37496	106.85000
 46.60000	106.81000	 63.32225	106.81000
 46.80000	106.73000	 63.24123	106.73000
 47.00000	106.57000	 63.10252	106.57000
 47.20000	106.27000	 62.86216	106.27000
 47.40000	105.91000	 62.57918	105.91000
 47.60000	105.50000	 62.26116	105.50000
 47.80000	105.05000	 61.91569	105.05000
 48.00000	104.58000	 61.55765	104.58000
 48.20000	104.09000	 61.18718	104.09000
 48.40000	103.58000	 60.80438	103.58000
 48.60000	103.06000	 60.41667	103.06000
 48.80000	102.53000	 60.02410	102.53000
 49.00000	101.98000	 59.61933	101.98000
 49.20000	101.42000	 59.20974	101.42000
 49.40000	100.88000	 58.81735	100.88000
 49.60000	100.37000	 58.44945	100.37000
 49.80000	 99.89000	 58.10595	 99.89000
 50.00000	 99.41000	 57.76466	 99.41000
 50.20000	 98.95000	 57.44016	 98.95000
 50.40000	 98.62000	 57.21311	 98.62000
 50.60000	 98.44000	 57.09790	 98.44000
 50.80000	 98.45000	 57.12348	 98.45000
 51.00000	 98.96000	 57.51692	 98.96000
 51.20000	 99.68000	 58.06410	 99.68000
 51.40000	100.52000	 58.69783	100.52000
 51.60000	101.43000	 59.38049	101.43000
 51.80000	102.28000	 60.01593	102.28000
 52.00000	103.05000	 60.58909	103.05000
 52.20000	103.80000	 61.14397	103.80000
 52.40000	104.54000	 61.68791	104.54000
 52.60000	105.29000	 62.23568	105.29000
 52.80000	106.09000	 62.81669	106.09000
 53.00000	106.76000	 63.29875	106.76000
 53.20000	107.25000	 63.64536	107.25000
 53.40000	107.34000	 63.69540	107.34000
 53.60000	107.00000	 63.42775	107.00000
 53.80000	106.49000	 63.03464	106.49000
 54.00000	105.89000	 62.57596	105.89000
 54.20000	105.43000	 62.22154	105.43000
 54.40000	105.11000	 61.97174	105.11000
 54.60000	104.82000	 61.74583	104.82000
 54.80000	104.57000	 61.55110	104.57000
 55.00000	104.33000	 61.36543	104.33000
 55.20000	104.10000	 61.18872	104.10000
 55.40000	103.88000	 61.02086	103.88000
 55.60000	103.67000	 60.86176	103.67000
 55.80000	103.48000	 60.71866	103.48000
 56.00000	103.30000	 60.58412	103.30000
 56.20000	103.20000	 60.50945	103.20000
 56.40000	103.09000	 60.42835	103.09000
 56.60000	102.96000	 60.33334	102.96000
 56.80000	102.77000	 60.19499	102.77000
 57.00000	102.45000	 59.96192	102.45000
 57.20000	101.99000	 59.62698	101.99000
 57.40000	101.48000	 59.25663	101.48000
 57.60000	100.92000	 58.85115	100.92000
 57.80000	100.34000	 58.43282	100.34000
 58.00000	 99.79000	 58.03856	 99.79000
 58.20000	 99.25000	 57.65374	 99.25000
 58.40000	 98.71000	 57.27102	 98.71000
 58.60000	 98.17000	 56.89037	 98.17000
 58.80000	 97.63000	 56.51178	 97.63000
 59.00000	 97.02000	 56.08378	 97.02000
 59.20000	 96.41000	 55.65784	 96.41000
 59.40000	 95.83000	 55.25601	 95.83000
 59.60000	 95.33000	 54.91496	 95.33000
 59.80000	 94.92000	 54.64186	 94.92000
 60.00000	 94.71000	 54.51722	 94.71000
 60.20000	 94.66000	 54.51119	 94.66000
 60.40000	 94.72000	 54.58646	 94.72000
 60.60000	 94.87000	 54.72777	 94.87000
 60.80000	 95.10000	 54.92727	 95.10000
 61.00000	 95.42000	 55.19183	 95.42000
 61.20000	 95.77000	 55.47697	 95.77000
 61.40000	 96.15000	 55.78234	 96.15000
 61.60000	 96.50000	 56.06365	 96.50000
 61.80000	 96.77000	 56.28405	 96.77000
 62.00000	 97.03000	 56.49503	 97.03000
 62.20000	 97.29000	 56.70402	 97.29000
 62.40000	 97.55000	 56.91109	 97.55000
 62.60000	 97.89000	 57.17507	 97.89000
 62.80000	 98.24000	 57.44450	 98.24000
 63.00000	 98.57000	 57.69731	 98.57000
 63.20000	 98.86000	 57.91884	 98.86000
 63.40000	 98.99000	 58.02105	 98.99000
 63.60000	 98.98000	 58.01896	 98.98000
 63.80000	 98.94000	 57.99378	 98.94000
 64.00000	 98.93000	 57.98994	 98.93000
 64.20000	 99.00000	 58.04436	 99.00000
 64.40000	 99.36000	 58.31131	 99.36000
 64.60000	 99.77000	 58.61412	 99.77000
 64.80000	100.21000	 58.93774	100.21000
 65.00000	100.63000	 59.24520	100.63000
 65.20000	100.97000	 59.49229	100.97000
 65.40000	101.24000	 59.68640	101.24000
 65.60000	101.41000	 59.80564	101.41000
 65.80000	101.48000	 59.85028	101.48000
 66.00000	101.30000	 59.71047	101.30000
 66.20000	101.00000	 59.48231	101.00000
 66.40000	100.62000	 59.19577	100.62000
 66.60000	100.19000	 58.87338	100.19000
 66.80000	 99.80000	 58.58167	 99.80000
 67.00000	 99.47000	 58.33554	 99.47000
 67.20000	 99.12000	 58.07627	 99.12000
 67.40000	 98.74000	 57.79655	 98.74000
 67.60000	 98.34000	 57.50379	 98.34000
 67.80000	 97.83000	 57.13193	 97.83000
 68.00000	 97.27000	 56.72522	 97.27000
 68.20000	 96.70000	 56.31322	 96.70000
 68.40000	 96.14000	 55.91074	 96.14000
 68.60000	 95.61000	 55.53249	 95.61000
 68.80000	 95.01000	 55.10500	 95.01000
 69.00000	 94.52000	 54.76052	 94.52000
 69.20000	 94.17000	 54.52095	 94.17000
 69.40000	 94.02000	 54.43003	 94.02000
 69.60000	 94.38000	 54.71490	 94.38000
 69.80000	 95.05000	 55.22755	 95.05000
 70.00000	 95.83000	 55.81987	 95.83000
 70.20000	 96.65000	 56.43946	 96.65000
 70.40000	 97.25000	 56.89466	 97.25000
 70.60000	 97.73000	 57.25878	 97.73000
 70.80000	 98.16000	 57.58337	 98.16000
 71.00000	 98.53000	 57.86125	 98.53000
 71.20000	 98.86000	 58.10736	 98.86000
 71.40000	 99.14000	 58.31459	 99.14000
 71.60000	 99.37000	 58.48321	 99.37000
 71.80000	 99.56000	 58.62083	 99.56000
 72.00000	 99.70000	 58.72036	 99.70000
 72.20000	 99.78000	 58.77473	 99.78000
 72.40000	 99.82000	 58.79890	 99.82000
 72.60000	 99.84000	 58.80781	 99.84000
 72.80000	 99.85000	 58.80903	 99.85000
 73.00000	 99.87000	 58.81739	 99.87000
 73.20000	 99.93000	 58.85503	 99.93000
 73.40000	 99.99000	 58.89259	 99.99000
 73.60000	100.07000	 58.94474	100.07000
 73.80000	100.16000	 59.00414	100.16000
 74.00000	100.31000	 59.10746	100.31000
 74.20000	100.48000	 59.22522	100.48000
 74.40000	100.64000	 59.33529	100.64000
 74.60000	100.77000	 59.42293	100.77000
 74.80000	100.82000	 59.45144	100.82000
 75.00000	100.81000	 59.43562	100.81000
 75.20000	100.75000	 59.38301	100.75000
 75.40000	100.65000	 59.30115	100.65000
 75.60000	100.50000	 59.18287	100.50000
 75.80000	100.32000	 59.04309	100.32000
 76.00000	100.09000	 58.86726	100.09000
 76.20000	 99.82000	 58.66294	 99.82000
 76.40000	 99.51000	 58.43029	 99.51000
 76.60000	 99.11000	 58.13277	 99.11000
 76.80000	 98.60000	 57.75590	 98.60000
 77.00000	 98.09000	 57.38080	 98.09000
 77.20000	 97.61000	 57.02968	 97.61000
 77.40000	 97.20000	 56.73200	 97.20000
 77.60000	 96.98000	 56.57580	 96.98000
 77.80000	 96.88000	 56.50933	 96.88000
 78.00000	 96.87000	 56.51012	 96.87000
 78.20000	 96.91000	 56.54835	 96.91000
 78.40000	 97.04000	 56.65302	 97.04000
 78.60000	 97.23000	 56.80172	 97.23000
 78.80000	 97.42000	 56.95000	 97.42000
 79.00000	 97.56000	 57.06093	 97.56000
 79.20000	 97.54000	 57.05361	 97.54000
 79.40000	 97.31000	 56.89153	 97.31000
 79.60000	 97.01000	 56.67793	 97.01000
 79.80000	 96.68000	 56.44261	 96.68000
 80.00000	 96.35000	 56.20792	 96.35000
 80.20000	 96.12000	 56.04750	 96.12000
 80.40000	 95.93000	 55.91728	 95.93000
 80.60000	 95.76000	 55.80249	 95.76000
 80.80000	 95.63000	 55.71774	 95.63000
 81.00000	 95.51000	 55.64086	 95.51000
 81.20000	 95.44000	 55.60112	 95.44000
 81.40000	 95.41000	 55.59104	 95.41000
 81.60000	 95.43000	 55.61779	 95.43000
 81.80000	 95.54000	 55.71057	 95.54000
 82.00000	 95.74000	 55.86911	 95.74000
 82.20000	 95.99000	 56.06375	 95.99000
 82.40000	 96.28000	 56.28685	 96.28000
 82.60000	 96.62000	 56.54553	 96.62000
 82.80000	 97.03000	 56.85425	 97.03000
 83.00000	 97.39000	 57.12464	 97.39000
 83.20000	 97.64000	 57.31256	 97.64000
 83.40000	 97.65000	 57.32266	 97.65000
 83.60000	 97.34000	 57.09662	 97.34000
 83.80000	 96.89000	 56.76745	 96.89000
 84.00000	 96.36000	 56.37996	 96.36000
 84.20000	 95.80000	 55.97150	 95.80000
 84.40000	 95.31000	 55.61596	 95.31000
 84.60000	 94.82000	 55.26213	 94.82000
 84.80000	 94.33000	 54.91012	 94.33000
 85.00000	 93.85000	 54.56733	 93.85000
 85.20000	 93.38000	 54.23377	 93.38000
 85.40000	 92.94000	 53.92410	 92.94000
 85.60000	 92.54000	 53.64558	 92.54000
 85.80000	 92.18000	 53.39808	 92.18000
 86.00000	 91.87000	 53.18878	 91.87000
 86.20000	 91.59000	 53.00279	 91.59000
 86.40000	 91.40000	 52.88398	 91.40000
 86.60000	 91.33000	 52.85412	 91.33000
 86.80000	 91.40000	 52.92751	 91.40000
 87.00000	 91.77000	 53.22122	 91.77000
 87.20000	 92.27000	 53.60963	 92.27000
 87.40000	 92.88000	 54.07735	 92.88000
 87.60000	 93.57000	 54.60173	 93.57000
 87.80000	 94.35000	 55.18960	 94.35000
 88.00000	 95.14000	 55.78174	 95.14000
 88.20000	 95.92000	 56.36316	 95.92000
 88.40000	 96.64000	 56.89699	 96.64000
 88.60000	 97.17000	 57.28777	 97.17000
 88.80000	 97.61000	 57.60928	 97.61000
 89.00000	 97.97000	 57.86923	 97.97000
 89.20000	 98.23000	 58.05336	 98.23000
 89.40000	 98.39000	 58.16211	 98.39000
 89.60000	 98.46000	 58.20330	 98.46000
 89.80000	 98.47000	 58.19942	 98.47000
 90.00000	 98.45000	 58.17293	 98.45000
 90.20000	 98.43000	 58.14620	 98.43000
 90.40000	 98.45000	 58.14882	 98.45000
 90.60000	 98.45000	 58.13684	 98.45000
 90.80000	 98.42000	 58.10300	 98.42000
 91.00000	 98.33000	 58.02536	 98.33000
 91.20000	 98.14000	 57.87472	 98.14000
 91.40000	 97.89000	 57.68071	 97.89000
 91.60000	 97.60000	 57.45825	 97.60000
 91.80000	 97.29000	 57.22226	 97.29000
 92.00000	 96.97000	 56.98025	 96.97000
 92.20000	 96.65000	 56.73968	 96.65000
 92.40000	 96.34000	 56.50797	 96.34000
 92.60000	 96.05000	 56.29246	 96.05000
 92.80000	 95.79000	 56.10048	 95.79000
 93.00000	 95.67000	 56.01272	 95.67000
 93.20000	 95.58000	 55.94812	 95.58000
 93.40000	 95.49000	 55.88440	 95.49000
 93.60000	 95.40000	 55.82139	 95.40000
 93.80000	 95.29000	 55.74427	 95.29000
 94.00000	 94.98000	 55.52079	 94.98000
 94.20000	 94.64000	 55.27603	 94.64000
 94.40000	 94.32000	 55.04694	 94.32000
 94.60000	 94.03000	 54.84095	 94.03000
 94.80000	 93.83000	 54.70215	 93.83000
 95.00000	 93.77000	 54.66713	 93.77000
 95.20000	 93.80000	 54.69885	 93.80000
 95.40000	 93.93000	 54.80431	 93.93000
 95.60000	 94.17000	 54.99048	 94.17000
 95.80000	 94.63000	 55.33772	 94.63000
 96.00000	 95.21000	 55.77197	 95.21000
 96.20000	 95.83000	 56.23391	 95.83000
 96.40000	 96.42000	 56.67169	 96.42000
 96.60000	 96.83000	 56.97490	 96.83000
 96.80000	 97.09000	 57.16572	 97.09000
 97.00000	 97.30000	 57.31792	 97.30000
 97.20000	 97.49000	 57.45385	 97.49000
 97.40000	 97.71000	 57.61050	 97.71000
 97.60000	 98.01000	 57.82474	 98.01000
 97.80000	 98.30000	 58.03046	 98.30000
 98.00000	 98.57000	 58.22035	 98.57000
 98.20000	 98.81000	 58.38710	 98.81000
 98.40000	 98.95000	 58.47940	 98.95000
 98.60000	 99.04000	 58.53420	 99.04000
 98.80000	 99.10000	 58.56641	 99.10000
 99.00000	 99.13000	 58.57625	 99.13000
 99.20000	 99.13000	 58.56390	 99.13000
 99.40000	 99.10000	 58.52952	 99.10000
 99.60000	 99.08000	 58.50268	 99.08000
 99.80000	 99.06000	 58.47610	 99.06000
100.00000	 99.08000	 58.47924	 99.08000
100.20000	 99.22000	 58.57083	 99.22000
100.40000	 99.41000	 58.69926	 99.41000
100.60000	 99.60000	 58.82760	 99.60000
100.80000	 99.75000	 58.92634	 99.75000
101.00000	 99.79000	 58.94403	 99.79000
101.20000	 99.71000	 58.87346	 99.71000
101.40000	 99.58000	 58.76633	 99.58000
101.60000	 99.41000	 58.63023	 99.41000
101.80000	 99.23000	 58.48742	 99.23000
102.00000	 99.06000	 58.35277	 99.06000
102.20000	 98.88000	 58.21168	 98.88000
102.40000	 98.68000	 58.05685	 98.68000
102.60000	 98.46000	 57.88837	 98.46000
102.80000	 98.21000	 57.69894	 98.21000
103.00000	 97.92000	 57.48130	 97.92000
103.20000	 97.62000	 57.25759	 97.62000
103.40000	 97.33000	 57.04255	 97.33000
103.60000	 97.05000	 56.83621	 97.05000
103.80000	 96.74000	 56.60918	 96.74000
104.00000	 96.46000	 56.40554	 96.46000
104.20000	 96.27000	 56.26932	 96.27000
104.40000	 96.17000	 56.20034	 96.17000
104.60000	 96.32000	 56.31586	 96.32000
104.80000	 96.73000	 56.62265	 96.73000
105.00000	 97.22000	 56.98777	 97.22000
105.20000	 97.74000	 57.37385	 97.74000
105.40000	 98.17000	 57.69229	 98.17000
105.60000	 98.45000	 57.89887	 98.45000
105.80000	 98.68000	 58.06714	 98.68000
106.00000	 98.86000	 58.19729	 98.86000
106.20000	 99.03000	 58.31889	 99.03000
106.40000	 99.18000	 58.42478	 99.18000
106.60000	 99.31000	 58.51509	 99.31000
106.80000	 99.41000	 58.58263	 99.41000
107.00000	 99.49000	 58.63490	 99.49000
107.20000	 99.56000	 58.67936	 99.56000
107.40000	 99.60000	 58.70145	 99.60000
107.60000	 99.61000	 58.70129	 99.61000
107.80000	 99.59000	 58.67901	 99.59000
108.00000	 99.49000	 58.59802	 99.49000
108.20000	 99.27000	 58.42914	 99.27000
108.40000	 99.04000	 58.25349	 99.04000
108.60000	 98.85000	 58.10800	 98.85000
108.80000	 98.70000	 57.99278	 98.70000
109.00000	 98.81000	 58.06938	 98.81000
109.20000	 98.99000	 58.19786	 98.99000
109.40000	 99.20000	 58.34847	 99.20000
109.60000	 99.40000	 58.49152	 99.40000
109.80000	 99.49000	 58.55339	 99.49000
110.00000	 99.50000	 58.55614	 99.50000
110.20000	 99.45000	 58.51460	 99.45000
110.40000	 99.33000	 58.42163	 99.33000
110.60000	 99.10000	 58.24808	 99.10000
110.80000	 98.78000	 58.00895	 98.78000
111.00000	 98.43000	 57.74866	 98.43000
111.20000	 98.05000	 57.46747	 98.05000
111.40000	 97.70000	 57.20967	 97.70000
111.60000	 97.45000	 57.02675	 97.45000
111.80000	 97.21000	 56.85252	 97.21000
112.00000	 96.96000	 56.67219	 96.96000
112.20000	 96.69000	 56.47835	 96.69000
112.40000	 96.31000	 56.20487	 96.31000
112.60000	 95.85000	 55.87392	 95.85000
112.80000	 95.40000	 55.55180	 95.40000
113.00000	 95.02000	 55.28267	 95.02000
113.20000	 94.74000	 55.08853	 94.74000
113.40000	 94.70000	 55.07200	 94.70000
113.60000	 94.74000	 55.11507	 94.74000
113.80000	 94.84000	 55.20258	 94.84000
114.00000	 94.98000	 55.31944	 94.98000
114.20000	 95.12000	 55.43594	 95.12000
114.40000	 95.26000	 55.55184	 95.26000
114.60000	 95.39000	 55.65966	 95.39000
114.80000	 95.50000	 55.75197	 95.50000
115.00000	 95.50000	 55.76266	 95.50000
115.20000	 95.47000	 55.75064	 95.47000
115.40000	 95.42000	 55.72342	 95.42000
115.60000	 95.38000	 55.70317	 95.38000
115.80000	 95.39000	 55.71936	 95.39000
116.00000	 95.42000	 55.74994	 95.42000
116.20000	 95.45000	 55.78020	 95.45000
116.40000	 95.45000	 55.78806	 95.45000
116.60000	 95.35000	 55.72216	 95.35000
116.80000	 95.17000	 55.59737	 95.17000
117.00000	 95.04000	 55.50938	 95.04000
117.20000	 94.97000	 55.46564	 94.97000
117.40000	 95.13000	 55.59098	 95.13000
117.60000	 95.51000	 55.87769	 95.51000
117.80000	 95.96000	 56.21503	 95.96000
118.00000	 96.45000	 56.58048	 96.45000
118.20000	 96.91000	 56.92228	 96.91000
118.40000	 97.32000	 57.22552	 97.32000
118.60000	 97.67000	 57.48283	 97.67000
118.80000	 97.96000	 57.69430	 97.96000
119.00000	 98.06000	 57.76458	 98.06000
119.20000	 98.07000	 57.76755	 98.07000
119.40000	 98.03000	 57.73300	 98.03000
119.60000	 97.96000	 57.67597	 97.96000
119.80000	 97.96000	 57.67023	 97.96000
120.00000	 97.95000	 57.65710	 97.95000
120.20000	 97.93000	 57.63668	 97.93000
120.40000	 97.87000	 57.58700	 97.87000
120.60000	 97.72000	 57.47144	 97.72000
120.80000	 97.54000	 57.33428	 97.54000
121.00000	 97.33000	 57.17568	 97.33000
121.20000	 97.11000	 57.01051	 97.11000
121.40000	 96.89000	 56.84621	 96.89000
121.60000	 96.67000	 56.68287	 96.67000
121.80000	 96.47000	 56.53519	 96.47000
122.00000	 96.32000	 56.42521	 96.32000
122.20000	 96.28000	 56.39690	 96.28000
122.40000	 96.33000	 56.43534	 96.33000
122.60000	 96.40000	 56.48882	 96.40000
122.80000	 96.44000	 56.52037	 96.44000
123.00000	 96.37000	 56.47114	 96.37000
123.20000	 96.22000	 56.36322	 96.22000
123.40000	 96.03000	 56.22618	 96.03000
123.60000	 95.79000	 56.05283	 95.79000
123.80000	 95.51000	 55.85072	 95.51000
124.00000	 95.22000	 55.64206	 95.22000
124.20000	 94.89000	 55.40495	 94.89000
124.40000	 94.55000	 55.16154	 94.55000
124.60000	 94.15000	 54.87523	 94.15000
124.80000	 93.71000	 54.56083	 93.71000
125.00000	 93.31000	 54.27726	 93.31000
125.20000	 92.99000	 54.05391	 92.99000
125.40000	 92.83000	 53.94942	 92.83000
125.60000	 92.91000	 54.02223	 92.91000
125.80000	 93.08000	 54.16157	 93.08000
126.00000	 93.33000	 54.35958	 93.33000
126.20000	 93.62000	 54.58639	 93.62000
126.40000	 93.93000	 54.82693	 93.93000
126.60000	 94.25000	 55.07358	 94.25000
126.80000	 94.56000	 55.31146	 94.56000
127.00000	 94.83000	 55.51844	 94.83000
127.20000	 95.04000	 55.67982	 95.04000
127.40000	 95.21000	 55.81042	 95.21000
127.60000	 95.35000	 55.91771	 95.35000
127.80000	 95.45000	 55.99450	 95.45000
128.00000	 95.52000	 56.04833	 95.52000
128.20000	 95.56000	 56.07936	 95.56000
128.40000	 95.59000	 56.10245	 95.59000
128.60000	 95.57000	 56.08836	 95.57000
128.80000	 95.54000	 56.06663	 95.54000
129.00000	 95.56000	 56.08147	 95.56000
129.20000	 95.66000	 56.15493	 95.66000
129.40000	 96.02000	 56.41911	 96.02000
129.60000	 96.53000	 56.79277	 96.53000
129.80000	 97.08000	 57.19461	 97.08000
130.00000	 97.63000	 57.59483	 97.63000
130.20000	 98.08000	 57.91974	 98.08000
130.40000	 98.44000	 58.17668	 98.44000
130.60000	 98.72000	 58.37313	 98.72000
130.80000	 98.87000	 58.47261	 98.87000
131.00000	 98.81000	 58.41672	 98.81000
131.20000	 98.66000	 58.29416	 98.66000
131.40000	 98.46000	 58.13485	 98.46000
131.60000	 98.29000	 57.99796	 98.29000
131.80000	 98.19000	 57.91312	 98.19000
132.00000	 98.08000	 57.82164	 98.08000
132.20000	 97.97000	 57.73089	 97.97000
132.40000	 97.83000	 57.61887	 97.83000
132.60000	 97.64000	 57.47095	 97.64000
132.80000	 97.44000	 57.31660	 97.44000
133.00000	 97.22000	 57.14855	 97.22000
133.20000	 96.99000	 56.97422	 96.99000
133.40000	 96.70000	 56.75694	 96.70000
133.60000	 96.44000	 56.56292	 96.44000
133.80000	 96.22000	 56.39953	 96.22000
134.00000	 96.08000	 56.29608	 96.08000
134.20000	 96.17000	 56.36258	 96.17000
134.40000	 96.35000	 56.49574	 96.35000
134.60000	 96.54000	 56.63635	 96.54000
134.80000	 96.70000	 56.75470	 96.70000
135.00000	 96.69000	 56.74781	 96.69000
135.20000	 96.60000	 56.68190	 96.60000
135.40000	 96.47000	 56.58657	 96.47000
135.60000	 96.29000	 56.45468	 96.29000
135.80000	 96.10000	 56.31581	 96.10000
136.00000	 95.88000	 56.15543	 95.88000
136.20000	 95.64000	 55.98103	 95.64000
136.40000	 95.40000	 55.80742	 95.40000
136.60000	 95.17000	 55.64201	 95.17000
136.80000	 94.94000	 55.47750	 94.94000
137.00000	 94.73000	 55.32856	 94.73000
137.20000	 94.52000	 55.18050	 94.52000
137.40000	 94.34000	 55.05530	 94.34000
137.60000	 94.14000	 54.91618	 94.14000
137.80000	 93.99000	 54.81452	 93.99000
138.00000	 93.90000	 54.75756	 93.90000
138.20000	 93.89000	 54.75982	 93.89000
138.40000	 94.05000	 54.88719	 94.05000
138.60000	 94.32000	 55.09518	 94.32000
138.80000	 94.66000	 55.35397	 94.66000
139.00000	 95.07000	 55.66317	 95.07000
139.20000	 95.53000	 56.00772	 95.53000
139.40000	 96.01000	 56.36530	 96.01000
139.60000	 96.50000	 56.72832	 96.50000
139.80000	 96.94000	 57.05259	 96.94000
140.00000	 97.27000	 57.29402	 97.27000
140.20000	 97.49000	 57.45279	 97.49000
140.40000	 97.66000	 57.57328	 97.66000
140.60000	 97.79000	 57.66312	 97.79000
140.80000	 97.89000	 57.72993	 97.89000
141.00000	 97.99000	 57.79598	 97.99000
141.20000	 98.08000	 57.85410	 98.08000
141.40000	 98.17000	 57.91177	 98.17000
141.60000	 98.29000	 57.99111	 98.29000
141.80000	 98.46000	 58.10685	 98.46000
142.00000	 98.66000	 58.24423	 98.66000
142.20000	 98.89000	 58.40319	 98.89000
142.40000	 99.15000	 58.58364	 99.15000
142.60000	 99.49000	 58.82219	 99.49000
142.80000	 99.86000	 59.08195	 99.86000
143.00000	100.22000	 59.33337	100.22000
143.20000	100.52000	 59.53965	100.52000
143.40000	100.65000	 59.62005	100.65000
143.60000	100.65000	 59.60422	100.65000
143.80000	100.60000	 59.55133	100.60000
144.00000	100.51000	 59.46906	100.51000
144.20000	100.44000	 59.40177	100.44000
144.40000	100.42000	 59.37167	100.42000
144.60000	100.41000	 59.34941	100.41000
144.80000	100.38000	 59.31297	100.38000
145.00000	100.33000	 59.26236	100.33000
145.20000	100.21000	 59.16092	100.21000
145.40000	100.06000	 59.03814	100.06000
145.60000	 99.91000	 58.91618	 99.91000
145.80000	 99.76000	 58.79511	 99.76000
146.00000	 99.63000	 58.68968	 99.63000
146.20000	 99.51000	 58.59252	 99.51000
146.40000	 99.45000	 58.54033	 99.45000
146.60000	 99.43000	 58.51829	 99.43000
146.80000	 99.50000	 58.56299	 99.50000
147.00000	 99.75000	 58.74029	 99.75000
147.20000	100.11000	 58.99834	100.11000
147.40000	100.49000	 59.27060	100.49000
147.60000	100.87000	 59.54203	100.87000
147.80000	101.12000	 59.71694	101.12000
148.00000	101.26000	 59.81007	101.26000
148.20000	101.37000	 59.88039	101.37000
148.40000	101.48000	 59.95011	101.48000
148.60000	101.62000	 60.04143	101.62000
148.80000	101.86000	 60.20579	101.86000
149.00000	102.09000	 60.36230	102.09000
149.20000	102.31000	 60.51092	102.31000
149.40000	102.49000	 60.62958	102.49000
149.60000	102.49000	 60.61552	102.49000
149.80000	102.44000	 60.56453	102.44000
150.00000	102.41000	 60.52830	102.41000
150.20000	102.43000	 60.52903	102.43000
150.40000	102.60000	 60.64019	102.60000
150.60000	102.95000	 60.88363	102.95000
150.80000	103.39000	 61.19285	103.39000
151.00000	103.88000	 61.53805	103.88000
151.20000	104.42000	 61.91891	104.42000
151.40000	105.05000	 62.36451	105.05000
151.60000	105.65000	 62.78639	105.65000
151.80000	106.19000	 63.16237	106.19000
152.00000	106.60000	 63.44103	106.60000
152.20000	106.74000	 63.51976	106.74000
152.40000	106.75000	 63.50194	106.75000
152.60000	106.65000	 63.40284	106.65000
152.80000	106.45000	 63.23036	106.45000
153.00000	106.14000	 62.97769	106.14000
153.20000	105.76000	 62.67472	105.76000
153.40000	105.34000	 62.34392	105.34000
153.60000	104.89000	 61.99298	104.89000
153.80000	104.47000	 61.66623	104.47000
154.00000	104.14000	 61.40784	104.14000
154.20000	103.82000	 61.15899	103.82000
154.40000	103.51000	 60.91958	103.51000
154.60000	103.20000	 60.68216	103.20000
154.80000	102.86000	 60.42462	102.86000
155.00000	102.46000	 60.12488	102.46000
155.20000	102.10000	 59.85645	102.10000
155.40000	101.81000	 59.64131	101.81000
155.60000	101.62000	 59.50134	101.62000
155.80000	101.71000	 59.56847	101.71000
156.00000	101.94000	 59.73928	101.94000
156.20000	102.24000	 59.96172	102.24000
156.40000	102.59000	 60.22057	102.59000
156.60000	102.91000	 60.45664	102.91000
156.80000	103.19000	 60.66234	103.19000
157.00000	103.48000	 60.87431	103.48000
157.20000	103.78000	 61.09247	103.78000
157.40000	104.08000	 61.30942	104.08000
157.60000	104.40000	 61.53985	104.40000
157.80000	104.72000	 61.76901	104.72000
158.00000	105.01000	 61.97488	105.01000
158.20000	105.26000	 62.15015	105.26000
158.40000	105.38000	 62.22883	105.38000
158.60000	105.41000	 62.24057	105.41000
158.80000	105.42000	 62.23712	105.42000
159.00000	105.46000	 62.25544	105.46000
159.20000	105.56000	 62.31771	105.56000
159.40000	105.89000	 62.54879	105.89000
159.60000	106.28000	 62.82349	106.28000
159.80000	106.69000	 63.11211	106.69000
160.00000	107.11000	 63.40708	107.11000
160.20000	107.49000	 63.67152	107.49000
160.40000	107.83000	 63.90537	107.83000
160.60000	108.12000	 64.10135	108.12000
160.80000	108.35000	 64.25222	108.35000
161.00000	108.46000	 64.31408	108.46000
161.20000	108.46000	 64.29459	108.46000
161.40000	108.40000	 64.23085	108.40000
161.60000	108.30000	 64.13789	108.30000
161.80000	108.17000	 64.02334	108.17000
162.00000	108.11000	 63.96090	108.11000
162.20000	108.02000	 63.87715	108.02000
162.40000	107.90000	 63.77219	107.90000
162.60000	107.73000	 63.63140	107.73000
162.80000	107.44000	 63.40349	107.44000
163.00000	106.97000	 63.04464	106.97000
163.20000	106.49000	 62.68014	106.49000
163.40000	106.03000	 62.33231	106.03000
163.60000	105.66000	 62.05269	105.66000
163.80000	105.57000	 61.98078	105.57000
164.00000	105.67000	 62.05001	105.67000
164.20000	105.83000	 62.16429	105.83000
164.40000	106.02000	 62.30107	106.02000
164.60000	106.18000	 62.41587	106.18000
164.80000	106.28000	 62.48644	106.28000
165.00000	106.32000	 62.51272	106.32000
165.20000	106.26000	 62.46536	106.26000
165.40000	106.05000	 62.30783	106.05000
165.60000	105.55000	 61.93764	105.55000
165.80000	104.96000	 61.50235	104.96000
166.00000	104.32000	 61.03189	104.32000
166.20000	103.67000	 60.55610	103.67000
166.40000	103.21000	 60.22216	103.21000
166.60000	102.85000	 59.96386	102.85000
166.80000	102.52000	 59.72957	102.52000
167.00000	102.20000	 59.50436	102.20000
167.20000	101.89000	 59.28805	101.89000
167.40000	101.50000	 59.01438	101.50000
167.60000	101.10000	 58.73477	101.10000
167.80000	100.69000	 58.44921	100.69000
168.00000	100.29000	 58.17238	100.29000
168.20000	 99.88000	 57.88958	 99.88000
168.40000	 99.37000	 57.53468	 99.37000
168.60000	 98.92000	 57.22532	 98.92000
168.80000	 98.56000	 56.98351	 98.56000
169.00000	 98.34000	 56.84581	 98.34000
169.20000	 98.39000	 56.90738	 98.39000
169.40000	 98.76000	 57.20430	 98.76000
169.60000	 99.28000	 57.61083	 99.28000
169.80000	 99.92000	 58.10409	 99.92000
170.00000	100.64000	 58.65399	100.64000
170.20000	101.44000	 59.25994	101.44000
170.40000	102.25000	 59.87002	102.25000
170.60000	103.05000	 60.46924	103.05000
170.80000	103.78000	 61.01337	103.78000
171.00000	104.31000	 61.40694	104.31000
171.20000	104.75000	 61.73110	104.75000
171.40000	105.12000	 62.00095	105.12000
171.60000	105.42000	 62.21688	105.42000
171.80000	105.70000	 62.41602	105.70000
172.00000	105.93000	 62.57667	105.93000
172.20000	106.10000	 62.69180	106.10000
172.40000	106.19000	 62.74701	106.19000
172.60000	106.21000	 62.75002	106.21000
172.80000	106.02000	 62.59833	106.02000
173.00000	105.77000	 62.40266	105.77000
173.20000	105.48000	 62.17816	105.48000
173.40000	105.20000	 61.96191	105.20000
173.60000	105.00000	 61.80557	105.00000
173.80000	104.97000	 61.77524	104.97000
174.00000	104.95000	 61.75318	104.95000
174.20000	104.93000	 61.73185	104.93000
174.40000	104.86000	 61.67438	104.86000
174.60000	104.62000	 61.49262	104.62000
174.80000	104.29000	 61.24554	104.29000
175.00000	103.91000	 60.96282	103.91000
175.20000	103.50000	 60.65938	103.50000
175.40000	103.08000	 60.35012	103.08000
175.60000	102.75000	 60.10863	102.75000
175.80000	102.41000	 59.86139	102.41000
176.00000	102.07000	 59.61572	102.07000
176.20000	101.70000	 59.34955	101.70000
176.40000	101.31000	 59.07020	101.31000
176.60000	100.70000	 58.63082	100.70000
176.80000	100.09000	 58.19329	100.09000
177.00000	 99.52000	 57.78719	 99.52000
177.20000	 99.04000	 57.44930	 99.04000
177.40000	 98.71000	 57.22357	 98.71000
177.60000	 98.69000	 57.22720	 98.69000
177.80000	 98.82000	 57.34198	 98.82000
178.00000	 99.08000	 57.55253	 99.08000
178.20000	 99.47000	 57.85817	 99.47000
178.40000	100.06000	 58.30969	100.06000
178.60000	100.79000	 58.86227	100.79000
178.80000	101.54000	 59.42713	101.54000
179.00000	102.26000	 59.96706	102.26000
179.20000	102.78000	 60.35696	102.78000
179.40000	102.98000	 60.50886	102.98000
179.60000	103.07000	 60.57761	103.07000
179.80000	103.08000	 60.58582	103.08000
180.00000	103.05000	 60.56344	103.05000
180.20000	103.14000	 60.62840	103.14000
180.40000	103.26000	 60.71474	103.26000
180.60000	103.34000	 60.77110	103.34000
180.80000	103.39000	 60.80492	103.39000
181.00000	103.38000	 60.79429	103.38000
181.20000	103.14000	 60.61451	103.14000
181.40000	102.85000	 60.39826	102.85000
181.60000	102.55000	 60.17527	102.55000
181.80000	102.25000	 59.95318	102.25000
182.00000	102.02000	 59.78357	102.02000
182.20000	101.98000	 59.75457	101.98000
182.40000	101.99000	 59.76308	101.99000
182.60000	102.02000	 59.78678	102.02000
182.80000	102.06000	 59.81811	102.06000
183.00000	102.09000	 59.84220	102.09000
183.20000	102.10000	 59.85162	102.10000
183.40000	102.08000	 59.83898	102.08000
183.60000	102.03000	 59.80430	102.03000
183.80000	101.92000	 59.72559	101.92000
184.00000	101.72000	 59.58096	101.72000
184.20000	101.48000	 59.40734	101.48000
184.40000	101.20000	 59.20492	101.20000
184.60000	100.88000	 58.97391	100.88000
184.80000	100.50000	 58.69980	100.50000
185.00000	100.07000	 58.39012	100.07000
185.20000	 99.65000	 58.08914	 99.65000
185.40000	 99.28000	 57.82636	 99.28000
185.60000	 98.99000	 57.62378	 98.99000
185.80000	 98.86000	 57.54003	 98.86000
186.00000	 98.86000	 57.55272	 98.86000
186.20000	 98.98000	 57.65407	 98.98000
186.40000	 99.21000	 57.83627	 99.21000
186.60000	 99.60000	 58.13554	 99.60000
186.80000	100.20000	 58.58806	100.20000
187.00000	100.84000	 59.06827	100.84000
187.20000	101.46000	 59.53161	101.46000
187.40000	101.97000	 59.91169	101.97000
187.60000	102.19000	 60.07628	102.19000
187.80000	102.32000	 60.17273	102.32000
188.00000	102.41000	 60.23821	102.41000
188.20000	102.47000	 60.28045	102.47000
188.40000	102.65000	 60.40993	102.65000
188.60000	102.85000	 60.55326	102.85000
188.80000	103.03000	 60.68107	103.03000
189.00000	103.19000	 60.79340	103.19000
189.20000	103.28000	 60.85360	103.28000
189.40000	103.24000	 60.81776	103.24000
189.60000	103.19000	 60.77432	103.19000
189.80000	103.16000	 60.74554	103.16000
190.00000	103.15000	 60.73152	103.15000
190.20000	103.32000	 60.84986	103.32000
190.40000	103.56000	 61.01952	103.56000
190.60000	103.81000	 61.19617	103.81000
190.80000	104.06000	 61.37230	104.06000
191.00000	104.27000	 61.51838	104.27000
191.20000	104.41000	 61.61239	104.41000
191.40000	104.50000	 61.66909	104.50000
191.60000	104.52000	 61.67396	104.52000
191.80000	104.40000	 61.57578	104.40000
192.00000	104.10000	 61.34552	104.10000
192.20000	103.74000	 61.07181	103.74000
192.40000	103.32000	 60.75509	103.32000
192.60000	102.89000	 60.43243	102.89000
192.80000	102.54000	 60.17019	102.54000
193.00000	102.23000	 59.93902	102.23000
193.20000	101.93000	 59.71684	101.93000
193.40000	101.62000	 59.48889	101.62000
193.60000	101.32000	 59.26981	101.32000
193.80000	100.89000	 58.95672	100.89000
194.00000	100.45000	 58.63789	100.45000
194.20000	100.07000	 58.36482	100.07000
194.40000	 99.78000	 58.15951	 99.78000
194.60000	 99.64000	 58.06583	 99.64000
194.80000	 99.89000	 58.25971	 99.89000
195.00000	100.25000	 58.53466	100.25000
195.20000	100.65000	 58.83856	100.65000
195.40000	101.06000	 59.14881	101.06000
195.60000	101.31000	 59.34019	101.31000
195.80000	101.40000	 59.41267	101.40000
196.00000	101.44000	 59.44731	101.44000
196.20000	101.44000	 59.45169	101.44000
196.40000	101.42000	 59.44073	101.42000
196.60000	101.44000	 59.45871	101.44000
196.80000	101.45000	 59.46898	101.45000
197.00000	101.44000	 59.46427	101.44000
197.20000	101.42000	 59.45201	101.42000
197.40000	101.34000	 59.39554	101.34000
197.60000	101.16000	 59.26562	101.16000
197.80000	101.00000	 59.15064	101.00000
198.00000	100.88000	 59.06541	100.88000
198.20000	100.84000	 59.03933	100.84000
198.40000	101.02000	 59.17514	101.02000
198.60000	101.37000	 59.43571	101.37000
198.80000	101.80000	 59.75443	101.80000
199.00000	102.29000	 60.11613	102.29000
199.20000	102.86000	 60.53511	102.86000
199.40000	103.50000	 61.00367	103.50000
199.60000	104.09000	 61.43333	104.09000
199.80000	104.58000	 61.78723	104.58000
200.00000	104.85000	 61.97732	104.85000
200.20000	104.61000	 61.79100	104.61000
200.40000	104.23000	 61.50106	104.23000
200.60000	103.76000	 61.14515	103.76000
200.80000	103.27000	 60.77543	103.27000
201.00000	102.98000	 60.55402	102.98000
201.20000	102.83000	 60.43692	102.83000
201.40000	102.72000	 60.35049	102.72000
201.60000	102.65000	 60.29453	102.65000
201.80000	102.59000	 60.24681	102.59000
202.00000	102.48000	 60.16310	102.48000
202.20000	102.40000	 60.10212	102.40000
202.40000	102.37000	 60.07846	102.37000
202.60000	102.40000	 60.09935	102.40000
202.80000	102.65000	 60.28211	102.65000
203.00000	103.03000	 60.56019	103.03000
203.20000	103.40000	 60.83026	103.40000
203.40000	103.70000	 61.04795	103.70000
203.60000	103.76000	 61.08829	103.76000
203.80000	103.49000	 60.88548	103.49000
204.00000	103.12000	 60.60913	103.12000
204.20000	102.70000	 60.29658	102.70000
204.40000	102.27000	 59.97770	102.27000
204.60000	102.07000	 59.82911	102.07000
204.80000	101.93000	 59.72581	101.93000
205.00000	101.81000	 59.63825	101.81000
205.20000	101.70000	 59.55892	101.70000
205.40000	101.60000	 59.48768	101.60000
205.60000	101.35000	 59.30690	101.35000
205.80000	101.13000	 59.14893	101.13000
206.00000	100.98000	 59.04318	100.98000
206.20000	100.92000	 59.00426	100.92000
206.40000	101.07000	 59.12010	101.07000
206.60000	101.45000	 59.40496	101.45000
206.80000	101.95000	 59.77740	101.95000
207.00000	102.55000	 60.22211	102.55000
207.20000	103.21000	 60.70918	103.21000
207.40000	104.00000	 61.28957	104.00000
207.60000	104.78000	 61.85998	104.78000
207.80000	105.52000	 62.39811	105.52000
208.00000	106.16000	 62.85978	106.16000
208.20000	106.44000	 63.05413	106.44000
208.40000	106.58000	 63.14339	106.58000
208.60000	106.62000	 63.15759	106.62000
208.80000	106.58000	 63.11202	106.58000
209.00000	106.52000	 63.05130	106.52000
209.20000	106.46000	 62.99052	106.46000
209.40000	106.37000	 62.90792	106.37000
209.60000	106.26000	 62.81108	106.26000
209.80000	106.13000	 62.70017	106.13000
210.00000	105.97000	 62.56799	105.97000
210.20000	105.81000	 62.43672	105.81000
210.40000	105.68000	 62.32847	105.68000
210.60000	105.61000	 62.26528	105.61000
210.80000	105.60000	 62.24705	105.60000
211.00000	105.86000	 62.42786	105.86000
211.20000	106.16000	 62.63826	106.16000
211.40000	106.47000	 62.85581	106.47000
211.60000	106.73000	 63.03616	106.73000
211.80000	106.82000	 63.09104	106.82000
212.00000	106.79000	 63.05735	106.79000
212.20000	106.67000	 62.95742	106.67000
212.40000	106.49000	 62.81364	106.49000
212.60000	106.23000	 62.61161	106.23000
212.80000	105.90000	 62.35902	105.90000
213.00000	105.52000	 62.07086	105.52000
213.20000	105.12000	 61.76946	105.12000
213.40000	104.69000	 61.44766	104.69000
213.60000	104.25000	 61.12033	104.25000
213.80000	103.82000	 60.80225	103.82000
214.00000	103.40000	 60.49349	103.40000
214.20000	103.02000	 60.21605	103.02000
214.40000	102.69000	 59.97720	102.69000
214.60000	102.47000	 59.82086	102.47000
214.80000	102.33000	 59.72472	102.33000
215.00000	102.25000	 59.67377	102.25000
215.20000	102.24000	 59.67503	102.24000
215.40000	102.30000	 59.72818	102.30000
215.60000	102.48000	 59.86960	102.48000
215.80000	102.68000	 60.02545	102.68000
216.00000	102.87000	 60.17340	102.87000
216.20000	103.01000	 60.28388	103.01000
216.40000	102.95000	 60.24668	102.95000
216.60000	102.81000	 60.15021	102.81000
216.80000	102.62000	 60.01680	102.62000
217.00000	102.39000	 59.85409	102.39000
217.20000	102.14000	 59.67702	102.14000
217.40000	101.89000	 59.50047	101.89000
217.60000	101.64000	 59.32458	101.64000
217.80000	101.41000	 59.16411	101.41000
218.00000	101.19000	 59.01174	101.19000
218.20000	100.99000	 58.87479	100.99000
218.40000	100.82000	 58.76059	100.82000
218.60000	100.72000	 58.69841	100.72000
218.80000	100.72000	 58.71013	100.72000
219.00000	100.83000	 58.80284	100.83000
219.20000	101.31000	 59.16715	101.31000
219.40000	101.87000	 59.58929	101.87000
219.60000	102.46000	 60.03191	102.46000
219.80000	103.02000	 60.45047	103.02000
220.00000	103.33000	 60.68314	103.33000
220.20000	103.51000	 60.81829	103.51000
220.40000	103.62000	 60.90034	103.62000
220.60000	103.67000	 60.93700	103.67000
220.80000	103.70000	 60.95800	103.70000
221.00000	103.74000	 60.98565	103.74000
221.20000	103.72000	 60.96872	103.72000
221.40000	103.63000	 60.90008	103.63000
221.60000	103.48000	 60.78732	103.48000
221.80000	103.12000	 60.52055	103.12000
222.00000	102.65000	 60.17368	102.65000
222.20000	102.15000	 59.80596	102.15000
222.40000	101.66000	 59.44713	101.66000
222.60000	101.23000	 59.13413	101.23000
222.80000	101.05000	 59.00654	101.05000
223.00000	100.94000	 58.93181	100.94000
223.20000	100.89000	 58.90222	100.89000
223.40000	100.88000	 58.90275	100.88000
223.60000	100.89000	 58.91841	100.89000
223.80000	100.92000	 58.94896	100.92000
224.00000	100.95000	 58.97951	100.95000
224.20000	100.95000	 58.98791	100.95000
224.40000	100.88000	 58.94472	100.88000
224.60000	100.70000	 58.82065	100.70000
224.80000	100.47000	 58.65998	100.47000
225.00000	100.22000	 58.48495	100.22000
225.20000	 99.94000	 58.28839	 99.94000
225.40000	 99.68000	 58.10720	 99.68000
225.60000	 99.44000	 57.94143	 99.44000
225.80000	 99.17000	 57.75437	 99.17000
226.00000	 98.89000	 57.56077	 98.89000
226.20000	 98.58000	 57.34596	 98.58000
226.40000	 98.10000	 57.00719	 98.10000
226.60000	 97.61000	 56.66224	 97.61000
226.80000	 97.18000	 56.36273	 97.18000
227.00000	 96.85000	 56.13806	 96.85000
227.20000	 96.77000	 56.09827	 96.77000
227.40000	 96.99000	 56.27961	 96.99000
227.60000	 97.29000	 56.51971	 97.29000
227.80000	 97.62000	 56.78122	 97.62000
228.00000	 97.89000	 56.99755	 97.89000
228.20000	 97.96000	 57.06566	 97.96000
228.40000	 97.98000	 57.09588	 97.98000
228.60000	 97.96000	 57.09574	 97.96000
228.80000	 97.90000	 57.06543	 97.90000
229.00000	 97.85000	 57.04189	 97.85000
229.20000	 97.77000	 56.99586	 97.77000
229.40000	 97.68000	 56.94216	 97.68000
229.60000	 97.56000	 56.86623	 97.56000
229.80000	 97.41000	 56.76817	 97.41000
230.00000	 97.22000	 56.64077	 97.22000
230.20000	 97.03000	 56.51355	 97.03000
230.40000	 96.85000	 56.39397	 96.85000
230.60000	 96.68000	 56.28205	 96.68000
230.80000	 96.51000	 56.17048	 96.51000
231.00000	 96.39000	 56.09599	 96.39000
231.20000	 96.37000	 56.09522	 96.37000
231.40000	 96.47000	 56.18266	 96.47000
231.60000	 96.92000	 56.52694	 96.92000
231.80000	 97.53000	 56.98777	 97.53000
232.00000	 98.17000	 57.46896	 98.17000
232.20000	 98.75000	 57.90389	 98.75000
232.40000	 99.03000	 58.11606	 99.03000
232.60000	 99.12000	 58.18654	 99.12000
232.80000	 99.11000	 58.18196	 99.11000
233.00000	 99.01000	 58.11015	 99.01000
233.20000	 98.87000	 58.00834	 98.87000
233.40000	 98.68000	 57.86957	 98.68000
233.60000	 98.44000	 57.69420	 98.44000
233.80000	 98.18000	 57.50455	 98.18000
234.00000	 97.92000	 57.31556	 97.92000
234.20000	 97.70000	 57.15675	 97.70000
234.40000	 97.45000	 56.97676	 97.45000
234.60000	 97.16000	 56.76829	 97.16000
234.80000	 96.83000	 56.53144	 96.83000
235.00000	 96.28000	 56.13411	 96.28000
235.20000	 95.70000	 55.71625	 95.70000
235.40000	 95.15000	 55.32221	 95.15000
235.60000	 94.70000	 55.00353	 94.70000
235.80000	 94.50000	 54.87032	 94.50000
236.00000	 94.58000	 54.94418	 94.58000
236.20000	 94.80000	 55.12156	 94.80000
236.40000	 95.13000	 55.37972	 95.13000
236.60000	 95.54000	 55.69599	 95.54000
236.80000	 96.01000	 56.05513	 96.01000
237.00000	 96.51000	 56.43466	 96.51000
237.20000	 97.01000	 56.81222	 97.01000
237.40000	 97.47000	 57.15822	 97.47000
237.60000	 97.86000	 57.45057	 97.86000
237.80000	 98.21000	 57.71138	 98.21000
238.00000	 98.52000	 57.94080	 98.52000
238.20000	 98.77000	 58.12430	 98.77000
238.40000	 98.94000	 58.24743	 98.94000
238.60000	 99.09000	 58.35454	 99.09000
238.80000	 99.21000	 58.43851	 99.21000
239.00000	 99.34000	 58.52895	 99.34000
239.20000	 99.49000	 58.63334	 99.49000
239.40000	 99.64000	 58.73706	 99.64000
239.60000	 99.81000	 58.85487	 99.81000
239.80000	 99.98000	 58.97208	 99.98000
240.00000	100.14000	 59.08137	100.14000
240.20000	100.30000	 59.19011	100.30000
240.40000	100.51000	 59.33506	100.51000
240.60000	100.77000	 59.51617	100.77000
240.80000	101.17000	 59.79943	101.17000
241.00000	101.71000	 60.18458	101.71000
241.20000	102.25000	 60.56842	102.25000
241.40000	102.75000	 60.92131	102.75000
241.60000	103.05000	 61.12566	103.05000
241.80000	103.14000	 61.17437	103.14000
242.00000	103.15000	 61.16341	103.15000
242.20000	103.11000	 61.11527	103.11000
242.40000	103.07000	 61.06707	103.07000
242.60000	103.07000	 61.04845	103.07000
242.80000	103.10000	 61.05220	103.10000
243.00000	103.16000	 61.07833	103.16000
243.20000	103.26000	 61.13419	103.26000
243.40000	103.54000	 61.32250	103.54000
243.60000	103.88000	 61.55482	103.88000
243.80000	104.23000	 61.79411	104.23000
244.00000	104.55000	 62.01079	104.55000
244.20000	104.80000	 62.17537	104.80000
244.40000	104.95000	 62.26585	104.95000
244.60000	104.99000	 62.27509	104.99000
244.80000	104.89000	 62.18133	104.89000
245.00000	104.58000	 61.93357	104.58000
245.20000	104.00000	 61.48831	104.00000
245.40000	103.30000	 60.95652	103.30000
245.60000	102.53000	 60.37561	102.53000
245.80000	101.71000	 59.76082	101.71000
246.00000	100.89000	 59.14930	100.89000
246.20000	100.13000	 58.58535	100.13000
246.40000	 99.49000	 58.11311	 99.49000
246.60000	 99.10000	 57.82787	 99.10000
246.80000	 99.13000	 57.85397	 99.13000
247.00000	 99.30000	 57.98476	 99.30000
247.20000	 99.55000	 58.17526	 99.55000
247.40000	 99.83000	 58.38801	 99.83000
247.60000	100.01000	 58.52697	100.01000
247.80000	100.15000	 58.63600	100.15000
248.00000	100.20000	 58.67828	100.20000
248.20000	100.12000	 58.62451	100.12000
248.40000	 99.76000	 58.36476	 99.76000
248.60000	 99.29000	 58.02449	 99.29000
248.80000	 98.76000	 57.64098	 98.76000
249.00000	 98.20000	 57.23670	 98.20000
249.20000	 97.77000	 56.92954	 97.77000
249.40000	 97.35000	 56.63136	 97.35000
249.60000	 96.94000	 56.34216	 96.94000
249.80000	 96.54000	 56.06191	 96.54000
250.00000	 96.14000	 55.78319	 96.14000
250.20000	 95.73000	 55.49860	 95.73000
250.40000	 95.33000	 55.22281	 95.33000
250.60000	 94.93000	 54.94840	 94.93000
250.80000	 94.52000	 54.66799	 94.52000
251.00000	 94.07000	 54.35951	 94.07000
251.20000	 93.62000	 54.05236	 93.62000
251.40000	 93.18000	 53.75388	 93.18000
251.60000	 92.78000	 53.48608	 92.78000
251.80000	 92.42000	 53.24888	 92.42000
252.00000	 92.07000	 53.02010	 92.07000
252.20000	 91.84000	 52.88043	 91.84000
252.40000	 91.75000	 52.84428	 91.75000
252.60000	 91.86000	 52.95534	 91.86000
252.80000	 92.47000	 53.43338	 92.47000
253.00000	 93.28000	 54.05695	 93.28000
253.20000	 94.16000	 54.72951	 94.16000
253.40000	 95.05000	 55.40624	 95.05000
253.60000	 95.69000	 55.89563	 95.69000
253.80000	 96.24000	 56.31528	 96.24000
254.00000	 96.72000	 56.68005	 96.72000
254.20000	 97.13000	 56.99025	 97.13000
254.40000	 97.48000	 57.25352	 97.48000
254.60000	 97.75000	 57.45552	 97.75000
254.80000	 97.95000	 57.60397	 97.95000
255.00000	 98.07000	 57.69189	 98.07000
255.20000	 98.06000	 57.68295	 98.06000
255.40000	 97.97000	 57.61436	 97.97000
255.60000	 97.82000	 57.50123	 97.82000
255.80000	 97.62000	 57.35133	 97.62000
256.00000	 97.35000	 57.15029	 97.35000
256.20000	 97.03000	 56.91314	 97.03000
256.40000	 96.74000	 56.69894	 96.74000
256.60000	 96.53000	 56.54455	 96.53000
256.80000	 96.46000	 56.49402	 96.46000
257.00000	 96.77000	 56.72337	 96.77000
257.20000	 97.17000	 57.01890	 97.17000
257.40000	 97.60000	 57.33590	 97.60000
257.60000	 98.01000	 57.63719	 98.01000
257.80000	 98.21000	 57.78294	 98.21000
258.00000	 98.34000	 57.87611	 98.34000
258.20000	 98.40000	 57.91690	 98.40000
258.40000	 98.38000	 57.89823	 98.38000
258.60000	 98.24000	 57.79102	 98.24000
258.80000	 98.03000	 57.63236	 98.03000
259.00000	 97.79000	 57.45199	 97.79000
259.20000	 97.52000	 57.25021	 97.52000
259.40000	 97.30000	 57.08601	 97.30000
259.60000	 97.13000	 56.95946	 97.13000
259.80000	 96.96000	 56.83381	 96.96000
260.00000	 96.79000	 56.70902	 96.79000
260.20000	 96.61000	 56.57773	 96.61000
260.40000	 96.37000	 56.40320	 96.37000
260.60000	 96.10000	 56.20754	 96.10000
260.80000	 95.85000	 56.02754	 95.85000
261.00000	 95.60000	 55.84854	 95.60000
261.20000	 95.37000	 55.68522	 95.37000
261.40000	 95.12000	 55.50818	 95.12000
261.60000	 94.94000	 55.38351	 94.94000
261.80000	 94.87000	 55.34047	 94.87000
262.00000	 94.94000	 55.40084	 94.94000
262.20000	 95.36000	 55.71848	 95.36000
262.40000	 95.99000	 56.18979	 95.99000
262.60000	 96.70000	 56.71847	 96.70000
262.80000	 97.44000	 57.26711	 97.44000
263.00000	 98.08000	 57.73976	 98.08000
263.20000	 98.61000	 58.12893	 98.61000
263.40000	 99.10000	 58.48611	 99.10000
263.60000	 99.52000	 58.78941	 99.52000
263.80000	 99.87000	 59.03905	 99.87000
264.00000	100.13000	 59.22062	100.13000
264.20000	100.32000	 59.34916	100.32000
264.40000	100.44000	 59.42501	100.44000
264.60000	100.48000	 59.44119	100.48000
264.80000	100.35000	 59.33196	100.35000
265.00000	100.14000	 59.16392	100.14000
265.20000	 99.92000	 58.98895	 99.92000
265.40000	 99.74000	 58.84410	 99.74000
265.60000	 99.67000	 58.78093	 99.67000
265.80000	 99.95000	 58.97565	 99.95000
266.00000	100.29000	 59.21470	100.29000
266.20000	100.68000	 59.49026	100.68000
266.40000	101.06000	 59.75787	101.06000
266.60000	101.32000	 59.93648	101.32000
266.80000	101.48000	 60.04080	101.48000
267.00000	101.59000	 60.10773	101.59000
267.20000	101.68000	 60.15948	101.68000
267.40000	101.76000	 60.20357	101.76000
267.60000	101.84000	 60.24747	101.84000
267.80000	101.90000	 60.27659	101.90000
268.00000	101.94000	 60.29102	101.94000
268.20000	101.95000	 60.28350	101.95000
268.40000	101.94000	 60.26148	101.94000
268.60000	101.90000	 60.21773	101.90000
268.80000	101.82000	 60.14499	101.82000
269.00000	101.70000	 60.04341	101.70000
269.20000	101.54000	 59.91313	101.54000
269.40000	101.11000	 59.58535	101.11000
269.60000	100.69000	 59.26623	100.69000
269.80000	100.34000	 59.00014	100.34000
270.00000	100.12000	 58.83123	100.12000
270.20000	100.22000	 58.89889	100.22000
270.40000	100.63000	 59.19521	100.63000
270.60000	101.21000	 59.61650	101.21000
270.80000	101.93000	 60.13987	101.93000
271.00000	102.82000	 60.78660	102.82000
271.20000	103.84000	 61.52655	103.84000
271.40000	104.83000	 62.24152	104.83000
271.60000	105.71000	 62.87237	105.71000
271.80000	106.28000	 63.27213	106.28000
272.00000	106.58000	 63.47062	106.58000
272.20000	106.67000	 63.51263	106.67000
272.40000	106.56000	 63.40634	106.56000
272.60000	106.09000	 63.03510	106.09000
272.80000	105.44000	 62.53224	105.44000
273.00000	104.68000	 61.95019	104.68000
273.20000	103.86000	 61.32651	103.86000
273.40000	103.14000	 60.77937	103.14000
273.60000	102.52000	 60.30901	102.52000
273.80000	101.94000	 59.87135	101.94000
274.00000	101.39000	 59.45897	101.39000
274.20000	100.87000	 59.07170	100.87000
274.40000	100.46000	 58.76815	100.46000
274.60000	100.10000	 58.50393	100.10000
274.80000	 99.74000	 58.24202	 99.74000
275.00000	 99.38000	 57.98217	 99.38000
275.20000	 99.00000	 57.70953	 99.00000
275.40000	 98.49000	 57.34318	 98.49000
275.60000	 97.91000	 56.92730	 97.91000
275.80000	 97.30000	 56.49141	 97.30000
276.00000	 96.66000	 56.03564	 96.66000
276.20000	 96.01000	 55.57479	 96.01000
276.40000	 95.30000	 55.07219	 95.30000
276.60000	 94.61000	 54.58673	 94.61000
276.80000	 93.98000	 54.14778	 93.98000
277.00000	 93.42000	 53.76261	 93.42000
277.20000	 92.99000	 53.47509	 92.99000
277.40000	 92.72000	 53.30690	 92.72000
277.60000	 92.60000	 53.25021	 92.60000
277.80000	 92.63000	 53.30446	 92.63000
278.00000	 92.88000	 53.52045	 92.88000
278.20000	 93.49000	 54.00026	 93.49000
278.40000	 94.18000	 54.53722	 94.18000
278.60000	 94.88000	 55.07911	 94.88000
278.80000	 95.45000	 55.52258	 95.45000
279.00000	 95.78000	 55.78669	 95.78000
279.20000	 96.01000	 55.97454	 96.01000
279.40000	 96.14000	 56.08652	 96.14000
279.60000	 96.19000	 56.13773	 96.19000
279.80000	 96.17000	 56.13595	 96.17000
280.00000	 96.08000	 56.08157	 96.08000
280.20000	 95.95000	 55.99703	 95.95000
280.40000	 95.78000	 55.88266	 95.78000
280.60000	 95.58000	 55.74609	 95.58000
280.80000	 95.34000	 55.58022	 95.34000
281.00000	 95.08000	 55.39996	 95.08000
281.20000	 94.83000	 55.22754	 94.83000
281.40000	 94.55000	 55.03365	 94.55000
281.60000	 94.24000	 54.81843	 94.24000
281.80000	 93.89000	 54.57462	 93.89000
282.00000	 93.35000	 54.19220	 93.35000
282.20000	 92.73000	 53.75229	 92.73000
282.40000	 92.17000	 53.35808	 92.17000
282.60000	 91.75000	 53.06846	 91.75000
282.80000	 91.72000	 53.06690	 91.72000
283.00000	 92.02000	 53.30865	 92.02000
283.20000	 92.47000	 53.66056	 92.47000
283.40000	 93.01000	 54.07769	 93.01000
283.60000	 93.56000	 54.50057	 93.56000
283.80000	 94.10000	 54.91401	 94.10000
284.00000	 94.59000	 55.28836	 94.59000
284.20000	 94.99000	 55.59412	 94.99000
284.40000	 95.17000	 55.73590	 95.17000
284.60000	 95.24000	 55.79490	 95.24000
284.80000	 95.21000	 55.77892	 95.21000
285.00000	 95.09000	 55.69579	 95.09000
285.20000	 94.88000	 55.54596	 94.88000
285.40000	 94.61000	 55.35192	 94.61000
285.60000	 94.32000	 55.14345	 94.32000
285.80000	 94.03000	 54.93554	 94.03000
286.00000	 93.77000	 54.75042	 93.77000
286.20000	 93.51000	 54.56614	 93.51000
286.40000	 93.26000	 54.39008	 93.26000
286.60000	 93.02000	 54.22226	 93.02000
286.80000	 92.83000	 54.09204	 92.83000
287.00000	 92.62000	 53.94791	 92.62000
287.20000	 92.36000	 53.76780	 92.36000
287.40000	 92.02000	 53.52970	 92.02000
287.60000	 91.40000	 53.08686	 91.40000
