  0.00000	 96.84000	 68.43231	 96.84000
  0.20000	 96.04000	 67.80502	 96.04000
  0.40000	 95.40000	 67.33451	 95.40000
  0.60000	 94.92000	 67.02305	 94.92000
  0.80000	 94.60000	 66.87092	 94.60000
  1.00000	 94.41000	 66.85014	 94.41000
  1.20000	 94.36000	 66.96711	 94.36000
  1.40000	 94.43000	 67.20062	 94.43000
  1.60000	 94.63000	 67.55544	 94.63000
  1.80000	 94.93000	 68.00027	 94.93000
  2.00000	 95.38000	 68.57470	 95.38000
  2.20000	 96.02000	 69.30887	 96.02000
  2.40000	 96.68000	 70.04576	 96.68000
  2.60000	 97.30000	 70.72693	 97.30000
  2.80000	 97.76000	 71.24209	 97.76000
  3.00000	 97.85000	 71.40328	 97.85000
  3.20000	 97.84000	 71.45258	 97.84000
  3.40000	 97.77000	 71.42859	 97.77000
  3.60000	 97.71000	 71.39682	 97.71000
  3.80000	 97.85000	 71.52892	 97.85000
  4.00000	 98.03000	 71.68365	 98.03000
  4.20000	 98.21000	 71.82599	 98.21000
  4.40000	 98.39000	 71.95650	 98.39000
  4.60000	 98.53000	 72.04025	 98.53000
  4.80000	 98.53000	 71.98944	 98.53000
  5.00000	 98.51000	 71.91279	 98.51000
  5.20000	 98.49000	 71.83018	 98.49000
  5.40000	 98.47000	 71.74344	 98.47000
  5.60000	 98.47000	 71.67193	 98.47000
  5.80000	 98.42000	 71.55468	 98.42000
  6.00000	 98.47000	 71.52634	 98.47000
  6.20000	 98.66000	 71.62278	 98.66000
  6.40000	 99.03000	 71.87857	 99.03000
  6.60000	 99.82000	 72.50442	 99.82000
  6.80000	100.98000	 73.45024	100.98000
  7.00000	102.25000	 74.47716	102.25000
  7.20000	103.56000	 75.51552	103.56000
  7.40000	104.81000	 76.47011	104.81000
  7.60000	105.93000	 77.27423	105.93000
  7.80000	106.87000	 77.88121	106.87000
  8.00000	107.57000	 78.23787	107.57000
  8.20000	107.73000	 78.08041	107.73000
  8.40000	107.41000	 77.46950	107.41000
  8.60000	106.88000	 76.65562	106.88000
  8.80000	106.20000	 75.70317	106.20000
  9.00000	105.60000	 74.82711	105.60000
  9.20000	105.18000	 74.12450	105.18000
  9.40000	104.78000	 73.45850	104.78000
  9.60000	104.41000	 72.84199	104.41000
  9.80000	104.07000	 72.27784	104.07000
 10.00000	103.78000	 71.78565	103.78000
 10.20000	103.56000	 71.38400	103.56000
 10.40000	103.35000	 71.01937	103.35000
 10.60000	103.15000	 70.69115	103.15000
 10.80000	102.96000	 70.39843	102.96000
 11.00000	102.70000	 70.06903	102.70000
 11.20000	102.26000	 69.60464	102.26000
 11.40000	101.88000	 69.21916	101.88000
 11.60000	101.60000	 68.94796	101.60000
 11.80000	101.46000	 68.82527	101.46000
 12.00000	101.81000	 69.15929	101.81000
 12.20000	102.43000	 69.74788	102.43000
 12.40000	103.08000	 70.36968	103.08000
 12.60000	103.67000	 70.93749	103.67000
 12.80000	103.91000	 71.18820	103.91000
 13.00000	103.82000	 71.13802	103.82000
 13.20000	103.59000	 70.95737	103.59000
 13.40000	103.24000	 70.66677	103.24000
 13.60000	102.82000	 70.31401	102.82000
 13.80000	102.36000	 69.92924	102.36000
 14.00000	101.89000	 69.54236	101.89000
 14.20000	101.40000	 69.14723	101.40000
 14.40000	100.94000	 68.79065	100.94000
 14.60000	100.58000	 68.53640	100.58000
 14.80000	100.36000	 68.42032	100.36000
 15.00000	100.19000	 68.36137	100.19000
 15.20000	100.04000	 68.33140	100.04000
 15.40000	 99.92000	 68.33770	 99.92000
 15.60000	 99.79000	 68.34303	 99.79000
 15.80000	 99.54000	 68.24829	 99.54000
 16.00000	 99.33000	 68.19532	 99.33000
 16.20000	 99.19000	 68.21017	 99.19000
 16.40000	 99.14000	 68.30940	 99.14000
 16.60000	 99.36000	 68.65098	 99.36000
 16.80000	 99.84000	 69.22207	 99.84000
 17.00000	100.33000	 69.79502	100.33000
 17.20000	100.75000	 70.29404	100.75000
 17.40000	100.94000	 70.57379	100.94000
 17.60000	100.71000	 70.46503	100.71000
 17.80000	100.32000	 70.20207	100.32000
 18.00000	 99.83000	 69.84262	 99.83000
 18.20000	 99.26000	 69.40916	 99.26000
 18.40000	 98.75000	 69.03071	 98.75000
 18.60000	 98.22000	 68.63967	 98.22000
 18.80000	 97.69000	 68.25677	 97.69000
 19.00000	 97.15000	 67.87559	 97.15000
 19.20000	 96.63000	 67.52477	 96.63000
 19.40000	 96.16000	 67.23234	 96.16000
 19.60000	 95.72000	 66.98112	 95.72000
 19.80000	 95.30000	 66.76226	 95.30000
 20.00000	 94.91000	 66.58437	 94.91000
 20.20000	 94.56000	 66.45563	 94.56000
 20.40000	 94.10000	 66.24179	 94.10000
 20.60000	 93.70000	 66.09374	 93.70000
 20.80000	 93.42000	 66.06401	 93.42000
 21.00000	 93.32000	 66.20409	 93.32000
 21.20000	 93.50000	 66.59955	 93.50000
 21.40000	 94.29000	 67.53815	 94.29000
 21.60000	 95.21000	 68.58380	 95.21000
 21.80000	 96.19000	 69.66500	 96.19000
 22.00000	 97.12000	 70.67584	 97.12000
 22.20000	 97.68000	 71.32600	 97.68000
 22.40000	 98.11000	 71.82700	 98.11000
 22.60000	 98.44000	 72.20568	 98.44000
 22.80000	 98.68000	 72.47234	 98.68000
 23.00000	 98.83000	 72.62933	 98.83000
 23.20000	 98.92000	 72.70640	 98.92000
 23.40000	 98.96000	 72.71586	 98.96000
 23.60000	 98.96000	 72.67021	 98.96000
 23.80000	 98.96000	 72.60855	 98.96000
 24.00000	 98.98000	 72.55185	 98.98000
 24.20000	 98.99000	 72.47615	 98.99000
 24.40000	 99.01000	 72.40165	 99.01000
 24.60000	 99.03000	 72.32153	 99.03000
 24.80000	 99.03000	 72.21982	 99.03000
 25.00000	 99.00000	 72.08938	 99.00000
 25.20000	 99.01000	 71.99411	 99.01000
 25.40000	 99.08000	 71.95289	 99.08000
 25.60000	 99.23000	 71.98389	 99.23000
 25.80000	 99.57000	 72.18439	 99.57000
 26.00000	100.16000	 72.60567	100.16000
 26.20000	100.80000	 73.06624	100.80000
 26.40000	101.43000	 73.50914	101.43000
 26.60000	102.02000	 73.90485	102.02000
 26.80000	102.43000	 74.12708	102.43000
 27.00000	102.74000	 74.24696	102.74000
 27.20000	102.92000	 74.23898	102.92000
 27.40000	102.97000	 74.10536	102.97000
 27.60000	102.70000	 73.68053	102.70000
 27.80000	102.29000	 73.12988	102.29000
 28.00000	101.79000	 72.50374	101.79000
 28.20000	101.25000	 71.85226	101.25000
 28.40000	100.77000	 71.26931	100.77000
 28.60000	100.38000	 70.78512	100.38000
 28.80000	100.01000	 70.33953	100.01000
 29.00000	 99.67000	 69.94270	 99.67000
 29.20000	 99.36000	 69.59521	 99.36000
 29.40000	 99.05000	 69.27037	 99.05000
 29.60000	 98.71000	 68.94127	 98.71000
 29.80000	 98.44000	 68.69648	 98.44000
 30.00000	 98.26000	 68.55270	 98.26000
 30.20000	 98.20000	 68.53467	 98.20000
 30.40000	 98.31000	 68.68389	 98.31000
 30.60000	 98.71000	 69.10280	 98.71000
 30.80000	 99.24000	 69.64316	 99.24000
 31.00000	 99.90000	 70.29855	 99.90000
 31.20000	100.66000	 71.03577	100.66000
 31.40000	101.64000	 71.95508	101.64000
 31.60000	102.65000	 72.88062	102.65000
 31.80000	103.61000	 73.73531	103.61000
 32.00000	104.44000	 74.44378	104.44000
 32.20000	104.83000	 74.72857	104.83000
 32.40000	105.04000	 74.82300	105.04000
 32.60000	105.10000	 74.75768	105.10000
 32.80000	105.05000	 74.57311	105.05000
 33.00000	104.96000	 74.33685	104.96000
 33.20000	104.79000	 74.01845	104.79000
 33.40000	104.57000	 73.64968	104.57000
 33.60000	104.31000	 73.24423	104.31000
 33.80000	104.00000	 72.79764	104.00000
 34.00000	103.63000	 72.30515	103.63000
 34.20000	103.29000	 71.85061	103.29000
 34.40000	102.99000	 71.44582	102.99000
 34.60000	102.78000	 71.13712	102.78000
 34.80000	102.76000	 71.01396	102.76000
 35.00000	103.00000	 71.13720	103.00000
 35.20000	103.32000	 71.34341	103.32000
 35.40000	103.70000	 71.61099	103.70000
 35.60000	104.11000	 71.90942	104.11000
 35.80000	104.57000	 72.25290	104.57000
 36.00000	104.97000	 72.54029	104.97000
 36.20000	105.26000	 72.72485	105.26000
 36.40000	105.37000	 72.74347	105.37000
 36.60000	104.95000	 72.28623	104.95000
 36.80000	104.33000	 71.65165	104.33000
 37.00000	103.59000	 70.91713	103.59000
 37.20000	102.80000	 70.15120	102.80000
 37.40000	102.23000	 69.59928	102.23000
 37.60000	101.75000	 69.14854	101.75000
 37.80000	101.32000	 68.76461	101.32000
 38.00000	100.91000	 68.42117	100.91000
 38.20000	100.52000	 68.11801	100.52000
 38.40000	100.10000	 67.81016	100.10000
 38.60000	 99.69000	 67.53267	 99.69000
 38.80000	 99.28000	 67.27594	 99.28000
 39.00000	 98.88000	 67.04802	 98.88000
 39.20000	 98.49000	 66.84788	 98.49000
 39.40000	 98.01000	 66.58559	 98.01000
 39.60000	 97.50000	 66.31404	 97.50000
 39.80000	 97.09000	 66.14844	 97.09000
 40.00000	 96.82000	 66.12303	 96.82000
 40.20000	 96.72000	 66.26196	 96.72000
 40.40000	 97.08000	 66.81899	 97.08000
 40.60000	 97.66000	 67.57366	 97.66000
 40.80000	 98.37000	 68.43791	 98.37000
 41.00000	 99.18000	 69.37715	 99.18000
 41.20000	100.09000	 70.38394	100.09000
 41.40000	101.01000	 71.37146	101.01000
 41.60000	101.89000	 72.28973	101.89000
 41.80000	102.68000	 73.09035	102.68000
 42.00000	103.18000	 73.59360	103.18000
 42.20000	103.51000	 73.90725	103.51000
 42.40000	103.73000	 74.08752	103.73000
 42.60000	103.84000	 74.13827	103.84000
 42.80000	103.89000	 74.10848	103.89000
 43.00000	103.86000	 73.98506	103.86000
 43.20000	103.75000	 73.77293	103.75000
 43.40000	103.58000	 73.49487	103.58000
 43.60000	103.33000	 73.13803	103.33000
 43.80000	103.01000	 72.71624	103.01000
 44.00000	102.66000	 72.26980	102.66000
 44.20000	102.32000	 71.83852	102.32000
 44.40000	101.98000	 71.41697	101.98000
 44.60000	101.66000	 71.02572	101.66000
 44.80000	101.40000	 70.70233	101.40000
 45.00000	101.24000	 70.48333	101.24000
 45.20000	101.19000	 70.37741	101.19000
 45.40000	101.38000	 70.49871	101.38000
 45.60000	101.88000	 70.90600	101.88000
 45.80000	102.46000	 71.38933	102.46000
 46.00000	103.06000	 71.88984	103.06000
 46.20000	103.61000	 72.34052	103.61000
 46.40000	104.05000	 72.68449	104.05000
 46.60000	104.36000	 72.90204	104.36000
 46.80000	104.47000	 72.93064	104.47000
 47.00000	104.25000	 72.65644	104.25000
 47.20000	103.53000	 71.93285	103.53000
 47.40000	102.63000	 71.05218	102.63000
 47.60000	101.61000	 70.07614	101.61000
 47.80000	100.59000	 69.11935	100.59000
 48.00000	 99.81000	 68.40146	 99.81000
 48.20000	 99.08000	 67.75689	 99.08000
 48.40000	 98.37000	 67.16084	 98.37000
 48.60000	 97.71000	 66.64102	 97.71000
 48.80000	 97.07000	 66.17085	 97.07000
 49.00000	 96.45000	 65.74990	 96.45000
 49.20000	 95.86000	 65.38611	 95.86000
 49.40000	 95.30000	 65.07814	 95.30000
 49.60000	 94.77000	 64.82422	 94.77000
 49.80000	 94.27000	 64.62232	 94.27000
 50.00000	 93.63000	 64.31923	 93.63000
 50.20000	 93.09000	 64.12714	 93.09000
 50.40000	 92.70000	 64.08853	 92.70000
 50.60000	 92.51000	 64.24465	 92.51000
 50.80000	 92.77000	 64.81287	 92.77000
 51.00000	 93.45000	 65.75852	 93.45000
 51.20000	 94.26000	 66.81359	 94.26000
 51.40000	 95.09000	 67.87045	 95.09000
 51.60000	 95.78000	 68.77866	 95.78000
 51.80000	 96.20000	 69.41723	 96.20000
 52.00000	 96.54000	 69.95294	 96.54000
 52.20000	 96.80000	 70.38521	 96.80000
 52.40000	 97.01000	 70.74127	 97.01000
 52.60000	 97.18000	 71.03127	 97.18000
 52.80000	 97.30000	 71.24811	 97.30000
 53.00000	 97.35000	 71.37629	 97.35000
 53.20000	 97.33000	 71.41863	 97.33000
 53.40000	 97.15000	 71.29845	 97.15000
 53.60000	 96.93000	 71.12669	 96.93000
 53.80000	 96.70000	 70.93423	 96.70000
 54.00000	 96.49000	 70.75146	 96.49000
 54.20000	 96.33000	 70.60812	 96.33000
 54.40000	 96.26000	 70.54195	 96.26000
 54.60000	 96.29000	 70.56292	 96.29000
 54.80000	 96.44000	 70.68886	 96.44000
 55.00000	 96.75000	 70.95427	 96.75000
 55.20000	 97.31000	 71.43687	 97.31000
 55.40000	 98.08000	 72.09708	 98.08000
 55.60000	 99.02000	 72.89423	 99.02000
 55.80000	100.09000	 73.78711	100.09000
 56.00000	101.39000	 74.85879	101.39000
 56.20000	102.86000	 76.04941	102.86000
 56.40000	104.32000	 77.19243	104.32000
 56.60000	105.66000	 78.18508	105.66000
 56.80000	106.62000	 78.79372	106.62000
 57.00000	107.28000	 79.09093	107.28000
 57.20000	107.78000	 79.20550	107.78000
 57.40000	108.13000	 79.15195	108.13000
 57.60000	108.43000	 79.02551	108.43000
 57.80000	108.64000	 78.79686	108.64000
 58.00000	108.77000	 78.48115	108.77000
 58.20000	108.82000	 78.08453	108.82000
 58.40000	108.82000	 77.63964	108.82000
 58.60000	108.78000	 77.16091	108.78000
 58.80000	108.68000	 76.63556	108.68000
 59.00000	108.53000	 76.07716	108.53000
 59.20000	108.33000	 75.48996	108.33000
 59.40000	108.03000	 74.83339	108.03000
 59.60000	107.62000	 74.10249	107.62000
 59.80000	107.20000	 73.39007	107.20000
 60.00000	106.81000	 72.73481	106.81000
 60.20000	106.48000	 72.16541	106.48000
 60.40000	106.41000	 71.86029	106.41000
 60.60000	106.58000	 71.79975	106.58000
 60.80000	106.73000	 71.74876	106.73000
 61.00000	106.82000	 71.66822	106.82000
 61.20000	106.73000	 71.44881	106.73000
 61.40000	106.15000	 70.81428	106.15000
 61.60000	105.42000	 70.06984	105.42000
 61.80000	104.57000	 69.24600	104.57000
 62.00000	103.66000	 68.40004	103.66000
 62.20000	102.78000	 67.61542	102.78000
 62.40000	101.92000	 66.88563	101.92000
 62.60000	101.07000	 66.20316	101.07000
 62.80000	100.25000	 65.58643	100.25000
 63.00000	 99.47000	 65.04418	 99.47000
 63.20000	 98.82000	 64.65541	 98.82000
 63.40000	 98.26000	 64.38227	 98.26000
 63.60000	 97.75000	 64.18606	 97.75000
 63.80000	 97.30000	 64.07222	 97.30000
 64.00000	 96.90000	 64.02807	 96.90000
 64.20000	 96.51000	 64.01422	 96.51000
 64.40000	 96.12000	 64.01815	 96.12000
 64.60000	 95.80000	 64.09881	 95.80000
 64.80000	 95.59000	 64.28819	 95.59000
 65.00000	 95.50000	 64.59113	 95.50000
 65.20000	 95.71000	 65.16291	 95.71000
 65.40000	 96.16000	 65.94374	 96.16000
 65.60000	 96.65000	 66.74846	 96.65000
 65.80000	 97.14000	 67.53494	 97.14000
 66.00000	 97.49000	 68.17353	 97.49000
 66.20000	 97.53000	 68.51025	 97.53000
 66.40000	 97.49000	 68.74985	 97.49000
 66.60000	 97.40000	 68.92039	 97.40000
 66.80000	 97.28000	 69.04155	 97.28000
 67.00000	 97.26000	 69.23089	 97.26000
 67.20000	 97.26000	 69.41851	 97.26000
 67.40000	 97.25000	 69.57878	 97.25000
 67.60000	 97.23000	 69.71281	 97.23000
 67.80000	 97.21000	 69.83073	 97.21000
 68.00000	 97.08000	 69.83608	 97.08000
 68.20000	 96.95000	 69.82870	 96.95000
 68.40000	 96.82000	 69.81055	 96.82000
 68.60000	 96.72000	 69.81005	 96.72000
 68.80000	 96.66000	 69.83739	 96.66000
 69.00000	 96.61000	 69.86681	 96.61000
 69.20000	 96.63000	 69.95226	 96.63000
 69.40000	 96.77000	 70.13819	 96.77000
 69.60000	 97.03000	 70.42363	 97.03000
 69.80000	 97.59000	 70.96664	 97.59000
 70.00000	 98.51000	 71.81640	 98.51000
 70.20000	 99.47000	 72.68231	 99.47000
 70.40000	100.38000	 73.47885	100.38000
 70.60000	101.09000	 74.06883	101.09000
 70.80000	101.37000	 74.24677	101.37000
 71.00000	101.48000	 74.24660	101.48000
 71.20000	101.48000	 74.12600	101.48000
 71.40000	101.40000	 73.91654	101.40000
 71.60000	101.31000	 73.68544	101.31000
 71.80000	101.16000	 73.39278	101.16000
 72.00000	100.95000	 73.04296	100.95000
 72.20000	100.70000	 72.65804	100.70000
 72.40000	100.38000	 72.21531	100.38000
 72.60000	100.01000	 71.73645	100.01000
 72.80000	 99.62000	 71.25173	 99.62000
 73.00000	 99.21000	 70.76425	 99.21000
 73.20000	 98.79000	 70.28554	 98.79000
 73.40000	 98.32000	 69.78217	 98.32000
 73.60000	 97.85000	 69.30054	 97.85000
 73.80000	 97.44000	 68.89537	 97.44000
 74.00000	 97.11000	 68.58484	 97.11000
 74.20000	 96.91000	 68.41275	 96.91000
 74.40000	 97.08000	 68.59028	 97.08000
 74.60000	 97.51000	 69.01463	 97.51000
 74.80000	 97.96000	 69.46590	 97.96000
 75.00000	 98.34000	 69.85815	 98.34000
 75.20000	 98.51000	 70.06261	 98.51000
 75.40000	 98.16000	 69.80211	 98.16000
 75.60000	 97.67000	 69.41714	 97.67000
 75.80000	 97.09000	 68.95589	 97.09000
 76.00000	 96.49000	 68.48450	 96.49000
 76.20000	 96.10000	 68.21062	 96.10000
 76.40000	 95.76000	 67.99310	 95.76000
 76.60000	 95.45000	 67.81435	 95.45000
 76.80000	 95.16000	 67.66525	 95.16000
 77.00000	 94.90000	 67.55419	 94.90000
 77.20000	 94.56000	 67.38264	 94.56000
 77.40000	 94.23000	 67.23044	 94.23000
 77.60000	 93.95000	 67.13281	 93.95000
 77.80000	 93.74000	 67.10671	 93.74000
 78.00000	 93.61000	 67.15962	 93.61000
 78.20000	 93.61000	 67.33397	 93.61000
 78.40000	 93.74000	 67.62688	 93.74000
 78.60000	 93.98000	 68.01697	 93.98000
 78.80000	 94.34000	 68.50912	 94.34000
 79.00000	 94.85000	 69.12559	 94.85000
 79.20000	 95.62000	 69.95911	 95.62000
 79.40000	 96.45000	 70.82580	 96.45000
 79.60000	 97.28000	 71.66677	 97.28000
 79.80000	 98.05000	 72.42430	 98.05000
 80.00000	 98.55000	 72.90905	 98.55000
 80.20000	 98.96000	 73.28118	 98.96000
 80.40000	 99.28000	 73.54213	 99.28000
 80.60000	 99.52000	 73.70315	 99.52000
 80.80000	 99.69000	 73.77613	 99.69000
 81.00000	 99.79000	 73.76452	 99.79000
 81.20000	 99.85000	 73.69872	 99.85000
 81.40000	 99.88000	 73.59135	 99.88000
 81.60000	 99.89000	 73.45486	 99.89000
 81.80000	 99.85000	 73.26594	 99.85000
 82.00000	 99.84000	 73.09894	 99.84000
 82.20000	 99.89000	 72.98308	 99.89000
 82.40000	100.03000	 72.94668	100.03000
 82.60000	100.49000	 73.19459	100.49000
 82.80000	101.21000	 73.67120	101.21000
 83.00000	101.91000	 74.12366	101.91000
 83.20000	102.51000	 74.47761	102.51000
 83.40000	102.77000	 74.51813	102.77000
 83.60000	102.52000	 74.09591	102.52000
 83.80000	102.11000	 73.52772	102.11000
 84.00000	101.59000	 72.86446	101.59000
 84.20000	101.09000	 72.22801	101.09000
 84.40000	100.75000	 71.74780	100.75000
 84.60000	100.42000	 71.29340	100.42000
 84.80000	100.08000	 70.84907	100.08000
 85.00000	 99.73000	 70.41642	 99.73000
 85.20000	 99.32000	 69.95225	 99.32000
 85.40000	 98.84000	 69.44898	 98.84000
 85.60000	 98.35000	 68.96136	 98.35000
 85.80000	 97.86000	 68.49931	 97.86000
 86.00000	 97.39000	 68.08120	 97.39000
 86.20000	 96.92000	 67.68929	 96.92000
 86.40000	 96.45000	 67.32334	 96.45000
 86.60000	 96.06000	 67.05388	 96.06000
 86.80000	 95.80000	 66.92388	 95.80000
 87.00000	 95.68000	 66.93962	 95.68000
 87.20000	 95.91000	 67.28390	 95.91000
 87.40000	 96.38000	 67.85264	 96.38000
 87.60000	 96.96000	 68.52279	 96.96000
 87.80000	 97.61000	 69.25138	 97.61000
 88.00000	 98.22000	 69.93388	 98.22000
 88.20000	 98.76000	 70.53836	 98.76000
 88.40000	 99.28000	 71.10556	 99.28000
 88.60000	 99.74000	 71.59728	 99.74000
 88.80000	100.14000	 72.01201	100.14000
 89.00000	100.42000	 72.29603	100.42000
 89.20000	100.63000	 72.49467	100.63000
 89.40000	100.78000	 72.61848	100.78000
 89.60000	100.89000	 72.68741	100.89000
 89.80000	100.90000	 72.65058	100.90000
 90.00000	100.82000	 72.51996	100.82000
 90.20000	100.78000	 72.41455	100.78000
 90.40000	100.80000	 72.35486	100.80000
 90.60000	100.94000	 72.39605	100.94000
 90.80000	101.55000	 72.84948	101.55000
 91.00000	102.28000	 73.40076	102.28000
 91.20000	103.02000	 73.94817	103.02000
 91.40000	103.70000	 74.42625	103.70000
 91.60000	104.04000	 74.58427	104.04000
 91.80000	104.17000	 74.53911	104.17000
 92.00000	104.16000	 74.35619	104.16000
 92.20000	104.03000	 74.05742	104.03000
 92.40000	103.80000	 73.66520	103.80000
 92.60000	103.48000	 73.19328	103.48000
 92.80000	103.12000	 72.69092	103.12000
 93.00000	102.73000	 72.17142	102.73000
 93.20000	102.34000	 71.66528	102.34000
 93.40000	102.07000	 71.28219	102.07000
 93.60000	101.88000	 70.98799	101.88000
 93.80000	101.71000	 70.72967	101.71000
 94.00000	101.56000	 70.50705	101.56000
 94.20000	101.41000	 70.30187	101.41000
 94.40000	101.27000	 70.12237	101.27000
 94.60000	101.12000	 69.95000	101.12000
 94.80000	100.94000	 69.76622	100.94000
 95.00000	100.73000	 69.57050	100.73000
 95.20000	100.46000	 69.33583	100.46000
 95.40000	100.07000	 69.00902	100.07000
 95.60000	 99.63000	 68.65317	 99.63000
 95.80000	 99.18000	 68.30490	 99.18000
 96.00000	 98.73000	 67.97389	 98.73000
 96.20000	 98.35000	 67.72282	 98.35000
 96.40000	 98.00000	 67.51575	 98.00000
 96.60000	 97.69000	 67.36078	 97.69000
 96.80000	 97.40000	 67.23894	 97.40000
 97.00000	 97.15000	 67.16663	 97.15000
 97.20000	 96.91000	 67.11556	 96.91000
 97.40000	 96.70000	 67.10185	 96.70000
 97.60000	 96.54000	 67.14153	 96.54000
 97.80000	 96.44000	 67.24145	 96.44000
 98.00000	 96.40000	 67.39932	 96.40000
 98.20000	 96.43000	 67.62148	 96.43000
 98.40000	 96.53000	 67.90516	 96.53000
 98.60000	 96.74000	 68.28295	 96.74000
 98.80000	 97.06000	 68.75142	 97.06000
 99.00000	 97.51000	 69.32456	 97.51000
 99.20000	 98.28000	 70.16688	 98.28000
 99.40000	 99.23000	 71.14785	 99.23000
 99.60000	100.20000	 72.11881	100.20000
 99.80000	101.15000	 73.03882	101.15000
100.00000	101.94000	 73.77954	101.94000
100.20000	102.53000	 74.30390	102.53000
100.40000	102.98000	 74.66607	102.98000
100.60000	103.31000	 74.88622	103.31000
100.80000	103.46000	 74.91455	103.46000
101.00000	103.41000	 74.73819	103.41000
101.20000	103.27000	 74.46101	103.27000
101.40000	103.05000	 74.09810	103.05000
101.60000	102.79000	 73.69113	102.79000
101.80000	102.65000	 73.38776	102.65000
102.00000	102.51000	 73.08512	102.51000
102.20000	102.36000	 72.77745	102.36000
102.40000	102.20000	 72.46739	102.20000
102.60000	102.01000	 72.13944	102.01000
102.80000	101.72000	 71.73350	101.72000
103.00000	101.40000	 71.31424	101.40000
103.20000	101.08000	 70.91052	101.08000
103.40000	100.79000	 70.55069	100.79000
103.60000	100.53000	 70.23573	100.53000
103.80000	100.50000	 70.14359	100.50000
104.00000	100.54000	 70.13025	100.54000
104.20000	100.55000	 70.10446	100.55000
104.40000	100.49000	 70.02878	100.49000
104.60000	100.25000	 69.80435	100.25000
104.80000	 99.62000	 69.24522	 99.62000
105.00000	 98.91000	 68.63038	 98.91000
105.20000	 98.18000	 68.01682	 98.18000
105.40000	 97.46000	 67.43425	 97.46000
105.60000	 97.01000	 67.11580	 97.01000
105.80000	 96.78000	 67.01630	 96.78000
106.00000	 96.63000	 67.00859	 96.63000
106.20000	 96.54000	 67.07157	 96.54000
106.40000	 96.48000	 67.17507	 96.48000
106.60000	 96.44000	 67.30681	 96.44000
106.80000	 96.25000	 67.31268	 96.25000
107.00000	 96.08000	 67.34223	 96.08000
107.20000	 95.93000	 67.39403	 95.93000
107.40000	 95.81000	 67.47552	 95.81000
107.60000	 95.75000	 67.61185	 95.75000
107.80000	 95.73000	 67.78343	 95.73000
108.00000	 95.78000	 68.01503	 95.78000
108.20000	 95.91000	 68.31335	 95.91000
108.40000	 96.15000	 68.70254	 96.15000
108.60000	 96.50000	 69.17958	 96.50000
108.80000	 97.25000	 69.99861	 97.25000
109.00000	 98.08000	 70.86921	 98.08000
109.20000	 98.86000	 71.67020	 98.86000
109.40000	 99.52000	 72.33530	 99.52000
109.60000	 99.67000	 72.51609	 99.67000
109.80000	 99.51000	 72.39330	 99.51000
110.00000	 99.23000	 72.14129	 99.23000
110.20000	 98.91000	 71.83722	 98.91000
110.40000	 98.76000	 71.67321	 98.76000
110.60000	 98.92000	 71.77698	 98.92000
110.80000	 99.14000	 71.92672	 99.14000
111.00000	 99.40000	 72.10438	 99.40000
111.20000	 99.66000	 72.27393	 99.66000
111.40000	 99.91000	 72.42616	 99.91000
111.60000	 99.93000	 72.36559	 99.93000
111.80000	 99.90000	 72.25411	 99.90000
112.00000	 99.86000	 72.12946	 99.86000
112.20000	 99.82000	 72.00255	 99.82000
112.40000	 99.80000	 71.89287	 99.80000
112.60000	 99.92000	 71.90824	 99.92000
112.80000	100.10000	 71.97746	100.10000
113.00000	100.25000	 72.01993	100.25000
113.20000	100.37000	 72.03535	100.37000
113.40000	100.36000	 71.93494	100.36000
113.60000	100.13000	 71.63993	100.13000
113.80000	 99.85000	 71.30421	 99.85000
114.00000	 99.55000	 70.95728	 99.55000
114.20000	 99.25000	 70.61942	 99.25000
114.40000	 99.07000	 70.39919	 99.07000
114.60000	 99.04000	 70.32375	 99.04000
114.80000	 99.05000	 70.29441	 99.05000
115.00000	 99.08000	 70.29205	 99.08000
115.20000	 99.13000	 70.31529	 99.13000
115.40000	 99.14000	 70.30940	 99.14000
115.60000	 98.97000	 70.14913	 98.97000
115.80000	 98.84000	 70.03058	 98.84000
116.00000	 98.78000	 69.98060	 98.78000
116.20000	 98.85000	 70.05195	 98.85000
116.40000	 99.18000	 70.35840	 99.18000
116.60000	 99.85000	 70.96727	 99.85000
116.80000	100.61000	 71.65039	100.61000
117.00000	101.39000	 72.33967	101.39000
117.20000	102.12000	 72.96792	102.12000
117.40000	102.60000	 73.35393	102.60000
117.60000	103.00000	 73.64804	103.00000
117.80000	103.33000	 73.85957	103.33000
118.00000	103.59000	 73.98972	103.59000
118.20000	103.76000	 74.02257	103.76000
118.40000	103.87000	 73.98732	103.87000
118.60000	103.94000	 73.90456	103.94000
118.80000	103.98000	 73.78606	103.98000
119.00000	104.00000	 73.64347	104.00000
119.20000	104.03000	 73.50605	104.03000
119.40000	104.06000	 73.36704	104.06000
119.60000	104.11000	 73.24604	104.11000
119.80000	104.19000	 73.15326	104.19000
120.00000	104.38000	 73.16060	104.38000
120.20000	104.67000	 73.25891	104.67000
120.40000	104.94000	 73.34048	104.94000
120.60000	105.16000	 73.37787	105.16000
120.80000	105.23000	 73.28205	105.23000
121.00000	105.06000	 72.97424	105.06000
121.20000	104.80000	 72.59070	104.80000
121.40000	104.48000	 72.16140	104.48000
121.60000	104.13000	 71.71623	104.13000
121.80000	103.83000	 71.32912	103.83000
122.00000	103.54000	 70.96640	103.54000
122.20000	103.26000	 70.62933	103.26000
122.40000	102.99000	 70.31875	102.99000
122.60000	102.74000	 70.04391	102.74000
122.80000	102.51000	 69.80478	102.51000
123.00000	102.30000	 69.60095	102.30000
123.20000	102.13000	 69.44946	102.13000
123.40000	101.99000	 69.34029	101.99000
123.60000	101.92000	 69.30755	101.92000
123.80000	101.99000	 69.41144	101.99000
124.00000	102.06000	 69.52462	102.06000
124.20000	102.12000	 69.63555	102.12000
124.40000	102.14000	 69.71538	102.14000
124.60000	101.93000	 69.59384	101.93000
124.80000	101.66000	 69.42256	101.66000
125.00000	101.35000	 69.22037	101.35000
125.20000	101.03000	 69.01514	101.03000
125.40000	100.77000	 68.87004	100.77000
125.60000	100.61000	 68.82087	100.61000
125.80000	100.46000	 68.78698	100.46000
126.00000	100.32000	 68.76757	100.32000
126.20000	100.18000	 68.75297	100.18000
126.40000	 99.95000	 68.66252	 99.95000
126.60000	 99.59000	 68.46083	 99.59000
126.80000	 99.28000	 68.30897	 99.28000
127.00000	 99.08000	 68.26072	 99.08000
127.20000	 99.04000	 68.35988	 99.04000
127.40000	 99.45000	 68.86200	 99.45000
127.60000	100.11000	 69.58377	100.11000
127.80000	100.84000	 70.35839	100.84000
128.00000	101.58000	 71.12619	101.58000
128.20000	102.16000	 71.73091	102.16000
128.40000	102.58000	 72.16973	102.58000
128.60000	102.93000	 72.52188	102.93000
128.80000	103.20000	 72.77881	103.20000
129.00000	103.36000	 72.91510	103.36000
129.20000	103.44000	 72.95967	103.44000
129.40000	103.46000	 72.93313	103.46000
129.60000	103.44000	 72.85636	103.44000
129.80000	103.36000	 72.71477	103.36000
130.00000	103.21000	 72.50278	103.21000
130.20000	103.11000	 72.33045	103.11000
130.40000	103.11000	 72.24475	103.11000
130.60000	103.25000	 72.28247	103.25000
130.80000	103.94000	 72.80756	103.94000
131.00000	104.77000	 73.45097	104.77000
131.20000	105.62000	 74.10076	105.62000
131.40000	106.41000	 74.68135	106.41000
131.60000	106.92000	 74.99422	106.92000
131.80000	107.23000	 75.11047	107.23000
132.00000	107.37000	 75.05876	107.37000
132.20000	107.30000	 74.80697	107.30000
132.40000	106.80000	 74.16461	106.80000
132.60000	106.13000	 73.37055	106.13000
132.80000	105.37000	 72.50410	105.37000
133.00000	104.59000	 71.63508	104.59000
133.20000	104.13000	 71.07185	104.13000
133.40000	103.82000	 70.66585	103.82000
133.60000	103.56000	 70.32866	103.56000
133.80000	103.32000	 70.03327	103.32000
134.00000	103.06000	 69.74341	103.06000
134.20000	102.62000	 69.31628	102.62000
134.40000	102.12000	 68.85918	102.12000
134.60000	101.61000	 68.41738	101.61000
134.80000	101.11000	 68.00924	101.11000
135.00000	100.68000	 67.68815	100.68000
135.20000	100.35000	 67.47994	100.35000
135.40000	100.02000	 67.29400	100.02000
135.60000	 99.68000	 67.11968	 99.68000
135.80000	 99.28000	 66.91093	 99.28000
136.00000	 98.69000	 66.55126	 98.69000
136.20000	 98.06000	 66.17446	 98.06000
136.40000	 97.43000	 65.81670	 97.43000
136.60000	 96.83000	 65.50496	 96.83000
136.80000	 96.30000	 65.27456	 96.30000
137.00000	 95.91000	 65.18666	 95.91000
137.20000	 95.60000	 65.18571	 95.60000
137.40000	 95.38000	 65.27777	 95.38000
137.60000	 95.26000	 65.46842	 95.26000
137.80000	 95.23000	 65.74501	 95.23000
138.00000	 95.32000	 66.13012	 95.32000
138.20000	 95.52000	 66.61040	 95.52000
138.40000	 95.87000	 67.21663	 95.87000
138.60000	 96.36000	 67.93470	 96.36000
138.80000	 97.16000	 68.91006	 97.16000
139.00000	 98.11000	 69.99346	 98.11000
139.20000	 99.10000	 71.08012	 99.10000
139.40000	100.08000	 72.11967	100.08000
139.60000	100.85000	 72.93000	100.85000
139.80000	101.51000	 73.59843	101.51000
140.00000	102.06000	 74.12519	102.06000
140.20000	102.51000	 74.52080	102.51000
140.40000	102.78000	 74.71699	102.78000
140.60000	102.96000	 74.79800	102.96000
140.80000	103.07000	 74.78645	103.07000
141.00000	103.14000	 74.71401	103.14000
141.20000	103.22000	 74.62995	103.22000
141.40000	103.32000	 74.54740	103.32000
141.60000	103.46000	 74.48771	103.46000
141.80000	103.66000	 74.47142	103.66000
142.00000	103.94000	 74.51824	103.94000
142.20000	104.65000	 74.93996	104.65000
142.40000	105.37000	 75.36076	105.37000
142.60000	106.01000	 75.69830	106.01000
142.80000	106.49000	 75.88038	106.49000
143.00000	106.38000	 75.52573	106.38000
143.20000	106.02000	 74.94211	106.02000
143.40000	105.53000	 74.24329	105.53000
143.60000	104.98000	 73.49865	104.98000
143.80000	104.66000	 72.97223	104.66000
144.00000	104.42000	 72.53416	104.42000
144.20000	104.21000	 72.14191	104.21000
144.40000	104.00000	 71.76996	104.00000
144.60000	103.79000	 71.41901	103.79000
144.80000	103.44000	 70.96512	103.44000
145.00000	103.08000	 70.52504	103.08000
145.20000	102.74000	 70.12633	102.74000
145.40000	102.45000	 69.79600	102.45000
145.60000	102.21000	 69.53364	102.21000
145.80000	102.08000	 69.39147	102.08000
146.00000	102.05000	 69.35850	102.05000
146.20000	102.13000	 69.44073	102.13000
146.40000	102.34000	 69.65232	102.34000
146.60000	102.80000	 70.09549	102.80000
146.80000	103.45000	 70.71099	103.45000
147.00000	104.16000	 71.37663	104.16000
147.20000	104.89000	 72.05071	104.89000
147.40000	105.52000	 72.62139	105.52000
147.60000	106.05000	 73.08529	106.05000
147.80000	106.50000	 73.45837	106.50000
148.00000	106.84000	 73.71343	106.84000
148.20000	106.97000	 73.76240	106.97000
148.40000	106.94000	 73.65235	106.94000
148.60000	106.85000	 73.47595	106.85000
148.80000	106.73000	 73.26377	106.73000
149.00000	106.68000	 73.10828	106.68000
149.20000	106.75000	 73.05641	106.75000
149.40000	106.87000	 73.04712	106.87000
149.60000	107.05000	 73.08979	107.05000
149.80000	107.29000	 73.18434	107.29000
150.00000	107.74000	 73.46337	107.74000
150.20000	108.20000	 73.74695	108.20000
150.40000	108.61000	 73.97980	108.61000
150.60000	108.91000	 74.10746	108.91000
150.80000	108.84000	 73.89913	108.84000
151.00000	108.59000	 73.52694	108.59000
151.20000	108.20000	 73.03091	108.20000
151.40000	107.70000	 72.44273	107.70000
151.60000	107.10000	 71.77642	107.10000
151.80000	106.44000	 71.07262	106.44000
152.00000	105.74000	 70.35374	105.74000
152.20000	105.04000	 69.65935	105.04000
152.40000	104.38000	 69.02810	104.38000
152.60000	103.84000	 68.53302	103.84000
152.80000	103.38000	 68.13887	103.38000
153.00000	102.98000	 67.82708	102.98000
153.20000	102.66000	 67.61388	102.66000
153.40000	102.49000	 67.55913	102.49000
153.60000	102.50000	 67.68591	102.50000
153.80000	102.53000	 67.84734	102.53000
154.00000	102.54000	 68.00346	102.54000
154.20000	102.44000	 68.07067	102.44000
154.40000	102.02000	 67.86028	102.02000
154.60000	101.56000	 67.62179	101.56000
154.80000	101.09000	 67.38287	101.09000
155.00000	100.68000	 67.20652	100.68000
155.20000	100.64000	 67.36811	100.64000
155.40000	100.69000	 67.61567	100.69000
155.60000	100.79000	 67.91005	100.79000
155.80000	100.89000	 68.20330	100.89000
156.00000	100.92000	 68.43030	100.92000
156.20000	100.68000	 68.41160	100.68000
156.40000	100.42000	 68.37011	100.42000
156.60000	100.16000	 68.32458	100.16000
156.80000	 99.95000	 68.32031	 99.95000
157.00000	 99.92000	 68.47307	 99.92000
157.20000	100.14000	 68.84373	100.14000
157.40000	100.37000	 69.21593	100.37000
157.60000	100.57000	 69.55143	100.57000
157.80000	100.68000	 69.79500	100.68000
158.00000	100.43000	 69.70621	100.43000
158.20000	100.05000	 69.49202	100.05000
158.40000	 99.57000	 69.18265	 99.57000
158.60000	 99.02000	 68.80870	 99.02000
158.80000	 98.47000	 68.43632	 98.47000
159.00000	 97.91000	 68.05995	 97.91000
159.20000	 97.35000	 67.69134	 97.35000
159.40000	 96.78000	 67.32390	 96.78000
159.60000	 96.23000	 66.98620	 96.23000
159.80000	 95.76000	 66.73283	 95.76000
160.00000	 95.33000	 66.52852	 95.33000
160.20000	 94.93000	 66.36408	 94.93000
160.40000	 94.55000	 66.22998	 94.55000
160.60000	 94.19000	 66.12534	 94.19000
160.80000	 93.83000	 66.03136	 93.83000
161.00000	 93.44000	 65.92041	 93.44000
161.20000	 93.09000	 65.85396	 93.09000
161.40000	 92.79000	 65.83987	 92.79000
161.60000	 92.54000	 65.87674	 92.54000
161.80000	 92.43000	 66.04279	 92.43000
162.00000	 92.43000	 66.30868	 92.43000
162.20000	 92.47000	 66.60895	 92.47000
162.40000	 92.52000	 66.91386	 92.52000
162.60000	 92.57000	 67.21187	 92.57000
162.80000	 92.48000	 67.37651	 92.48000
163.00000	 92.37000	 67.51383	 92.37000
163.20000	 92.27000	 67.65037	 92.27000
163.40000	 92.17000	 67.77715	 92.17000
163.60000	 92.09000	 67.91198	 92.09000
163.80000	 91.99000	 68.01929	 91.99000
164.00000	 91.95000	 68.17038	 91.95000
164.20000	 91.99000	 68.38280	 91.99000
164.40000	 92.12000	 68.66463	 92.12000
164.60000	 92.39000	 69.05895	 92.39000
164.80000	 93.04000	 69.77663	 93.04000
165.00000	 93.77000	 70.54619	 93.77000
165.20000	 94.55000	 71.33620	 94.55000
165.40000	 95.33000	 72.09806	 95.33000
165.60000	 95.97000	 72.70423	 95.97000
165.80000	 96.50000	 73.18021	 96.50000
166.00000	 96.97000	 73.57079	 96.97000
166.20000	 97.39000	 73.88604	 97.39000
166.40000	 97.78000	 74.14553	 97.78000
166.60000	 98.16000	 74.36913	 98.16000
166.80000	 98.48000	 74.51460	 98.48000
167.00000	 98.73000	 74.57569	 98.73000
167.20000	 98.90000	 74.54659	 98.90000
167.40000	 98.86000	 74.31539	 98.86000
167.60000	 98.61000	 73.88707	 98.61000
167.80000	 98.33000	 73.42764	 98.33000
168.00000	 98.09000	 73.00480	 98.09000
168.20000	 97.95000	 72.67609	 97.95000
168.40000	 98.18000	 72.68393	 98.18000
168.60000	 98.71000	 72.96504	 98.71000
168.80000	 99.30000	 73.30262	 99.30000
169.00000	 99.88000	 73.63086	 99.88000
169.20000	100.36000	 73.86684	100.36000
169.40000	100.56000	 73.84914	100.56000
169.60000	100.64000	 73.72101	100.64000
169.80000	100.61000	 73.49345	100.61000
170.00000	100.47000	 73.16922	100.47000
170.20000	100.13000	 72.67171	100.13000
170.40000	 99.69000	 72.09421	 99.69000
170.60000	 99.19000	 71.47681	 99.19000
170.80000	 98.66000	 70.85039	 98.66000
171.00000	 98.13000	 70.24522	 98.13000
171.20000	 97.76000	 69.80622	 97.76000
171.40000	 97.45000	 69.44527	 97.45000
171.60000	 97.17000	 69.13552	 97.17000
171.80000	 96.92000	 68.87626	 96.92000
172.00000	 96.71000	 68.67521	 96.71000
172.20000	 96.53000	 68.52195	 96.53000
172.40000	 96.39000	 68.42352	 96.39000
172.60000	 96.27000	 68.36009	 96.27000
172.80000	 96.17000	 68.32950	 96.17000
173.00000	 96.09000	 68.32961	 96.09000
173.20000	 96.01000	 68.34055	 96.01000
173.40000	 95.93000	 68.36041	 95.93000
173.60000	 95.88000	 68.41411	 95.88000
173.80000	 95.85000	 68.49100	 95.85000
174.00000	 95.86000	 68.60710	 95.86000
174.20000	 95.93000	 68.77830	 95.93000
174.40000	 96.02000	 68.96697	 96.02000
174.60000	 96.12000	 69.16228	 96.12000
174.80000	 96.23000	 69.36251	 96.23000
175.00000	 96.33000	 69.54842	 96.33000
175.20000	 96.39000	 69.69227	 96.39000
175.40000	 96.44000	 69.82019	 96.44000
175.60000	 96.49000	 69.94082	 96.49000
175.80000	 96.54000	 70.05400	 96.54000
176.00000	 96.58000	 70.15084	 96.58000
176.20000	 96.60000	 70.22260	 96.60000
176.40000	 96.64000	 70.30518	 96.64000
176.60000	 96.68000	 70.38103	 96.68000
176.80000	 96.76000	 70.48595	 96.76000
177.00000	 96.89000	 70.62874	 96.89000
177.20000	 97.12000	 70.85338	 97.12000
177.40000	 97.36000	 71.07878	 97.36000
177.60000	 97.60000	 71.29509	 97.60000
177.80000	 97.83000	 71.49270	 97.83000
178.00000	 97.98000	 71.60904	 97.98000
178.20000	 98.00000	 71.60019	 98.00000
178.40000	 97.98000	 71.54772	 97.98000
178.60000	 97.92000	 71.45347	 97.92000
178.80000	 97.86000	 71.35493	 97.86000
179.00000	 97.78000	 71.23606	 97.78000
179.20000	 97.65000	 71.07186	 97.65000
179.40000	 97.51000	 70.89969	 97.51000
179.60000	 97.43000	 70.78333	 97.43000
179.80000	 97.44000	 70.75024	 97.44000
180.00000	 97.55000	 70.80913	 97.55000
180.20000	 97.96000	 71.13656	 97.96000
180.40000	 98.63000	 71.69345	 98.63000
180.60000	 99.37000	 72.30579	 99.37000
180.80000	100.13000	 72.92418	100.13000
181.00000	100.87000	 73.50885	100.87000
181.20000	101.34000	 73.83458	101.34000
181.40000	101.72000	 74.06109	101.72000
181.60000	102.06000	 74.23368	102.06000
181.80000	102.35000	 74.34480	102.35000
182.00000	102.63000	 74.43173	102.63000
182.20000	102.95000	 74.54059	102.95000
182.40000	103.25000	 74.61935	103.25000
182.60000	103.55000	 74.68715	103.55000
182.80000	103.82000	 74.71863	103.82000
183.00000	104.08000	 74.73298	104.08000
183.20000	104.34000	 74.74048	104.34000
183.40000	104.59000	 74.73352	104.59000
183.60000	104.78000	 74.66889	104.78000
183.80000	104.93000	 74.56596	104.93000
184.00000	104.99000	 74.38205	104.99000
184.20000	104.92000	 74.08390	104.92000
184.40000	104.79000	 73.73672	104.79000
184.60000	104.60000	 73.34357	104.60000
184.80000	104.37000	 72.92520	104.37000
185.00000	104.13000	 72.51105	104.13000
185.20000	103.88000	 72.10341	103.88000
185.40000	103.60000	 71.68634	103.60000
185.60000	103.31000	 71.27924	103.31000
185.80000	103.00000	 70.87448	103.00000
186.00000	102.68000	 70.48195	102.68000
186.20000	102.32000	 70.07571	102.32000
186.40000	101.97000	 69.70085	101.97000
186.60000	101.64000	 69.36652	101.64000
186.80000	101.34000	 69.08138	101.34000
187.00000	101.08000	 68.85361	101.08000
187.20000	100.94000	 68.75307	100.94000
187.40000	100.86000	 68.72420	100.86000
187.60000	100.81000	 68.73768	100.81000
187.80000	100.78000	 68.78197	100.78000
188.00000	100.78000	 68.86336	100.78000
188.20000	100.82000	 68.98817	100.82000
188.40000	100.86000	 69.11830	100.86000
188.60000	100.89000	 69.24263	100.89000
188.80000	100.88000	 69.33267	100.88000
189.00000	100.76000	 69.32508	100.76000
189.20000	100.55000	 69.23757	100.55000
189.40000	100.31000	 69.12418	100.31000
189.60000	100.05000	 68.99468	100.05000
189.80000	 99.81000	 68.88553	 99.81000
190.00000	 99.65000	 68.85056	 99.65000
190.20000	 99.53000	 68.85399	 99.53000
190.40000	 99.43000	 68.87744	 99.43000
190.60000	 99.37000	 68.93796	 99.37000
190.80000	 99.32000	 69.00794	 99.32000
191.00000	 99.27000	 69.07758	 99.27000
191.20000	 99.23000	 69.15499	 99.23000
191.40000	 99.25000	 69.28385	 99.25000
191.60000	 99.34000	 69.47192	 99.34000
191.80000	 99.54000	 69.75319	 99.54000
192.00000	100.03000	 70.28529	100.03000
192.20000	100.54000	 70.82409	100.54000
192.40000	101.02000	 71.32148	101.02000
192.60000	101.41000	 71.72148	101.41000
192.80000	101.37000	 71.72088	101.37000
193.00000	101.16000	 71.55349	101.16000
193.20000	100.85000	 71.28561	100.85000
193.40000	100.48000	 70.95728	100.48000
193.60000	100.13000	 70.64393	100.13000
193.80000	 99.91000	 70.44682	 99.91000
194.00000	 99.70000	 70.26122	 99.70000
194.20000	 99.49000	 70.07969	 99.49000
194.40000	 99.30000	 69.92115	 99.30000
194.60000	 99.11000	 69.76858	 99.11000
194.80000	 98.82000	 69.53376	 98.82000
195.00000	 98.55000	 69.32451	 98.55000
195.20000	 98.35000	 69.18606	 98.35000
195.40000	 98.24000	 69.13614	 98.24000
195.60000	 98.28000	 69.22711	 98.28000
195.80000	 98.70000	 69.66103	 98.70000
196.00000	 99.19000	 70.15735	 99.19000
196.20000	 99.71000	 70.67550	 99.71000
196.40000	100.20000	 71.15773	100.20000
196.60000	100.40000	 71.36977	100.40000
196.80000	100.47000	 71.45356	100.47000
197.00000	100.49000	 71.48128	100.49000
197.20000	100.48000	 71.47226	100.48000
197.40000	100.48000	 71.46369	100.48000
197.60000	100.63000	 71.58133	100.63000
197.80000	100.80000	 71.70967	100.80000
198.00000	100.97000	 71.83083	100.97000
198.20000	101.12000	 71.92700	101.12000
198.40000	101.24000	 71.98952	101.24000
198.60000	101.23000	 71.93013	101.23000
198.80000	101.20000	 71.84818	101.20000
199.00000	101.15000	 71.74530	101.15000
199.20000	101.11000	 71.64972	101.11000
199.40000	101.11000	 71.58936	101.11000
199.60000	101.23000	 71.63596	101.23000
199.80000	101.33000	 71.66475	101.33000
200.00000	101.38000	 71.64888	101.38000
200.20000	101.35000	 71.56197	101.35000
200.40000	101.04000	 71.22736	101.04000
200.60000	100.63000	 70.80814	100.63000
200.80000	100.17000	 70.35230	100.17000
201.00000	 99.67000	 69.87208	 99.67000
201.20000	 99.21000	 69.44159	 99.21000
201.40000	 98.86000	 69.12506	 98.86000
201.60000	 98.53000	 68.84316	 98.53000
201.80000	 98.22000	 68.59604	 98.22000
202.00000	 97.93000	 68.38343	 97.93000
202.20000	 97.66000	 68.20476	 97.66000
202.40000	 97.31000	 67.97040	 97.31000
202.60000	 96.99000	 67.77785	 96.99000
202.80000	 96.75000	 67.67093	 96.75000
203.00000	 96.59000	 67.64829	 96.59000
203.20000	 96.57000	 67.76121	 96.57000
203.40000	 96.83000	 68.13095	 96.83000
203.60000	 97.18000	 68.58367	 97.18000
203.80000	 97.60000	 69.09646	 97.60000
204.00000	 98.06000	 69.63773	 98.06000
204.20000	 98.47000	 70.12314	 98.47000
204.40000	 98.88000	 70.59391	 98.88000
204.60000	 99.30000	 71.05643	 99.30000
204.80000	 99.72000	 71.49981	 99.72000
205.00000	100.14000	 71.92258	100.14000
205.20000	100.55000	 72.31483	100.55000
205.40000	100.95000	 72.67604	100.95000
205.60000	101.33000	 72.99722	101.33000
205.80000	101.70000	 73.28758	101.70000
206.00000	101.93000	 73.43229	101.93000
206.20000	102.18000	 73.57543	102.18000
206.40000	102.49000	 73.75423	102.49000
206.60000	102.89000	 73.99642	102.89000
206.80000	103.67000	 74.55984	103.67000
207.00000	104.60000	 75.23734	104.60000
207.20000	105.50000	 75.86552	105.50000
207.40000	106.26000	 76.34419	106.26000
207.60000	106.56000	 76.38863	106.56000
207.80000	106.55000	 76.13591	106.55000
208.00000	106.37000	 75.71659	106.37000
208.20000	106.03000	 75.14649	106.03000
208.40000	105.61000	 74.50400	105.61000
208.60000	105.12000	 73.80492	105.12000
208.80000	104.58000	 73.07340	104.58000
209.00000	104.01000	 72.33288	104.01000
209.20000	103.42000	 71.59710	103.42000
209.40000	102.92000	 70.96776	102.92000
209.60000	102.46000	 70.40275	102.46000
209.80000	102.01000	 69.87669	102.01000
210.00000	101.58000	 69.39911	101.58000
210.20000	101.18000	 68.97889	101.18000
210.40000	100.86000	 68.65985	100.86000
210.60000	100.54000	 68.36941	100.54000
210.80000	100.18000	 68.07044	100.18000
211.00000	 99.78000	 67.76163	 99.78000
211.20000	 99.17000	 67.29102	 99.17000
211.40000	 98.46000	 66.75698	 98.46000
211.60000	 97.71000	 66.21401	 97.71000
211.80000	 96.95000	 65.68984	 96.95000
212.00000	 96.19000	 65.19403	 96.19000
212.20000	 95.60000	 64.87780	 95.60000
212.40000	 95.05000	 64.62413	 95.05000
212.60000	 94.52000	 64.41324	 94.52000
212.80000	 94.03000	 64.26078	 94.03000
213.00000	 93.55000	 64.13768	 93.55000
213.20000	 92.99000	 63.96169	 92.99000
213.40000	 92.41000	 63.78461	 92.41000
213.60000	 91.91000	 63.69402	 91.91000
213.80000	 91.52000	 63.71461	 91.52000
214.00000	 91.28000	 63.87916	 91.28000
214.20000	 91.44000	 64.40591	 91.44000
214.40000	 91.78000	 65.09272	 91.78000
214.60000	 92.22000	 65.86123	 92.22000
214.80000	 92.72000	 66.66897	 92.72000
215.00000	 93.14000	 67.38538	 93.14000
215.20000	 93.48000	 68.00614	 93.48000
215.40000	 93.81000	 68.59075	 93.81000
215.60000	 94.14000	 69.14624	 94.14000
215.80000	 94.47000	 69.67139	 94.47000
216.00000	 94.85000	 70.20987	 94.85000
216.20000	 95.24000	 70.72550	 95.24000
216.40000	 95.63000	 71.20907	 95.63000
216.60000	 96.04000	 71.67843	 96.04000
216.80000	 96.42000	 72.08942	 96.42000
217.00000	 96.72000	 72.39849	 96.72000
217.20000	 97.07000	 72.72281	 97.07000
217.40000	 97.50000	 73.09037	 97.50000
217.60000	 98.05000	 73.53744	 98.05000
217.80000	 99.02000	 74.33027	 99.02000
218.00000	100.13000	 75.21667	100.13000
218.20000	101.22000	 76.05072	101.22000
218.40000	102.21000	 76.75865	102.21000
218.60000	102.76000	 77.03758	102.76000
218.80000	103.04000	 77.04197	103.04000
219.00000	103.15000	 76.86632	103.15000
219.20000	103.11000	 76.53505	103.11000
219.40000	102.94000	 76.07309	102.94000
219.60000	102.67000	 75.51444	102.67000
219.80000	102.32000	 74.88402	102.32000
220.00000	101.90000	 74.19748	101.90000
220.20000	101.45000	 73.49657	101.45000
220.40000	101.04000	 72.84883	101.04000
220.60000	100.64000	 72.23162	100.64000
220.80000	100.23000	 71.63020	100.23000
221.00000	 99.81000	 71.04694	 99.81000
221.20000	 99.39000	 70.49249	 99.39000
221.40000	 98.99000	 69.98581	 98.99000
221.60000	 98.60000	 69.51848	 98.60000
221.80000	 98.19000	 69.06386	 98.19000
222.00000	 97.77000	 68.63064	 97.77000
222.20000	 97.32000	 68.20068	 97.32000
222.40000	 96.78000	 67.72029	 96.78000
222.60000	 96.23000	 67.26065	 96.23000
222.80000	 95.66000	 66.81275	 95.66000
223.00000	 95.10000	 66.40298	 95.10000
223.20000	 94.57000	 66.04847	 94.57000
223.40000	 94.09000	 65.76586	 94.09000
223.60000	 93.63000	 65.52683	 93.63000
223.80000	 93.18000	 65.32062	 93.18000
224.00000	 92.74000	 65.14529	 92.74000
224.20000	 92.30000	 64.99000	 92.30000
224.40000	 91.74000	 64.74632	 91.74000
224.60000	 91.22000	 64.55560	 91.22000
224.80000	 90.76000	 64.43445	 90.76000
225.00000	 90.39000	 64.40782	 90.39000
225.20000	 90.12000	 64.48223	 90.12000
225.40000	 90.18000	 64.85887	 90.18000
225.60000	 90.34000	 65.32796	 90.34000
225.80000	 90.58000	 65.86611	 90.58000
226.00000	 90.88000	 66.45015	 90.88000
226.20000	 91.18000	 67.02179	 91.18000
226.40000	 91.47000	 67.56808	 91.47000
226.60000	 91.77000	 68.10360	 91.77000
226.80000	 92.07000	 68.61693	 92.07000
227.00000	 92.37000	 69.10620	 92.37000
227.20000	 92.67000	 69.57007	 92.67000
227.40000	 92.95000	 69.98995	 92.95000
227.60000	 93.24000	 70.39224	 93.24000
227.80000	 93.51000	 70.75031	 93.51000
228.00000	 93.75000	 71.05576	 93.75000
228.20000	 93.99000	 71.33617	 93.99000
228.40000	 94.22000	 71.58377	 94.22000
228.60000	 94.45000	 71.80867	 94.45000
228.80000	 94.69000	 72.02109	 94.69000
229.00000	 94.91000	 72.19563	 94.91000
229.20000	 95.17000	 72.38704	 95.17000
229.40000	 95.48000	 72.60528	 95.48000
229.60000	 95.86000	 72.86876	 95.86000
229.80000	 96.51000	 73.35521	 96.51000
230.00000	 97.26000	 73.91157	 97.26000
230.20000	 97.98000	 74.41995	 97.98000
230.40000	 98.59000	 74.80778	 98.59000
230.60000	 98.85000	 74.86184	 98.85000
230.80000	 98.84000	 74.65646	 98.84000
231.00000	 98.70000	 74.32133	 98.70000
231.20000	 98.46000	 73.88892	 98.46000
231.40000	 98.22000	 73.45394	 98.22000
231.60000	 97.97000	 73.01248	 97.97000
231.80000	 97.70000	 72.55993	 97.70000
232.00000	 97.41000	 72.09999	 97.41000
232.20000	 97.11000	 71.64472	 97.11000
232.40000	 96.77000	 71.17008	 96.77000
232.60000	 96.44000	 70.72284	 96.44000
232.80000	 96.14000	 70.32248	 96.14000
233.00000	 95.88000	 69.97882	 95.88000
233.20000	 95.69000	 69.71870	 95.69000
233.40000	 95.76000	 69.71016	 95.76000
233.60000	 95.93000	 69.80802	 95.93000
233.80000	 96.09000	 69.91090	 96.09000
234.00000	 96.20000	 69.98011	 96.20000
234.20000	 96.13000	 69.89785	 96.13000
234.40000	 95.78000	 69.57486	 95.78000
234.60000	 95.37000	 69.20848	 95.37000
234.80000	 94.93000	 68.82743	 94.93000
235.00000	 94.53000	 68.49577	 94.53000
235.20000	 94.33000	 68.35668	 94.33000
235.40000	 94.18000	 68.27593	 94.18000
235.60000	 94.06000	 68.23432	 94.06000
235.80000	 93.95000	 68.21245	 93.95000
236.00000	 93.82000	 68.18210	 93.82000
236.20000	 93.57000	 68.05322	 93.57000
236.40000	 93.33000	 67.94115	 93.33000
236.60000	 93.09000	 67.83678	 93.09000
236.80000	 92.88000	 67.76645	 92.88000
237.00000	 92.70000	 67.72956	 92.70000
237.20000	 92.52000	 67.69863	 92.52000
237.40000	 92.41000	 67.73504	 92.41000
237.60000	 92.41000	 67.87298	 92.41000
237.80000	 92.52000	 68.11031	 92.52000
238.00000	 92.82000	 68.51529	 92.82000
238.20000	 93.55000	 69.29699	 93.55000
238.40000	 94.37000	 70.14638	 94.37000
238.60000	 95.19000	 70.97686	 95.19000
238.80000	 95.97000	 71.74750	 95.97000
239.00000	 96.40000	 72.17910	 96.40000
239.20000	 96.66000	 72.43159	 96.66000
239.40000	 96.84000	 72.58680	 96.84000
239.60000	 96.95000	 72.65621	 96.95000
239.80000	 97.06000	 72.70505	 97.06000
240.00000	 97.20000	 72.76277	 97.20000
240.20000	 97.32000	 72.78727	 97.32000
240.40000	 97.42000	 72.78085	 97.42000
240.60000	 97.50000	 72.74575	 97.50000
240.80000	 97.54000	 72.66640	 97.54000
241.00000	 97.52000	 72.52734	 97.52000
241.20000	 97.51000	 72.39327	 97.51000
241.40000	 97.52000	 72.27515	 97.52000
241.60000	 97.56000	 72.18348	 97.56000
241.80000	 97.71000	 72.19036	 97.71000
242.00000	 98.10000	 72.41118	 98.10000
242.20000	 98.50000	 72.63950	 98.50000
242.40000	 98.86000	 72.82901	 98.86000
242.60000	 99.14000	 72.94296	 99.14000
242.80000	 99.12000	 72.78573	 99.12000
243.00000	 98.90000	 72.44859	 98.90000
243.20000	 98.58000	 72.02422	 98.58000
243.40000	 98.21000	 71.56117	 98.21000
243.60000	 97.82000	 71.08993	 97.82000
243.80000	 97.54000	 70.72927	 97.54000
244.00000	 97.25000	 70.37431	 97.25000
244.20000	 96.96000	 70.03529	 96.96000
244.40000	 96.67000	 69.71315	 96.67000
244.60000	 96.38000	 69.40851	 96.38000
244.80000	 95.97000	 69.01515	 95.97000
245.00000	 95.58000	 68.65851	 95.58000
245.20000	 95.23000	 68.35694	 95.23000
245.40000	 94.97000	 68.15474	 94.97000
245.60000	 94.81000	 68.05970	 94.81000
245.80000	 95.01000	 68.30070	 95.01000
246.00000	 95.36000	 68.68619	 95.36000
246.20000	 95.75000	 69.11280	 95.75000
246.40000	 96.13000	 69.53090	 96.13000
246.60000	 96.38000	 69.82961	 96.38000
246.80000	 96.35000	 69.87330	 96.35000
247.00000	 96.24000	 69.84006	 96.24000
247.20000	 96.08000	 69.75771	 96.08000
247.40000	 95.89000	 69.64552	 95.89000
247.60000	 95.77000	 69.59384	 95.77000
247.80000	 95.68000	 69.56787	 95.68000
248.00000	 95.60000	 69.55020	 95.60000
248.20000	 95.53000	 69.54103	 95.53000
248.40000	 95.47000	 69.54046	 95.47000
248.60000	 95.37000	 69.50409	 95.37000
248.80000	 95.27000	 69.46777	 95.27000
249.00000	 95.22000	 69.47620	 95.22000
249.20000	 95.22000	 69.52919	 95.22000
249.40000	 95.31000	 69.66164	 95.31000
249.60000	 95.59000	 69.96104	 95.59000
249.80000	 96.10000	 70.46015	 96.10000
250.00000	 96.65000	 70.98594	 96.65000
250.20000	 97.19000	 71.49012	 97.19000
250.40000	 97.68000	 71.93412	 97.68000
250.60000	 97.95000	 72.16505	 97.95000
250.80000	 98.12000	 72.28997	 98.12000
251.00000	 98.22000	 72.33701	 98.22000
251.20000	 98.25000	 72.30824	 98.25000
251.40000	 98.18000	 72.17952	 98.18000
251.60000	 98.07000	 72.00725	 98.07000
251.80000	 97.92000	 71.79449	 97.92000
252.00000	 97.78000	 71.58865	 97.78000
252.20000	 97.66000	 71.40104	 97.66000
252.40000	 97.70000	 71.35788	 97.70000
252.60000	 97.80000	 71.37051	 97.80000
252.80000	 97.93000	 71.41185	 97.93000
253.00000	 98.08000	 71.47237	 98.08000
253.20000	 98.24000	 71.54243	 98.24000
253.40000	 98.36000	 71.57693	 98.36000
253.60000	 98.43000	 71.56671	 98.43000
253.80000	 98.50000	 71.55641	 98.50000
254.00000	 98.59000	 71.56399	 98.59000
254.20000	 98.71000	 71.59831	 98.71000
254.40000	 98.92000	 71.71237	 98.92000
254.60000	 99.22000	 71.90514	 99.22000
254.80000	 99.48000	 72.05954	 99.48000
255.00000	 99.69000	 72.16568	 99.69000
255.20000	 99.71000	 72.09888	 99.71000
255.40000	 99.48000	 71.80730	 99.48000
255.60000	 99.16000	 71.43645	 99.16000
255.80000	 98.80000	 71.03443	 98.80000
256.00000	 98.44000	 70.64016	 98.44000
256.20000	 98.29000	 70.44292	 98.29000
256.40000	 98.27000	 70.37203	 98.27000
256.60000	 98.29000	 70.34662	 98.29000
256.80000	 98.33000	 70.34767	 98.33000
257.00000	 98.36000	 70.34717	 98.36000
257.20000	 98.32000	 70.29074	 98.32000
257.40000	 98.01000	 70.00038	 98.01000
257.60000	 97.73000	 69.74448	 97.73000
257.80000	 97.54000	 69.57764	 97.54000
258.00000	 97.47000	 69.52672	 97.47000
258.20000	 97.75000	 69.79496	 97.75000
258.40000	 98.45000	 70.44051	 98.45000
258.60000	 99.21000	 71.13655	 99.21000
258.80000	 99.97000	 71.82327	 99.97000
259.00000	100.58000	 72.36208	100.58000
259.20000	100.79000	 72.52795	100.79000
259.40000	100.87000	 72.56180	100.87000
259.60000	100.85000	 72.49260	100.85000
259.80000	100.75000	 72.34109	100.75000
260.00000	100.65000	 72.18168	100.65000
260.20000	100.52000	 71.99064	100.52000
260.40000	100.35000	 71.76188	100.35000
260.60000	100.17000	 71.52473	100.17000
260.80000	 99.97000	 71.27271	 99.97000
261.00000	 99.77000	 71.02570	 99.77000
261.20000	 99.57000	 70.78546	 99.57000
261.40000	 99.38000	 70.56226	 99.38000
261.60000	 99.21000	 70.36598	 99.21000
261.80000	 99.07000	 70.20606	 99.07000
262.00000	 99.07000	 70.18028	 99.07000
262.20000	 99.09000	 70.18081	 99.09000
262.40000	 99.10000	 70.17968	 99.10000
262.60000	 99.07000	 70.14913	 99.07000
262.80000	 98.91000	 70.00860	 98.91000
263.00000	 98.63000	 69.76749	 98.63000
263.20000	 98.30000	 69.48942	 98.30000
263.40000	 97.93000	 69.18485	 97.93000
263.60000	 97.55000	 68.88201	 97.55000
263.80000	 97.20000	 68.61772	 97.20000
264.00000	 96.87000	 68.38381	 96.87000
264.20000	 96.53000	 68.15390	 96.53000
264.40000	 96.21000	 67.95483	 96.21000
264.60000	 95.91000	 67.78641	 95.91000
264.80000	 95.53000	 67.55938	 95.53000
265.00000	 95.18000	 67.37161	 95.18000
265.20000	 94.91000	 67.26722	 94.91000
265.40000	 94.74000	 67.26293	 94.74000
265.60000	 94.71000	 67.39235	 94.71000
265.80000	 95.03000	 67.83900	 95.03000
266.00000	 95.49000	 68.41076	 95.49000
266.20000	 96.04000	 69.05723	 96.04000
266.40000	 96.63000	 69.72820	 96.63000
266.60000	 97.20000	 70.36528	 97.20000
266.80000	 97.74000	 70.95564	 97.74000
267.00000	 98.25000	 71.49645	 98.25000
267.20000	 98.70000	 71.95919	 98.70000
267.40000	 99.04000	 72.29868	 99.04000
267.60000	 99.23000	 72.48003	 99.23000
267.80000	 99.35000	 72.57639	 99.35000
268.00000	 99.42000	 72.60817	 99.42000
268.20000	 99.46000	 72.59603	 99.46000
268.40000	 99.52000	 72.58728	 99.52000
268.60000	 99.59000	 72.57546	 99.59000
268.80000	 99.66000	 72.55378	 99.66000
269.00000	 99.74000	 72.53298	 99.74000
269.20000	 99.83000	 72.51463	 99.83000
269.40000	 99.99000	 72.55333	 99.99000
269.60000	100.15000	 72.58744	100.15000
269.80000	100.29000	 72.59972	100.29000
270.00000	100.38000	 72.56416	100.38000
270.20000	100.38000	 72.44628	100.38000
270.40000	100.30000	 72.25664	100.30000
270.60000	100.16000	 72.01514	100.16000
270.80000	 99.94000	 71.70633	 99.94000
271.00000	 99.64000	 71.33282	 99.64000
271.20000	 99.20000	 70.84419	 99.20000
271.40000	 98.71000	 70.32387	 98.71000
271.60000	 98.18000	 69.78403	 98.18000
271.80000	 97.64000	 69.25424	 97.64000
272.00000	 97.11000	 68.75461	 97.11000
272.20000	 96.64000	 68.33119	 96.64000
272.40000	 96.20000	 67.95795	 96.20000
272.60000	 95.83000	 67.67039	 95.83000
272.80000	 95.53000	 67.46763	 95.53000
273.00000	 95.31000	 67.35691	 95.31000
273.20000	 95.22000	 67.38034	 95.22000
273.40000	 95.23000	 67.50797	 95.23000
273.60000	 95.35000	 67.74484	 95.35000
273.80000	 95.58000	 68.08662	 95.58000
274.00000	 96.04000	 68.63517	 96.04000
274.20000	 96.63000	 69.29565	 96.63000
274.40000	 97.28000	 69.99974	 97.28000
274.60000	 97.94000	 70.69739	 97.94000
274.80000	 98.53000	 71.31291	 98.53000
275.00000	 98.97000	 71.77217	 98.97000
275.20000	 99.38000	 72.18072	 99.38000
275.40000	 99.76000	 72.53822	 99.76000
275.60000	100.12000	 72.85384	100.12000
275.80000	100.46000	 73.12822	100.46000
276.00000	100.81000	 73.38903	100.81000
276.20000	101.16000	 73.62836	101.16000
276.40000	101.54000	 73.87396	101.54000
276.60000	101.95000	 74.12668	101.95000
276.80000	102.57000	 74.54704	102.57000
277.00000	103.19000	 74.94751	103.19000
277.20000	103.74000	 75.26523	103.74000
277.40000	104.18000	 75.46495	104.18000
277.60000	104.32000	 75.37940	104.32000
277.80000	104.25000	 75.09255	104.25000
278.00000	104.05000	 74.68089	104.05000
278.20000	103.74000	 74.16803	103.74000
278.40000	103.36000	 73.59542	103.36000
278.60000	102.93000	 72.98641	102.93000
278.80000	102.47000	 72.36382	102.47000
279.00000	101.99000	 71.74091	101.99000
279.20000	101.51000	 71.13913	101.51000
279.40000	101.09000	 70.61460	101.09000
279.60000	100.77000	 70.20446	100.77000
279.80000	100.49000	 69.85563	100.49000
280.00000	100.26000	 69.57649	100.26000
280.20000	100.07000	 69.35705	100.07000
280.40000	 99.93000	 69.20460	 99.93000
280.60000	 99.86000	 69.13489	 99.86000
280.80000	 99.83000	 69.11874	 99.83000
281.00000	 99.84000	 69.15345	 99.84000
281.20000	 99.89000	 69.23622	 99.89000
281.40000	100.00000	 69.38196	100.00000
281.60000	100.14000	 69.56099	100.14000
281.80000	100.27000	 69.73491	100.27000
282.00000	100.37000	 69.88355	100.37000
282.20000	100.35000	 69.92524	100.35000
282.40000	100.16000	 69.81515	100.16000
282.60000	 99.94000	 69.67878	 99.94000
282.80000	 99.69000	 69.51734	 99.69000
283.00000	 99.46000	 69.37655	 99.46000
283.20000	 99.32000	 69.31943	 99.32000
283.40000	 99.25000	 69.32813	 99.25000
283.60000	 99.23000	 69.38414	 99.23000
283.80000	 99.27000	 69.49524	 99.27000
284.00000	 99.37000	 69.65996	 99.37000
284.20000	 99.59000	 69.92980	 99.59000
284.40000	 99.89000	 70.26668	 99.89000
284.60000	100.21000	 70.61453	100.21000
284.80000	100.53000	 70.95311	100.53000
285.00000	100.81000	 71.24494	100.81000
285.20000	101.00000	 71.44443	101.00000
285.40000	101.17000	 71.61368	101.17000
285.60000	101.31000	 71.74407	101.31000
285.80000	101.44000	 71.85398	101.44000
286.00000	101.55000	 71.93527	101.55000
286.20000	101.65000	 71.99775	101.65000
286.40000	101.73000	 72.03351	101.73000
286.60000	101.78000	 72.03477	101.78000
286.80000	101.80000	 72.00281	101.80000
287.00000	101.80000	 71.94791	101.80000
287.20000	101.78000	 71.87151	101.78000
287.40000	101.74000	 71.77501	101.74000
287.60000	101.70000	 71.67759	101.70000
