  0.00000	 99.06000	 58.24986	 99.06000
  0.20000	 99.53000	 58.64409	 99.53000
  0.40000	 99.90000	 58.92474	 99.90000
  0.60000	100.17000	 59.07811	100.17000
  0.80000	100.36000	 59.12129	100.36000
  1.00000	100.48000	 59.07365	100.48000
  1.20000	100.55000	 58.96666	100.55000
  1.40000	100.57000	 58.81753	100.57000
  1.60000	100.56000	 58.65674	100.56000
  1.80000	100.52000	 58.49632	100.52000
  2.00000	100.51000	 58.38858	100.51000
  2.20000	100.51000	 58.31958	100.51000
  2.40000	100.50000	 58.27151	100.50000
  2.60000	100.50000	 58.25488	100.50000
  2.80000	100.50000	 58.25653	100.50000
  3.00000	100.56000	 58.31473	100.56000
  3.20000	100.60000	 58.36146	100.60000
  3.40000	100.59000	 58.36933	100.59000
  3.60000	100.53000	 58.33823	100.53000
  3.80000	100.25000	 58.14686	100.25000
  4.00000	 99.88000	 57.90803	 99.88000
  4.20000	 99.45000	 57.66012	 99.45000
  4.40000	 99.00000	 57.44463	 99.00000
  4.60000	 98.56000	 57.28887	 98.56000
  4.80000	 98.28000	 57.30102	 98.28000
  5.00000	 98.02000	 57.36122	 98.02000
  5.20000	 97.76000	 57.43844	 97.76000
  5.40000	 97.50000	 57.51979	 97.50000
  5.60000	 97.22000	 57.58123	 97.22000
  5.80000	 96.75000	 57.49331	 96.75000
  6.00000	 96.28000	 57.40626	 96.28000
  6.20000	 95.83000	 57.34210	 95.83000
  6.40000	 95.46000	 57.34781	 95.46000
  6.60000	 95.17000	 57.41893	 95.17000
  6.80000	 95.16000	 57.69315	 95.16000
  7.00000	 95.26000	 58.02044	 95.26000
  7.20000	 95.44000	 58.35644	 95.44000
  7.40000	 95.69000	 58.67764	 95.69000
  7.60000	 96.01000	 58.97436	 96.01000
  7.80000	 96.37000	 59.22027	 96.37000
  8.00000	 96.75000	 59.40256	 96.75000
  8.20000	 97.15000	 59.52861	 97.15000
  8.40000	 97.51000	 59.56480	 97.51000
  8.60000	 97.83000	 59.52680	 97.83000
  8.80000	 98.15000	 59.46183	 98.15000
  9.00000	 98.45000	 59.37010	 98.45000
  9.20000	 98.75000	 59.27910	 98.75000
  9.40000	 99.10000	 59.23437	 99.10000
  9.60000	 99.41000	 59.17159	 99.41000
  9.80000	 99.70000	 59.10835	 99.70000
 10.00000	 99.93000	 59.01726	 99.93000
 10.20000	 99.98000	 58.81416	 99.98000
 10.40000	 99.94000	 58.57823	 99.94000
 10.60000	 99.90000	 58.38761	 99.90000
 10.80000	 99.88000	 58.26104	 99.88000
 11.00000	 99.99000	 58.27608	 99.99000
 11.20000	100.31000	 58.47603	100.31000
 11.40000	100.66000	 58.70075	100.66000
 11.60000	101.02000	 58.91393	101.02000
 11.80000	101.35000	 59.07231	101.35000
 12.00000	101.58000	 59.12004	101.58000
 12.20000	101.74000	 59.08639	101.74000
 12.40000	101.81000	 58.96930	101.81000
 12.60000	101.75000	 58.75591	101.75000
 12.80000	101.37000	 58.32705	101.37000
 13.00000	100.90000	 57.88570	100.90000
 13.20000	100.36000	 57.47117	100.36000
 13.40000	 99.80000	 57.13463	 99.80000
 13.60000	 99.34000	 56.96676	 99.34000
 13.80000	 99.06000	 57.01229	 99.06000
 14.00000	 98.80000	 57.12401	 98.80000
 14.20000	 98.55000	 57.26779	 98.55000
 14.40000	 98.28000	 57.40004	 98.28000
 14.60000	 97.92000	 57.45547	 97.92000
 14.80000	 97.39000	 57.37288	 97.39000
 15.00000	 96.87000	 57.29560	 96.87000
 15.20000	 96.39000	 57.25288	 96.39000
 15.40000	 95.99000	 57.27589	 95.99000
 15.60000	 95.81000	 57.46257	 95.81000
 15.80000	 95.80000	 57.75763	 95.80000
 16.00000	 95.89000	 58.08678	 95.89000
 16.20000	 96.05000	 58.40906	 96.05000
 16.40000	 96.27000	 58.70477	 96.27000
 16.60000	 96.51000	 58.93857	 96.51000
 16.80000	 96.80000	 59.13427	 96.80000
 17.00000	 97.10000	 59.26738	 97.10000
 17.20000	 97.42000	 59.35459	 97.42000
 17.40000	 97.74000	 59.39203	 97.74000
 17.60000	 98.06000	 59.39192	 98.06000
 17.80000	 98.35000	 59.34424	 98.35000
 18.00000	 98.61000	 59.26176	 98.61000
 18.20000	 98.80000	 59.12719	 98.80000
 18.40000	 98.95000	 58.97579	 98.95000
 18.60000	 99.05000	 58.81090	 99.05000
 18.80000	 99.10000	 58.64111	 99.10000
 19.00000	 99.06000	 58.44340	 99.06000
 19.20000	 98.95000	 58.23937	 98.95000
 19.40000	 98.82000	 58.07103	 98.82000
 19.60000	 98.69000	 57.95334	 98.69000
 19.80000	 98.59000	 57.90369	 98.59000
 20.00000	 98.62000	 57.98594	 98.62000
 20.20000	 98.70000	 58.12239	 98.70000
 20.40000	 98.80000	 58.27281	 98.80000
 20.60000	 98.92000	 58.42333	 98.92000
 20.80000	 99.10000	 58.59372	 99.10000
 21.00000	 99.29000	 58.73883	 99.29000
 21.20000	 99.44000	 58.81851	 99.44000
 21.40000	 99.53000	 58.82181	 99.53000
 21.60000	 99.47000	 58.69239	 99.47000
 21.80000	 99.20000	 58.40530	 99.20000
 22.00000	 98.85000	 58.08387	 98.85000
 22.20000	 98.45000	 57.77257	 98.45000
 22.40000	 98.04000	 57.51527	 98.04000
 22.60000	 97.71000	 57.38300	 97.71000
 22.80000	 97.41000	 57.33070	 97.41000
 23.00000	 97.12000	 57.33039	 97.12000
 23.20000	 96.84000	 57.36796	 96.84000
 23.40000	 96.56000	 57.42272	 96.56000
 23.60000	 96.17000	 57.40302	 96.17000
 23.80000	 95.80000	 57.40371	 95.80000
 24.00000	 95.50000	 57.45919	 95.50000
 24.20000	 95.29000	 57.57743	 95.29000
 24.40000	 95.28000	 57.82876	 95.28000
 24.60000	 95.48000	 58.20098	 95.48000
 24.80000	 95.77000	 58.58124	 95.77000
 25.00000	 96.11000	 58.92243	 96.11000
 25.20000	 96.48000	 59.20135	 96.48000
 25.40000	 96.83000	 59.38133	 96.83000
 25.60000	 97.18000	 59.48643	 97.18000
 25.80000	 97.51000	 59.51554	 97.51000
 26.00000	 97.79000	 59.46318	 97.79000
 26.20000	 97.97000	 59.31175	 97.97000
 26.40000	 98.12000	 59.13513	 98.12000
 26.60000	 98.23000	 58.94388	 98.23000
 26.80000	 98.32000	 58.76641	 98.32000
 27.00000	 98.46000	 58.66230	 98.46000
 27.20000	 98.59000	 58.58625	 98.59000
 27.40000	 98.67000	 58.50539	 98.67000
 27.60000	 98.71000	 58.42499	 98.71000
 27.80000	 98.65000	 58.29948	 98.65000
 28.00000	 98.40000	 58.06584	 98.40000
 28.20000	 98.11000	 57.84634	 98.11000
 28.40000	 97.81000	 57.67000	 97.81000
 28.60000	 97.52000	 57.55225	 97.52000
 28.80000	 97.34000	 57.56151	 97.34000
 29.00000	 97.26000	 57.67510	 97.26000
 29.20000	 97.22000	 57.82856	 97.22000
 29.40000	 97.21000	 57.99676	 97.21000
 29.60000	 97.23000	 58.16598	 97.23000
 29.80000	 97.28000	 58.32672	 97.28000
 30.00000	 97.34000	 58.45851	 97.34000
 30.20000	 97.39000	 58.54544	 97.39000
 30.40000	 97.43000	 58.59089	 97.43000
 30.60000	 97.41000	 58.56441	 97.41000
 30.80000	 97.32000	 58.46968	 97.32000
 31.00000	 97.21000	 58.35747	 97.21000
 31.20000	 97.06000	 58.22441	 97.06000
 31.40000	 96.88000	 58.08761	 96.88000
 31.60000	 96.65000	 57.93945	 96.65000
 31.80000	 96.40000	 57.80788	 96.40000
 32.00000	 96.13000	 57.69537	 96.13000
 32.20000	 95.86000	 57.61650	 95.86000
 32.40000	 95.59000	 57.56803	 95.59000
 32.60000	 95.33000	 57.55214	 95.33000
 32.80000	 95.09000	 57.56957	 95.09000
 33.00000	 94.91000	 57.64197	 94.91000
 33.20000	 94.81000	 57.77358	 94.81000
 33.40000	 94.83000	 57.98104	 94.83000
 33.60000	 95.09000	 58.33664	 95.09000
 33.80000	 95.41000	 58.68354	 95.41000
 34.00000	 95.78000	 58.99823	 95.78000
 34.20000	 96.16000	 59.24326	 96.16000
 34.40000	 96.43000	 59.33153	 96.43000
 34.60000	 96.67000	 59.33717	 96.67000
 34.80000	 96.90000	 59.29334	 96.90000
 35.00000	 97.10000	 59.20276	 97.10000
 35.20000	 97.31000	 59.11128	 97.31000
 35.40000	 97.52000	 59.02303	 97.52000
 35.60000	 97.71000	 58.93100	 97.71000
 35.80000	 97.89000	 58.84813	 97.89000
 36.00000	 98.05000	 58.77010	 98.05000
 36.20000	 98.15000	 58.66914	 98.15000
 36.40000	 98.18000	 58.54109	 98.18000
 36.60000	 98.21000	 58.44205	 98.21000
 36.80000	 98.25000	 58.37985	 98.25000
 37.00000	 98.33000	 58.37340	 98.33000
 37.20000	 98.54000	 58.48141	 98.54000
 37.40000	 98.85000	 58.66606	 98.85000
 37.60000	 99.18000	 58.85057	 99.18000
 37.80000	 99.52000	 59.01515	 99.52000
 38.00000	 99.84000	 59.13105	 99.84000
 38.20000	100.12000	 59.18350	100.12000
 38.40000	100.36000	 59.17842	100.36000
 38.60000	100.54000	 59.11059	100.54000
 38.80000	100.65000	 58.98509	100.65000
 39.00000	100.58000	 58.73509	100.58000
 39.20000	100.46000	 58.47727	100.46000
 39.40000	100.30000	 58.23432	100.30000
 39.60000	100.13000	 58.03744	100.13000
 39.80000	100.04000	 57.95470	100.04000
 40.00000	100.03000	 57.97677	100.03000
 40.20000	100.05000	 58.05065	100.05000
 40.40000	100.08000	 58.14552	100.08000
 40.60000	100.12000	 58.24824	100.12000
 40.80000	100.08000	 58.28289	100.08000
 41.00000	100.02000	 58.29307	100.02000
 41.20000	100.01000	 58.33214	100.01000
 41.40000	100.10000	 58.43554	100.10000
 41.60000	100.34000	 58.63312	100.34000
 41.80000	100.90000	 59.03629	100.90000
 42.00000	101.56000	 59.45513	101.56000
 42.20000	102.27000	 59.83197	102.27000
 42.40000	102.98000	 60.11961	102.98000
 42.60000	103.55000	 60.21643	103.55000
 42.80000	104.08000	 60.21458	104.08000
 43.00000	104.58000	 60.14363	104.58000
 43.20000	105.04000	 60.01814	105.04000
 43.40000	105.47000	 59.86571	105.47000
 43.60000	105.86000	 59.69554	105.86000
 43.80000	106.22000	 59.52804	106.22000
 44.00000	106.54000	 59.36462	106.54000
 44.20000	106.83000	 59.21826	106.83000
 44.40000	107.09000	 59.09118	107.09000
 44.60000	107.31000	 58.97572	107.31000
 44.80000	107.47000	 58.85581	107.47000
 45.00000	107.58000	 58.73818	107.58000
 45.20000	107.56000	 58.56337	107.56000
 45.40000	107.45000	 58.36548	107.45000
 45.60000	107.29000	 58.17925	107.29000
 45.80000	107.12000	 58.03657	107.12000
 46.00000	106.94000	 57.93505	106.94000
 46.20000	106.88000	 57.96462	106.88000
 46.40000	106.85000	 58.04306	106.85000
 46.60000	106.81000	 58.12528	106.81000
 46.80000	106.73000	 58.17798	106.73000
 47.00000	106.57000	 58.16672	106.57000
 47.20000	106.27000	 58.04989	106.27000
 47.40000	105.91000	 57.89772	105.91000
 47.60000	105.50000	 57.72878	105.50000
 47.80000	105.05000	 57.55970	105.05000
 48.00000	104.58000	 57.41155	104.58000
 48.20000	104.09000	 57.28675	104.09000
 48.40000	103.58000	 57.18473	103.58000
 48.60000	103.06000	 57.11025	103.06000
 48.80000	102.53000	 57.05891	102.53000
 49.00000	101.98000	 57.01810	101.98000
 49.20000	101.42000	 56.99051	101.42000
 49.40000	100.88000	 56.99368	100.88000
 49.60000	100.37000	 57.02896	100.37000
 49.80000	 99.89000	 57.08919	 99.89000
 50.00000	 99.41000	 57.14508	 99.41000
 50.20000	 98.95000	 57.20669	 98.95000
 50.40000	 98.62000	 57.35111	 98.62000
 50.60000	 98.44000	 57.58278	 98.44000
 50.80000	 98.45000	 57.91595	 98.45000
 51.00000	 98.96000	 58.55849	 98.96000
 51.20000	 99.68000	 59.25508	 99.68000
 51.40000	100.52000	 59.90550	100.52000
 51.60000	101.43000	 60.45394	101.43000
 51.80000	102.28000	 60.80146	102.28000
 52.00000	103.05000	 60.94992	103.05000
 52.20000	103.80000	 60.97356	103.80000
 52.40000	104.54000	 60.91243	104.54000
 52.60000	105.29000	 60.81185	105.29000
 52.80000	106.09000	 60.72616	106.09000
 53.00000	106.76000	 60.53911	106.76000
 53.20000	107.25000	 60.23442	107.25000
 53.40000	107.34000	 59.67555	107.34000
 53.60000	107.00000	 58.88133	107.00000
 53.80000	106.49000	 58.09267	106.49000
 54.00000	105.89000	 57.40215	105.89000
 54.20000	105.43000	 56.99271	105.43000
 54.40000	105.11000	 56.84763	105.11000
 54.60000	104.82000	 56.84969	104.82000
 54.80000	104.57000	 56.96716	104.57000
 55.00000	104.33000	 57.14006	104.33000
 55.20000	104.10000	 57.33688	104.10000
 55.40000	103.88000	 57.53358	103.88000
 55.60000	103.67000	 57.71353	103.67000
 55.80000	103.48000	 57.87415	103.48000
 56.00000	103.30000	 58.00309	103.30000
 56.20000	103.20000	 58.15132	103.20000
 56.40000	103.09000	 58.25071	103.09000
 56.60000	102.96000	 58.29712	102.96000
 56.80000	102.77000	 58.26837	102.77000
 57.00000	102.45000	 58.12508	102.45000
 57.20000	101.99000	 57.87889	101.99000
 57.40000	101.48000	 57.61859	101.48000
 57.60000	100.92000	 57.36116	100.92000
 57.80000	100.34000	 57.14005	100.34000
 58.00000	 99.79000	 56.99640	 99.79000
 58.20000	 99.25000	 56.91131	 99.25000
 58.40000	 98.71000	 56.86899	 98.71000
 58.60000	 98.17000	 56.85952	 98.17000
 58.80000	 97.63000	 56.87295	 97.63000
 59.00000	 97.02000	 56.84879	 97.02000
 59.20000	 96.41000	 56.83564	 96.41000
 59.40000	 95.83000	 56.85255	 95.83000
 59.60000	 95.33000	 56.93136	 95.33000
 59.80000	 94.92000	 57.07030	 94.92000
 60.00000	 94.71000	 57.33826	 94.71000
 60.20000	 94.66000	 57.68571	 94.66000
 60.40000	 94.72000	 58.05465	 94.72000
 60.60000	 94.87000	 58.41381	 94.87000
 60.80000	 95.10000	 58.74538	 95.10000
 61.00000	 95.42000	 59.05222	 95.42000
 61.20000	 95.77000	 59.28959	 95.77000
 61.40000	 96.15000	 59.46367	 96.15000
 61.60000	 96.50000	 59.54068	 96.50000
 61.80000	 96.77000	 59.50020	 96.77000
 62.00000	 97.03000	 59.41590	 97.03000
 62.20000	 97.29000	 59.31471	 97.29000
 62.40000	 97.55000	 59.21176	 97.55000
 62.60000	 97.89000	 59.17645	 97.89000
 62.80000	 98.24000	 59.15846	 98.24000
 63.00000	 98.57000	 59.13488	 98.57000
 63.20000	 98.86000	 59.09090	 98.86000
 63.40000	 98.99000	 58.94020	 98.99000
 63.60000	 98.98000	 58.70859	 98.98000
 63.80000	 98.94000	 58.49203	 98.94000
 64.00000	 98.93000	 58.34363	 98.93000
 64.20000	 99.00000	 58.29995	 99.00000
 64.40000	 99.36000	 58.50533	 99.36000
 64.60000	 99.77000	 58.75344	 99.77000
 64.80000	100.21000	 59.00484	100.21000
 65.00000	100.63000	 59.20537	100.63000
 65.20000	100.97000	 59.30371	100.97000
 65.40000	101.24000	 59.31171	101.24000
 65.60000	101.41000	 59.21895	101.41000
 65.80000	101.48000	 59.04285	101.48000
 66.00000	101.30000	 58.69305	101.30000
 66.20000	101.00000	 58.29484	101.00000
 66.40000	100.62000	 57.90267	100.62000
 66.60000	100.19000	 57.55523	100.19000
 66.80000	 99.80000	 57.32586	 99.80000
 67.00000	 99.47000	 57.22313	 99.47000
 67.20000	 99.12000	 57.17214	 99.12000
 67.40000	 98.74000	 57.14945	 98.74000
 67.60000	 98.34000	 57.14853	 98.34000
 67.80000	 97.83000	 57.09160	 97.83000
 68.00000	 97.27000	 57.01978	 97.27000
 68.20000	 96.70000	 56.96175	 96.70000
 68.40000	 96.14000	 56.93040	 96.14000
 68.60000	 95.61000	 56.93666	 95.61000
 68.80000	 95.01000	 56.90096	 95.01000
 69.00000	 94.52000	 56.95514	 94.52000
 69.20000	 94.17000	 57.11262	 94.17000
 69.40000	 94.02000	 57.40194	 94.02000
 69.60000	 94.38000	 58.02780	 94.38000
 69.80000	 95.05000	 58.79627	 95.05000
 70.00000	 95.83000	 59.51481	 95.83000
 70.20000	 96.65000	 60.10528	 96.65000
 70.40000	 97.25000	 60.37041	 97.25000
 70.60000	 97.73000	 60.40976	 97.73000
 70.80000	 98.16000	 60.31404	 98.16000
 71.00000	 98.53000	 60.11583	 98.53000
 71.20000	 98.86000	 59.86707	 98.86000
 71.40000	 99.14000	 59.59094	 99.14000
 71.60000	 99.37000	 59.31109	 99.37000
 71.80000	 99.56000	 59.05154	 99.56000
 72.00000	 99.70000	 58.81448	 99.70000
 72.20000	 99.78000	 58.59699	 99.78000
 72.40000	 99.82000	 58.41488	 99.82000
 72.60000	 99.84000	 58.28022	 99.84000
 72.80000	 99.85000	 58.19399	 99.85000
 73.00000	 99.87000	 58.16192	 99.87000
 73.20000	 99.93000	 58.19468	 99.93000
 73.40000	 99.99000	 58.24899	 99.99000
 73.60000	100.07000	 58.32783	100.07000
 73.80000	100.16000	 58.41348	100.16000
 74.00000	100.31000	 58.53485	100.31000
 74.20000	100.48000	 58.65384	100.48000
 74.40000	100.64000	 58.74264	100.64000
 74.60000	100.77000	 58.78541	100.77000
 74.80000	100.82000	 58.74894	100.82000
 75.00000	100.81000	 58.65775	100.81000
 75.20000	100.75000	 58.53107	100.75000
 75.40000	100.65000	 58.38778	100.65000
 75.60000	100.50000	 58.23004	100.50000
 75.80000	100.32000	 58.08040	100.32000
 76.00000	100.09000	 57.92882	100.09000
 76.20000	 99.82000	 57.78598	 99.82000
 76.40000	 99.51000	 57.65329	 99.51000
 76.60000	 99.11000	 57.49400	 99.11000
 76.80000	 98.60000	 57.29579	 98.60000
 77.00000	 98.09000	 57.14462	 98.09000
 77.20000	 97.61000	 57.06166	 97.61000
 77.40000	 97.20000	 57.06926	 97.20000
 77.60000	 96.98000	 57.24222	 96.98000
 77.80000	 96.88000	 57.50452	 96.88000
 78.00000	 96.87000	 57.80876	 96.87000
 78.20000	 96.91000	 58.10420	 96.91000
 78.40000	 97.04000	 58.40629	 97.04000
 78.60000	 97.23000	 58.68289	 97.23000
 78.80000	 97.42000	 58.88539	 97.42000
 79.00000	 97.56000	 58.98098	 97.56000
 79.20000	 97.54000	 58.90160	 97.54000
 79.40000	 97.31000	 58.63569	 97.31000
 79.60000	 97.01000	 58.32087	 97.01000
 79.80000	 96.68000	 58.01514	 96.68000
 80.00000	 96.35000	 57.75944	 96.35000
 80.20000	 96.12000	 57.63557	 96.12000
 80.40000	 95.93000	 57.59291	 95.93000
 80.60000	 95.76000	 57.60459	 95.76000
 80.80000	 95.63000	 57.67176	 95.63000
 81.00000	 95.51000	 57.75782	 95.51000
 81.20000	 95.44000	 57.88027	 95.44000
 81.40000	 95.41000	 58.02018	 95.41000
 81.60000	 95.43000	 58.17528	 95.43000
 81.80000	 95.54000	 58.36691	 95.54000
 82.00000	 95.74000	 58.58619	 95.74000
 82.20000	 95.99000	 58.79508	 95.99000
 82.40000	 96.28000	 58.98131	 96.28000
 82.60000	 96.62000	 59.15101	 96.62000
 82.80000	 97.03000	 59.31965	 97.03000
 83.00000	 97.39000	 59.39985	 97.39000
 83.20000	 97.64000	 59.35637	 97.64000
 83.40000	 97.65000	 59.11138	 97.65000
 83.60000	 97.34000	 58.63711	 97.34000
 83.80000	 96.89000	 58.10845	 96.89000
 84.00000	 96.36000	 57.60399	 96.36000
 84.20000	 95.80000	 57.18197	 95.80000
 84.40000	 95.31000	 56.92284	 95.31000
 84.60000	 94.82000	 56.76476	 94.82000
 84.80000	 94.33000	 56.69091	 94.33000
 85.00000	 93.85000	 56.68903	 93.85000
 85.20000	 93.38000	 56.73875	 93.38000
 85.40000	 92.94000	 56.83578	 92.94000
 85.60000	 92.54000	 56.96988	 92.54000
 85.80000	 92.18000	 57.12545	 92.18000
 86.00000	 91.87000	 57.29702	 91.87000
 86.20000	 91.59000	 57.45961	 91.59000
 86.40000	 91.40000	 57.65105	 91.40000
 86.60000	 91.33000	 57.88645	 91.33000
 86.80000	 91.40000	 58.17170	 91.40000
 87.00000	 91.77000	 58.61371	 91.77000
 87.20000	 92.27000	 59.06585	 92.27000
 87.40000	 92.88000	 59.49758	 92.88000
 87.60000	 93.57000	 59.87799	 93.57000
 87.80000	 94.35000	 60.21323	 94.35000
 88.00000	 95.14000	 60.44812	 95.14000
 88.20000	 95.92000	 60.57998	 95.92000
 88.40000	 96.64000	 60.59012	 96.64000
 88.60000	 97.17000	 60.40700	 97.17000
 88.80000	 97.61000	 60.13867	 97.61000
 89.00000	 97.97000	 59.82436	 97.97000
 89.20000	 98.23000	 59.47572	 98.23000
 89.40000	 98.39000	 59.11407	 98.39000
 89.60000	 98.46000	 58.76263	 98.46000
 89.80000	 98.47000	 58.45332	 98.47000
 90.00000	 98.45000	 58.21094	 98.45000
 90.20000	 98.43000	 58.05309	 98.43000
 90.40000	 98.45000	 57.99804	 98.45000
 90.60000	 98.45000	 57.98437	 98.45000
 90.80000	 98.42000	 57.98879	 98.42000
 91.00000	 98.33000	 57.97645	 98.33000
 91.20000	 98.14000	 57.91061	 98.14000
 91.40000	 97.89000	 57.82049	 97.89000
 91.60000	 97.60000	 57.72287	 97.60000
 91.80000	 97.29000	 57.63455	 97.29000
 92.00000	 96.97000	 57.56341	 96.97000
 92.20000	 96.65000	 57.51556	 96.65000
 92.40000	 96.34000	 57.49525	 96.34000
 92.60000	 96.05000	 57.50510	 96.05000
 92.80000	 95.79000	 57.54637	 95.79000
 93.00000	 95.67000	 57.69268	 95.67000
 93.20000	 95.58000	 57.84855	 95.58000
 93.40000	 95.49000	 57.98090	 95.49000
 93.60000	 95.40000	 58.08431	 95.40000
 93.80000	 95.29000	 58.14308	 95.29000
 94.00000	 94.98000	 58.02850	 94.98000
 94.20000	 94.64000	 57.88400	 94.64000
 94.40000	 94.32000	 57.76192	 94.32000
 94.60000	 94.03000	 57.67835	 94.03000
 94.80000	 93.83000	 57.67980	 93.83000
 95.00000	 93.77000	 57.79675	 93.77000
 95.20000	 93.80000	 57.97742	 93.80000
 95.40000	 93.93000	 58.21282	 93.93000
 95.60000	 94.17000	 58.49396	 94.17000
 95.80000	 94.63000	 58.88613	 94.63000
 96.00000	 95.21000	 59.29495	 95.21000
 96.20000	 95.83000	 59.64575	 95.83000
 96.40000	 96.42000	 59.88167	 96.42000
 96.60000	 96.83000	 59.89959	 96.83000
 96.80000	 97.09000	 59.74682	 97.09000
 97.00000	 97.30000	 59.53024	 97.30000
 97.20000	 97.49000	 59.30103	 97.49000
 97.40000	 97.71000	 59.11724	 97.71000
 97.60000	 98.01000	 59.02610	 98.01000
 97.80000	 98.30000	 58.96013	 98.30000
 98.00000	 98.57000	 58.90863	 98.57000
 98.20000	 98.81000	 58.86053	 98.81000
 98.40000	 98.95000	 58.76148	 98.95000
 98.60000	 99.04000	 58.65086	 99.04000
 98.80000	 99.10000	 58.54621	 99.10000
 99.00000	 99.13000	 58.44891	 99.13000
 99.20000	 99.13000	 58.35917	 99.13000
 99.40000	 99.10000	 58.27638	 99.10000
 99.60000	 99.08000	 58.22879	 99.08000
 99.80000	 99.06000	 58.20498	 99.06000
100.00000	 99.08000	 58.22922	 99.08000
100.20000	 99.22000	 58.35227	 99.22000
100.40000	 99.41000	 58.50796	 99.41000
100.60000	 99.60000	 58.64637	 99.60000
100.80000	 99.75000	 58.73058	 99.75000
101.00000	 99.79000	 58.70906	 99.79000
101.20000	 99.71000	 58.58423	 99.71000
101.40000	 99.58000	 58.42387	 99.58000
101.60000	 99.41000	 58.24998	 99.41000
101.80000	 99.23000	 58.09592	 99.23000
102.00000	 99.06000	 57.98237	 99.06000
102.20000	 98.88000	 57.89494	 98.88000
102.40000	 98.68000	 57.82402	 98.68000
102.60000	 98.46000	 57.76645	 98.46000
102.80000	 98.21000	 57.71139	 98.21000
103.00000	 97.92000	 57.64882	 97.92000
103.20000	 97.62000	 57.59956	 97.62000
103.40000	 97.33000	 57.57620	 97.33000
103.60000	 97.05000	 57.57482	 97.05000
103.80000	 96.74000	 57.56130	 96.74000
104.00000	 96.46000	 57.57750	 96.46000
104.20000	 96.27000	 57.66320	 96.27000
104.40000	 96.17000	 57.80899	 96.17000
104.60000	 96.32000	 58.12027	 96.32000
104.80000	 96.73000	 58.58072	 96.73000
105.00000	 97.22000	 59.02796	 97.22000
105.20000	 97.74000	 59.40576	 97.74000
105.40000	 98.17000	 59.61907	 98.17000
105.60000	 98.45000	 59.63452	 98.45000
105.80000	 98.68000	 59.55145	 98.68000
106.00000	 98.86000	 59.39706	 98.86000
106.20000	 99.03000	 59.22624	 99.03000
106.40000	 99.18000	 59.05085	 99.18000
106.60000	 99.31000	 58.88460	 99.31000
106.80000	 99.41000	 58.72872	 99.41000
107.00000	 99.49000	 58.59549	 99.49000
107.20000	 99.56000	 58.49349	 99.56000
107.40000	 99.60000	 58.40591	 99.60000
107.60000	 99.61000	 58.32988	 99.61000
107.80000	 99.59000	 58.26229	 99.59000
108.00000	 99.49000	 58.16340	 99.49000
108.20000	 99.27000	 58.00461	 99.27000
108.40000	 99.04000	 57.87275	 99.04000
108.60000	 98.85000	 57.80616	 98.85000
108.80000	 98.70000	 57.79984	 98.70000
109.00000	 98.81000	 58.00626	 98.81000
109.20000	 98.99000	 58.25977	 98.99000
109.40000	 99.20000	 58.50858	 99.20000
109.60000	 99.40000	 58.70827	 99.40000
109.80000	 99.49000	 58.77962	 99.49000
110.00000	 99.50000	 58.75266	 99.50000
110.20000	 99.45000	 58.65683	 99.45000
110.40000	 99.33000	 58.50140	 99.33000
110.60000	 99.10000	 58.27408	 99.10000
110.80000	 98.78000	 58.00800	 98.78000
111.00000	 98.43000	 57.76358	 98.43000
111.20000	 98.05000	 57.55002	 98.05000
111.40000	 97.70000	 57.41480	 97.70000
111.60000	 97.45000	 57.40433	 97.45000
111.80000	 97.21000	 57.43737	 97.21000
112.00000	 96.96000	 57.48463	 96.96000
112.20000	 96.69000	 57.52731	 96.69000
112.40000	 96.31000	 57.49179	 96.31000
112.60000	 95.85000	 57.40213	 95.85000
112.80000	 95.40000	 57.33087	 95.40000
113.00000	 95.02000	 57.32479	 95.02000
113.20000	 94.74000	 57.40173	 94.74000
113.40000	 94.70000	 57.65391	 94.70000
113.60000	 94.74000	 57.94019	 94.74000
113.80000	 94.84000	 58.22643	 94.84000
114.00000	 94.98000	 58.48454	 94.98000
114.20000	 95.12000	 58.67861	 95.12000
114.40000	 95.26000	 58.81015	 95.26000
114.60000	 95.39000	 58.87881	 95.39000
114.80000	 95.50000	 58.88800	 95.50000
115.00000	 95.50000	 58.78469	 95.50000
115.20000	 95.47000	 58.64717	 95.47000
115.40000	 95.42000	 58.49951	 95.42000
115.60000	 95.38000	 58.37626	 95.38000
115.80000	 95.39000	 58.31315	 95.39000
116.00000	 95.42000	 58.28694	 95.42000
116.20000	 95.45000	 58.27862	 95.45000
116.40000	 95.45000	 58.26149	 95.45000
116.60000	 95.35000	 58.18168	 95.35000
116.80000	 95.17000	 58.05800	 95.17000
117.00000	 95.04000	 57.99279	 95.04000
117.20000	 94.97000	 57.99271	 94.97000
117.40000	 95.13000	 58.17604	 95.13000
117.60000	 95.51000	 58.51385	 95.51000
117.80000	 95.96000	 58.86670	 95.96000
118.00000	 96.45000	 59.19096	 96.45000
118.20000	 96.91000	 59.42305	 96.91000
118.40000	 97.32000	 59.54852	 97.32000
118.60000	 97.67000	 59.57023	 97.67000
118.80000	 97.96000	 59.50497	 97.96000
119.00000	 98.06000	 59.27704	 98.06000
119.20000	 98.07000	 58.98873	 98.07000
119.40000	 98.03000	 58.69496	 98.03000
119.60000	 97.96000	 58.42856	 97.96000
119.80000	 97.96000	 58.27290	 97.96000
120.00000	 97.95000	 58.16570	 97.95000
120.20000	 97.93000	 58.09993	 97.93000
120.40000	 97.87000	 58.04474	 97.87000
120.60000	 97.72000	 57.95626	 97.72000
120.80000	 97.54000	 57.87663	 97.54000
121.00000	 97.33000	 57.80364	 97.33000
121.20000	 97.11000	 57.74976	 97.11000
121.40000	 96.89000	 57.71900	 96.89000
121.60000	 96.67000	 57.70686	 96.67000
121.80000	 96.47000	 57.72313	 96.47000
122.00000	 96.32000	 57.78381	 96.32000
122.20000	 96.28000	 57.92464	 96.28000
122.40000	 96.33000	 58.11776	 96.33000
122.60000	 96.40000	 58.29777	 96.40000
122.80000	 96.44000	 58.41957	 96.44000
123.00000	 96.37000	 58.42405	 96.37000
123.20000	 96.22000	 58.34397	 96.22000
123.40000	 96.03000	 58.22402	 96.03000
123.60000	 95.79000	 58.07117	 95.79000
123.80000	 95.51000	 57.90573	 95.51000
124.00000	 95.22000	 57.75983	 95.22000
124.20000	 94.89000	 57.61659	 94.89000
124.40000	 94.55000	 57.50128	 94.55000
124.60000	 94.15000	 57.37677	 94.15000
124.80000	 93.71000	 57.25825	 93.71000
125.00000	 93.31000	 57.20421	 93.31000
125.20000	 92.99000	 57.23778	 92.99000
125.40000	 92.83000	 57.40521	 92.83000
125.60000	 92.91000	 57.74417	 92.91000
125.80000	 93.08000	 58.11396	 93.08000
126.00000	 93.33000	 58.48332	 93.33000
126.20000	 93.62000	 58.80646	 93.62000
126.40000	 93.93000	 59.06175	 93.93000
126.60000	 94.25000	 59.24352	 94.25000
126.80000	 94.56000	 59.34520	 94.56000
127.00000	 94.83000	 59.35793	 94.83000
127.20000	 95.04000	 59.28452	 95.04000
127.40000	 95.21000	 59.15986	 95.21000
127.60000	 95.35000	 59.01006	 95.35000
127.80000	 95.45000	 58.84310	 95.45000
128.00000	 95.52000	 58.67852	 95.52000
128.20000	 95.56000	 58.52448	 95.56000
128.40000	 95.59000	 58.40029	 95.59000
128.60000	 95.57000	 58.27692	 95.57000
128.80000	 95.54000	 58.18386	 95.54000
129.00000	 95.56000	 58.16235	 95.56000
129.20000	 95.66000	 58.22578	 95.66000
129.40000	 96.02000	 58.49242	 96.02000
129.60000	 96.53000	 58.85298	 96.53000
129.80000	 97.08000	 59.19823	 97.08000
130.00000	 97.63000	 59.48063	 97.63000
130.20000	 98.08000	 59.62010	 98.08000
130.40000	 98.44000	 59.63278	 98.44000
130.60000	 98.72000	 59.54399	 98.72000
130.80000	 98.87000	 59.33895	 98.87000
131.00000	 98.81000	 58.98491	 98.81000
131.20000	 98.66000	 58.60183	 98.66000
131.40000	 98.46000	 58.24374	 98.46000
131.60000	 98.29000	 57.98404	 98.29000
131.80000	 98.19000	 57.85296	 98.19000
132.00000	 98.08000	 57.78026	 98.08000
132.20000	 97.97000	 57.75979	 97.97000
132.40000	 97.83000	 57.75523	 97.83000
132.60000	 97.64000	 57.74045	 97.64000
132.80000	 97.44000	 57.73781	 97.44000
133.00000	 97.22000	 57.73395	 97.22000
133.20000	 96.99000	 57.73212	 96.99000
133.40000	 96.70000	 57.69257	 96.70000
133.60000	 96.44000	 57.68279	 96.44000
133.80000	 96.22000	 57.70831	 96.22000
134.00000	 96.08000	 57.79396	 96.08000
134.20000	 96.17000	 58.04118	 96.17000
134.40000	 96.35000	 58.32614	 96.35000
134.60000	 96.54000	 58.57207	 96.54000
134.80000	 96.70000	 58.74085	 96.70000
135.00000	 96.69000	 58.73086	 96.69000
135.20000	 96.60000	 58.62571	 96.60000
135.40000	 96.47000	 58.47581	 96.47000
135.60000	 96.29000	 58.29257	 96.29000
135.80000	 96.10000	 58.12141	 96.10000
136.00000	 95.88000	 57.95762	 95.88000
136.20000	 95.64000	 57.81468	 95.64000
136.40000	 95.40000	 57.70955	 95.40000
136.60000	 95.17000	 57.64757	 95.17000
136.80000	 94.94000	 57.61591	 94.94000
137.00000	 94.73000	 57.62262	 94.73000
137.20000	 94.52000	 57.64480	 94.52000
137.40000	 94.34000	 57.69732	 94.34000
137.60000	 94.14000	 57.73568	 94.14000
137.80000	 93.99000	 57.80723	 93.99000
138.00000	 93.90000	 57.91341	 93.90000
138.20000	 93.89000	 58.06163	 93.89000
138.40000	 94.05000	 58.30911	 94.05000
138.60000	 94.32000	 58.59643	 94.32000
138.80000	 94.66000	 58.88000	 94.66000
139.00000	 95.07000	 59.15041	 95.07000
139.20000	 95.53000	 59.38781	 95.53000
139.40000	 96.01000	 59.56979	 96.01000
139.60000	 96.50000	 59.69401	 96.50000
139.80000	 96.94000	 59.72536	 96.94000
140.00000	 97.27000	 59.63469	 97.27000
140.20000	 97.49000	 59.44373	 97.49000
140.40000	 97.66000	 59.22093	 97.66000
140.60000	 97.79000	 58.99347	 97.79000
140.80000	 97.89000	 58.78279	 97.89000
141.00000	 97.99000	 58.61908	 97.99000
141.20000	 98.08000	 58.49618	 98.08000
141.40000	 98.17000	 58.41837	 98.17000
141.60000	 98.29000	 58.40131	 98.29000
141.80000	 98.46000	 58.44955	 98.46000
142.00000	 98.66000	 58.53529	 98.66000
142.20000	 98.89000	 58.64592	 98.89000
142.40000	 99.15000	 58.77041	 99.15000
142.60000	 99.49000	 58.93658	 99.49000
142.80000	 99.86000	 59.09769	 99.86000
143.00000	100.22000	 59.21797	100.22000
143.20000	100.52000	 59.26011	100.52000
143.40000	100.65000	 59.15023	100.65000
143.60000	100.65000	 58.93665	100.65000
143.80000	100.60000	 58.70088	100.60000
144.00000	100.51000	 58.46804	100.51000
144.20000	100.44000	 58.29418	100.44000
144.40000	100.42000	 58.20406	100.42000
144.60000	100.41000	 58.16235	100.41000
144.80000	100.38000	 58.13831	100.38000
145.00000	100.33000	 58.12421	100.33000
145.20000	100.21000	 58.07703	100.21000
145.40000	100.06000	 58.02480	100.06000
145.60000	 99.91000	 57.98906	 99.91000
145.80000	 99.76000	 57.96792	 99.76000
146.00000	 99.63000	 57.97336	 99.63000
146.20000	 99.51000	 57.99369	 99.51000
146.40000	 99.45000	 58.06121	 99.45000
146.60000	 99.43000	 58.15381	 99.43000
146.80000	 99.50000	 58.30072	 99.50000
147.00000	 99.75000	 58.55788	 99.75000
147.20000	100.11000	 58.85662	100.11000
147.40000	100.49000	 59.11512	100.49000
147.60000	100.87000	 59.31165	100.87000
147.80000	101.12000	 59.35173	101.12000
148.00000	101.26000	 59.26535	101.26000
148.20000	101.37000	 59.13369	101.37000
148.40000	101.48000	 58.99856	101.48000
148.60000	101.62000	 58.89601	101.62000
148.80000	101.86000	 58.88411	101.86000
149.00000	102.09000	 58.87823	102.09000
149.20000	102.31000	 58.87514	102.31000
149.40000	102.49000	 58.85029	102.49000
149.60000	102.49000	 58.70110	102.49000
149.80000	102.44000	 58.53477	102.44000
150.00000	102.41000	 58.41236	102.41000
150.20000	102.43000	 58.35845	102.43000
150.40000	102.60000	 58.44185	102.60000
150.60000	102.95000	 58.66858	102.95000
150.80000	103.39000	 58.94813	103.39000
151.00000	103.88000	 59.22937	103.88000
151.20000	104.42000	 59.49712	104.42000
151.40000	105.05000	 59.77161	105.05000
151.60000	105.65000	 59.95787	105.65000
151.80000	106.19000	 60.03742	106.19000
152.00000	106.60000	 59.97136	106.60000
152.20000	106.74000	 59.67910	106.74000
152.40000	106.75000	 59.29991	106.75000
152.60000	106.65000	 58.88177	106.65000
152.80000	106.45000	 58.45860	106.45000
153.00000	106.14000	 58.04178	106.14000
153.20000	105.76000	 57.67292	105.76000
153.40000	105.34000	 57.37786	105.34000
153.60000	104.89000	 57.15955	104.89000
153.80000	104.47000	 57.05171	104.47000
154.00000	104.14000	 57.08082	104.14000
154.20000	103.82000	 57.16310	103.82000
154.40000	103.51000	 57.27623	103.51000
154.60000	103.20000	 57.39448	103.20000
154.80000	102.86000	 57.48262	102.86000
155.00000	102.46000	 57.51229	102.46000
155.20000	102.10000	 57.55798	102.10000
155.40000	101.81000	 57.64103	101.81000
155.60000	101.62000	 57.77953	101.62000
155.80000	101.71000	 58.09783	101.71000
156.00000	101.94000	 58.47106	101.94000
156.20000	102.24000	 58.82753	102.24000
156.40000	102.59000	 59.14019	102.59000
156.60000	102.91000	 59.34595	102.91000
156.80000	103.19000	 59.44454	103.19000
157.00000	103.48000	 59.48768	103.48000
157.20000	103.78000	 59.49101	103.78000
157.40000	104.08000	 59.46179	104.08000
157.60000	104.40000	 59.42792	104.40000
157.80000	104.72000	 59.38430	104.72000
158.00000	105.01000	 59.31647	105.01000
158.20000	105.26000	 59.22460	105.26000
158.40000	105.38000	 59.04997	105.38000
158.60000	105.41000	 58.83475	105.41000
158.80000	105.42000	 58.64292	105.42000
159.00000	105.46000	 58.51767	105.46000
159.20000	105.56000	 58.47923	105.56000
159.40000	105.89000	 58.64310	105.89000
159.60000	106.28000	 58.85908	106.28000
159.80000	106.69000	 59.07541	106.69000
160.00000	107.11000	 59.26926	107.11000
160.20000	107.49000	 59.39530	107.49000
160.40000	107.83000	 59.45397	107.83000
160.60000	108.12000	 59.44451	108.12000
160.80000	108.35000	 59.37056	108.35000
161.00000	108.46000	 59.20164	108.46000
161.20000	108.46000	 58.96335	108.46000
161.40000	108.40000	 58.71146	108.40000
161.60000	108.30000	 58.47505	108.30000
161.80000	108.17000	 58.26990	108.17000
162.00000	108.11000	 58.17230	108.11000
162.20000	108.02000	 58.10069	108.02000
162.40000	107.90000	 58.04695	107.90000
162.60000	107.73000	 57.98903	107.73000
162.80000	107.44000	 57.87075	107.44000
163.00000	106.97000	 57.65030	106.97000
163.20000	106.49000	 57.46350	106.49000
163.40000	106.03000	 57.33680	106.03000
163.60000	105.66000	 57.31899	105.66000
163.80000	105.57000	 57.53763	105.57000
164.00000	105.67000	 57.89631	105.67000
164.20000	105.83000	 58.26558	105.83000
164.40000	106.02000	 58.59897	106.02000
164.60000	106.18000	 58.83894	106.18000
164.80000	106.28000	 58.96291	106.28000
165.00000	106.32000	 58.98143	106.32000
165.20000	106.26000	 58.88230	106.26000
165.40000	106.05000	 58.65170	106.05000
165.60000	105.55000	 58.21491	105.55000
165.80000	104.96000	 57.75737	104.96000
166.00000	104.32000	 57.33701	104.32000
166.20000	103.67000	 56.99938	103.67000
166.40000	103.21000	 56.89472	103.21000
166.60000	102.85000	 56.93744	102.85000
166.80000	102.52000	 57.04884	102.52000
167.00000	102.20000	 57.18887	102.20000
167.20000	101.89000	 57.33729	101.89000
167.40000	101.50000	 57.41318	101.50000
167.60000	101.10000	 57.46447	101.10000
167.80000	100.69000	 57.49105	100.69000
168.00000	100.29000	 57.50987	100.29000
168.20000	 99.88000	 57.50856	 99.88000
168.40000	 99.37000	 57.42449	 99.37000
168.60000	 98.92000	 57.38530	 98.92000
168.80000	 98.56000	 57.41586	 98.56000
169.00000	 98.34000	 57.54836	 98.34000
169.20000	 98.39000	 57.86573	 98.39000
169.40000	 98.76000	 58.37882	 98.76000
169.60000	 99.28000	 58.92683	 99.28000
169.80000	 99.92000	 59.45970	 99.92000
170.00000	100.64000	 59.93029	100.64000
170.20000	101.44000	 60.33227	101.44000
170.40000	102.25000	 60.61648	102.25000
170.60000	103.05000	 60.78095	103.05000
170.80000	103.78000	 60.80174	103.78000
171.00000	104.31000	 60.61080	104.31000
171.20000	104.75000	 60.32768	104.75000
171.40000	105.12000	 60.00252	105.12000
171.60000	105.42000	 59.66373	105.42000
171.80000	105.70000	 59.36891	105.70000
172.00000	105.93000	 59.10626	105.93000
172.20000	106.10000	 58.87244	106.10000
172.40000	106.19000	 58.65269	106.19000
172.60000	106.21000	 58.45289	106.21000
172.80000	106.02000	 58.16719	106.02000
173.00000	105.77000	 57.91152	105.77000
173.20000	105.48000	 57.70163	105.48000
173.40000	105.20000	 57.57059	105.20000
173.60000	105.00000	 57.55982	105.00000
173.80000	104.97000	 57.71723	104.97000
174.00000	104.95000	 57.89705	104.95000
174.20000	104.93000	 58.07023	104.93000
174.40000	104.86000	 58.18568	104.86000
174.60000	104.62000	 58.15069	104.62000
174.80000	104.29000	 58.03488	104.29000
175.00000	103.91000	 57.88265	103.91000
175.20000	103.50000	 57.72248	103.50000
175.40000	103.08000	 57.57932	103.08000
175.60000	102.75000	 57.53210	102.75000
175.80000	102.41000	 57.50219	102.41000
176.00000	102.07000	 57.49172	102.07000
176.20000	101.70000	 57.47318	101.70000
176.40000	101.31000	 57.45087	101.31000
176.60000	100.70000	 57.27611	100.70000
176.80000	100.09000	 57.12335	100.09000
177.00000	 99.52000	 57.02883	 99.52000
177.20000	 99.04000	 57.02855	 99.04000
177.40000	 98.71000	 57.15727	 98.71000
177.60000	 98.69000	 57.51407	 98.69000
177.80000	 98.82000	 57.94750	 98.82000
178.00000	 99.08000	 58.41235	 99.08000
178.20000	 99.47000	 58.88467	 99.47000
178.40000	100.06000	 59.39878	100.06000
178.60000	100.79000	 59.89510	100.79000
178.80000	101.54000	 60.27664	101.54000
179.00000	102.26000	 60.51143	102.26000
179.20000	102.78000	 60.49175	102.78000
179.40000	102.98000	 60.16516	102.98000
179.60000	103.07000	 59.73921	103.07000
179.80000	103.08000	 59.28210	103.08000
180.00000	103.05000	 58.85801	103.05000
180.20000	103.14000	 58.60536	103.14000
180.40000	103.26000	 58.45646	103.26000
180.60000	103.34000	 58.34902	103.34000
180.80000	103.39000	 58.27888	103.39000
181.00000	103.38000	 58.21244	103.38000
181.20000	103.14000	 58.01643	103.14000
181.40000	102.85000	 57.82917	102.85000
181.60000	102.55000	 57.68337	102.55000
181.80000	102.25000	 57.58475	102.25000
182.00000	102.02000	 57.57911	102.02000
182.20000	101.98000	 57.74202	101.98000
182.40000	101.99000	 57.94626	101.99000
182.60000	102.02000	 58.14904	102.02000
182.80000	102.06000	 58.32884	102.06000
183.00000	102.09000	 58.46332	102.09000
183.20000	102.10000	 58.54415	102.10000
183.40000	102.08000	 58.56832	102.08000
183.60000	102.03000	 58.54417	102.03000
183.80000	101.92000	 58.45998	101.92000
184.00000	101.72000	 58.30644	101.72000
184.20000	101.48000	 58.13553	101.48000
184.40000	101.20000	 57.95941	101.20000
184.60000	100.88000	 57.78692	100.88000
184.80000	100.50000	 57.60910	100.50000
185.00000	100.07000	 57.43769	100.07000
185.20000	 99.65000	 57.31911	 99.65000
185.40000	 99.28000	 57.27938	 99.28000
185.60000	 98.99000	 57.33083	 98.99000
185.80000	 98.86000	 57.51696	 98.86000
186.00000	 98.86000	 57.79265	 98.86000
186.20000	 98.98000	 58.12629	 98.98000
186.40000	 99.21000	 58.48838	 99.21000
186.60000	 99.60000	 58.89781	 99.60000
186.80000	100.20000	 59.37466	100.20000
187.00000	100.84000	 59.77648	100.84000
187.20000	101.46000	 60.05417	101.46000
187.40000	101.97000	 60.14988	101.97000
187.60000	102.19000	 59.95419	102.19000
187.80000	102.32000	 59.65694	102.32000
188.00000	102.41000	 59.33410	102.41000
188.20000	102.47000	 59.02253	102.47000
188.40000	102.65000	 58.85174	102.65000
188.60000	102.85000	 58.74850	102.85000
188.80000	103.03000	 58.67722	103.03000
189.00000	103.19000	 58.63054	103.19000
189.20000	103.28000	 58.56430	103.28000
189.40000	103.24000	 58.43102	103.24000
189.60000	103.19000	 58.32266	103.19000
189.80000	103.16000	 58.26150	103.16000
190.00000	103.15000	 58.24329	103.15000
190.20000	103.32000	 58.37856	103.32000
190.40000	103.56000	 58.56740	103.56000
190.60000	103.81000	 58.74754	103.81000
190.80000	104.06000	 58.89986	104.06000
191.00000	104.27000	 58.98947	104.27000
191.20000	104.41000	 58.99640	104.41000
191.40000	104.50000	 58.94450	104.50000
191.60000	104.52000	 58.83092	104.52000
191.80000	104.40000	 58.61818	104.40000
192.00000	104.10000	 58.29576	104.10000
192.20000	103.74000	 57.97497	103.74000
192.40000	103.32000	 57.67162	103.32000
192.60000	102.89000	 57.43164	102.89000
192.80000	102.54000	 57.32149	102.54000
193.00000	102.23000	 57.29988	102.23000
193.20000	101.93000	 57.32817	101.93000
193.40000	101.62000	 57.37549	101.62000
193.60000	101.32000	 57.44351	101.32000
193.80000	100.89000	 57.41842	100.89000
194.00000	100.45000	 57.38942	100.45000
194.20000	100.07000	 57.40900	100.07000
194.40000	 99.78000	 57.49541	 99.78000
194.60000	 99.64000	 57.68392	 99.64000
194.80000	 99.89000	 58.13524	 99.89000
195.00000	100.25000	 58.60861	100.25000
195.20000	100.65000	 59.02637	100.65000
195.40000	101.06000	 59.35365	101.06000
195.60000	101.31000	 59.46528	101.31000
195.80000	101.40000	 59.38122	101.40000
196.00000	101.44000	 59.21441	101.44000
196.20000	101.44000	 59.00220	101.44000
196.40000	101.42000	 58.78431	101.42000
196.60000	101.44000	 58.62262	101.44000
196.80000	101.45000	 58.48750	101.45000
197.00000	101.44000	 58.37398	101.44000
197.20000	101.42000	 58.28896	101.42000
197.40000	101.34000	 58.19272	101.34000
197.60000	101.16000	 58.05477	101.16000
197.80000	101.00000	 57.96629	101.00000
198.00000	100.88000	 57.93942	100.88000
198.20000	100.84000	 57.99601	100.84000
198.40000	101.02000	 58.22586	101.02000
198.60000	101.37000	 58.56714	101.37000
198.80000	101.80000	 58.92606	101.80000
199.00000	102.29000	 59.26721	102.29000
199.20000	102.86000	 59.59268	102.86000
199.40000	103.50000	 59.88800	103.50000
199.60000	104.09000	 60.06308	104.09000
199.80000	104.58000	 60.09112	104.58000
200.00000	104.85000	 59.90467	104.85000
200.20000	104.61000	 59.32504	104.61000
200.40000	104.23000	 58.68424	104.23000
200.60000	103.76000	 58.06632	103.76000
200.80000	103.27000	 57.55316	103.27000
201.00000	102.98000	 57.31750	102.98000
201.20000	102.83000	 57.29698	102.83000
201.40000	102.72000	 57.38533	102.72000
201.60000	102.65000	 57.54958	102.65000
201.80000	102.59000	 57.73773	102.59000
202.00000	102.48000	 57.88273	102.48000
202.20000	102.40000	 58.03142	102.40000
202.40000	102.37000	 58.18996	102.37000
202.60000	102.40000	 58.35890	102.40000
202.80000	102.65000	 58.65016	102.65000
203.00000	103.03000	 58.98250	103.03000
203.20000	103.40000	 59.23890	103.40000
203.40000	103.70000	 59.37263	103.70000
203.60000	103.76000	 59.26852	103.76000
203.80000	103.49000	 58.88934	103.49000
204.00000	103.12000	 58.44961	103.12000
204.20000	102.70000	 58.02321	102.70000
204.40000	102.27000	 57.66389	102.27000
204.60000	102.07000	 57.55844	102.07000
204.80000	101.93000	 57.56558	101.93000
205.00000	101.81000	 57.63397	101.81000
205.20000	101.70000	 57.73530	101.70000
205.40000	101.60000	 57.85195	101.60000
205.60000	101.35000	 57.85277	101.35000
205.80000	101.13000	 57.87127	101.13000
206.00000	100.98000	 57.93612	100.98000
206.20000	100.92000	 58.05722	100.92000
206.40000	101.07000	 58.31418	101.07000
206.60000	101.45000	 58.70323	101.45000
206.80000	101.95000	 59.11861	101.95000
207.00000	102.55000	 59.52602	102.55000
207.20000	103.21000	 59.88338	103.21000
207.40000	104.00000	 60.23817	104.00000
207.60000	104.78000	 60.48522	104.78000
207.80000	105.52000	 60.61110	105.52000
208.00000	106.16000	 60.58909	106.16000
208.20000	106.44000	 60.25411	106.44000
208.40000	106.58000	 59.81479	106.58000
208.60000	106.62000	 59.34276	106.62000
208.80000	106.58000	 58.88492	106.58000
209.00000	106.52000	 58.50618	106.52000
209.20000	106.46000	 58.22815	106.46000
209.40000	106.37000	 58.02404	106.37000
209.60000	106.26000	 57.89088	106.26000
209.80000	106.13000	 57.81476	106.13000
210.00000	105.97000	 57.77330	105.97000
210.20000	105.81000	 57.77479	105.81000
210.40000	105.68000	 57.82769	105.68000
210.60000	105.61000	 57.93979	105.61000
210.80000	105.60000	 58.09574	105.60000
211.00000	105.86000	 58.43506	105.86000
211.20000	106.16000	 58.76166	106.16000
211.40000	106.47000	 59.03595	106.47000
211.60000	106.73000	 59.20668	106.73000
211.80000	106.82000	 59.19048	106.82000
212.00000	106.79000	 59.04483	106.79000
212.20000	106.67000	 58.81823	106.67000
212.40000	106.49000	 58.55856	106.49000
212.60000	106.23000	 58.27208	106.23000
212.80000	105.90000	 57.98307	105.90000
213.00000	105.52000	 57.71808	105.52000
213.20000	105.12000	 57.50502	105.12000
213.40000	104.69000	 57.33565	104.69000
213.60000	104.25000	 57.21988	104.25000
213.80000	103.82000	 57.16400	103.82000
214.00000	103.40000	 57.15652	103.40000
214.20000	103.02000	 57.20698	103.02000
214.40000	102.69000	 57.30863	102.69000
214.60000	102.47000	 57.49100	102.47000
214.80000	102.33000	 57.71450	102.33000
215.00000	102.25000	 57.94852	102.25000
215.20000	102.24000	 58.18846	102.24000
215.40000	102.30000	 58.42558	102.30000
215.60000	102.48000	 58.69093	102.48000
215.80000	102.68000	 58.90462	102.68000
216.00000	102.87000	 59.04508	102.87000
216.20000	103.01000	 59.09017	103.01000
216.40000	102.95000	 58.94370	102.95000
216.60000	102.81000	 58.72132	102.81000
216.80000	102.62000	 58.47121	102.62000
217.00000	102.39000	 58.22135	102.39000
217.20000	102.14000	 58.00067	102.14000
217.40000	101.89000	 57.83088	101.89000
217.60000	101.64000	 57.71207	101.64000
217.80000	101.41000	 57.65413	101.41000
218.00000	101.19000	 57.64068	101.19000
218.20000	100.99000	 57.66860	100.99000
218.40000	100.82000	 57.73410	100.82000
218.60000	100.72000	 57.85534	100.72000
218.80000	100.72000	 58.04141	100.72000
219.00000	100.83000	 58.28469	100.83000
219.20000	101.31000	 58.76050	101.31000
219.40000	101.87000	 59.22356	101.87000
219.60000	102.46000	 59.61606	102.46000
219.80000	103.02000	 59.88611	103.02000
220.00000	103.33000	 59.87822	103.33000
220.20000	103.51000	 59.71073	103.51000
220.40000	103.62000	 59.46355	103.62000
220.60000	103.67000	 59.17627	103.67000
220.80000	103.70000	 58.90433	103.70000
221.00000	103.74000	 58.68629	103.74000
221.20000	103.72000	 58.47713	103.72000
221.40000	103.63000	 58.27299	103.63000
221.60000	103.48000	 58.08303	103.48000
221.80000	103.12000	 57.79696	103.12000
222.00000	102.65000	 57.49691	102.65000
222.20000	102.15000	 57.24883	102.15000
222.40000	101.66000	 57.08213	101.66000
222.60000	101.23000	 57.02585	101.23000
222.80000	101.05000	 57.20385	101.05000
223.00000	100.94000	 57.45124	100.94000
223.20000	100.89000	 57.73156	100.89000
223.40000	100.88000	 58.00695	100.88000
223.60000	100.89000	 58.24718	100.89000
223.80000	100.92000	 58.44487	100.92000
224.00000	100.95000	 58.58426	100.95000
224.20000	100.95000	 58.64810	100.95000
224.40000	100.88000	 58.61743	100.88000
224.60000	100.70000	 58.47894	100.70000
224.80000	100.47000	 58.29788	100.47000
225.00000	100.22000	 58.11490	100.22000
225.20000	 99.94000	 57.93571	 99.94000
225.40000	 99.68000	 57.80565	 99.68000
225.60000	 99.44000	 57.72609	 99.44000
225.80000	 99.17000	 57.65647	 99.17000
226.00000	 98.89000	 57.60787	 98.89000
226.20000	 98.58000	 57.56108	 98.58000
226.40000	 98.10000	 57.40993	 98.10000
226.60000	 97.61000	 57.27929	 97.61000
226.80000	 97.18000	 57.22367	 97.18000
227.00000	 96.85000	 57.26759	 96.85000
227.20000	 96.77000	 57.50859	 96.77000
227.40000	 96.99000	 57.95631	 96.99000
227.60000	 97.29000	 58.41129	 97.29000
227.80000	 97.62000	 58.80998	 97.62000
228.00000	 97.89000	 59.07309	 97.89000
228.20000	 97.96000	 59.10143	 97.96000
228.40000	 97.98000	 59.02962	 97.98000
228.60000	 97.96000	 58.89134	 97.96000
228.80000	 97.90000	 58.71107	 97.90000
229.00000	 97.85000	 58.54640	 97.85000
229.20000	 97.77000	 58.38093	 97.77000
229.40000	 97.68000	 58.23837	 97.68000
229.60000	 97.56000	 58.10810	 97.56000
229.80000	 97.41000	 57.99171	 97.41000
230.00000	 97.22000	 57.88163	 97.22000
230.20000	 97.03000	 57.80641	 97.03000
230.40000	 96.85000	 57.76952	 96.85000
230.60000	 96.68000	 57.76468	 96.68000
230.80000	 96.51000	 57.77715	 96.51000
231.00000	 96.39000	 57.83693	 96.39000
231.20000	 96.37000	 57.97164	 96.37000
231.40000	 96.47000	 58.18274	 96.47000
231.60000	 96.92000	 58.62293	 96.92000
231.80000	 97.53000	 59.12021	 97.53000
232.00000	 98.17000	 59.55146	 98.17000
232.20000	 98.75000	 59.83774	 98.75000
232.40000	 99.03000	 59.80753	 99.03000
232.60000	 99.12000	 59.57446	 99.12000
232.80000	 99.11000	 59.24629	 99.11000
233.00000	 99.01000	 58.86809	 99.01000
233.20000	 98.87000	 58.50731	 98.87000
233.40000	 98.68000	 58.17616	 98.68000
233.60000	 98.44000	 57.88531	 98.44000
233.80000	 98.18000	 57.66031	 98.18000
234.00000	 97.92000	 57.51199	 97.92000
234.20000	 97.70000	 57.45983	 97.70000
234.40000	 97.45000	 57.43649	 97.45000
234.60000	 97.16000	 57.42085	 97.16000
234.80000	 96.83000	 57.40257	 96.83000
235.00000	 96.28000	 57.24250	 96.28000
235.20000	 95.70000	 57.08848	 95.70000
235.40000	 95.15000	 56.98972	 95.15000
235.60000	 94.70000	 56.99598	 94.70000
235.80000	 94.50000	 57.20651	 94.50000
236.00000	 94.58000	 57.61678	 94.58000
236.20000	 94.80000	 58.08704	 94.80000
236.40000	 95.13000	 58.56423	 95.13000
236.60000	 95.54000	 59.00432	 95.54000
236.80000	 96.01000	 59.38102	 96.01000
237.00000	 96.51000	 59.67035	 96.51000
237.20000	 97.01000	 59.85725	 97.01000
237.40000	 97.47000	 59.92684	 97.47000
237.60000	 97.86000	 59.87821	 97.86000
237.80000	 98.21000	 59.75909	 98.21000
238.00000	 98.52000	 59.59390	 98.52000
238.20000	 98.77000	 59.38915	 98.77000
238.40000	 98.94000	 59.14850	 98.94000
238.60000	 99.09000	 58.93200	 99.09000
238.80000	 99.21000	 58.74107	 99.21000
239.00000	 99.34000	 58.60867	 99.34000
239.20000	 99.49000	 58.53912	 99.49000
239.40000	 99.64000	 58.50971	 99.64000
239.60000	 99.81000	 58.52576	 99.81000
239.80000	 99.98000	 58.56184	 99.98000
240.00000	100.14000	 58.60125	100.14000
240.20000	100.30000	 58.64456	100.30000
240.40000	100.51000	 58.72340	100.51000
240.60000	100.77000	 58.83097	100.77000
240.80000	101.17000	 59.02601	101.17000
241.00000	101.71000	 59.29533	101.71000
241.20000	102.25000	 59.52015	102.25000
241.40000	102.75000	 59.66425	102.75000
241.60000	103.05000	 59.61295	103.05000
241.80000	103.14000	 59.37912	103.14000
242.00000	103.15000	 59.08921	103.15000
242.20000	103.11000	 58.79188	103.11000
242.40000	103.07000	 58.54294	103.07000
242.60000	103.07000	 58.38039	103.07000
242.80000	103.10000	 58.29473	103.10000
243.00000	103.16000	 58.27723	103.16000
243.20000	103.26000	 58.32279	103.26000
243.40000	103.54000	 58.51970	103.54000
243.60000	103.88000	 58.75566	103.88000
243.80000	104.23000	 58.97365	104.23000
244.00000	104.55000	 59.13191	104.55000
244.20000	104.80000	 59.19813	104.80000
244.40000	104.95000	 59.15686	104.95000
244.60000	104.99000	 59.01534	104.99000
244.80000	104.89000	 58.77097	104.89000
245.00000	104.58000	 58.39536	104.58000
245.20000	104.00000	 57.87248	104.00000
245.40000	103.30000	 57.34550	103.30000
245.60000	102.53000	 56.87420	102.53000
245.80000	101.71000	 56.48387	101.71000
246.00000	100.89000	 56.21084	100.89000
246.20000	100.13000	 56.08778	100.13000
246.40000	 99.49000	 56.13678	 99.49000
246.60000	 99.10000	 56.42196	 99.10000
246.80000	 99.13000	 57.02447	 99.13000
247.00000	 99.30000	 57.67892	 99.30000
247.20000	 99.55000	 58.29520	 99.55000
247.40000	 99.83000	 58.80839	 99.83000
247.60000	100.01000	 59.11333	100.01000
247.80000	100.15000	 59.26693	100.15000
248.00000	100.20000	 59.25566	100.20000
248.20000	100.12000	 59.08166	100.12000
248.40000	 99.76000	 58.67181	 99.76000
248.60000	 99.29000	 58.19858	 99.29000
248.80000	 98.76000	 57.73747	 98.76000
249.00000	 98.20000	 57.33615	 98.20000
249.20000	 97.77000	 57.12417	 97.77000
249.40000	 97.35000	 57.00399	 97.35000
249.60000	 96.94000	 56.96041	 96.94000
249.80000	 96.54000	 56.97569	 96.54000
250.00000	 96.14000	 57.02462	 96.14000
250.20000	 95.73000	 57.08431	 95.73000
250.40000	 95.33000	 57.15767	 95.33000
250.60000	 94.93000	 57.22790	 94.93000
250.80000	 94.52000	 57.28141	 94.52000
251.00000	 94.07000	 57.29342	 94.07000
251.20000	 93.62000	 57.29528	 93.62000
251.40000	 93.18000	 57.29664	 93.18000
251.60000	 92.78000	 57.32122	 92.78000
251.80000	 92.42000	 57.36803	 92.42000
252.00000	 92.07000	 57.41230	 92.07000
252.20000	 91.84000	 57.53319	 91.84000
252.40000	 91.75000	 57.73716	 91.75000
252.60000	 91.86000	 58.05492	 91.86000
252.80000	 92.47000	 58.68707	 92.47000
253.00000	 93.28000	 59.37052	 93.28000
253.20000	 94.16000	 59.97563	 94.16000
253.40000	 95.05000	 60.44219	 95.05000
253.60000	 95.69000	 60.58119	 95.69000
253.80000	 96.24000	 60.54218	 96.24000
254.00000	 96.72000	 60.37873	 96.72000
254.20000	 97.13000	 60.12945	 97.13000
254.40000	 97.48000	 59.83645	 97.48000
254.60000	 97.75000	 59.51316	 97.75000
254.80000	 97.95000	 59.18915	 97.95000
255.00000	 98.07000	 58.87243	 98.07000
255.20000	 98.06000	 58.53610	 98.06000
255.40000	 97.97000	 58.22538	 97.97000
255.60000	 97.82000	 57.95828	 97.82000
255.80000	 97.62000	 57.74025	 97.62000
256.00000	 97.35000	 57.55056	 97.35000
256.20000	 97.03000	 57.39695	 97.03000
256.40000	 96.74000	 57.32987	 96.74000
256.60000	 96.53000	 57.37215	 96.53000
256.80000	 96.46000	 57.54799	 96.46000
257.00000	 96.77000	 58.00745	 96.77000
257.20000	 97.17000	 58.49309	 97.17000
257.40000	 97.60000	 58.92770	 97.60000
257.60000	 98.01000	 59.25649	 98.01000
257.80000	 98.21000	 59.33739	 98.21000
258.00000	 98.34000	 59.29467	 98.34000
258.20000	 98.40000	 59.15476	 98.40000
258.40000	 98.38000	 58.93773	 98.38000
258.60000	 98.24000	 58.64039	 98.24000
258.80000	 98.03000	 58.32499	 98.03000
259.00000	 97.79000	 58.04022	 97.79000
259.20000	 97.52000	 57.79651	 97.52000
259.40000	 97.30000	 57.65590	 97.30000
259.60000	 97.13000	 57.61096	 97.13000
259.80000	 96.96000	 57.61086	 96.96000
260.00000	 96.79000	 57.64157	 96.79000
260.20000	 96.61000	 57.68313	 96.61000
260.40000	 96.37000	 57.68902	 96.37000
260.60000	 96.10000	 57.67781	 96.10000
260.80000	 95.85000	 57.68539	 95.85000
261.00000	 95.60000	 57.69474	 95.60000
261.20000	 95.37000	 57.71877	 95.37000
261.40000	 95.12000	 57.72551	 95.12000
261.60000	 94.94000	 57.78088	 94.94000
261.80000	 94.87000	 57.90962	 94.87000
262.00000	 94.94000	 58.12376	 94.94000
262.20000	 95.36000	 58.56273	 95.36000
262.40000	 95.99000	 59.09264	 95.99000
262.60000	 96.70000	 59.58819	 96.70000
262.80000	 97.44000	 59.99539	 97.44000
263.00000	 98.08000	 60.21519	 98.08000
263.20000	 98.61000	 60.25540	 98.61000
263.40000	 99.10000	 60.19476	 99.10000
263.60000	 99.52000	 60.03964	 99.52000
263.80000	 99.87000	 59.81857	 99.87000
264.00000	100.13000	 59.54275	100.13000
264.20000	100.32000	 59.24985	100.32000
264.40000	100.44000	 58.95730	100.44000
264.60000	100.48000	 58.66969	100.48000
264.80000	100.35000	 58.32861	100.35000
265.00000	100.14000	 58.01031	100.14000
265.20000	 99.92000	 57.77094	 99.92000
265.40000	 99.74000	 57.64305	 99.74000
265.60000	 99.67000	 57.66464	 99.67000
265.80000	 99.95000	 57.98871	 99.95000
266.00000	100.29000	 58.35799	100.29000
266.20000	100.68000	 58.73031	100.68000
266.40000	101.06000	 59.03725	101.06000
266.60000	101.32000	 59.18734	101.32000
266.80000	101.48000	 59.20257	101.48000
267.00000	101.59000	 59.13735	101.59000
267.20000	101.68000	 59.03348	101.68000
267.40000	101.76000	 58.91564	101.76000
267.60000	101.84000	 58.80449	101.84000
267.80000	101.90000	 58.69390	101.90000
268.00000	101.94000	 58.58975	101.94000
268.20000	101.95000	 58.48810	101.95000
268.40000	101.94000	 58.39838	101.94000
268.60000	101.90000	 58.31355	101.90000
268.80000	101.82000	 58.22594	101.82000
269.00000	101.70000	 58.13555	101.70000
269.20000	101.54000	 58.04260	101.54000
269.40000	101.11000	 57.77848	101.11000
269.60000	100.69000	 57.56490	100.69000
269.80000	100.34000	 57.45227	100.34000
270.00000	100.12000	 57.47960	100.12000
270.20000	100.22000	 57.76985	100.22000
270.40000	100.63000	 58.27975	100.63000
270.60000	101.21000	 58.86126	101.21000
270.80000	101.93000	 59.45446	101.93000
271.00000	102.82000	 60.05429	102.82000
271.20000	103.84000	 60.61218	103.84000
271.40000	104.83000	 61.00151	104.83000
271.60000	105.71000	 61.17311	105.71000
271.80000	106.28000	 61.00722	106.28000
272.00000	106.58000	 60.58349	106.58000
272.20000	106.67000	 60.00485	106.67000
272.40000	106.56000	 59.33375	106.56000
272.60000	106.09000	 58.49931	106.09000
272.80000	105.44000	 57.68099	105.44000
273.00000	104.68000	 56.96113	104.68000
273.20000	103.86000	 56.38839	103.86000
273.40000	103.14000	 56.07455	103.14000
273.60000	102.52000	 55.99125	102.52000
273.80000	101.94000	 56.05312	101.94000
274.00000	101.39000	 56.21052	101.39000
274.20000	100.87000	 56.42516	100.87000
274.40000	100.46000	 56.72393	100.46000
274.60000	100.10000	 57.03287	100.10000
274.80000	 99.74000	 57.29369	 99.74000
275.00000	 99.38000	 57.49599	 99.38000
275.20000	 99.00000	 57.62344	 99.00000
275.40000	 98.49000	 57.60117	 98.49000
275.60000	 97.91000	 57.49133	 97.91000
275.80000	 97.30000	 57.34401	 97.30000
276.00000	 96.66000	 57.17707	 96.66000
276.20000	 96.01000	 57.01938	 96.01000
276.40000	 95.30000	 56.84312	 95.30000
276.60000	 94.61000	 56.71490	 94.61000
276.80000	 93.98000	 56.66503	 93.98000
277.00000	 93.42000	 56.69415	 93.42000
277.20000	 92.99000	 56.83430	 92.99000
277.40000	 92.72000	 57.08886	 92.72000
277.60000	 92.60000	 57.42698	 92.60000
277.80000	 92.63000	 57.82465	 92.63000
278.00000	 92.88000	 58.31126	 92.88000
278.20000	 93.49000	 58.96627	 93.49000
278.40000	 94.18000	 59.55240	 94.18000
278.60000	 94.88000	 60.00297	 94.88000
278.80000	 95.45000	 60.21746	 95.45000
279.00000	 95.78000	 60.13881	 95.78000
279.20000	 96.01000	 59.91372	 96.01000
279.40000	 96.14000	 59.58628	 96.14000
279.60000	 96.19000	 59.21124	 96.19000
279.80000	 96.17000	 58.82810	 96.17000
280.00000	 96.08000	 58.45978	 96.08000
280.20000	 95.95000	 58.14268	 95.95000
280.40000	 95.78000	 57.88183	 95.78000
280.60000	 95.58000	 57.68270	 95.58000
280.80000	 95.34000	 57.53074	 95.34000
281.00000	 95.08000	 57.43114	 95.08000
281.20000	 94.83000	 57.39438	 94.83000
281.40000	 94.55000	 57.37713	 94.55000
281.60000	 94.24000	 57.36785	 94.24000
281.80000	 93.89000	 57.35042	 93.89000
282.00000	 93.35000	 57.20929	 93.35000
282.20000	 92.73000	 57.03300	 92.73000
282.40000	 92.17000	 56.93293	 92.17000
282.60000	 91.75000	 56.96664	 91.75000
282.80000	 91.72000	 57.30445	 91.72000
283.00000	 92.02000	 57.86484	 92.02000
283.20000	 92.47000	 58.46905	 92.47000
283.40000	 93.01000	 59.03685	 93.01000
283.60000	 93.56000	 59.48802	 93.56000
283.80000	 94.10000	 59.80408	 94.10000
284.00000	 94.59000	 59.96577	 94.59000
284.20000	 94.99000	 59.96531	 94.99000
284.40000	 95.17000	 59.73735	 95.17000
284.60000	 95.24000	 59.40480	 95.24000
284.80000	 95.21000	 59.01392	 95.21000
285.00000	 95.09000	 58.60436	 95.09000
285.20000	 94.88000	 58.20014	 94.88000
285.40000	 94.61000	 57.83929	 94.61000
285.60000	 94.32000	 57.55806	 94.32000
285.80000	 94.03000	 57.36836	 94.03000
286.00000	 93.77000	 57.28161	 93.77000
286.20000	 93.51000	 57.25873	 93.51000
286.40000	 93.26000	 57.28922	 93.26000
286.60000	 93.02000	 57.35568	 93.02000
286.80000	 92.83000	 57.47205	 92.83000
287.00000	 92.62000	 57.57159	 92.62000
287.20000	 92.36000	 57.62320	 92.36000
287.40000	 92.02000	 57.60306	 92.02000
287.60000	 91.40000	 57.36969	 91.40000
