  0.00000	 86.90000	 46.45495	 86.90000
  0.20000	 86.75000	 46.36384	 86.75000
  0.40000	 86.52000	 46.21945	 86.52000
  0.60000	 86.25000	 46.05060	 86.25000
  0.80000	 85.96000	 45.87231	 85.96000
  1.00000	 85.68000	 45.70645	 85.68000
  1.20000	 85.44000	 45.57460	 85.44000
  1.40000	 85.28000	 45.50481	 85.28000
  1.60000	 85.22000	 45.51056	 85.22000
  1.80000	 85.44000	 45.71568	 85.44000
  2.00000	 85.85000	 46.05482	 85.85000
  2.20000	 86.33000	 46.44092	 86.33000
  2.40000	 86.82000	 46.82868	 86.82000
  2.60000	 87.20000	 47.13176	 87.20000
  2.80000	 87.43000	 47.32065	 87.43000
  3.00000	 87.58000	 47.44359	 87.58000
  3.20000	 87.67000	 47.51488	 87.67000
  3.40000	 87.69000	 47.52843	 87.69000
  3.60000	 87.64000	 47.48555	 87.64000
  3.80000	 87.52000	 47.38792	 87.52000
  4.00000	 87.31000	 47.22363	 87.31000
  4.20000	 87.00000	 46.98806	 87.00000
  4.40000	 86.49000	 46.61449	 86.49000
  4.60000	 85.91000	 46.19674	 85.91000
  4.80000	 85.32000	 45.77996	 85.32000
  5.00000	 84.73000	 45.37398	 84.73000
  5.20000	 84.22000	 45.03667	 84.22000
  5.40000	 83.79000	 44.76929	 83.79000
  5.60000	 83.46000	 44.58608	 83.46000
  5.80000	 83.27000	 44.51423	 83.27000
  6.00000	 83.31000	 44.61461	 83.31000
  6.20000	 83.66000	 44.93966	 83.66000
  6.40000	 84.13000	 45.35268	 84.13000
  6.60000	 84.67000	 45.81403	 84.67000
  6.80000	 85.23000	 46.28435	 85.23000
  7.00000	 85.71000	 46.69024	 85.71000
  7.20000	 86.16000	 47.06368	 86.16000
  7.40000	 86.56000	 47.38884	 86.56000
  7.60000	 86.89000	 47.65068	 86.89000
  7.80000	 87.02000	 47.75867	 87.02000
  8.00000	 87.03000	 47.76962	 87.03000
  8.20000	 87.00000	 47.74109	 87.00000
  8.40000	 86.94000	 47.68218	 86.94000
  8.60000	 86.87000	 47.60887	 86.87000
  8.80000	 86.82000	 47.54391	 86.82000
  9.00000	 86.82000	 47.50969	 86.82000
  9.20000	 86.91000	 47.53496	 86.91000
  9.40000	 87.14000	 47.65468	 87.14000
  9.60000	 87.80000	 48.06935	 87.80000
  9.80000	 88.53000	 48.52563	 88.53000
 10.00000	 89.24000	 48.95766	 89.24000
 10.20000	 89.85000	 49.30733	 89.85000
 10.40000	 90.05000	 49.35816	 90.05000
 10.60000	 90.02000	 49.23691	 90.02000
 10.80000	 89.83000	 48.99545	 89.83000
 11.00000	 89.52000	 48.66552	 89.52000
 11.20000	 89.16000	 48.29992	 89.16000
 11.40000	 88.73000	 47.88870	 88.73000
 11.60000	 88.23000	 47.43563	 88.23000
 11.80000	 87.67000	 46.95122	 87.67000
 12.00000	 87.03000	 46.42490	 87.03000
 12.20000	 86.23000	 45.80435	 86.23000
 12.40000	 85.41000	 45.19032	 85.41000
 12.60000	 84.60000	 44.60660	 84.60000
 12.80000	 83.84000	 44.08308	 83.84000
 13.00000	 83.20000	 43.66953	 83.20000
 13.20000	 82.74000	 43.40747	 82.74000
 13.40000	 82.41000	 43.26054	 82.41000
 13.60000	 82.23000	 43.24008	 82.23000
 13.80000	 82.19000	 43.33568	 82.19000
 14.00000	 82.43000	 43.64044	 82.43000
 14.20000	 82.86000	 44.08634	 82.86000
 14.40000	 83.40000	 44.61181	 83.40000
 14.60000	 84.00000	 45.17623	 84.00000
 14.80000	 84.61000	 45.73953	 84.61000
 15.00000	 85.18000	 46.26252	 85.18000
 15.20000	 85.70000	 46.73488	 85.70000
 15.40000	 86.14000	 47.13348	 86.14000
 15.60000	 86.45000	 47.42242	 86.45000
 15.80000	 86.41000	 47.44915	 86.41000
 16.00000	 86.24000	 47.36906	 86.24000
 16.20000	 86.00000	 47.22716	 86.00000
 16.40000	 85.73000	 47.05468	 85.73000
 16.60000	 85.51000	 46.91039	 85.51000
 16.80000	 85.34000	 46.79674	 85.34000
 17.00000	 85.24000	 46.72939	 85.24000
 17.20000	 85.24000	 46.73017	 85.24000
 17.40000	 85.48000	 46.89643	 85.48000
 17.60000	 85.91000	 47.19197	 85.91000
 17.80000	 86.39000	 47.51712	 86.39000
 18.00000	 86.90000	 47.85556	 86.90000
 18.20000	 87.35000	 48.14268	 87.35000
 18.40000	 87.72000	 48.36327	 87.72000
 18.60000	 88.01000	 48.51694	 88.01000
 18.80000	 88.23000	 48.61093	 88.23000
 19.00000	 88.33000	 48.61143	 88.33000
 19.20000	 88.31000	 48.52012	 88.31000
 19.40000	 88.20000	 48.36017	 88.20000
 19.60000	 88.01000	 48.14119	 88.01000
 19.80000	 87.75000	 47.87294	 87.75000
 20.00000	 87.43000	 47.56525	 87.43000
 20.20000	 87.06000	 47.22787	 87.06000
 20.40000	 86.63000	 46.85653	 86.63000
 20.60000	 86.16000	 46.46767	 86.16000
 20.80000	 85.55000	 45.99425	 85.55000
 21.00000	 84.95000	 45.54313	 84.95000
 21.20000	 84.41000	 45.15112	 84.41000
 21.40000	 83.97000	 44.84715	 83.97000
 21.60000	 83.84000	 44.77702	 83.84000
 21.80000	 83.91000	 44.86214	 83.91000
 22.00000	 84.09000	 45.03655	 84.09000
 22.20000	 84.37000	 45.28947	 84.37000
 22.40000	 84.77000	 45.63077	 84.77000
 22.60000	 85.24000	 46.02145	 85.24000
 22.80000	 85.69000	 46.39498	 85.69000
 23.00000	 86.08000	 46.72031	 86.08000
 23.20000	 86.27000	 46.89804	 86.27000
 23.40000	 86.24000	 46.91384	 86.24000
 23.60000	 86.11000	 46.85227	 86.11000
 23.80000	 85.90000	 46.72903	 85.90000
 24.00000	 85.61000	 46.54630	 85.61000
 24.20000	 85.26000	 46.32040	 85.26000
 24.40000	 84.88000	 46.07461	 84.88000
 24.60000	 84.49000	 45.82510	 84.49000
 24.80000	 84.10000	 45.58077	 84.10000
 25.00000	 83.63000	 45.28769	 83.63000
 25.20000	 83.24000	 45.05870	 83.24000
 25.40000	 82.99000	 44.93633	 82.99000
 25.60000	 82.93000	 44.95494	 82.93000
 25.80000	 83.37000	 45.32795	 83.37000
 26.00000	 84.15000	 45.93936	 84.15000
 26.20000	 85.07000	 46.64383	 85.07000
 26.40000	 86.09000	 47.40715	 86.09000
 26.60000	 87.01000	 48.08452	 87.01000
 26.80000	 87.85000	 48.68563	 87.85000
 27.00000	 88.70000	 49.27021	 88.70000
 27.20000	 89.59000	 49.85694	 89.59000
 27.40000	 90.65000	 50.53428	 90.65000
 27.60000	 91.78000	 51.23045	 91.78000
 27.80000	 92.84000	 51.84615	 92.84000
 28.00000	 93.78000	 52.34573	 93.78000
 28.20000	 94.50000	 52.66015	 94.50000
 28.40000	 94.98000	 52.77775	 94.98000
 28.60000	 95.20000	 52.68848	 95.20000
 28.80000	 94.96000	 52.25891	 94.96000
 29.00000	 94.31000	 51.53163	 94.31000
 29.20000	 93.44000	 50.64813	 93.44000
 29.40000	 92.46000	 49.69443	 92.46000
 29.60000	 91.57000	 48.81815	 91.57000
 29.80000	 90.75000	 48.01208	 90.75000
 30.00000	 89.98000	 47.26723	 89.98000
 30.20000	 89.32000	 46.62870	 89.32000
 30.40000	 88.87000	 46.16772	 88.87000
 30.60000	 88.76000	 45.97424	 88.76000
 30.80000	 88.75000	 45.87879	 88.75000
 31.00000	 88.80000	 45.85014	 88.80000
 31.20000	 88.87000	 45.85691	 88.87000
 31.40000	 88.83000	 45.80548	 88.83000
 31.60000	 88.72000	 45.72128	 88.72000
 31.80000	 88.57000	 45.62347	 88.57000
 32.00000	 88.35000	 45.48998	 88.35000
 32.20000	 88.04000	 45.30620	 88.04000
 32.40000	 87.62000	 45.05813	 87.62000
 32.60000	 87.13000	 44.77405	 87.13000
 32.80000	 86.60000	 44.47556	 86.60000
 33.00000	 86.03000	 44.16346	 86.03000
 33.20000	 85.41000	 43.83160	 85.41000
 33.40000	 84.78000	 43.50857	 84.78000
 33.60000	 84.16000	 43.20885	 84.16000
 33.80000	 83.57000	 42.94659	 83.57000
 34.00000	 83.02000	 42.72855	 83.02000
 34.20000	 82.47000	 42.52637	 82.47000
 34.40000	 82.04000	 42.42262	 82.04000
 34.60000	 81.80000	 42.46432	 81.80000
 34.80000	 81.79000	 42.67642	 81.79000
 35.00000	 82.29000	 43.24915	 82.29000
 35.20000	 83.13000	 44.05754	 83.13000
 35.40000	 84.17000	 44.99615	 84.17000
 35.60000	 85.33000	 46.00123	 85.33000
 35.80000	 86.56000	 47.03050	 86.56000
 36.00000	 87.81000	 48.04263	 87.81000
 36.20000	 89.02000	 48.99065	 89.02000
 36.40000	 90.13000	 49.82909	 90.13000
 36.60000	 90.99000	 50.45175	 90.99000
 36.80000	 91.63000	 50.87991	 91.63000
 37.00000	 92.13000	 51.17143	 92.13000
 37.20000	 92.51000	 51.34358	 92.51000
 37.40000	 92.84000	 51.44901	 92.84000
 37.60000	 93.06000	 51.45024	 93.06000
 37.80000	 93.18000	 51.35876	 93.18000
 38.00000	 93.19000	 51.17241	 93.19000
 38.20000	 92.97000	 50.81293	 92.97000
 38.40000	 92.65000	 50.37647	 92.65000
 38.60000	 92.28000	 49.90353	 92.28000
 38.80000	 91.91000	 49.43402	 91.91000
 39.00000	 91.64000	 49.04173	 91.64000
 39.20000	 91.65000	 48.85447	 91.65000
 39.40000	 91.70000	 48.70607	 91.70000
 39.60000	 91.75000	 48.56871	 91.75000
 39.80000	 91.77000	 48.42139	 91.77000
 40.00000	 91.63000	 48.17384	 91.63000
 40.20000	 91.34000	 47.83392	 91.34000
 40.40000	 91.00000	 47.47272	 91.00000
 40.60000	 90.62000	 47.09880	 90.62000
 40.80000	 90.22000	 46.72751	 90.22000
 41.00000	 89.80000	 46.36006	 89.80000
 41.20000	 89.40000	 46.02516	 89.40000
 41.40000	 89.05000	 45.74407	 89.05000
 41.60000	 88.78000	 45.53744	 88.78000
 41.80000	 88.82000	 45.56397	 88.82000
 42.00000	 88.96000	 45.67482	 88.96000
 42.20000	 89.08000	 45.78323	 89.08000
 42.40000	 89.11000	 45.83773	 89.11000
 42.60000	 88.76000	 45.63514	 88.76000
 42.80000	 88.14000	 45.25272	 88.14000
 43.00000	 87.41000	 44.80408	 87.41000
 43.20000	 86.61000	 44.31979	 86.61000
 43.40000	 85.78000	 43.83032	 85.78000
 43.60000	 84.96000	 43.36573	 84.96000
 43.80000	 84.21000	 42.96935	 84.21000
 44.00000	 83.56000	 42.66271	 83.56000
 44.20000	 83.07000	 42.48713	 83.07000
 44.40000	 82.85000	 42.51735	 82.85000
 44.60000	 82.89000	 42.74301	 82.89000
 44.80000	 83.13000	 43.11764	 83.13000
 45.00000	 83.58000	 43.64260	 83.58000
 45.20000	 84.35000	 44.38803	 84.35000
 45.40000	 85.48000	 45.37426	 85.48000
 45.60000	 86.68000	 46.39143	 86.68000
 45.80000	 87.85000	 47.36257	 87.85000
 46.00000	 88.82000	 48.16384	 88.82000
 46.20000	 89.44000	 48.68792	 89.44000
 46.40000	 89.89000	 49.05981	 89.89000
 46.60000	 90.15000	 49.26726	 90.15000
 46.80000	 90.19000	 49.29250	 90.19000
 47.00000	 90.02000	 49.14689	 90.02000
 47.20000	 89.72000	 48.89139	 89.72000
 47.40000	 89.32000	 48.55252	 89.32000
 47.60000	 88.83000	 48.14288	 88.83000
 47.80000	 88.28000	 47.68876	 88.28000
 48.00000	 87.76000	 47.25767	 87.76000
 48.20000	 87.35000	 46.90916	 87.35000
 48.40000	 87.08000	 46.66660	 87.08000
 48.60000	 87.41000	 46.85029	 87.41000
 48.80000	 87.89000	 47.14461	 87.89000
 49.00000	 88.45000	 47.49708	 88.45000
 49.20000	 89.02000	 47.85521	 89.02000
 49.40000	 89.41000	 48.08384	 89.41000
 49.60000	 89.65000	 48.20229	 89.65000
 49.80000	 89.81000	 48.25894	 89.81000
 50.00000	 89.90000	 48.26124	 89.90000
 50.20000	 89.90000	 48.19627	 89.90000
 50.40000	 89.83000	 48.07937	 89.83000
 50.60000	 89.70000	 47.91926	 89.70000
 50.80000	 89.50000	 47.71092	 89.50000
 51.00000	 89.20000	 47.43564	 89.20000
 51.20000	 88.79000	 47.08891	 88.79000
 51.40000	 88.38000	 46.74982	 88.38000
 51.60000	 88.03000	 46.46223	 88.03000
 51.80000	 87.76000	 46.24139	 87.76000
 52.00000	 87.74000	 46.20573	 87.74000
 52.20000	 87.86000	 46.27745	 87.86000
 52.40000	 88.14000	 46.46811	 88.14000
 52.60000	 88.57000	 46.76763	 88.57000
 52.80000	 89.40000	 47.34574	 89.40000
 53.00000	 90.34000	 47.99527	 90.34000
 53.20000	 91.25000	 48.61339	 91.25000
 53.40000	 92.04000	 49.13315	 92.04000
 53.60000	 92.30000	 49.26729	 92.30000
 53.80000	 92.39000	 49.26714	 92.39000
 54.00000	 92.34000	 49.15617	 92.34000
 54.20000	 92.20000	 48.97243	 92.20000
 54.40000	 92.04000	 48.76804	 92.04000
 54.60000	 91.81000	 48.51153	 91.81000
 54.80000	 91.52000	 48.21305	 91.52000
 55.00000	 91.14000	 47.85493	 91.14000
 55.20000	 90.55000	 47.35713	 90.55000
 55.40000	 90.00000	 46.89723	 90.00000
 55.60000	 89.56000	 46.52689	 89.56000
 55.80000	 89.32000	 46.31022	 89.32000
 56.00000	 89.82000	 46.62183	 89.82000
 56.20000	 90.50000	 47.06770	 90.50000
 56.40000	 91.24000	 47.55868	 91.24000
 56.60000	 91.93000	 48.01301	 91.93000
 56.80000	 92.17000	 48.14892	 92.17000
 57.00000	 92.25000	 48.16731	 92.25000
 57.20000	 92.22000	 48.10375	 92.22000
 57.40000	 92.09000	 47.96675	 92.09000
 57.60000	 91.93000	 47.80695	 91.93000
 57.80000	 91.67000	 47.57772	 91.67000
 58.00000	 91.30000	 47.27448	 91.30000
 58.20000	 90.77000	 46.86524	 90.77000
 58.40000	 89.93000	 46.24924	 89.93000
 58.60000	 89.05000	 45.61870	 89.05000
 58.80000	 88.20000	 45.02643	 88.20000
 59.00000	 87.47000	 44.53802	 87.47000
 59.20000	 87.14000	 44.34937	 87.14000
 59.40000	 87.00000	 44.31310	 87.00000
 59.60000	 87.04000	 44.41932	 87.04000
 59.80000	 87.25000	 44.65716	 87.25000
 60.00000	 87.76000	 45.11221	 87.76000
 60.20000	 88.39000	 45.65348	 88.39000
 60.40000	 89.03000	 46.19867	 89.03000
 60.60000	 89.60000	 46.68718	 89.60000
 60.80000	 89.78000	 46.89327	 89.78000
 61.00000	 89.85000	 47.01094	 89.85000
 61.20000	 89.87000	 47.08251	 89.87000
 61.40000	 89.92000	 47.16449	 89.92000
 61.60000	 90.13000	 47.34788	 90.13000
 61.80000	 90.32000	 47.50742	 90.32000
 62.00000	 90.43000	 47.60143	 90.43000
 62.20000	 90.36000	 47.56113	 90.36000
 62.40000	 89.94000	 47.27043	 89.94000
 62.60000	 89.46000	 46.93467	 89.46000
 62.80000	 88.98000	 46.59937	 88.98000
 63.00000	 88.60000	 46.33719	 88.60000
 63.20000	 88.47000	 46.25425	 88.47000
 63.40000	 88.49000	 46.28107	 88.49000
 63.60000	 88.65000	 46.40952	 88.65000
 63.80000	 89.02000	 46.68619	 89.02000
 64.00000	 89.77000	 47.22585	 89.77000
 64.20000	 90.58000	 47.80116	 90.58000
 64.40000	 91.35000	 48.33792	 91.35000
 64.60000	 91.90000	 48.70757	 91.90000
 64.80000	 92.03000	 48.76994	 92.03000
 65.00000	 92.01000	 48.71429	 92.01000
 65.20000	 91.87000	 48.56425	 91.87000
 65.40000	 91.72000	 48.39945	 91.72000
 65.60000	 91.56000	 48.22284	 91.56000
 65.80000	 91.32000	 47.98845	 91.32000
 66.00000	 91.00000	 47.69905	 91.00000
 66.20000	 90.51000	 47.29507	 90.51000
 66.40000	 89.79000	 46.73843	 89.79000
 66.60000	 89.03000	 46.16551	 89.03000
 66.80000	 88.31000	 45.63576	 88.31000
 67.00000	 87.69000	 45.19370	 87.69000
 67.20000	 87.44000	 45.02823	 87.44000
 67.40000	 87.34000	 44.98519	 87.34000
 67.60000	 87.38000	 45.05514	 87.38000
 67.80000	 87.55000	 45.22791	 87.55000
 68.00000	 87.93000	 45.55523	 87.93000
 68.20000	 88.44000	 45.97685	 88.44000
 68.40000	 88.96000	 46.40459	 88.96000
 68.60000	 89.42000	 46.78566	 89.42000
 68.80000	 89.65000	 46.99901	 89.65000
 69.00000	 89.62000	 47.02292	 89.62000
 69.20000	 89.48000	 46.96262	 89.48000
 69.40000	 89.23000	 46.81992	 89.23000
 69.60000	 88.95000	 46.65267	 88.95000
 69.80000	 88.64000	 46.46309	 88.64000
 70.00000	 88.27000	 46.23248	 88.27000
 70.20000	 87.84000	 45.96301	 87.84000
 70.40000	 87.31000	 45.62914	 87.31000
 70.60000	 86.58000	 45.16398	 86.58000
 70.80000	 85.87000	 44.72360	 85.87000
 71.00000	 85.25000	 44.35919	 85.25000
 71.20000	 84.77000	 44.10688	 84.77000
 71.40000	 84.82000	 44.23735	 84.82000
 71.60000	 85.08000	 44.52478	 85.08000
 71.80000	 85.47000	 44.90890	 85.47000
 72.00000	 85.94000	 45.35003	 85.94000
 72.20000	 86.40000	 45.78095	 86.40000
 72.40000	 86.84000	 46.19082	 86.84000
 72.60000	 87.27000	 46.58351	 87.27000
 72.80000	 87.65000	 46.92886	 87.65000
 73.00000	 87.94000	 47.19757	 87.94000
 73.20000	 88.14000	 47.38912	 88.14000
 73.40000	 88.25000	 47.50388	 88.25000
 73.60000	 88.28000	 47.54986	 88.28000
 73.80000	 88.19000	 47.50090	 88.19000
 74.00000	 87.98000	 47.35933	 87.98000
 74.20000	 87.70000	 47.16272	 87.70000
 74.40000	 87.36000	 46.92100	 87.36000
 74.60000	 86.97000	 46.64407	 86.97000
 74.80000	 86.47000	 46.29314	 86.47000
 75.00000	 86.01000	 45.97544	 86.01000
 75.20000	 85.62000	 45.71410	 85.62000
 75.40000	 85.36000	 45.55210	 85.36000
 75.60000	 85.50000	 45.67697	 85.50000
 75.80000	 85.81000	 45.92636	 85.81000
 76.00000	 86.22000	 46.24813	 86.22000
 76.20000	 86.67000	 46.59692	 86.67000
 76.40000	 87.05000	 46.89301	 87.05000
 76.60000	 87.38000	 47.14793	 87.38000
 76.80000	 87.68000	 47.37402	 87.68000
 77.00000	 87.94000	 47.56332	 87.94000
 77.20000	 88.13000	 47.69454	 88.13000
 77.40000	 88.24000	 47.76095	 88.24000
 77.60000	 88.33000	 47.80498	 88.33000
 77.80000	 88.41000	 47.83451	 88.41000
 78.00000	 88.51000	 47.87128	 88.51000
 78.20000	 88.64000	 47.92295	 88.64000
 78.40000	 88.79000	 47.98303	 88.79000
 78.60000	 88.97000	 48.05879	 88.97000
 78.80000	 89.19000	 48.15727	 89.19000
 79.00000	 89.48000	 48.29916	 89.48000
 79.20000	 89.77000	 48.43535	 89.77000
 79.40000	 90.05000	 48.55853	 90.05000
 79.60000	 90.37000	 48.70318	 90.37000
 79.80000	 90.69000	 48.84120	 90.69000
 80.00000	 90.83000	 48.84744	 90.83000
 80.20000	 90.70000	 48.66057	 90.70000
 80.40000	 89.82000	 47.95038	 89.82000
 80.60000	 88.66000	 47.05067	 88.66000
 80.80000	 87.39000	 46.08773	 87.39000
 81.00000	 86.22000	 45.21490	 86.22000
 81.20000	 85.30000	 44.54177	 85.30000
 81.40000	 84.55000	 44.01545	 84.55000
 81.60000	 84.02000	 43.67132	 84.02000
 81.80000	 83.86000	 43.61222	 83.86000
 82.00000	 84.23000	 43.94525	 84.23000
 82.20000	 84.78000	 44.42029	 84.78000
 82.40000	 85.39000	 44.94651	 85.39000
 82.60000	 85.92000	 45.41990	 85.92000
 82.80000	 86.20000	 45.71724	 86.20000
 83.00000	 86.40000	 45.95381	 86.40000
 83.20000	 86.51000	 46.12104	 86.51000
 83.40000	 86.55000	 46.23213	 86.55000
 83.60000	 86.51000	 46.28013	 86.51000
 83.80000	 86.37000	 46.25179	 86.37000
 84.00000	 86.11000	 46.13455	 86.11000
 84.20000	 85.63000	 45.86099	 85.63000
 84.40000	 85.00000	 45.48294	 85.00000
 84.60000	 84.33000	 45.08048	 84.33000
 84.80000	 83.67000	 44.69174	 83.67000
 85.00000	 83.07000	 44.35414	 83.07000
 85.20000	 82.60000	 44.11802	 82.60000
 85.40000	 82.29000	 44.00470	 82.29000
 85.60000	 82.19000	 44.04801	 82.19000
 85.80000	 82.40000	 44.31508	 82.40000
 86.00000	 83.27000	 45.04461	 83.27000
 86.20000	 84.34000	 45.90928	 84.34000
 86.40000	 85.50000	 46.82458	 85.50000
 86.60000	 86.67000	 47.72760	 86.67000
 86.80000	 87.53000	 48.39022	 87.53000
 87.00000	 88.29000	 48.95548	 88.29000
 87.20000	 88.95000	 49.42211	 88.95000
 87.40000	 89.51000	 49.79007	 89.51000
 87.60000	 89.98000	 50.06727	 89.98000
 87.80000	 90.32000	 50.22771	 90.32000
 88.00000	 90.52000	 50.26714	 90.52000
 88.20000	 90.50000	 50.13351	 90.50000
 88.40000	 90.17000	 49.76907	 90.17000
 88.60000	 89.74000	 49.32580	 89.74000
 88.80000	 89.26000	 48.84446	 89.26000
 89.00000	 88.83000	 48.39995	 88.83000
 89.20000	 88.58000	 48.08674	 88.58000
 89.40000	 88.42000	 47.84464	 88.42000
 89.60000	 88.37000	 47.68872	 88.37000
 89.80000	 88.46000	 47.63993	 88.46000
 90.00000	 88.92000	 47.85691	 88.92000
 90.20000	 89.49000	 48.15577	 89.49000
 90.40000	 90.06000	 48.45642	 90.06000
 90.60000	 90.56000	 48.70712	 90.56000
 90.80000	 90.69000	 48.69750	 90.69000
 91.00000	 90.63000	 48.55325	 90.63000
 91.20000	 90.48000	 48.34576	 90.48000
 91.40000	 90.26000	 48.09120	 90.26000
 91.60000	 90.13000	 47.90302	 90.13000
 91.80000	 89.99000	 47.71319	 89.99000
 92.00000	 89.80000	 47.49512	 89.80000
 92.20000	 89.55000	 47.24311	 89.55000
 92.40000	 89.18000	 46.91692	 89.18000
 92.60000	 88.68000	 46.51150	 88.68000
 92.80000	 88.13000	 46.08474	 88.13000
 93.00000	 87.52000	 45.63190	 87.52000
 93.20000	 86.85000	 45.15507	 86.85000
 93.40000	 86.04000	 44.60071	 86.04000
 93.60000	 85.29000	 44.11004	 85.29000
 93.80000	 84.68000	 43.73995	 84.68000
 94.00000	 84.26000	 43.52506	 84.26000
 94.20000	 84.40000	 43.72050	 84.40000
 94.40000	 84.78000	 44.09872	 84.78000
 94.60000	 85.35000	 44.61857	 85.35000
 94.80000	 86.05000	 45.23153	 86.05000
 95.00000	 86.90000	 45.94479	 86.90000
 95.20000	 87.80000	 46.68229	 87.80000
 95.40000	 88.67000	 47.38269	 88.67000
 95.60000	 89.44000	 47.99290	 89.44000
 95.80000	 89.95000	 48.39900	 89.95000
 96.00000	 90.34000	 48.69778	 90.34000
 96.20000	 90.60000	 48.88308	 90.60000
 96.40000	 90.75000	 48.97060	 90.75000
 96.60000	 90.77000	 48.94900	 90.77000
 96.80000	 90.68000	 48.83539	 90.68000
 97.00000	 90.46000	 48.61956	 90.46000
 97.20000	 90.01000	 48.23624	 90.01000
 97.40000	 89.37000	 47.71833	 89.37000
 97.60000	 88.73000	 47.20336	 88.73000
 97.80000	 88.16000	 46.74465	 88.16000
 98.00000	 87.92000	 46.52605	 87.92000
 98.20000	 88.08000	 46.59662	 88.08000
 98.40000	 88.38000	 46.77345	 88.38000
 98.60000	 88.75000	 47.00479	 88.75000
 98.80000	 89.13000	 47.24580	 89.13000
 99.00000	 89.42000	 47.42428	 89.42000
 99.20000	 89.66000	 47.56623	 89.66000
 99.40000	 89.83000	 47.65668	 89.83000
 99.60000	 89.89000	 47.66747	 89.89000
 99.80000	 89.75000	 47.53659	 89.75000
100.00000	 89.50000	 47.32830	 89.50000
100.20000	 89.17000	 47.06569	 89.17000
100.40000	 88.76000	 46.75124	 88.76000
100.60000	 88.33000	 46.42916	 88.33000
100.80000	 87.84000	 46.07396	 87.84000
101.00000	 87.30000	 45.69479	 87.30000
101.20000	 86.72000	 45.30068	 86.72000
101.40000	 85.97000	 44.80332	 85.97000
101.60000	 85.17000	 44.28858	 85.17000
101.80000	 84.45000	 43.84904	 84.45000
102.00000	 83.89000	 43.54141	 83.89000
102.20000	 83.68000	 43.49722	 83.68000
102.40000	 83.84000	 43.72744	 83.84000
102.60000	 84.21000	 44.11581	 84.21000
102.80000	 84.72000	 44.60778	 84.72000
103.00000	 85.39000	 45.21116	 85.39000
103.20000	 86.16000	 45.87807	 86.16000
103.40000	 86.95000	 46.54713	 86.95000
103.60000	 87.69000	 47.16481	 87.69000
103.80000	 88.21000	 47.60951	 88.21000
104.00000	 88.59000	 47.93542	 88.59000
104.20000	 88.92000	 48.20508	 88.92000
104.40000	 89.23000	 48.43999	 89.23000
104.60000	 89.72000	 48.77986	 89.72000
104.80000	 90.16000	 49.06485	 90.16000
105.00000	 90.52000	 49.27451	 90.52000
105.20000	 90.71000	 49.34747	 90.71000
105.40000	 90.48000	 49.11253	 90.48000
105.60000	 90.16000	 48.80373	 90.16000
105.80000	 89.81000	 48.46768	 89.81000
106.00000	 89.53000	 48.17823	 89.53000
106.20000	 89.43000	 48.01502	 89.43000
106.40000	 89.43000	 47.92406	 89.43000
106.60000	 89.55000	 47.91978	 89.55000
106.80000	 89.94000	 48.10588	 89.94000
107.00000	 90.58000	 48.46624	 90.58000
107.20000	 91.22000	 48.82374	 91.22000
107.40000	 91.79000	 49.12681	 91.79000
107.60000	 92.00000	 49.17220	 92.00000
107.80000	 91.80000	 48.92612	 91.80000
108.00000	 91.45000	 48.57266	 91.45000
108.20000	 91.00000	 48.15069	 91.00000
108.40000	 90.58000	 47.75461	 90.58000
108.60000	 90.26000	 47.43625	 90.26000
108.80000	 89.91000	 47.10737	 89.91000
109.00000	 89.51000	 46.75585	 89.51000
109.20000	 89.05000	 46.37642	 89.05000
109.40000	 88.33000	 45.83199	 88.33000
109.60000	 87.57000	 45.27826	 87.57000
109.80000	 86.82000	 44.75257	 86.82000
110.00000	 86.12000	 44.28458	 86.12000
110.20000	 85.51000	 43.90308	 85.51000
110.40000	 85.04000	 43.64272	 85.04000
110.60000	 84.75000	 43.52999	 84.75000
110.80000	 84.69000	 43.59703	 84.69000
111.00000	 85.10000	 44.00641	 85.10000
111.20000	 85.74000	 44.58480	 85.74000
111.40000	 86.54000	 45.27624	 86.54000
111.60000	 87.45000	 46.03865	 87.45000
111.80000	 88.47000	 46.86514	 88.47000
112.00000	 89.39000	 47.60354	 89.39000
112.20000	 90.11000	 48.17994	 90.11000
112.40000	 90.19000	 48.28685	 90.19000
112.60000	 89.82000	 48.05899	 89.82000
112.80000	 89.28000	 47.69645	 89.28000
113.00000	 88.68000	 47.28182	 88.68000
113.20000	 88.43000	 47.10537	 88.43000
113.40000	 88.29000	 47.00308	 88.29000
113.60000	 88.21000	 46.94162	 88.21000
113.80000	 88.19000	 46.92172	 88.19000
114.00000	 88.24000	 46.95056	 88.24000
114.20000	 88.34000	 47.01394	 88.34000
114.40000	 88.42000	 47.06269	 88.42000
114.60000	 88.46000	 47.08257	 88.46000
114.80000	 88.37000	 47.01111	 88.37000
115.00000	 88.07000	 46.79370	 88.07000
115.20000	 87.71000	 46.53664	 87.71000
115.40000	 87.32000	 46.26301	 87.32000
115.60000	 86.91000	 45.98181	 86.91000
115.80000	 86.39000	 45.63238	 86.39000
116.00000	 85.99000	 45.37654	 85.99000
116.20000	 85.79000	 45.27068	 85.79000
116.40000	 85.89000	 45.38345	 85.89000
116.60000	 86.85000	 46.10063	 86.85000
116.80000	 88.01000	 46.95581	 88.01000
117.00000	 89.26000	 47.86420	 89.26000
117.20000	 90.35000	 48.64467	 90.35000
117.40000	 91.06000	 49.13942	 91.06000
117.60000	 91.66000	 49.53435	 91.66000
117.80000	 92.18000	 49.85008	 92.18000
118.00000	 92.73000	 50.16357	 92.73000
118.20000	 93.28000	 50.45459	 93.28000
118.40000	 93.75000	 50.66839	 93.75000
118.60000	 94.12000	 50.79249	 94.12000
118.80000	 94.32000	 50.78045	 94.32000
119.00000	 94.37000	 50.64929	 94.37000
119.20000	 94.30000	 50.42370	 94.30000
119.40000	 94.09000	 50.09401	 94.09000
119.60000	 93.60000	 49.56766	 93.60000
119.80000	 93.06000	 49.01008	 93.06000
120.00000	 92.55000	 48.48200	 92.55000
120.20000	 92.24000	 48.10547	 92.24000
120.40000	 92.23000	 47.95181	 92.23000
120.60000	 92.34000	 47.89548	 92.34000
120.80000	 92.51000	 47.89333	 92.51000
121.00000	 92.70000	 47.91579	 92.70000
121.20000	 92.88000	 47.94024	 92.88000
121.40000	 93.02000	 47.94432	 93.02000
121.60000	 93.10000	 47.91305	 93.10000
121.80000	 92.97000	 47.74174	 92.97000
122.00000	 92.76000	 47.52152	 92.76000
122.20000	 92.47000	 47.25363	 92.47000
122.40000	 92.11000	 46.94649	 92.11000
122.60000	 91.68000	 46.60178	 91.68000
122.80000	 91.22000	 46.24900	 91.22000
123.00000	 90.76000	 45.91050	 90.76000
123.20000	 90.34000	 45.61519	 90.34000
123.40000	 90.01000	 45.39828	 90.01000
123.60000	 89.69000	 45.20388	 89.69000
123.80000	 89.38000	 45.03145	 89.38000
124.00000	 89.13000	 44.91497	 89.13000
124.20000	 88.85000	 44.79084	 88.85000
124.40000	 88.43000	 44.58180	 88.43000
124.60000	 87.71000	 44.17689	 87.71000
124.80000	 86.44000	 43.40461	 86.44000
125.00000	 85.06000	 42.57562	 85.06000
125.20000	 83.72000	 41.79902	 83.72000
125.40000	 82.79000	 41.33527	 82.79000
125.60000	 82.16000	 41.10797	 82.16000
125.80000	 81.76000	 41.06612	 81.76000
126.00000	 81.58000	 41.19886	 81.58000
126.20000	 81.82000	 41.63990	 81.82000
126.40000	 82.20000	 42.18757	 82.20000
126.60000	 82.60000	 42.75134	 82.60000
126.80000	 82.87000	 43.22082	 82.87000
127.00000	 82.70000	 43.37655	 82.70000
127.20000	 82.42000	 43.44700	 82.42000
127.40000	 82.06000	 43.45340	 82.06000
127.60000	 81.75000	 43.48696	 81.75000
127.80000	 81.54000	 43.58296	 81.54000
128.00000	 81.32000	 43.66494	 81.32000
128.20000	 81.08000	 43.72600	 81.08000
128.40000	 80.75000	 43.71781	 80.75000
128.60000	 80.27000	 43.59966	 80.27000
128.80000	 79.80000	 43.48443	 79.80000
129.00000	 79.39000	 43.40837	 79.39000
129.20000	 79.07000	 43.39322	 79.07000
129.40000	 78.89000	 43.47384	 78.89000
129.60000	 78.91000	 43.69105	 78.91000
129.80000	 79.18000	 44.07750	 79.18000
130.00000	 79.82000	 44.71305	 79.82000
130.20000	 81.10000	 45.77974	 81.10000
130.40000	 82.58000	 46.96343	 82.58000
130.60000	 84.17000	 48.19315	 84.17000
130.80000	 85.66000	 49.31554	 85.66000
131.00000	 86.99000	 50.28368	 86.99000
131.20000	 88.22000	 51.13631	 88.22000
131.40000	 89.32000	 51.85140	 89.32000
131.60000	 90.20000	 52.36689	 90.20000
131.80000	 90.91000	 52.71986	 90.91000
132.00000	 91.44000	 52.90703	 91.44000
132.20000	 91.78000	 52.92625	 91.78000
132.40000	 91.79000	 52.68613	 91.79000
132.60000	 91.65000	 52.31903	 91.65000
132.80000	 91.44000	 51.88804	 91.44000
133.00000	 91.22000	 51.44182	 91.22000
133.20000	 91.19000	 51.12525	 91.19000
133.40000	 91.19000	 50.83113	 91.19000
133.60000	 91.21000	 50.55552	 91.21000
133.80000	 91.23000	 50.28689	 91.23000
134.00000	 91.30000	 50.06180	 91.30000
134.20000	 91.34000	 49.82592	 91.34000
134.40000	 91.31000	 49.55253	 91.31000
134.60000	 91.19000	 49.22902	 91.19000
134.80000	 90.67000	 48.64181	 90.67000
135.00000	 90.06000	 48.00995	 90.06000
135.20000	 89.48000	 47.42042	 89.48000
135.40000	 89.02000	 46.93836	 89.02000
135.60000	 89.12000	 46.87028	 89.12000
135.80000	 89.51000	 47.02563	 89.51000
136.00000	 89.97000	 47.24682	 89.97000
136.20000	 90.44000	 47.48740	 90.44000
136.40000	 90.66000	 47.56267	 90.66000
136.60000	 90.72000	 47.53313	 90.72000
136.80000	 90.65000	 47.41900	 90.65000
137.00000	 90.47000	 47.23447	 90.47000
137.20000	 90.14000	 46.95276	 90.14000
137.40000	 89.68000	 46.58952	 89.68000
137.60000	 89.13000	 46.17481	 89.13000
137.80000	 88.51000	 45.72494	 88.51000
138.00000	 87.74000	 45.18680	 87.74000
138.20000	 86.88000	 44.60489	 86.88000
138.40000	 86.06000	 44.07225	 86.06000
138.60000	 85.35000	 43.63934	 85.35000
138.80000	 84.83000	 43.36223	 84.83000
139.00000	 84.86000	 43.48962	 84.86000
139.20000	 85.07000	 43.75976	 85.07000
139.40000	 85.40000	 44.12536	 85.40000
139.60000	 85.81000	 44.55296	 85.81000
139.80000	 86.18000	 44.95382	 86.18000
140.00000	 86.54000	 45.34445	 86.54000
140.20000	 86.88000	 45.71438	 86.88000
140.40000	 87.19000	 46.05392	 87.19000
140.60000	 87.44000	 46.34022	 87.44000
140.80000	 87.61000	 46.55826	 87.61000
141.00000	 87.68000	 46.69389	 87.68000
141.20000	 87.64000	 46.74079	 87.64000
141.40000	 87.32000	 46.58238	 87.32000
141.60000	 86.77000	 46.25661	 86.77000
141.80000	 86.18000	 45.89974	 86.18000
142.00000	 85.64000	 45.57826	 85.64000
142.20000	 85.29000	 45.39234	 85.29000
142.40000	 85.30000	 45.46116	 85.30000
142.60000	 85.47000	 45.64441	 85.47000
142.80000	 85.80000	 45.93964	 85.80000
143.00000	 86.30000	 46.35063	 86.30000
143.20000	 87.07000	 46.94295	 87.07000
143.40000	 87.88000	 47.55197	 87.88000
143.60000	 88.65000	 48.11781	 88.65000
143.80000	 89.25000	 48.54700	 89.25000
144.00000	 89.52000	 48.72719	 89.52000
144.20000	 89.63000	 48.77770	 89.63000
144.40000	 89.57000	 48.69406	 89.57000
144.60000	 89.33000	 48.47278	 89.33000
144.80000	 88.90000	 48.11119	 88.90000
145.00000	 88.37000	 47.67676	 88.37000
145.20000	 87.79000	 47.20912	 87.79000
145.40000	 87.16000	 46.71280	 87.16000
145.60000	 86.51000	 46.21266	 86.51000
145.80000	 85.95000	 45.78849	 85.95000
146.00000	 85.54000	 45.48406	 85.54000
146.20000	 85.36000	 45.35548	 85.36000
146.40000	 85.84000	 45.69985	 85.84000
146.60000	 86.49000	 46.17135	 86.49000
146.80000	 87.21000	 46.69440	 87.21000
147.00000	 87.90000	 47.19390	 87.90000
147.20000	 88.17000	 47.39465	 88.17000
147.40000	 88.30000	 47.49009	 88.30000
147.60000	 88.35000	 47.52217	 88.35000
147.80000	 88.32000	 47.49183	 88.32000
148.00000	 88.31000	 47.46986	 88.31000
148.20000	 88.26000	 47.41572	 88.26000
148.40000	 88.16000	 47.32375	 88.16000
148.60000	 88.02000	 47.20230	 88.02000
148.80000	 87.80000	 47.02515	 87.80000
149.00000	 87.48000	 46.78022	 87.48000
149.20000	 87.13000	 46.51832	 87.13000
149.40000	 86.76000	 46.24840	 86.76000
149.60000	 86.40000	 45.99306	 86.40000
149.80000	 85.97000	 45.69813	 85.97000
150.00000	 85.55000	 45.42066	 85.55000
150.20000	 85.27000	 45.25193	 85.27000
150.40000	 85.19000	 45.23341	 85.19000
150.60000	 85.49000	 45.48835	 85.49000
150.80000	 86.34000	 46.13057	 86.34000
151.00000	 87.39000	 46.90985	 87.39000
151.20000	 88.55000	 47.75618	 88.55000
151.40000	 89.70000	 48.57928	 89.70000
151.60000	 90.77000	 49.32490	 90.77000
151.80000	 91.77000	 49.99601	 91.77000
152.00000	 92.68000	 50.57617	 92.68000
152.20000	 93.36000	 50.96698	 93.36000
152.40000	 93.86000	 51.20405	 93.86000
152.60000	 94.27000	 51.35212	 94.27000
152.80000	 94.64000	 51.44877	 94.64000
153.00000	 95.19000	 51.64961	 95.19000
153.20000	 95.70000	 51.80344	 95.70000
153.40000	 96.09000	 51.85648	 96.09000
153.60000	 96.29000	 51.76262	 96.29000
153.80000	 96.17000	 51.43524	 96.17000
154.00000	 95.84000	 50.95600	 95.84000
154.20000	 95.32000	 50.34481	 95.32000
154.40000	 94.51000	 49.53867	 94.51000
154.60000	 93.48000	 48.59347	 93.48000
154.80000	 92.36000	 47.60695	 92.36000
155.00000	 91.21000	 46.62749	 91.21000
155.20000	 90.19000	 45.77166	 90.19000
155.40000	 89.33000	 45.06373	 89.33000
155.60000	 88.58000	 44.47034	 88.58000
155.80000	 87.96000	 44.00534	 87.96000
156.00000	 87.49000	 43.68127	 87.49000
156.20000	 87.40000	 43.65513	 87.40000
156.40000	 87.40000	 43.72050	 87.40000
156.60000	 87.41000	 43.81655	 87.41000
156.80000	 87.37000	 43.89685	 87.37000
157.00000	 87.03000	 43.78400	 87.03000
157.20000	 86.49000	 43.54601	 86.49000
157.40000	 85.85000	 43.25234	 85.85000
157.60000	 85.15000	 42.93134	 85.15000
157.80000	 84.42000	 42.60459	 84.42000
158.00000	 83.73000	 42.32134	 83.73000
158.20000	 83.02000	 42.04009	 83.02000
158.40000	 82.28000	 41.75395	 82.28000
158.60000	 81.52000	 41.46996	 81.52000
158.80000	 80.64000	 41.11874	 80.64000
159.00000	 79.68000	 40.72875	 79.68000
159.20000	 78.76000	 40.38418	 78.76000
159.40000	 77.95000	 40.13395	 77.95000
159.60000	 77.31000	 40.01898	 77.31000
159.80000	 76.93000	 40.09978	 76.93000
160.00000	 76.83000	 40.38663	 76.83000
160.20000	 76.98000	 40.85359	 76.98000
160.40000	 77.43000	 41.52925	 77.43000
160.60000	 78.28000	 42.47578	 78.28000
160.80000	 79.76000	 43.84402	 79.76000
161.00000	 81.40000	 45.29623	 81.40000
161.20000	 83.05000	 46.71776	 83.05000
161.40000	 84.53000	 47.97517	 84.53000
161.60000	 85.55000	 48.86172	 85.55000
161.80000	 86.40000	 49.57775	 86.40000
162.00000	 87.11000	 50.14510	 87.11000
162.20000	 87.73000	 50.60087	 87.73000
162.40000	 88.28000	 50.96212	 88.28000
162.60000	 88.71000	 51.19782	 88.71000
162.80000	 88.98000	 51.28461	 88.98000
163.00000	 89.04000	 51.19303	 89.04000
163.20000	 88.84000	 50.89459	 88.84000
163.40000	 88.53000	 50.50071	 88.53000
163.60000	 88.15000	 50.04629	 88.15000
163.80000	 87.76000	 49.57960	 87.76000
164.00000	 87.40000	 49.13410	 87.40000
164.20000	 87.10000	 48.73522	 87.10000
164.40000	 86.91000	 48.42106	 86.91000
164.60000	 86.86000	 48.21443	 86.86000
164.80000	 87.30000	 48.35884	 87.30000
165.00000	 87.92000	 48.63615	 87.92000
165.20000	 88.57000	 48.93843	 88.57000
165.40000	 89.18000	 49.21359	 89.18000
165.60000	 89.50000	 49.28547	 89.50000
165.80000	 89.59000	 49.19548	 89.59000
166.00000	 89.55000	 49.01444	 89.55000
166.20000	 89.40000	 48.75833	 89.40000
166.40000	 89.17000	 48.45049	 89.17000
166.60000	 88.86000	 48.09356	 88.86000
166.80000	 88.47000	 47.69024	 88.47000
167.00000	 88.02000	 47.25715	 88.02000
167.20000	 87.48000	 46.77603	 87.48000
167.40000	 86.75000	 46.18014	 86.75000
167.60000	 86.04000	 45.61854	 86.04000
167.80000	 85.42000	 45.14227	 85.42000
168.00000	 84.96000	 44.80108	 84.96000
168.20000	 84.92000	 44.77504	 84.92000
168.40000	 85.24000	 45.01901	 85.24000
168.60000	 85.71000	 45.38163	 85.71000
168.80000	 86.28000	 45.82224	 86.28000
169.00000	 86.90000	 46.30035	 86.90000
169.20000	 87.51000	 46.76906	 87.51000
169.40000	 88.10000	 47.21709	 88.10000
169.60000	 88.62000	 47.60631	 88.62000
169.80000	 89.03000	 47.90666	 89.03000
170.00000	 89.24000	 48.05467	 89.24000
170.20000	 89.33000	 48.10650	 89.33000
170.40000	 89.30000	 48.06369	 89.30000
170.60000	 89.14000	 47.92155	 89.14000
170.80000	 88.69000	 47.57193	 88.69000
171.00000	 88.19000	 47.18590	 88.19000
171.20000	 87.70000	 46.80926	 87.70000
171.40000	 87.27000	 46.48010	 87.27000
171.60000	 87.09000	 46.33268	 87.09000
171.80000	 87.10000	 46.32554	 87.10000
172.00000	 87.27000	 46.43662	 87.27000
172.20000	 87.59000	 46.65675	 87.59000
172.40000	 88.21000	 47.08704	 88.21000
172.60000	 89.07000	 47.68125	 89.07000
172.80000	 89.95000	 48.28121	 89.95000
173.00000	 90.73000	 48.79895	 90.73000
173.20000	 91.17000	 49.06484	 91.17000
173.40000	 91.19000	 49.02325	 91.19000
173.60000	 91.02000	 48.83679	 91.02000
173.80000	 90.69000	 48.53029	 90.69000
174.00000	 90.25000	 48.14299	 90.25000
174.20000	 89.75000	 47.71425	 89.75000
174.40000	 89.18000	 47.24147	 89.18000
174.60000	 88.57000	 46.74956	 88.57000
174.80000	 87.93000	 46.24906	 87.93000
175.00000	 87.20000	 45.70147	 87.20000
175.20000	 86.51000	 45.20008	 86.51000
175.40000	 85.94000	 44.80251	 85.94000
175.60000	 85.54000	 44.54419	 85.54000
175.80000	 85.56000	 44.59778	 85.56000
176.00000	 86.06000	 45.00112	 86.06000
176.20000	 86.69000	 45.50462	 86.69000
176.40000	 87.38000	 46.05303	 87.38000
176.60000	 88.02000	 46.56396	 88.02000
176.80000	 88.41000	 46.89390	 88.41000
177.00000	 88.70000	 47.14476	 88.70000
177.20000	 88.88000	 47.30858	 88.88000
177.40000	 88.95000	 47.38537	 88.95000
177.60000	 88.84000	 47.32745	 88.84000
177.80000	 88.62000	 47.18549	 88.62000
178.00000	 88.29000	 46.96213	 88.29000
178.20000	 87.87000	 46.67426	 87.87000
178.40000	 87.30000	 46.28343	 87.30000
178.60000	 86.66000	 45.84887	 86.66000
178.80000	 85.98000	 45.39497	 85.98000
179.00000	 85.30000	 44.95265	 85.30000
179.20000	 84.64000	 44.53834	 84.64000
179.40000	 84.01000	 44.16083	 84.01000
179.60000	 83.49000	 43.87682	 83.49000
179.80000	 83.13000	 43.72103	 83.13000
180.00000	 82.96000	 43.71302	 82.96000
180.20000	 83.23000	 44.02371	 83.23000
180.40000	 83.84000	 44.57837	 83.84000
180.60000	 84.61000	 45.24513	 84.61000
180.80000	 85.47000	 45.96846	 85.47000
181.00000	 86.37000	 46.70725	 86.37000
181.20000	 87.23000	 47.40041	 87.23000
181.40000	 88.05000	 48.04377	 88.05000
181.60000	 88.78000	 48.59959	 88.78000
181.80000	 89.29000	 48.97604	 89.29000
182.00000	 89.57000	 49.16661	 89.57000
182.20000	 89.74000	 49.25683	 89.74000
182.40000	 89.82000	 49.26350	 89.82000
182.60000	 89.88000	 49.23851	 89.88000
182.80000	 89.93000	 49.19194	 89.93000
183.00000	 89.96000	 49.11970	 89.96000
183.20000	 89.99000	 49.03837	 89.99000
183.40000	 90.02000	 48.95030	 90.02000
183.60000	 90.09000	 48.88532	 90.09000
183.80000	 90.17000	 48.82411	 90.17000
184.00000	 90.27000	 48.77485	 90.27000
184.20000	 90.40000	 48.74542	 90.40000
184.40000	 90.66000	 48.80579	 90.66000
184.60000	 90.91000	 48.85839	 90.91000
184.80000	 91.12000	 48.88217	 91.12000
185.00000	 91.25000	 48.84941	 91.25000
185.20000	 91.09000	 48.61504	 91.09000
185.40000	 90.87000	 48.34117	 90.87000
185.60000	 90.64000	 48.06504	 90.64000
185.80000	 90.53000	 47.87899	 90.53000
186.00000	 90.59000	 47.81864	 90.59000
186.20000	 90.66000	 47.77243	 90.66000
186.40000	 90.67000	 47.69124	 90.67000
186.60000	 90.48000	 47.47775	 90.48000
186.80000	 90.18000	 47.19563	 90.18000
187.00000	 89.80000	 46.86737	 89.80000
187.20000	 89.35000	 46.50178	 89.35000
187.40000	 88.89000	 46.14241	 88.89000
187.60000	 88.37000	 45.75612	 88.37000
187.80000	 87.79000	 45.34448	 87.79000
188.00000	 87.13000	 44.89514	 87.13000
188.20000	 86.34000	 44.37507	 86.34000
188.40000	 85.40000	 43.77246	 85.40000
188.60000	 84.44000	 43.18009	 84.44000
188.80000	 83.49000	 42.62078	 83.49000
189.00000	 82.60000	 42.13058	 82.60000
189.20000	 81.80000	 41.73071	 81.80000
189.40000	 81.13000	 41.44834	 81.13000
189.60000	 80.63000	 41.30953	 80.63000
189.80000	 80.34000	 41.33916	 80.34000
190.00000	 80.38000	 41.61635	 80.38000
190.20000	 80.98000	 42.29475	 80.98000
190.40000	 81.75000	 43.09466	 81.75000
190.60000	 82.63000	 43.96563	 82.63000
190.80000	 83.53000	 44.83705	 83.53000
191.00000	 84.20000	 45.52861	 84.20000
191.20000	 84.78000	 46.13351	 84.78000
191.40000	 85.29000	 46.66318	 85.29000
191.60000	 85.73000	 47.11637	 85.73000
191.80000	 86.11000	 47.49973	 86.11000
192.00000	 86.39000	 47.78600	 86.39000
192.20000	 86.57000	 47.97660	 86.57000
192.40000	 86.64000	 48.06676	 86.64000
192.60000	 86.44000	 47.94832	 86.44000
192.80000	 86.08000	 47.70213	 86.08000
193.00000	 85.70000	 47.43042	 85.70000
193.20000	 85.37000	 47.18632	 85.37000
193.40000	 85.23000	 47.07056	 85.23000
193.60000	 85.39000	 47.16119	 85.39000
193.80000	 85.67000	 47.33271	 85.67000
194.00000	 86.06000	 47.57687	 86.06000
194.20000	 86.54000	 47.87797	 86.54000
194.40000	 87.14000	 48.25473	 87.14000
194.60000	 87.76000	 48.63525	 87.76000
194.80000	 88.35000	 48.98269	 88.35000
195.00000	 88.86000	 49.26089	 88.86000
195.20000	 89.16000	 49.37911	 89.16000
195.40000	 89.33000	 49.39405	 89.33000
195.60000	 89.38000	 49.31468	 89.38000
195.80000	 89.29000	 49.12977	 89.29000
196.00000	 88.97000	 48.78017	 88.97000
196.20000	 88.52000	 48.33971	 88.52000
196.40000	 87.97000	 47.83385	 87.97000
196.60000	 87.34000	 47.28101	 87.34000
196.80000	 86.59000	 46.65773	 86.59000
197.00000	 85.76000	 45.99608	 85.76000
197.20000	 84.99000	 45.39718	 84.99000
197.40000	 84.32000	 44.89150	 84.32000
197.60000	 83.85000	 44.54977	 83.85000
197.80000	 83.95000	 44.62819	 83.95000
198.00000	 84.23000	 44.85144	 84.23000
198.20000	 84.64000	 45.17943	 84.64000
198.40000	 85.11000	 45.55797	 85.11000
198.60000	 85.55000	 45.91937	 85.55000
198.80000	 85.95000	 46.25243	 85.95000
199.00000	 86.32000	 46.56081	 86.32000
199.20000	 86.64000	 46.82811	 86.64000
199.40000	 86.86000	 47.01792	 86.86000
199.60000	 86.98000	 47.12959	 86.98000
199.80000	 87.01000	 47.17029	 87.01000
200.00000	 86.95000	 47.14094	 86.95000
200.20000	 86.75000	 47.00833	 86.75000
200.40000	 86.38000	 46.75390	 86.38000
200.60000	 85.95000	 46.45715	 85.95000
200.80000	 85.48000	 46.13501	 85.48000
201.00000	 85.01000	 45.81807	 85.01000
201.20000	 84.51000	 45.48785	 84.51000
201.40000	 84.06000	 45.20195	 84.06000
201.60000	 83.76000	 45.03105	 83.76000
201.80000	 83.64000	 44.99592	 83.64000
202.00000	 83.93000	 45.25474	 83.93000
202.20000	 84.74000	 45.87972	 84.74000
202.40000	 85.69000	 46.60000	 85.69000
202.60000	 86.68000	 47.33925	 86.68000
202.80000	 87.58000	 48.00121	 87.58000
203.00000	 88.13000	 48.40116	 88.13000
203.20000	 88.56000	 48.69772	 88.56000
203.40000	 88.88000	 48.89804	 88.88000
203.60000	 89.08000	 48.99636	 89.08000
203.80000	 89.16000	 48.99469	 89.16000
204.00000	 89.14000	 48.90965	 89.14000
204.20000	 89.02000	 48.74435	 89.02000
204.40000	 88.82000	 48.51614	 88.82000
204.60000	 88.52000	 48.21468	 88.52000
204.80000	 88.13000	 47.85062	 88.13000
205.00000	 87.72000	 47.47630	 87.72000
205.20000	 87.29000	 47.09498	 87.29000
205.40000	 86.88000	 46.73723	 86.88000
205.60000	 86.51000	 46.41904	 86.51000
205.80000	 86.20000	 46.15566	 86.20000
206.00000	 85.97000	 45.96158	 85.97000
206.20000	 85.84000	 45.85048	 85.84000
206.40000	 85.99000	 45.94623	 85.99000
206.60000	 86.33000	 46.18347	 86.33000
206.80000	 86.71000	 46.45422	 86.71000
207.00000	 87.05000	 46.69934	 87.05000
207.20000	 87.21000	 46.81889	 87.21000
207.40000	 87.08000	 46.73545	 87.08000
207.60000	 86.85000	 46.58196	 86.85000
207.80000	 86.53000	 46.36699	 86.53000
208.00000	 86.16000	 46.12028	 86.16000
208.20000	 85.81000	 45.89238	 85.81000
208.40000	 85.43000	 45.65009	 85.43000
208.60000	 85.02000	 45.39476	 85.02000
208.80000	 84.59000	 45.13464	 84.59000
209.00000	 84.10000	 44.84307	 84.10000
209.20000	 83.56000	 44.52825	 83.56000
209.40000	 83.07000	 44.26083	 83.07000
209.60000	 82.64000	 44.04834	 82.64000
209.80000	 82.31000	 43.91844	 82.31000
210.00000	 82.16000	 43.92577	 82.16000
210.20000	 82.15000	 44.04042	 82.15000
210.40000	 82.31000	 44.28032	 82.31000
210.60000	 82.65000	 44.64873	 82.65000
210.80000	 83.40000	 45.30086	 83.40000
211.00000	 84.32000	 46.06365	 84.32000
211.20000	 85.28000	 46.84029	 85.28000
211.40000	 86.20000	 47.56960	 86.20000
211.60000	 86.83000	 48.07381	 86.83000
211.80000	 87.28000	 48.42793	 87.28000
212.00000	 87.62000	 48.68092	 87.62000
212.20000	 87.84000	 48.82722	 87.84000
212.40000	 87.95000	 48.87601	 87.95000
212.60000	 87.97000	 48.84406	 87.97000
212.80000	 87.87000	 48.71381	 87.87000
213.00000	 87.67000	 48.50288	 87.67000
213.20000	 87.30000	 48.16666	 87.30000
213.40000	 86.79000	 47.73055	 86.79000
213.60000	 86.24000	 47.26884	 86.24000
213.80000	 85.69000	 46.81363	 85.69000
214.00000	 85.19000	 46.40320	 85.19000
214.20000	 84.91000	 46.15810	 84.91000
214.40000	 84.73000	 45.99556	 84.73000
214.60000	 84.62000	 45.89434	 84.62000
214.80000	 84.59000	 45.86040	 84.59000
215.00000	 84.66000	 45.90613	 84.66000
215.20000	 84.84000	 46.03638	 84.84000
215.40000	 85.04000	 46.18610	 85.04000
215.60000	 85.24000	 46.33903	 85.24000
215.80000	 85.40000	 46.46535	 85.40000
216.00000	 85.41000	 46.48729	 85.41000
216.20000	 85.34000	 46.45323	 85.34000
216.40000	 85.22000	 46.38438	 85.22000
216.60000	 85.05000	 46.28143	 85.05000
216.80000	 84.82000	 46.13836	 84.82000
217.00000	 84.51000	 45.94246	 84.51000
217.20000	 84.19000	 45.74381	 84.19000
217.40000	 83.88000	 45.55758	 83.88000
217.60000	 83.61000	 45.40555	 83.61000
217.80000	 83.40000	 45.30206	 83.40000
218.00000	 83.27000	 45.26089	 83.27000
218.20000	 83.25000	 45.30212	 83.25000
218.40000	 83.34000	 45.42434	 83.34000
218.60000	 83.62000	 45.68103	 83.62000
218.80000	 84.22000	 46.15936	 84.22000
219.00000	 84.91000	 46.69496	 84.91000
219.20000	 85.63000	 47.24161	 85.63000
219.40000	 86.32000	 47.75370	 86.32000
219.60000	 86.82000	 48.11724	 86.82000
219.80000	 87.25000	 48.41449	 87.25000
220.00000	 87.57000	 48.61753	 87.57000
220.20000	 87.78000	 48.72718	 87.78000
220.40000	 87.82000	 48.70343	 87.82000
220.60000	 87.73000	 48.57679	 87.73000
220.80000	 87.52000	 48.35752	 87.52000
221.00000	 87.18000	 48.04244	 87.18000
221.20000	 86.67000	 47.60789	 86.67000
221.40000	 86.00000	 47.06548	 86.00000
221.60000	 85.27000	 46.48959	 85.27000
221.80000	 84.51000	 45.90558	 84.51000
222.00000	 83.77000	 45.35202	 83.77000
222.20000	 83.05000	 44.83187	 83.05000
222.40000	 82.43000	 44.40275	 82.43000
222.60000	 81.95000	 44.09329	 81.95000
222.80000	 81.66000	 43.93770	 81.66000
223.00000	 81.70000	 44.03114	 81.70000
223.20000	 82.33000	 44.54986	 82.33000
223.40000	 83.12000	 45.18772	 83.12000
223.60000	 84.01000	 45.89533	 84.01000
223.80000	 84.92000	 46.60997	 84.92000
224.00000	 85.56000	 47.12426	 85.56000
224.20000	 86.09000	 47.54608	 86.09000
224.40000	 86.57000	 47.91534	 86.57000
224.60000	 87.00000	 48.23113	 87.00000
224.80000	 87.40000	 48.50715	 87.40000
225.00000	 87.78000	 48.75055	 87.78000
225.20000	 88.15000	 48.96885	 88.15000
225.40000	 88.51000	 49.16277	 88.51000
225.60000	 88.91000	 49.36789	 88.91000
225.80000	 89.37000	 49.59874	 89.37000
226.00000	 89.83000	 49.81398	 89.83000
226.20000	 90.27000	 50.00018	 90.27000
226.40000	 90.68000	 50.15107	 90.68000
226.60000	 91.06000	 50.26757	 91.06000
226.80000	 91.37000	 50.32307	 91.37000
227.00000	 91.62000	 50.32611	 91.62000
227.20000	 91.74000	 50.22996	 91.74000
227.40000	 91.76000	 50.05803	 91.76000
227.60000	 91.70000	 49.82711	 91.70000
227.80000	 91.58000	 49.55416	 91.58000
228.00000	 91.46000	 49.28380	 91.46000
228.20000	 91.27000	 48.96995	 91.27000
228.40000	 90.99000	 48.60126	 90.99000
228.60000	 90.56000	 48.13877	 90.56000
228.80000	 89.99000	 47.59257	 89.99000
229.00000	 89.32000	 46.99393	 89.32000
229.20000	 88.57000	 46.36016	 88.57000
229.40000	 87.74000	 45.69448	 87.74000
229.60000	 86.84000	 45.00686	 86.84000
229.80000	 85.90000	 44.32082	 85.90000
230.00000	 84.93000	 43.64555	 84.93000
230.20000	 83.97000	 43.01056	 83.97000
230.40000	 82.97000	 42.38219	 82.97000
230.60000	 81.93000	 41.76120	 81.93000
230.80000	 80.99000	 41.24527	 80.99000
231.00000	 80.19000	 40.86152	 80.19000
231.20000	 79.59000	 40.64971	 79.59000
231.40000	 79.44000	 40.77994	 79.44000
231.60000	 79.70000	 41.21822	 79.70000
231.80000	 80.13000	 41.78963	 80.13000
232.00000	 80.67000	 42.44412	 80.67000
232.20000	 81.28000	 43.14606	 81.28000
232.40000	 81.75000	 43.74257	 81.75000
232.60000	 82.23000	 44.33281	 82.23000
232.80000	 82.71000	 44.90576	 82.71000
233.00000	 83.18000	 45.45122	 83.18000
233.20000	 83.66000	 45.98063	 83.66000
233.40000	 84.11000	 46.46438	 84.11000
233.60000	 84.50000	 46.88055	 84.50000
233.80000	 84.82000	 47.22199	 84.82000
234.00000	 84.96000	 47.41295	 84.96000
234.20000	 84.99000	 47.50405	 84.99000
234.40000	 84.95000	 47.52577	 84.95000
234.60000	 84.83000	 47.47418	 84.83000
234.80000	 84.56000	 47.30400	 84.56000
235.00000	 84.23000	 47.08164	 84.23000
235.20000	 83.96000	 46.89426	 83.96000
235.40000	 83.82000	 46.79335	 83.82000
235.60000	 84.08000	 46.96787	 84.08000
235.80000	 84.73000	 47.40949	 84.73000
236.00000	 85.51000	 47.93394	 85.51000
236.20000	 86.36000	 48.49555	 86.36000
236.40000	 87.17000	 49.01422	 87.17000
236.60000	 87.84000	 49.41782	 87.84000
236.80000	 88.43000	 49.74687	 88.43000
237.00000	 88.90000	 49.97343	 88.90000
237.20000	 89.19000	 50.05673	 89.19000
237.40000	 89.21000	 49.93654	 89.21000
237.60000	 89.10000	 49.71388	 89.10000
237.80000	 88.89000	 49.41391	 88.89000
238.00000	 88.61000	 49.06184	 88.61000
238.20000	 88.37000	 48.73825	 88.37000
238.40000	 88.08000	 48.38398	 88.08000
238.60000	 87.76000	 48.01597	 87.76000
238.80000	 87.40000	 47.62999	 87.40000
239.00000	 86.98000	 47.21463	 86.98000
239.20000	 86.42000	 46.71671	 86.42000
239.40000	 85.90000	 46.26392	 85.90000
239.60000	 85.44000	 45.87202	 85.44000
239.80000	 85.10000	 45.58359	 85.10000
240.00000	 85.12000	 45.56491	 85.12000
240.20000	 85.48000	 45.79919	 85.48000
240.40000	 85.91000	 46.09405	 85.91000
240.60000	 86.35000	 46.40303	 86.35000
240.80000	 86.74000	 46.68027	 86.74000
241.00000	 86.69000	 46.65191	 86.69000
241.20000	 86.53000	 46.54725	 86.53000
241.40000	 86.33000	 46.41591	 86.33000
241.60000	 86.13000	 46.28677	 86.13000
241.80000	 86.07000	 46.25791	 86.07000
242.00000	 86.17000	 46.34299	 86.17000
242.20000	 86.31000	 46.45742	 86.31000
242.40000	 86.50000	 46.60671	 86.50000
242.60000	 86.72000	 46.77546	 86.72000
242.80000	 86.93000	 46.93443	 86.93000
243.00000	 87.16000	 47.10328	 87.16000
243.20000	 87.40000	 47.27401	 87.40000
243.40000	 87.65000	 47.44570	 87.65000
243.60000	 87.95000	 47.64536	 87.95000
243.80000	 88.28000	 47.85819	 88.28000
244.00000	 88.57000	 48.03470	 88.57000
244.20000	 88.80000	 48.16065	 88.80000
244.40000	 88.84000	 48.14601	 88.84000
244.60000	 88.76000	 48.04093	 88.76000
244.80000	 88.64000	 47.90316	 88.64000
245.00000	 88.52000	 47.76267	 88.52000
245.20000	 88.46000	 47.66299	 88.46000
245.40000	 88.42000	 47.57755	 88.42000
245.60000	 88.41000	 47.51415	 88.41000
245.80000	 88.42000	 47.46635	 88.42000
246.00000	 88.46000	 47.44136	 88.46000
246.20000	 88.51000	 47.42529	 88.51000
246.40000	 88.62000	 47.45274	 88.62000
246.60000	 88.79000	 47.52320	 88.79000
246.80000	 88.88000	 47.53864	 88.88000
247.00000	 88.83000	 47.45725	 88.83000
247.20000	 88.38000	 47.09943	 88.38000
247.40000	 87.53000	 46.46861	 87.53000
247.60000	 86.54000	 45.75083	 86.54000
247.80000	 85.51000	 45.02107	 85.51000
248.00000	 84.62000	 44.40902	 84.62000
248.20000	 84.04000	 44.03552	 84.04000
248.40000	 83.53000	 43.73401	 83.53000
248.60000	 83.07000	 43.48987	 83.07000
248.80000	 82.64000	 43.28798	 82.64000
249.00000	 82.04000	 42.98809	 82.04000
249.20000	 81.42000	 42.69399	 81.42000
249.40000	 80.87000	 42.46782	 80.87000
249.60000	 80.45000	 42.35023	 80.45000
249.80000	 80.20000	 42.36706	 80.20000
250.00000	 80.23000	 42.59167	 80.23000
250.20000	 80.47000	 42.97089	 80.47000
250.40000	 80.94000	 43.51317	 80.94000
250.60000	 81.67000	 44.23315	 81.67000
250.80000	 82.94000	 45.31813	 82.94000
251.00000	 84.39000	 46.50879	 84.39000
251.20000	 85.92000	 47.72669	 85.92000
251.40000	 87.43000	 48.89459	 87.43000
251.60000	 88.71000	 49.86069	 88.71000
251.80000	 89.87000	 50.69826	 89.87000
252.00000	 90.89000	 51.39218	 90.89000
252.20000	 91.68000	 51.88044	 91.68000
252.40000	 92.22000	 52.15162	 92.22000
252.60000	 92.62000	 52.28635	 92.62000
252.80000	 92.90000	 52.30354	 92.90000
253.00000	 93.01000	 52.17391	 93.01000
253.20000	 93.08000	 51.99376	 93.08000
253.40000	 93.21000	 51.83812	 93.21000
253.60000	 93.54000	 51.80868	 93.54000
253.80000	 94.34000	 52.09535	 94.34000
254.00000	 95.22000	 52.42654	 95.22000
254.20000	 96.06000	 52.71771	 96.06000
254.40000	 96.63000	 52.80861	 96.63000
254.60000	 96.92000	 52.69378	 96.92000
254.80000	 97.02000	 52.43897	 97.02000
255.00000	 96.93000	 52.04836	 96.93000
255.20000	 96.58000	 51.47827	 96.58000
255.40000	 96.05000	 50.79010	 96.05000
255.60000	 95.37000	 50.01081	 95.37000
255.80000	 94.56000	 49.16035	 94.56000
256.00000	 93.61000	 48.23757	 93.61000
256.20000	 92.58000	 47.28968	 92.58000
256.40000	 91.53000	 46.36323	 91.53000
256.60000	 90.50000	 45.48985	 90.50000
256.80000	 89.57000	 44.72775	 89.57000
257.00000	 88.90000	 44.18909	 88.90000
257.20000	 88.33000	 43.76149	 88.33000
257.40000	 87.86000	 43.44267	 87.86000
257.60000	 87.46000	 43.20877	 87.46000
257.80000	 87.17000	 43.08408	 87.17000
258.00000	 86.99000	 43.06459	 86.99000
258.20000	 86.81000	 43.06947	 86.81000
258.40000	 86.60000	 43.07386	 86.60000
258.60000	 86.32000	 43.04660	 86.32000
258.80000	 85.73000	 42.81854	 85.73000
259.00000	 85.08000	 42.56299	 85.08000
259.20000	 84.39000	 42.29393	 84.39000
259.40000	 83.71000	 42.04624	 83.71000
259.60000	 83.15000	 41.89621	 83.15000
259.80000	 82.73000	 41.85668	 82.73000
260.00000	 82.33000	 41.84237	 82.33000
260.20000	 81.93000	 41.83748	 81.93000
260.40000	 81.50000	 41.81943	 81.50000
260.60000	 80.84000	 41.64812	 80.84000
260.80000	 80.17000	 41.47658	 80.17000
261.00000	 79.53000	 41.33291	 79.53000
261.20000	 78.96000	 41.24485	 78.96000
261.40000	 78.46000	 41.21182	 78.46000
261.60000	 78.10000	 41.28136	 78.10000
261.80000	 77.97000	 41.51403	 77.97000
262.00000	 78.12000	 41.94127	 78.12000
262.20000	 78.91000	 42.80825	 78.91000
262.40000	 80.07000	 43.91930	 80.07000
262.60000	 81.37000	 45.10539	 81.37000
262.80000	 82.67000	 46.26073	 82.67000
263.00000	 83.76000	 47.23264	 83.76000
263.20000	 84.71000	 48.06573	 84.71000
263.40000	 85.49000	 48.73724	 85.49000
263.60000	 85.90000	 49.10845	 85.90000
263.80000	 86.03000	 49.24489	 86.03000
264.00000	 86.02000	 49.24867	 86.02000
264.20000	 85.94000	 49.17394	 85.94000
264.40000	 86.07000	 49.22049	 86.07000
264.60000	 86.18000	 49.23215	 86.18000
264.80000	 86.25000	 49.19833	 86.25000
265.00000	 86.24000	 49.09449	 86.24000
265.20000	 85.99000	 48.81304	 85.99000
265.40000	 85.64000	 48.45579	 85.64000
265.60000	 85.25000	 48.06910	 85.25000
265.80000	 84.83000	 47.66414	 84.83000
266.00000	 84.33000	 47.20998	 84.33000
266.20000	 83.86000	 46.78661	 83.86000
266.40000	 83.56000	 46.49393	 83.56000
266.60000	 83.52000	 46.39539	 83.52000
266.80000	 84.17000	 46.78829	 84.17000
267.00000	 85.31000	 47.52798	 85.31000
267.20000	 86.59000	 48.36321	 86.59000
267.40000	 87.89000	 49.20268	 87.89000
267.60000	 88.87000	 49.80369	 88.87000
267.80000	 89.67000	 50.26006	 89.67000
268.00000	 90.32000	 50.59129	 90.32000
268.20000	 90.79000	 50.77671	 90.79000
268.40000	 91.02000	 50.77630	 91.02000
268.60000	 91.10000	 50.65574	 91.10000
268.80000	 91.04000	 50.42589	 91.04000
269.00000	 90.86000	 50.10506	 90.86000
269.20000	 90.58000	 49.71176	 90.58000
269.40000	 90.22000	 49.26449	 90.22000
269.60000	 89.80000	 48.78156	 89.80000
269.80000	 89.33000	 48.27401	 89.33000
270.00000	 88.84000	 47.76632	 88.84000
270.20000	 88.34000	 47.26851	 88.34000
270.40000	 87.88000	 46.81775	 87.88000
270.60000	 87.47000	 46.42257	 87.47000
270.80000	 87.12000	 46.09069	 87.12000
271.00000	 86.88000	 45.85678	 86.88000
271.20000	 86.79000	 45.74759	 86.79000
271.40000	 86.88000	 45.78182	 86.88000
271.60000	 87.49000	 46.19218	 87.49000
271.80000	 88.27000	 46.72930	 88.27000
272.00000	 89.05000	 47.26847	 89.05000
272.20000	 89.74000	 47.74154	 89.74000
272.40000	 89.86000	 47.81129	 89.86000
272.60000	 89.81000	 47.75583	 89.81000
272.80000	 89.66000	 47.62547	 89.66000
273.00000	 89.46000	 47.45710	 89.46000
273.20000	 89.38000	 47.37092	 89.38000
273.40000	 89.30000	 47.28472	 89.30000
273.60000	 89.21000	 47.19246	 89.21000
273.80000	 89.11000	 47.09496	 89.11000
274.00000	 88.96000	 46.96519	 88.96000
274.20000	 88.79000	 46.82491	 88.79000
274.40000	 88.61000	 46.68195	 88.61000
274.60000	 88.43000	 46.54403	 88.43000
274.80000	 88.18000	 46.36316	 88.18000
275.00000	 87.94000	 46.19578	 87.94000
275.20000	 87.81000	 46.11191	 87.81000
275.40000	 87.83000	 46.13902	 87.83000
275.60000	 88.27000	 46.46309	 88.27000
275.80000	 88.84000	 46.87876	 88.84000
276.00000	 89.48000	 47.34000	 89.48000
276.20000	 90.20000	 47.84962	 90.20000
276.40000	 90.91000	 48.34118	 90.91000
276.60000	 91.41000	 48.67276	 91.41000
276.80000	 91.50000	 48.70454	 91.50000
277.00000	 90.76000	 48.14720	 90.76000
277.20000	 89.80000	 47.43172	 89.80000
277.40000	 88.77000	 46.67024	 88.77000
277.60000	 88.12000	 46.18227	 88.12000
277.80000	 87.68000	 45.85319	 87.68000
278.00000	 87.44000	 45.67730	 87.44000
278.20000	 87.46000	 45.69572	 87.46000
278.40000	 88.00000	 46.08650	 88.00000
278.60000	 88.68000	 46.58020	 88.68000
278.80000	 89.36000	 47.07381	 89.36000
279.00000	 89.87000	 47.44445	 89.87000
279.20000	 89.85000	 47.43936	 89.85000
279.40000	 89.68000	 47.32355	 89.68000
279.60000	 89.38000	 47.11307	 89.38000
279.80000	 89.03000	 46.86627	 89.03000
280.00000	 88.79000	 46.69688	 88.79000
280.20000	 88.49000	 46.48846	 88.49000
280.40000	 88.11000	 46.22880	 88.11000
280.60000	 87.60000	 45.88511	 87.60000
280.80000	 86.75000	 45.31411	 86.75000
281.00000	 85.67000	 44.59644	 85.67000
281.20000	 84.55000	 43.86903	 84.55000
281.40000	 83.47000	 43.19175	 83.47000
281.60000	 82.49000	 42.60937	 82.49000
281.80000	 81.76000	 42.22765	 81.76000
282.00000	 81.25000	 42.02515	 81.25000
282.20000	 81.02000	 42.04117	 81.02000
282.40000	 81.10000	 42.29235	 81.10000
282.60000	 81.77000	 42.96710	 81.77000
282.80000	 83.12000	 44.11867	 83.12000
283.00000	 84.63000	 45.37372	 84.63000
283.20000	 86.16000	 46.62355	 86.16000
283.40000	 87.45000	 47.67808	 87.45000
283.60000	 88.20000	 48.32298	 88.20000
283.80000	 88.77000	 48.80701	 88.77000
284.00000	 89.17000	 49.13786	 89.17000
284.20000	 89.46000	 49.35937	 89.46000
284.40000	 89.68000	 49.50227	 89.68000
284.60000	 89.77000	 49.52826	 89.77000
284.80000	 89.73000	 49.44133	 89.73000
285.00000	 89.47000	 49.18355	 89.47000
285.20000	 88.95000	 48.73269	 88.95000
285.40000	 88.37000	 48.23413	 88.37000
285.60000	 87.80000	 47.74248	 87.80000
285.80000	 87.32000	 47.31827	 87.32000
286.00000	 87.18000	 47.13852	 87.18000
286.20000	 87.21000	 47.08581	 87.21000
286.40000	 87.39000	 47.14543	 87.39000
286.60000	 87.73000	 47.32249	 87.73000
286.80000	 88.41000	 47.73920	 88.41000
287.00000	 89.26000	 48.27289	 89.26000
287.20000	 90.14000	 48.82132	 90.14000
287.40000	 90.95000	 49.31066	 90.95000
287.60000	 91.46000	 49.57816	 91.46000
