  0.00000	 88.02000	 56.12789	 88.02000
  0.20000	 88.74000	 56.73079	 88.74000
  0.40000	 89.36000	 57.25032	 89.36000
  0.60000	 89.90000	 57.70217	 89.90000
  0.80000	 90.35000	 58.07768	 90.35000
  1.00000	 90.72000	 58.38497	 90.72000
  1.20000	 91.01000	 58.62414	 91.01000
  1.40000	 91.23000	 58.80364	 91.23000
  1.60000	 91.38000	 58.92375	 91.38000
  1.80000	 91.46000	 58.98478	 91.46000
  2.00000	 91.37000	 58.90460	 91.37000
  2.20000	 91.26000	 58.80745	 91.26000
  2.40000	 91.15000	 58.71024	 91.15000
  2.60000	 91.09000	 58.65446	 91.09000
  2.80000	 91.21000	 58.74744	 91.21000
  3.00000	 91.54000	 59.01369	 91.54000
  3.20000	 91.94000	 59.33723	 91.94000
  3.40000	 92.38000	 59.69287	 92.38000
  3.60000	 92.86000	 60.08024	 92.86000
  3.80000	 93.34000	 60.46604	 93.34000
  4.00000	 93.81000	 60.84184	 93.81000
  4.20000	 94.21000	 61.15805	 94.21000
  4.40000	 94.53000	 61.40650	 94.53000
  4.60000	 94.64000	 61.48016	 94.64000
  4.80000	 94.55000	 61.38777	 94.55000
  5.00000	 94.38000	 61.22899	 94.38000
  5.20000	 94.16000	 61.02916	 94.16000
  5.40000	 93.92000	 60.81350	 93.92000
  5.60000	 93.80000	 60.69785	 93.80000
  5.80000	 93.69000	 60.59152	 93.69000
  6.00000	 93.57000	 60.47800	 93.57000
  6.20000	 93.46000	 60.37379	 93.46000
  6.40000	 93.32000	 60.24588	 93.32000
  6.60000	 93.13000	 60.07779	 93.13000
  6.80000	 92.97000	 59.93560	 92.97000
  7.00000	 92.85000	 59.82755	 92.85000
  7.20000	 92.80000	 59.77830	 92.80000
  7.40000	 93.04000	 59.96913	 93.04000
  7.60000	 93.33000	 60.20149	 93.33000
  7.80000	 93.61000	 60.42537	 93.61000
  8.00000	 93.82000	 60.59098	 93.82000
  8.20000	 93.76000	 60.53326	 93.76000
  8.40000	 93.43000	 60.25259	 93.43000
  8.60000	 93.02000	 59.90640	 93.02000
  8.80000	 92.55000	 59.51178	 92.55000
  9.00000	 92.06000	 59.10224	 92.06000
  9.20000	 91.66000	 58.76886	 91.66000
  9.40000	 91.28000	 58.45399	 91.28000
  9.60000	 90.94000	 58.17411	 90.94000
  9.80000	 90.66000	 57.94564	 90.66000
 10.00000	 90.50000	 57.81789	 90.50000
 10.20000	 90.48000	 57.80702	 90.48000
 10.40000	 90.51000	 57.83831	 90.51000
 10.60000	 90.56000	 57.88663	 90.56000
 10.80000	 90.62000	 57.94339	 90.62000
 11.00000	 90.59000	 57.92589	 90.59000
 11.20000	 90.52000	 57.87534	 90.52000
 11.40000	 90.42000	 57.80007	 90.42000
 11.60000	 90.29000	 57.70015	 90.29000
 11.80000	 90.13000	 57.57569	 90.13000
 12.00000	 89.85000	 57.35260	 89.85000
 12.20000	 89.57000	 57.13011	 89.57000
 12.40000	 89.32000	 56.93316	 89.32000
 12.60000	 89.13000	 56.78655	 89.13000
 12.80000	 89.07000	 56.74796	 89.07000
 13.00000	 89.18000	 56.85012	 89.18000
 13.20000	 89.36000	 57.01008	 89.36000
 13.40000	 89.61000	 57.22741	 89.61000
 13.60000	 89.91000	 57.48520	 89.91000
 13.80000	 90.33000	 57.84084	 90.33000
 14.00000	 90.76000	 58.20319	 90.76000
 14.20000	 91.17000	 58.54719	 91.17000
 14.40000	 91.53000	 58.84798	 91.53000
 14.60000	 91.71000	 58.99831	 91.71000
 14.80000	 91.74000	 59.02326	 91.74000
 15.00000	 91.71000	 58.99755	 91.71000
 15.20000	 91.63000	 58.92984	 91.63000
 15.40000	 91.54000	 58.85353	 91.54000
 15.60000	 91.48000	 58.80189	 91.48000
 15.80000	 91.41000	 58.74208	 91.41000
 16.00000	 91.35000	 58.69069	 91.35000
 16.20000	 91.29000	 58.63955	 91.29000
 16.40000	 91.21000	 58.57219	 91.21000
 16.60000	 91.14000	 58.51342	 91.14000
 16.80000	 91.10000	 58.47975	 91.10000
 17.00000	 91.10000	 58.47938	 91.10000
 17.20000	 91.15000	 58.52047	 91.15000
 17.40000	 91.38000	 58.71009	 91.38000
 17.60000	 91.65000	 58.93237	 91.65000
 17.80000	 91.94000	 59.17047	 91.94000
 18.00000	 92.20000	 59.38291	 92.20000
 18.20000	 92.38000	 59.52833	 92.38000
 18.40000	 92.48000	 59.60680	 92.48000
 18.60000	 92.53000	 59.64324	 92.53000
 18.80000	 92.54000	 59.64612	 92.54000
 19.00000	 92.51000	 59.61567	 92.51000
 19.20000	 92.43000	 59.54384	 92.43000
 19.40000	 92.32000	 59.44736	 92.32000
 19.60000	 92.17000	 59.31821	 92.17000
 19.80000	 91.99000	 59.16482	 91.99000
 20.00000	 91.74000	 58.95439	 91.74000
 20.20000	 91.44000	 58.70365	 91.44000
 20.40000	 91.16000	 58.47056	 91.16000
 20.60000	 90.91000	 58.26348	 90.91000
 20.80000	 90.74000	 58.12368	 90.74000
 21.00000	 90.78000	 58.15823	 90.78000
 21.20000	 90.89000	 58.25122	 90.89000
 21.40000	 91.05000	 58.38572	 91.05000
 21.60000	 91.23000	 58.53661	 91.23000
 21.80000	 91.43000	 58.70360	 91.43000
 22.00000	 91.62000	 58.86173	 91.62000
 22.20000	 91.78000	 58.99437	 91.78000
 22.40000	 91.88000	 59.07674	 91.88000
 22.60000	 91.87000	 59.06770	 91.87000
 22.80000	 91.61000	 58.85200	 91.61000
 23.00000	 91.30000	 58.59521	 91.30000
 23.20000	 90.97000	 58.32253	 90.97000
 23.40000	 90.64000	 58.05083	 90.64000
 23.60000	 90.45000	 57.89579	 90.45000
 23.80000	 90.33000	 57.79960	 90.33000
 24.00000	 90.26000	 57.74557	 90.26000
 24.20000	 90.23000	 57.72524	 90.23000
 24.40000	 90.24000	 57.73840	 90.24000
 24.60000	 90.29000	 57.78481	 90.29000
 24.80000	 90.37000	 57.85601	 90.37000
 25.00000	 90.47000	 57.94355	 90.47000
 25.20000	 90.59000	 58.04727	 90.59000
 25.40000	 90.71000	 58.15052	 90.71000
 25.60000	 90.84000	 58.26147	 90.84000
 25.80000	 90.98000	 58.38004	 90.98000
 26.00000	 91.14000	 58.51442	 91.14000
 26.20000	 91.36000	 58.69752	 91.36000
 26.40000	 91.61000	 58.90447	 91.61000
 26.60000	 91.82000	 59.07741	 91.82000
 26.80000	 91.99000	 59.21631	 91.99000
 27.00000	 91.92000	 59.15628	 91.92000
 27.20000	 91.74000	 59.00500	 91.74000
 27.40000	 91.59000	 58.87843	 91.59000
 27.60000	 91.53000	 58.82635	 91.53000
 27.80000	 91.89000	 59.12098	 91.89000
 28.00000	 92.44000	 59.57195	 92.44000
 28.20000	 93.02000	 60.04653	 93.02000
 28.40000	 93.57000	 60.49468	 93.57000
 28.60000	 93.90000	 60.75938	 93.90000
 28.80000	 94.10000	 60.91502	 94.10000
 29.00000	 94.16000	 60.95372	 94.16000
 29.20000	 94.03000	 60.83470	 94.03000
 29.40000	 93.55000	 60.42666	 93.55000
 29.60000	 92.93000	 59.90382	 92.93000
 29.80000	 92.22000	 59.30835	 92.22000
 30.00000	 91.47000	 58.68225	 91.47000
 30.20000	 90.92000	 58.22402	 90.92000
 30.40000	 90.41000	 57.80172	 90.41000
 30.60000	 89.93000	 57.40701	 89.93000
 30.80000	 89.44000	 57.00678	 89.44000
 31.00000	 88.92000	 56.58442	 88.92000
 31.20000	 88.23000	 56.02442	 88.23000
 31.40000	 87.56000	 55.48372	 87.56000
 31.60000	 86.97000	 55.01188	 86.97000
 31.80000	 86.49000	 54.63356	 86.49000
 32.00000	 86.27000	 54.47221	 86.27000
 32.20000	 86.35000	 54.56016	 86.35000
 32.40000	 86.59000	 54.78099	 86.59000
 32.60000	 86.94000	 55.09256	 86.94000
 32.80000	 87.39000	 55.48580	 87.39000
 33.00000	 87.92000	 55.94351	 87.92000
 33.20000	 88.50000	 56.44036	 88.50000
 33.40000	 89.10000	 56.95112	 89.10000
 33.60000	 89.68000	 57.44249	 89.68000
 33.80000	 90.16000	 57.84833	 90.16000
 34.00000	 90.53000	 58.16046	 90.53000
 34.20000	 90.87000	 58.44515	 90.87000
 34.40000	 91.19000	 58.71091	 91.19000
 34.60000	 91.52000	 58.98271	 91.52000
 34.80000	 91.88000	 59.27721	 91.88000
 35.00000	 92.23000	 59.56151	 92.23000
 35.20000	 92.57000	 59.83570	 92.57000
 35.40000	 92.90000	 60.09987	 92.90000
 35.60000	 93.20000	 60.33763	 93.20000
 35.80000	 93.48000	 60.55737	 93.48000
 36.00000	 93.73000	 60.75097	 93.73000
 36.20000	 93.95000	 60.91860	 93.95000
 36.40000	 94.01000	 60.95320	 94.01000
 36.60000	 94.01000	 60.93763	 94.01000
 36.80000	 94.04000	 60.94651	 94.04000
 37.00000	 94.16000	 61.02953	 94.16000
 37.20000	 94.54000	 61.32688	 94.54000
 37.40000	 95.24000	 61.88764	 95.24000
 37.60000	 95.99000	 62.48828	 95.99000
 37.80000	 96.74000	 63.08694	 96.74000
 38.00000	 97.36000	 63.57600	 97.36000
 38.20000	 97.74000	 63.86469	 97.74000
 38.40000	 97.97000	 64.02763	 97.97000
 38.60000	 98.06000	 64.07361	 98.06000
 38.80000	 97.99000	 63.98675	 97.99000
 39.00000	 97.62000	 63.65226	 97.62000
 39.20000	 97.12000	 63.21131	 97.12000
 39.40000	 96.53000	 62.69778	 96.53000
 39.60000	 95.89000	 62.14536	 95.89000
 39.80000	 95.31000	 61.64533	 95.31000
 40.00000	 94.78000	 61.18968	 94.78000
 40.20000	 94.28000	 60.76198	 94.28000
 40.40000	 93.82000	 60.37043	 93.82000
 40.60000	 93.42000	 60.03138	 93.42000
 40.80000	 93.10000	 59.76113	 93.10000
 41.00000	 92.85000	 59.55112	 92.85000
 41.20000	 92.68000	 59.40923	 92.68000
 41.40000	 92.60000	 59.34334	 92.60000
 41.60000	 92.62000	 59.36126	 92.62000
 41.80000	 92.82000	 59.52850	 92.82000
 42.00000	 93.07000	 59.73720	 93.07000
 42.20000	 93.36000	 59.97861	 93.36000
 42.40000	 93.65000	 60.21934	 93.65000
 42.60000	 93.87000	 60.40136	 93.87000
 42.80000	 94.04000	 60.54112	 94.04000
 43.00000	 94.18000	 60.65516	 94.18000
 43.20000	 94.26000	 60.71883	 94.26000
 43.40000	 94.26000	 60.71582	 94.26000
 43.60000	 94.16000	 60.62988	 94.16000
 43.80000	 94.00000	 60.49434	 94.00000
 44.00000	 93.79000	 60.31779	 93.79000
 44.20000	 93.55000	 60.11704	 93.55000
 44.40000	 93.29000	 59.90057	 93.29000
 44.60000	 92.99000	 59.65210	 92.99000
 44.80000	 92.68000	 59.39655	 92.68000
 45.00000	 92.35000	 59.12581	 92.35000
 45.20000	 91.96000	 58.80701	 91.96000
 45.40000	 91.52000	 58.44855	 91.52000
 45.60000	 91.12000	 58.12484	 91.12000
 45.80000	 90.80000	 57.86890	 90.80000
 46.00000	 90.60000	 57.71360	 90.60000
 46.20000	 90.76000	 57.85660	 90.76000
 46.40000	 91.06000	 58.11562	 91.06000
 46.60000	 91.44000	 58.44039	 91.44000
 46.80000	 91.86000	 58.79725	 91.86000
 47.00000	 92.23000	 59.11147	 92.23000
 47.20000	 92.52000	 59.35804	 92.52000
 47.40000	 92.76000	 59.56170	 92.76000
 47.60000	 92.94000	 59.71427	 92.94000
 47.80000	 93.04000	 59.79943	 93.04000
 48.00000	 92.94000	 59.71848	 92.94000
 48.20000	 92.76000	 59.57090	 92.76000
 48.40000	 92.51000	 59.36544	 92.51000
 48.60000	 92.21000	 59.11905	 92.21000
 48.80000	 91.88000	 58.84861	 91.88000
 49.00000	 91.53000	 58.56267	 91.53000
 49.20000	 91.17000	 58.26971	 91.17000
 49.40000	 90.81000	 57.97813	 90.81000
 49.60000	 90.46000	 57.69630	 90.46000
 49.80000	 90.17000	 57.46546	 90.17000
 50.00000	 89.93000	 57.27730	 89.93000
 50.20000	 89.70000	 57.09865	 89.70000
 50.40000	 89.47000	 56.92113	 89.47000
 50.60000	 89.24000	 56.74465	 89.24000
 50.80000	 88.87000	 56.45363	 88.87000
 51.00000	 88.49000	 56.15548	 88.49000
 51.20000	 88.16000	 55.89980	 88.16000
 51.40000	 87.92000	 55.71957	 87.92000
 51.60000	 87.84000	 55.67234	 87.84000
 51.80000	 88.07000	 55.88146	 88.07000
 52.00000	 88.42000	 56.18943	 88.42000
 52.20000	 88.85000	 56.56253	 88.85000
 52.40000	 89.34000	 56.98363	 89.34000
 52.60000	 89.87000	 57.43575	 89.87000
 52.80000	 90.40000	 57.88549	 90.40000
 53.00000	 90.90000	 58.30788	 90.90000
 53.20000	 91.34000	 58.67807	 91.34000
 53.40000	 91.61000	 58.90542	 91.61000
 53.60000	 91.69000	 58.97377	 91.69000
 53.80000	 91.67000	 58.95793	 91.67000
 54.00000	 91.60000	 58.89972	 91.60000
 54.20000	 91.49000	 58.80786	 91.49000
 54.40000	 91.42000	 58.74875	 91.42000
 54.60000	 91.35000	 58.68959	 91.35000
 54.80000	 91.26000	 58.61404	 91.26000
 55.00000	 91.16000	 58.53047	 91.16000
 55.20000	 91.05000	 58.43899	 91.05000
 55.40000	 90.87000	 58.29019	 90.87000
 55.60000	 90.69000	 58.14197	 90.69000
 55.80000	 90.51000	 57.99444	 90.51000
 56.00000	 90.35000	 57.86416	 90.35000
 56.20000	 90.21000	 57.75114	 90.21000
 56.40000	 90.18000	 57.72958	 90.18000
 56.60000	 90.17000	 57.72502	 90.17000
 56.80000	 90.17000	 57.72903	 90.17000
 57.00000	 90.16000	 57.72498	 90.16000
 57.20000	 90.12000	 57.69628	 90.12000
 57.40000	 89.92000	 57.53571	 89.92000
 57.60000	 89.72000	 57.37548	 89.72000
 57.80000	 89.55000	 57.24051	 89.55000
 58.00000	 89.42000	 57.13912	 89.42000
 58.20000	 89.41000	 57.13726	 89.41000
 58.40000	 89.58000	 57.28418	 89.58000
 58.60000	 89.81000	 57.48047	 89.81000
 58.80000	 90.10000	 57.72571	 90.10000
 59.00000	 90.41000	 57.98655	 90.41000
 59.20000	 90.77000	 58.28746	 90.77000
 59.40000	 91.13000	 58.58693	 91.13000
 59.60000	 91.47000	 58.86832	 91.47000
 59.80000	 91.74000	 59.09031	 91.74000
 60.00000	 91.90000	 59.22002	 91.90000
 60.20000	 91.82000	 59.15047	 91.82000
 60.40000	 91.66000	 59.01421	 91.66000
 60.60000	 91.44000	 58.82829	 91.44000
 60.80000	 91.19000	 58.61791	 91.19000
 61.00000	 90.91000	 58.38343	 90.91000
 61.20000	 90.63000	 58.14989	 90.63000
 61.40000	 90.40000	 57.95871	 90.40000
 61.60000	 90.24000	 57.82643	 90.24000
 61.80000	 90.19000	 57.78593	 90.19000
 62.00000	 90.49000	 58.03490	 90.49000
 62.20000	 90.90000	 58.37463	 90.90000
 62.40000	 91.37000	 58.76317	 91.37000
 62.60000	 91.86000	 59.16697	 91.86000
 62.80000	 92.29000	 59.51963	 92.29000
 63.00000	 92.64000	 59.80449	 92.64000
 63.20000	 92.94000	 60.04635	 92.94000
 63.40000	 93.19000	 60.24532	 93.19000
 63.60000	 93.36000	 60.37686	 93.36000
 63.80000	 93.43000	 60.42472	 93.43000
 64.00000	 93.44000	 60.42228	 93.44000
 64.20000	 93.38000	 60.36164	 93.38000
 64.40000	 93.26000	 60.25140	 93.26000
 64.60000	 93.04000	 60.05891	 93.04000
 64.80000	 92.77000	 59.82582	 92.77000
 65.00000	 92.47000	 59.56897	 92.47000
 65.20000	 92.15000	 59.29688	 92.15000
 65.40000	 91.83000	 59.02625	 91.83000
 65.60000	 91.57000	 58.80670	 91.57000
 65.80000	 91.32000	 58.59696	 91.32000
 66.00000	 91.09000	 58.40522	 91.09000
 66.20000	 90.88000	 58.23140	 90.88000
 66.40000	 90.68000	 58.06716	 90.68000
 66.60000	 90.47000	 57.89589	 90.47000
 66.80000	 90.32000	 57.77526	 90.32000
 67.00000	 90.24000	 57.71338	 90.24000
 67.20000	 90.26000	 57.73475	 90.26000
 67.40000	 90.50000	 57.93801	 90.50000
 67.60000	 90.89000	 58.26485	 90.89000
 67.80000	 91.36000	 58.65688	 91.36000
 68.00000	 91.86000	 59.07229	 91.86000
 68.20000	 92.35000	 59.47767	 92.35000
 68.40000	 92.78000	 59.83154	 92.78000
 68.60000	 93.18000	 60.15858	 93.18000
 68.80000	 93.54000	 60.45058	 93.54000
 69.00000	 93.84000	 60.69116	 93.84000
 69.20000	 94.05000	 60.85576	 94.05000
 69.40000	 94.20000	 60.96943	 94.20000
 69.60000	 94.28000	 61.02423	 94.28000
 69.80000	 94.30000	 61.02876	 94.30000
 70.00000	 94.26000	 60.98335	 94.26000
 70.20000	 94.14000	 60.87184	 94.14000
 70.40000	 93.98000	 60.72758	 93.98000
 70.60000	 93.78000	 60.55089	 93.78000
 70.80000	 93.54000	 60.34203	 93.54000
 71.00000	 93.22000	 60.06825	 93.22000
 71.20000	 92.88000	 59.77932	 92.88000
 71.40000	 92.57000	 59.51670	 92.57000
 71.60000	 92.32000	 59.30521	 92.32000
 71.80000	 92.19000	 59.19429	 92.19000
 72.00000	 92.35000	 59.32388	 92.35000
 72.20000	 92.59000	 59.52011	 92.59000
 72.40000	 92.88000	 59.75766	 92.88000
 72.60000	 93.19000	 60.01129	 93.19000
 72.80000	 93.46000	 60.23116	 93.46000
 73.00000	 93.67000	 60.40060	 93.67000
 73.20000	 93.82000	 60.51960	 93.82000
 73.40000	 93.88000	 60.56353	 93.88000
 73.60000	 93.79000	 60.48312	 93.79000
 73.80000	 93.42000	 60.17155	 93.42000
 74.00000	 92.95000	 59.77804	 92.95000
 74.20000	 92.41000	 59.32798	 92.41000
 74.40000	 91.83000	 58.84669	 91.83000
 74.60000	 91.32000	 58.42530	 91.32000
 74.80000	 90.88000	 58.06398	 90.88000
 75.00000	 90.45000	 57.71321	 90.45000
 75.20000	 90.02000	 57.36466	 90.02000
 75.40000	 89.60000	 57.02652	 89.60000
 75.60000	 89.12000	 56.64098	 89.12000
 75.80000	 88.60000	 56.22455	 88.60000
 76.00000	 88.12000	 55.84328	 88.12000
 76.20000	 87.71000	 55.52185	 87.71000
 76.40000	 87.38000	 55.26836	 87.38000
 76.60000	 87.26000	 55.18976	 87.26000
 76.80000	 87.31000	 55.25252	 87.31000
 77.00000	 87.46000	 55.39822	 87.46000
 77.20000	 87.68000	 55.60152	 87.68000
 77.40000	 87.96000	 55.85363	 87.96000
 77.60000	 88.29000	 56.14585	 88.29000
 77.80000	 88.64000	 56.45304	 88.64000
 78.00000	 89.00000	 56.76669	 89.00000
 78.20000	 89.34000	 57.06186	 89.34000
 78.40000	 89.62000	 57.30548	 89.62000
 78.60000	 89.78000	 57.44815	 89.78000
 78.80000	 89.91000	 57.56435	 89.91000
 79.00000	 90.03000	 57.67083	 90.03000
 79.20000	 90.15000	 57.77603	 90.15000
 79.40000	 90.33000	 57.92959	 90.33000
 79.60000	 90.53000	 58.09853	 90.53000
 79.80000	 90.74000	 58.27460	 90.74000
 80.00000	 90.97000	 58.46601	 90.97000
 80.20000	 91.18000	 58.63976	 91.18000
 80.40000	 91.35000	 58.77937	 91.35000
 80.60000	 91.54000	 58.93441	 91.54000
 80.80000	 91.78000	 59.12969	 91.78000
 81.00000	 92.09000	 59.38163	 92.09000
 81.20000	 92.59000	 59.78910	 92.59000
 81.40000	 93.18000	 60.26920	 93.18000
 81.60000	 93.79000	 60.76382	 93.79000
 81.80000	 94.41000	 61.26441	 94.41000
 82.00000	 94.98000	 61.72130	 94.98000
 82.20000	 95.49000	 62.12623	 95.49000
 82.40000	 95.96000	 62.49579	 95.96000
 82.60000	 96.38000	 62.82190	 96.38000
 82.80000	 96.72000	 63.08004	 96.72000
 83.00000	 96.97000	 63.26226	 96.97000
 83.20000	 97.15000	 63.38542	 97.15000
 83.40000	 97.29000	 63.47464	 97.29000
 83.60000	 97.37000	 63.51376	 97.37000
 83.80000	 97.45000	 63.55261	 97.45000
 84.00000	 97.48000	 63.55017	 97.48000
 84.20000	 97.42000	 63.47369	 97.42000
 84.40000	 97.29000	 63.33996	 97.29000
 84.60000	 96.90000	 62.99261	 96.90000
 84.80000	 96.40000	 62.55599	 96.40000
 85.00000	 95.92000	 62.13792	 95.92000
 85.20000	 95.51000	 61.77999	 95.51000
 85.40000	 95.46000	 61.72151	 95.46000
 85.60000	 95.57000	 61.79696	 95.57000
 85.80000	 95.73000	 61.91496	 95.73000
 86.00000	 95.88000	 62.02547	 95.88000
 86.20000	 95.83000	 61.97143	 95.83000
 86.40000	 95.69000	 61.84364	 95.69000
 86.60000	 95.46000	 61.64231	 95.46000
 86.80000	 95.14000	 61.36771	 95.14000
 87.00000	 94.62000	 60.92943	 94.62000
 87.20000	 94.00000	 60.41050	 94.00000
 87.40000	 93.33000	 59.85268	 93.33000
 87.60000	 92.66000	 59.29760	 92.66000
 87.80000	 92.04000	 58.78677	 92.04000
 88.00000	 91.58000	 58.41095	 91.58000
 88.20000	 91.16000	 58.07093	 91.16000
 88.40000	 90.77000	 57.75819	 90.77000
 88.60000	 90.41000	 57.47247	 90.41000
 88.80000	 90.08000	 57.21352	 90.08000
 89.00000	 89.75000	 56.95637	 89.75000
 89.20000	 89.44000	 56.71732	 89.44000
 89.40000	 89.13000	 56.47972	 89.13000
 89.60000	 88.83000	 56.25167	 88.83000
 89.80000	 88.41000	 55.92585	 88.41000
 90.00000	 87.96000	 55.57657	 87.96000
 90.20000	 87.59000	 55.29469	 87.59000
 90.40000	 87.33000	 55.10487	 87.33000
 90.60000	 87.28000	 55.08934	 87.28000
 90.80000	 87.67000	 55.43729	 87.67000
 91.00000	 88.21000	 55.90843	 88.21000
 91.20000	 88.87000	 56.47705	 88.87000
 91.40000	 89.60000	 57.10105	 89.60000
 91.60000	 90.31000	 57.70554	 90.31000
 91.80000	 91.03000	 58.31485	 91.03000
 92.00000	 91.75000	 58.92050	 91.75000
 92.20000	 92.45000	 59.50586	 92.45000
 92.40000	 93.12000	 60.06265	 93.12000
 92.60000	 93.74000	 60.57446	 93.74000
 92.80000	 94.28000	 61.01672	 94.28000
 93.00000	 94.74000	 61.38970	 94.74000
 93.20000	 95.02000	 61.61129	 95.02000
 93.40000	 95.14000	 61.69855	 95.14000
 93.60000	 95.16000	 61.70165	 95.16000
 93.80000	 95.12000	 61.65421	 95.12000
 94.00000	 95.05000	 61.58153	 95.05000
 94.20000	 95.01000	 61.53352	 95.01000
 94.40000	 94.94000	 61.46092	 94.94000
 94.60000	 94.83000	 61.35572	 94.83000
 94.80000	 94.68000	 61.21810	 94.68000
 95.00000	 94.40000	 60.97404	 94.40000
 95.20000	 94.06000	 60.68162	 94.06000
 95.40000	 93.72000	 60.39064	 93.72000
 95.60000	 93.43000	 60.14255	 93.43000
 95.80000	 93.24000	 59.97863	 93.24000
 96.00000	 93.33000	 60.04719	 93.33000
 96.20000	 93.48000	 60.16619	 93.48000
 96.40000	 93.65000	 60.30213	 93.65000
 96.60000	 93.81000	 60.42988	 93.81000
 96.80000	 93.88000	 60.48323	 93.88000
 97.00000	 93.84000	 60.44566	 93.84000
 97.20000	 93.73000	 60.35034	 93.73000
 97.40000	 93.54000	 60.18925	 93.54000
 97.60000	 93.26000	 59.95442	 93.26000
 97.80000	 92.73000	 59.51425	 92.73000
 98.00000	 92.09000	 58.98482	 92.09000
 98.20000	 91.42000	 58.43273	 91.42000
 98.40000	 90.72000	 57.85840	 90.72000
 98.60000	 90.05000	 57.31165	 90.05000
 98.80000	 89.53000	 56.89159	 89.53000
 99.00000	 89.09000	 56.54031	 89.09000
 99.20000	 88.71000	 56.24102	 88.71000
 99.40000	 88.39000	 55.99341	 88.39000
 99.60000	 88.14000	 55.80539	 88.14000
 99.80000	 87.97000	 55.68484	 87.97000
100.00000	 87.87000	 55.62313	 87.87000
100.20000	 87.82000	 55.60336	 87.82000
100.40000	 87.83000	 55.63343	 87.83000
100.60000	 87.87000	 55.68824	 87.87000
100.80000	 87.94000	 55.76751	 87.94000
101.00000	 88.05000	 55.87925	 88.05000
101.20000	 88.20000	 56.02323	 88.20000
101.40000	 88.38000	 56.19100	 88.38000
101.60000	 88.62000	 56.40711	 88.62000
101.80000	 88.91000	 56.66311	 88.91000
102.00000	 89.21000	 56.92579	 89.21000
102.20000	 89.50000	 57.17851	 89.50000
102.40000	 89.77000	 57.41296	 89.77000
102.60000	 89.95000	 57.57140	 89.95000
102.80000	 90.06000	 57.67050	 90.06000
103.00000	 90.14000	 57.74351	 90.14000
103.20000	 90.16000	 57.76590	 90.16000
103.40000	 90.14000	 57.75445	 90.14000
103.60000	 90.06000	 57.69291	 90.06000
103.80000	 89.94000	 57.59806	 89.94000
104.00000	 89.79000	 57.47840	 89.79000
104.20000	 89.60000	 57.32592	 89.60000
104.40000	 89.39000	 57.15732	 89.39000
104.60000	 89.09000	 56.91506	 89.09000
104.80000	 88.79000	 56.67362	 88.79000
105.00000	 88.51000	 56.44967	 88.51000
105.20000	 88.29000	 56.27628	 88.29000
105.40000	 88.13000	 56.15338	 88.13000
105.60000	 88.25000	 56.26229	 88.25000
105.80000	 88.46000	 56.44571	 88.46000
106.00000	 88.71000	 56.66188	 88.71000
106.20000	 88.98000	 56.89385	 88.98000
106.40000	 89.24000	 57.11658	 89.24000
106.60000	 89.39000	 57.24738	 89.39000
106.80000	 89.51000	 57.35231	 89.51000
107.00000	 89.60000	 57.43147	 89.60000
107.20000	 89.66000	 57.48498	 89.66000
107.40000	 89.70000	 57.52126	 89.70000
107.60000	 89.69000	 57.51569	 89.69000
107.80000	 89.66000	 57.49320	 89.66000
108.00000	 89.61000	 57.45395	 89.61000
108.20000	 89.53000	 57.38984	 89.53000
108.40000	 89.42000	 57.30102	 89.42000
108.60000	 89.27000	 57.17940	 89.27000
108.80000	 89.11000	 57.04989	 89.11000
109.00000	 88.97000	 56.93735	 88.97000
109.20000	 88.85000	 56.84183	 88.85000
109.40000	 88.79000	 56.79632	 88.79000
109.60000	 88.84000	 56.84196	 88.84000
109.80000	 88.93000	 56.92074	 88.93000
110.00000	 89.07000	 57.04067	 89.07000
110.20000	 89.24000	 57.18501	 89.24000
110.40000	 89.44000	 57.35354	 89.44000
110.60000	 89.63000	 57.51309	 89.63000
110.80000	 89.87000	 57.71303	 89.87000
111.00000	 90.17000	 57.96147	 90.17000
111.20000	 90.53000	 58.25822	 90.53000
111.40000	 91.04000	 58.67730	 91.04000
111.60000	 91.64000	 59.16883	 91.64000
111.80000	 92.28000	 59.69119	 92.28000
112.00000	 92.91000	 60.20284	 92.91000
112.20000	 93.50000	 60.67885	 93.50000
112.40000	 94.00000	 61.07797	 94.00000
112.60000	 94.43000	 61.41685	 94.43000
112.80000	 94.76000	 61.67100	 94.76000
113.00000	 94.97000	 61.82428	 94.97000
113.20000	 94.91000	 61.75342	 94.91000
113.40000	 94.71000	 61.56644	 94.71000
113.60000	 94.41000	 61.29707	 94.41000
113.80000	 94.05000	 60.97899	 94.05000
114.00000	 93.69000	 60.66225	 93.69000
114.20000	 93.37000	 60.38020	 93.37000
114.40000	 93.05000	 60.10002	 93.05000
114.60000	 92.71000	 59.80531	 92.71000
114.80000	 92.36000	 59.50438	 92.36000
115.00000	 91.96000	 59.16429	 91.96000
115.20000	 91.52000	 58.79339	 91.52000
115.40000	 91.11000	 58.44952	 91.11000
115.60000	 90.73000	 58.13269	 90.73000
115.80000	 90.42000	 57.87581	 90.42000
116.00000	 90.31000	 57.78591	 90.31000
116.20000	 90.31000	 57.78830	 90.31000
116.40000	 90.36000	 57.83297	 90.36000
116.60000	 90.43000	 57.89471	 90.43000
116.80000	 90.50000	 57.95670	 90.50000
117.00000	 90.49000	 57.95271	 90.49000
117.20000	 90.44000	 57.91570	 90.44000
117.40000	 90.37000	 57.86223	 90.37000
117.60000	 90.25000	 57.76761	 90.25000
117.80000	 90.08000	 57.63196	 90.08000
118.00000	 89.83000	 57.43071	 89.83000
118.20000	 89.55000	 57.20534	 89.55000
118.40000	 89.24000	 56.95606	 89.24000
118.60000	 88.92000	 56.69954	 88.92000
118.80000	 88.56000	 56.41117	 88.56000
119.00000	 88.16000	 56.09109	 88.16000
119.20000	 87.79000	 55.79719	 87.79000
119.40000	 87.47000	 55.54600	 87.47000
119.60000	 87.22000	 55.35395	 87.22000
119.80000	 87.12000	 55.28685	 87.12000
120.00000	 87.20000	 55.36905	 87.20000
120.20000	 87.37000	 55.52576	 87.37000
120.40000	 87.60000	 55.73170	 87.60000
120.60000	 87.88000	 55.97817	 87.88000
120.80000	 88.21000	 56.26478	 88.21000
121.00000	 88.56000	 56.56644	 88.56000
121.20000	 88.91000	 56.86642	 88.91000
121.40000	 89.25000	 57.15631	 89.25000
121.60000	 89.55000	 57.41130	 89.55000
121.80000	 89.68000	 57.52422	 89.68000
122.00000	 89.78000	 57.61085	 89.78000
122.20000	 89.87000	 57.68798	 89.87000
122.40000	 89.96000	 57.76408	 89.96000
122.60000	 90.13000	 57.90530	 90.13000
122.80000	 90.38000	 58.11161	 90.38000
123.00000	 90.65000	 58.33342	 90.65000
123.20000	 90.91000	 58.54585	 90.91000
123.40000	 91.16000	 58.74886	 91.16000
123.60000	 91.32000	 58.87645	 91.32000
123.80000	 91.43000	 58.96179	 91.43000
124.00000	 91.54000	 59.04631	 91.54000
124.20000	 91.64000	 59.12190	 91.64000
124.40000	 91.79000	 59.23817	 91.79000
124.60000	 92.07000	 59.46111	 92.07000
124.80000	 92.34000	 59.67505	 92.34000
125.00000	 92.56000	 59.84687	 92.56000
125.20000	 92.69000	 59.94360	 92.69000
125.40000	 92.57000	 59.83344	 92.57000
125.60000	 92.21000	 59.52517	 92.21000
125.80000	 91.75000	 59.13501	 91.75000
126.00000	 91.22000	 58.68840	 91.22000
126.20000	 90.67000	 58.22712	 90.67000
126.40000	 90.13000	 57.77631	 90.13000
126.60000	 89.63000	 57.36097	 89.63000
126.80000	 89.17000	 56.98114	 89.17000
127.00000	 88.79000	 56.66978	 88.79000
127.20000	 88.50000	 56.43494	 88.50000
127.40000	 88.44000	 56.39180	 88.44000
127.60000	 88.58000	 56.51501	 88.58000
127.80000	 88.81000	 56.71310	 88.81000
128.00000	 89.10000	 56.96064	 89.10000
128.20000	 89.43000	 57.24059	 89.43000
128.40000	 89.75000	 57.51127	 89.75000
128.60000	 90.06000	 57.77242	 90.06000
128.80000	 90.36000	 58.02388	 90.36000
129.00000	 90.63000	 58.24908	 90.63000
129.20000	 90.85000	 58.43154	 90.85000
129.40000	 90.94000	 58.50539	 90.94000
129.60000	 90.98000	 58.53690	 90.98000
129.80000	 90.97000	 58.52638	 90.97000
130.00000	 90.91000	 58.47411	 90.91000
130.20000	 90.80000	 58.38040	 90.80000
130.40000	 90.63000	 58.23726	 90.63000
130.60000	 90.45000	 58.08623	 90.45000
130.80000	 90.25000	 57.91927	 90.25000
131.00000	 90.05000	 57.75304	 90.05000
131.20000	 89.82000	 57.56291	 89.82000
131.40000	 89.62000	 57.39848	 89.62000
131.60000	 89.49000	 57.29275	 89.49000
131.80000	 89.45000	 57.26213	 89.45000
132.00000	 89.59000	 57.38059	 89.59000
132.20000	 89.97000	 57.69717	 89.97000
132.40000	 90.45000	 58.09568	 90.45000
132.60000	 91.01000	 58.55899	 91.01000
132.80000	 91.62000	 59.06179	 91.62000
133.00000	 92.27000	 59.59540	 92.27000
133.20000	 92.91000	 60.11822	 92.91000
133.40000	 93.54000	 60.63006	 93.54000
133.60000	 94.10000	 61.08135	 94.10000
133.80000	 94.47000	 61.37319	 94.47000
134.00000	 94.77000	 61.60496	 94.77000
134.20000	 95.02000	 61.79356	 95.02000
134.40000	 95.22000	 61.93938	 95.22000
134.60000	 95.47000	 62.12525	 95.47000
134.80000	 95.71000	 62.30185	 95.71000
135.00000	 95.91000	 62.44459	 95.91000
135.20000	 96.07000	 62.55363	 96.07000
135.40000	 96.11000	 62.56318	 96.11000
135.60000	 96.07000	 62.50657	 96.07000
135.80000	 96.02000	 62.44189	 96.02000
136.00000	 96.00000	 62.40239	 96.00000
136.20000	 96.18000	 62.52842	 96.18000
136.40000	 96.47000	 62.74548	 96.47000
136.60000	 96.74000	 62.94599	 96.74000
136.80000	 96.92000	 63.07202	 96.92000
137.00000	 96.86000	 62.99986	 96.86000
137.20000	 96.63000	 62.78764	 96.63000
137.40000	 96.26000	 62.46065	 96.26000
137.60000	 95.76000	 62.02776	 95.76000
137.80000	 95.02000	 61.39884	 95.02000
138.00000	 94.16000	 60.67366	 94.16000
138.20000	 93.25000	 59.91066	 93.25000
138.40000	 92.33000	 59.14337	 92.33000
138.60000	 91.50000	 58.45460	 91.50000
138.80000	 90.91000	 57.96810	 90.91000
139.00000	 90.37000	 57.52677	 90.37000
139.20000	 89.89000	 57.13843	 89.89000
139.40000	 89.45000	 56.78619	 89.45000
139.60000	 89.01000	 56.43668	 89.01000
139.80000	 88.46000	 55.99889	 88.46000
140.00000	 87.95000	 55.59650	 87.95000
140.20000	 87.51000	 55.25415	 87.51000
140.40000	 87.14000	 54.97163	 87.14000
140.60000	 86.90000	 54.79812	 86.90000
140.80000	 86.85000	 54.78270	 86.85000
141.00000	 86.91000	 54.85877	 86.91000
141.20000	 87.08000	 55.02572	 87.08000
141.40000	 87.35000	 55.27471	 87.35000
141.60000	 87.78000	 55.65465	 87.78000
141.80000	 88.32000	 56.12367	 88.32000
142.00000	 88.91000	 56.63168	 88.91000
142.20000	 89.50000	 57.13697	 89.50000
142.40000	 90.05000	 57.60627	 90.05000
142.60000	 90.49000	 57.98173	 90.49000
142.80000	 90.87000	 58.30474	 90.87000
143.00000	 91.18000	 58.56727	 91.18000
143.20000	 91.42000	 58.76962	 91.42000
143.40000	 91.51000	 58.84616	 91.51000
143.60000	 91.51000	 58.84686	 91.51000
143.80000	 91.44000	 58.78874	 91.44000
144.00000	 91.31000	 58.68050	 91.31000
144.20000	 91.10000	 58.50607	 91.10000
144.40000	 90.79000	 58.24939	 90.79000
144.60000	 90.47000	 57.98513	 90.47000
144.80000	 90.16000	 57.73011	 90.16000
145.00000	 89.92000	 57.53400	 89.92000
145.20000	 89.83000	 57.46279	 89.83000
145.40000	 89.96000	 57.57396	 89.96000
145.60000	 90.16000	 57.74322	 90.16000
145.80000	 90.41000	 57.95361	 90.41000
146.00000	 90.68000	 58.17996	 90.68000
146.20000	 90.93000	 58.38897	 90.93000
146.40000	 91.15000	 58.57221	 91.15000
146.60000	 91.36000	 58.74614	 91.36000
146.80000	 91.55000	 58.90248	 91.55000
147.00000	 91.73000	 59.04954	 91.73000
147.20000	 91.89000	 59.17910	 91.89000
147.40000	 92.02000	 59.28300	 92.02000
147.60000	 92.11000	 59.35311	 92.11000
147.80000	 92.14000	 59.37308	 92.14000
148.00000	 92.09000	 59.32662	 92.09000
148.20000	 91.91000	 59.17276	 91.91000
148.40000	 91.68000	 58.97790	 91.68000
148.60000	 91.39000	 58.73415	 91.39000
148.80000	 91.07000	 58.46657	 91.07000
149.00000	 90.69000	 58.15071	 90.69000
149.20000	 90.25000	 57.78682	 90.25000
149.40000	 89.83000	 57.44115	 89.83000
149.60000	 89.45000	 57.13034	 89.45000
149.80000	 89.15000	 56.88738	 89.15000
150.00000	 89.06000	 56.81935	 89.06000
150.20000	 89.19000	 56.93403	 89.19000
150.40000	 89.41000	 57.12350	 89.41000
150.60000	 89.68000	 57.35415	 89.68000
150.80000	 89.99000	 57.61723	 89.99000
151.00000	 90.27000	 57.85460	 90.27000
151.20000	 90.53000	 58.07429	 90.53000
151.40000	 90.75000	 58.25970	 90.75000
151.60000	 90.92000	 58.40259	 90.92000
151.80000	 91.01000	 58.47832	 91.01000
152.00000	 90.90000	 58.38812	 90.90000
152.20000	 90.71000	 58.23147	 90.71000
152.40000	 90.47000	 58.03356	 90.47000
152.60000	 90.20000	 57.81130	 90.20000
152.80000	 89.91000	 57.57324	 89.91000
153.00000	 89.62000	 57.33613	 89.62000
153.20000	 89.36000	 57.12487	 89.36000
153.40000	 89.13000	 56.93949	 89.13000
153.60000	 88.95000	 56.79647	 88.95000
153.80000	 88.87000	 56.73693	 88.87000
154.00000	 88.94000	 56.80186	 88.94000
154.20000	 89.08000	 56.92484	 89.08000
154.40000	 89.27000	 57.08898	 89.27000
154.60000	 89.50000	 57.28566	 89.50000
154.80000	 89.79000	 57.53107	 89.79000
155.00000	 90.11000	 57.80017	 90.11000
155.20000	 90.41000	 58.05149	 90.41000
155.40000	 90.66000	 58.26015	 90.66000
155.60000	 90.85000	 58.41792	 90.85000
155.80000	 90.79000	 58.36822	 90.79000
156.00000	 90.64000	 58.24352	 90.64000
156.20000	 90.42000	 58.06082	 90.42000
156.40000	 90.17000	 57.85358	 90.17000
156.60000	 89.91000	 57.63864	 89.91000
156.80000	 89.70000	 57.46576	 89.70000
157.00000	 89.50000	 57.30201	 89.50000
157.20000	 89.32000	 57.15569	 89.32000
157.40000	 89.15000	 57.01853	 89.15000
157.60000	 89.00000	 56.89872	 89.00000
157.80000	 88.84000	 56.77147	 88.84000
158.00000	 88.73000	 56.68621	 88.73000
158.20000	 88.68000	 56.65108	 88.68000
158.40000	 88.71000	 56.68240	 88.71000
158.60000	 88.86000	 56.81288	 88.86000
158.80000	 89.21000	 57.10815	 89.21000
159.00000	 89.63000	 57.46038	 89.63000
159.20000	 90.08000	 57.83609	 90.08000
159.40000	 90.55000	 58.22663	 90.55000
159.60000	 90.96000	 58.56577	 90.96000
159.80000	 91.32000	 58.86166	 91.32000
160.00000	 91.64000	 59.12262	 91.64000
160.20000	 91.89000	 59.32403	 91.89000
160.40000	 92.06000	 59.45785	 92.06000
160.60000	 92.07000	 59.45840	 92.07000
160.80000	 91.99000	 59.38389	 91.99000
161.00000	 91.85000	 59.25955	 91.85000
161.20000	 91.65000	 59.08581	 91.65000
161.40000	 91.39000	 58.86305	 91.39000
161.60000	 91.04000	 58.56690	 91.04000
161.80000	 90.68000	 58.26372	 90.68000
162.00000	 90.36000	 57.99502	 90.36000
162.20000	 90.10000	 57.77739	 90.10000
162.40000	 90.00000	 57.69327	 90.00000
162.60000	 90.17000	 57.83307	 90.17000
162.80000	 90.42000	 58.03941	 90.42000
163.00000	 90.70000	 58.27047	 90.70000
163.20000	 91.00000	 58.51753	 91.00000
163.40000	 91.24000	 58.71428	 91.24000
163.60000	 91.40000	 58.84411	 91.40000
163.80000	 91.51000	 58.93181	 91.51000
164.00000	 91.56000	 58.96928	 91.56000
164.20000	 91.54000	 58.94845	 91.54000
164.40000	 91.37000	 58.80360	 91.37000
164.60000	 91.10000	 58.57640	 91.10000
164.80000	 90.77000	 58.30028	 90.77000
165.00000	 90.39000	 57.98389	 90.39000
165.20000	 89.97000	 57.63583	 89.97000
165.40000	 89.47000	 57.22339	 89.47000
165.60000	 88.97000	 56.81287	 88.97000
165.80000	 88.50000	 56.42920	 88.50000
166.00000	 88.10000	 56.10544	 88.10000
166.20000	 87.79000	 55.85799	 87.79000
166.40000	 87.74000	 55.82682	 87.74000
166.60000	 87.82000	 55.90410	 87.82000
166.80000	 87.99000	 56.05621	 87.99000
167.00000	 88.26000	 56.29081	 88.26000
167.20000	 88.62000	 56.59907	 88.62000
167.40000	 89.10000	 57.00522	 89.10000
167.60000	 89.59000	 57.41798	 89.59000
167.80000	 90.07000	 57.82049	 90.07000
168.00000	 90.48000	 58.16304	 90.48000
168.20000	 90.66000	 58.31366	 90.66000
168.40000	 90.70000	 58.34697	 90.70000
168.60000	 90.67000	 58.32122	 90.67000
168.80000	 90.57000	 58.23691	 90.57000
169.00000	 90.44000	 58.12746	 90.44000
169.20000	 90.34000	 58.04274	 90.34000
169.40000	 90.21000	 57.93344	 90.21000
169.60000	 90.05000	 57.79974	 90.05000
169.80000	 89.87000	 57.65008	 89.87000
170.00000	 89.65000	 57.46808	 89.65000
170.20000	 89.37000	 57.23741	 89.37000
170.40000	 89.10000	 57.01601	 89.10000
170.60000	 88.86000	 56.82047	 88.86000
170.80000	 88.66000	 56.65906	 88.66000
171.00000	 88.63000	 56.63894	 88.63000
171.20000	 88.72000	 56.71851	 88.72000
171.40000	 88.85000	 56.83138	 88.85000
171.60000	 88.99000	 56.95242	 88.99000
171.80000	 89.13000	 57.07312	 89.13000
172.00000	 89.19000	 57.12733	 89.19000
172.20000	 89.23000	 57.16455	 89.23000
172.40000	 89.22000	 57.16009	 89.22000
172.60000	 89.16000	 57.11406	 89.16000
172.80000	 89.02000	 57.00189	 89.02000
173.00000	 88.77000	 56.79909	 88.77000
173.20000	 88.47000	 56.55549	 88.47000
173.40000	 88.13000	 56.27966	 88.13000
173.60000	 87.76000	 55.98011	 87.76000
173.80000	 87.38000	 55.67356	 87.38000
174.00000	 87.02000	 55.38493	 87.02000
174.20000	 86.66000	 55.09776	 86.66000
174.40000	 86.30000	 54.81209	 86.30000
174.60000	 85.94000	 54.52792	 85.94000
174.80000	 85.59000	 54.25348	 85.59000
175.00000	 85.18000	 53.93100	 85.18000
175.20000	 84.81000	 53.64301	 84.81000
175.40000	 84.50000	 53.40597	 84.50000
175.60000	 84.27000	 53.23623	 84.27000
175.80000	 84.14000	 53.15005	 84.14000
176.00000	 84.27000	 53.27905	 84.27000
176.20000	 84.50000	 53.49060	 84.50000
176.40000	 84.83000	 53.78407	 84.83000
176.60000	 85.23000	 54.13415	 85.23000
176.80000	 85.70000	 54.54033	 85.70000
177.00000	 86.24000	 55.00217	 86.24000
177.20000	 86.81000	 55.48630	 86.81000
177.40000	 87.37000	 55.95943	 87.37000
177.60000	 87.91000	 56.41315	 87.91000
177.80000	 88.36000	 56.78968	 88.36000
178.00000	 88.73000	 57.09743	 88.73000
178.20000	 89.04000	 57.35315	 89.04000
178.40000	 89.31000	 57.57363	 89.31000
178.60000	 89.53000	 57.75093	 89.53000
178.80000	 89.68000	 57.86885	 89.68000
179.00000	 89.80000	 57.96071	 89.80000
179.20000	 89.87000	 58.01032	 89.87000
179.40000	 89.89000	 58.01797	 89.89000
179.60000	 89.87000	 57.99218	 89.87000
179.80000	 89.70000	 57.84250	 89.70000
180.00000	 89.55000	 57.70958	 89.55000
180.20000	 89.44000	 57.61017	 89.44000
180.40000	 89.42000	 57.58560	 89.42000
180.60000	 89.63000	 57.75127	 89.63000
180.80000	 90.17000	 58.18922	 90.17000
181.00000	 90.78000	 58.68415	 90.78000
181.20000	 91.42000	 59.20238	 91.42000
181.40000	 92.02000	 59.68569	 92.02000
181.60000	 92.44000	 60.01834	 92.44000
181.80000	 92.72000	 60.23348	 92.72000
182.00000	 92.90000	 60.36444	 92.90000
182.20000	 92.96000	 60.39516	 92.96000
182.40000	 92.89000	 60.31787	 92.89000
182.60000	 92.57000	 60.03417	 92.57000
182.80000	 92.14000	 59.66031	 92.14000
183.00000	 91.66000	 59.24651	 91.66000
183.20000	 91.14000	 58.80157	 91.14000
183.40000	 90.66000	 58.39190	 90.66000
183.60000	 90.33000	 58.10843	 90.33000
183.80000	 90.02000	 57.84379	 90.02000
184.00000	 89.75000	 57.61434	 89.75000
184.20000	 89.49000	 57.39514	 89.49000
184.40000	 89.25000	 57.19427	 89.25000
184.60000	 88.97000	 56.96210	 88.97000
184.80000	 88.73000	 56.76452	 88.73000
185.00000	 88.52000	 56.59318	 88.52000
185.20000	 88.38000	 56.48092	 88.38000
185.40000	 88.32000	 56.43575	 88.32000
185.60000	 88.44000	 56.53985	 88.44000
185.80000	 88.61000	 56.68549	 88.61000
186.00000	 88.81000	 56.85575	 88.81000
186.20000	 89.00000	 57.01730	 89.00000
186.40000	 89.12000	 57.12042	 89.12000
186.60000	 89.13000	 57.13211	 89.13000
186.80000	 89.12000	 57.12678	 89.12000
187.00000	 89.12000	 57.12933	 89.12000
187.20000	 89.13000	 57.13984	 89.13000
187.40000	 89.20000	 57.19961	 89.20000
187.60000	 89.33000	 57.30858	 89.33000
187.80000	 89.50000	 57.45011	 89.50000
188.00000	 89.68000	 57.59930	 89.68000
188.20000	 89.90000	 57.78078	 89.90000
188.40000	 90.16000	 57.99442	 90.16000
188.60000	 90.44000	 58.22355	 90.44000
188.80000	 90.70000	 58.43507	 90.70000
189.00000	 90.93000	 58.62069	 90.93000
189.20000	 91.08000	 58.73919	 91.08000
189.40000	 91.16000	 58.79900	 91.16000
189.60000	 91.18000	 58.80860	 91.18000
189.80000	 91.14000	 58.76825	 91.14000
190.00000	 91.01000	 58.65350	 91.01000
190.20000	 90.80000	 58.47293	 90.80000
190.40000	 90.53000	 58.24342	 90.53000
190.60000	 90.23000	 57.99005	 90.23000
190.80000	 89.92000	 57.72958	 89.92000
191.00000	 89.62000	 57.47870	 89.62000
191.20000	 89.31000	 57.22101	 89.31000
191.40000	 88.98000	 56.94834	 88.98000
191.60000	 88.64000	 56.66900	 88.64000
191.80000	 88.29000	 56.38304	 88.29000
192.00000	 87.91000	 56.07398	 87.91000
192.20000	 87.52000	 55.75838	 87.52000
192.40000	 87.13000	 55.44453	 87.13000
192.60000	 86.74000	 55.13243	 86.74000
192.80000	 86.35000	 54.82207	 86.35000
193.00000	 85.81000	 54.38970	 85.81000
193.20000	 85.24000	 53.93451	 85.24000
193.40000	 84.77000	 53.56390	 84.77000
193.60000	 84.47000	 53.33554	 84.47000
193.80000	 84.39000	 53.29032	 84.39000
194.00000	 84.86000	 53.69981	 84.86000
194.20000	 85.94000	 54.61215	 85.94000
194.40000	 87.17000	 55.64604	 87.17000
194.60000	 88.46000	 56.72571	 88.46000
194.80000	 89.72000	 57.77584	 89.72000
195.00000	 90.64000	 58.54008	 90.64000
195.20000	 91.22000	 59.01861	 91.22000
195.40000	 91.64000	 59.36062	 91.64000
195.60000	 91.93000	 59.59167	 91.93000
195.80000	 92.09000	 59.71256	 92.09000
196.00000	 92.09000	 59.69932	 92.09000
196.20000	 91.98000	 59.59402	 91.98000
196.40000	 91.81000	 59.43866	 91.81000
196.60000	 91.60000	 59.25035	 91.60000
196.80000	 91.37000	 59.04606	 91.37000
197.00000	 91.26000	 58.94163	 91.26000
197.20000	 91.21000	 58.88761	 91.21000
197.40000	 91.18000	 58.85091	 91.18000
197.60000	 91.14000	 58.80670	 91.14000
197.80000	 91.10000	 58.76318	 91.10000
198.00000	 90.98000	 58.65430	 90.98000
198.20000	 90.80000	 58.49666	 90.80000
198.40000	 90.64000	 58.35640	 90.64000
198.60000	 90.52000	 58.25008	 90.52000
198.80000	 90.46000	 58.19417	 90.46000
199.00000	 90.60000	 58.30399	 90.60000
199.20000	 90.90000	 58.54615	 90.90000
199.40000	 91.25000	 58.82935	 91.25000
199.60000	 91.60000	 59.11189	 91.60000
199.80000	 91.93000	 59.37697	 91.93000
200.00000	 92.10000	 59.50896	 92.10000
200.20000	 92.17000	 59.55750	 92.17000
200.40000	 92.19000	 59.56413	 92.19000
200.60000	 92.15000	 59.52087	 92.15000
200.80000	 92.08000	 59.45276	 92.08000
201.00000	 91.95000	 59.33532	 91.95000
201.20000	 91.80000	 59.20180	 91.80000
201.40000	 91.62000	 59.04416	 91.62000
201.60000	 91.44000	 58.88735	 91.44000
201.80000	 91.25000	 58.72322	 91.25000
202.00000	 91.07000	 58.56837	 91.07000
202.20000	 90.90000	 58.42282	 90.90000
202.40000	 90.76000	 58.30306	 90.76000
202.60000	 90.67000	 58.22554	 90.67000
202.80000	 90.63000	 58.19011	 90.63000
203.00000	 90.70000	 58.24608	 90.70000
203.20000	 90.90000	 58.40963	 90.90000
203.40000	 91.14000	 58.60610	 91.14000
203.60000	 91.43000	 58.84338	 91.43000
203.80000	 91.74000	 59.09640	 91.74000
204.00000	 92.08000	 59.37317	 92.08000
204.20000	 92.43000	 59.65699	 92.43000
204.40000	 92.75000	 59.91472	 92.75000
204.60000	 93.01000	 60.12158	 93.01000
204.80000	 93.19000	 60.26117	 93.19000
205.00000	 93.14000	 60.20996	 93.14000
205.20000	 92.97000	 60.05923	 92.97000
205.40000	 92.71000	 59.83426	 92.71000
205.60000	 92.38000	 59.55211	 92.38000
205.80000	 91.99000	 59.22147	 91.99000
206.00000	 91.55000	 58.85102	 91.55000
206.20000	 91.08000	 58.45759	 91.08000
206.40000	 90.59000	 58.04969	 90.59000
206.60000	 90.10000	 57.64403	 90.10000
206.80000	 89.61000	 57.24070	 89.61000
207.00000	 89.13000	 56.84802	 89.13000
207.20000	 88.68000	 56.48246	 88.68000
207.40000	 88.28000	 56.16045	 88.28000
207.60000	 87.94000	 55.89008	 87.94000
207.80000	 87.68000	 55.68762	 87.68000
208.00000	 87.51000	 55.56100	 87.51000
208.20000	 87.62000	 55.66657	 87.62000
208.40000	 87.80000	 55.83040	 87.80000
208.60000	 88.03000	 56.03536	 88.03000
208.80000	 88.28000	 56.25621	 88.28000
209.00000	 88.52000	 56.46786	 88.52000
209.20000	 88.62000	 56.56284	 88.62000
209.40000	 88.68000	 56.62373	 88.68000
209.60000	 88.72000	 56.66716	 88.72000
209.80000	 88.73000	 56.68503	 88.73000
210.00000	 88.73000	 56.69397	 88.73000
210.20000	 88.70000	 56.67763	 88.70000
210.40000	 88.66000	 56.65263	 88.66000
210.60000	 88.61000	 56.61909	 88.61000
210.80000	 88.55000	 56.57711	 88.55000
211.00000	 88.48000	 56.52678	 88.48000
211.20000	 88.30000	 56.38569	 88.30000
211.40000	 88.12000	 56.24480	 88.12000
211.60000	 87.99000	 56.14551	 87.99000
211.80000	 87.95000	 56.12083	 87.95000
212.00000	 88.03000	 56.19536	 88.03000
212.20000	 88.55000	 56.63275	 88.55000
212.40000	 89.19000	 57.16814	 89.19000
212.60000	 89.88000	 57.74297	 89.88000
212.80000	 90.58000	 58.32363	 90.58000
213.00000	 91.17000	 58.81073	 91.17000
213.20000	 91.57000	 59.13822	 91.57000
213.40000	 91.88000	 59.38886	 91.88000
213.60000	 92.10000	 59.56304	 92.10000
213.80000	 92.23000	 59.66118	 92.23000
214.00000	 92.19000	 59.61775	 92.19000
214.20000	 92.05000	 59.49108	 92.05000
214.40000	 91.84000	 59.30652	 91.84000
214.60000	 91.60000	 59.09755	 91.60000
214.80000	 91.35000	 58.88108	 91.35000
215.00000	 91.15000	 58.70687	 91.15000
215.20000	 90.98000	 58.55852	 90.98000
215.40000	 90.84000	 58.43603	 90.84000
215.60000	 90.74000	 58.34760	 90.74000
215.80000	 90.68000	 58.29310	 90.68000
216.00000	 90.75000	 58.34663	 90.75000
216.20000	 90.89000	 58.45835	 90.89000
216.40000	 91.06000	 58.59494	 91.06000
216.60000	 91.25000	 58.74787	 91.25000
216.80000	 91.44000	 58.90041	 91.44000
217.00000	 91.59000	 59.01942	 91.59000
217.20000	 91.72000	 59.12138	 91.72000
217.40000	 91.82000	 59.19805	 91.82000
217.60000	 91.88000	 59.24125	 91.88000
217.80000	 91.89000	 59.24285	 91.89000
218.00000	 91.77000	 59.13704	 91.77000
218.20000	 91.60000	 58.99011	 91.60000
218.40000	 91.39000	 58.81063	 91.39000
218.60000	 91.16000	 58.61537	 91.16000
218.80000	 90.91000	 58.40452	 90.91000
219.00000	 90.69000	 58.21950	 90.69000
219.20000	 90.48000	 58.04386	 90.48000
219.40000	 90.26000	 57.86112	 90.26000
219.60000	 90.04000	 57.67953	 90.04000
219.80000	 89.83000	 57.50733	 89.83000
220.00000	 89.56000	 57.28676	 89.56000
220.20000	 89.28000	 57.05913	 89.28000
220.40000	 89.02000	 56.84923	 89.02000
220.60000	 88.80000	 56.67354	 88.80000
220.80000	 88.64000	 56.54848	 88.64000
221.00000	 88.63000	 56.54810	 88.63000
221.20000	 88.75000	 56.65554	 88.75000
221.40000	 88.91000	 56.79610	 88.91000
221.60000	 89.12000	 56.97763	 89.12000
221.80000	 89.36000	 57.18329	 89.36000
222.00000	 89.61000	 57.39631	 89.61000
222.20000	 89.86000	 57.60825	 89.86000
222.40000	 90.08000	 57.79423	 90.08000
222.60000	 90.24000	 57.92950	 90.24000
222.80000	 90.34000	 58.01415	 90.34000
223.00000	 90.21000	 57.90814	 90.21000
223.20000	 90.01000	 57.74394	 90.01000
223.40000	 89.73000	 57.51378	 89.73000
223.60000	 89.41000	 57.25110	 89.41000
223.80000	 89.05000	 56.95625	 89.05000
224.00000	 88.64000	 56.62130	 88.64000
224.20000	 88.22000	 56.27952	 88.22000
224.40000	 87.82000	 55.95585	 87.82000
224.60000	 87.45000	 55.65862	 87.45000
224.80000	 87.14000	 55.41256	 87.14000
225.00000	 86.98000	 55.29177	 86.98000
225.20000	 86.93000	 55.26293	 86.93000
225.40000	 86.95000	 55.29260	 86.95000
225.60000	 87.03000	 55.37213	 87.03000
225.80000	 87.17000	 55.50113	 87.17000
226.00000	 87.40000	 55.70398	 87.40000
226.20000	 87.68000	 55.94730	 87.68000
226.40000	 87.97000	 56.19776	 87.97000
226.60000	 88.26000	 56.44688	 88.26000
226.80000	 88.50000	 56.65327	 88.50000
227.00000	 88.60000	 56.74269	 88.60000
227.20000	 88.63000	 56.77313	 88.63000
227.40000	 88.61000	 56.76136	 88.61000
227.60000	 88.54000	 56.70770	 88.54000
227.80000	 88.43000	 56.62066	 88.43000
228.00000	 88.30000	 56.51702	 88.30000
228.20000	 88.14000	 56.38873	 88.14000
228.40000	 87.96000	 56.24425	 87.96000
228.60000	 87.75000	 56.07548	 87.75000
228.80000	 87.52000	 55.89083	 87.52000
229.00000	 87.19000	 55.62444	 87.19000
229.20000	 86.85000	 55.35081	 86.85000
229.40000	 86.54000	 55.10308	 86.54000
229.60000	 86.31000	 54.92257	 86.31000
229.80000	 86.17000	 54.81740	 86.17000
230.00000	 86.33000	 54.96057	 86.33000
230.20000	 86.64000	 55.22769	 86.64000
230.40000	 87.05000	 55.57681	 87.05000
230.60000	 87.54000	 55.99082	 87.54000
230.80000	 88.10000	 56.46090	 88.10000
231.00000	 88.75000	 57.00307	 88.75000
231.20000	 89.41000	 57.55092	 89.41000
231.40000	 90.05000	 58.07938	 90.05000
231.60000	 90.64000	 58.56359	 90.64000
231.80000	 91.10000	 58.93757	 91.10000
232.00000	 91.29000	 59.08611	 91.29000
232.20000	 91.38000	 59.15007	 91.38000
232.40000	 91.38000	 59.13833	 91.38000
232.60000	 91.32000	 59.07621	 91.32000
232.80000	 91.22000	 58.98073	 91.22000
233.00000	 91.10000	 58.86879	 91.10000
233.20000	 90.97000	 58.74896	 90.97000
233.40000	 90.82000	 58.61321	 90.82000
233.60000	 90.69000	 58.49472	 90.69000
233.80000	 90.57000	 58.38532	 90.57000
234.00000	 90.49000	 58.30980	 90.49000
234.20000	 90.45000	 58.26809	 90.45000
234.40000	 90.47000	 58.27658	 90.47000
234.60000	 90.55000	 58.33509	 90.55000
234.80000	 90.76000	 58.50113	 90.76000
235.00000	 91.20000	 58.85680	 91.20000
235.20000	 91.68000	 59.24477	 91.68000
235.40000	 92.17000	 59.63979	 92.17000
235.60000	 92.63000	 60.00855	 92.63000
235.80000	 92.93000	 60.24365	 92.93000
236.00000	 93.09000	 60.36176	 93.09000
236.20000	 93.17000	 60.41273	 93.17000
236.40000	 93.17000	 60.39694	 93.17000
236.60000	 93.10000	 60.32305	 93.10000
236.80000	 92.93000	 60.16671	 92.93000
237.00000	 92.70000	 59.96135	 92.70000
237.20000	 92.42000	 59.71559	 92.42000
237.40000	 92.11000	 59.44628	 92.11000
237.60000	 91.75000	 59.13718	 91.75000
237.80000	 91.34000	 58.78855	 91.34000
238.00000	 90.95000	 58.45836	 90.95000
238.20000	 90.58000	 58.14671	 90.58000
238.40000	 90.28000	 57.89486	 90.28000
238.60000	 90.14000	 57.77692	 90.14000
238.80000	 90.15000	 57.78428	 90.15000
239.00000	 90.21000	 57.83395	 90.21000
239.20000	 90.31000	 57.91723	 90.31000
239.40000	 90.41000	 58.00077	 90.41000
239.60000	 90.47000	 58.05131	 90.47000
239.80000	 90.50000	 58.07699	 90.50000
240.00000	 90.49000	 58.06954	 90.49000
240.20000	 90.43000	 58.02077	 90.43000
240.40000	 90.27000	 57.88956	 90.27000
240.60000	 90.00000	 57.66790	 90.00000
240.80000	 89.67000	 57.39737	 89.67000
241.00000	 89.30000	 57.09481	 89.30000
241.20000	 88.88000	 56.75224	 88.88000
241.40000	 88.45000	 56.40292	 88.45000
241.60000	 88.01000	 56.04702	 88.01000
241.80000	 87.55000	 55.67641	 87.55000
242.00000	 87.10000	 55.31594	 87.10000
242.20000	 86.64000	 54.94915	 86.64000
242.40000	 86.20000	 54.60078	 86.20000
242.60000	 85.79000	 54.27906	 85.79000
242.80000	 85.39000	 53.96739	 85.39000
243.00000	 85.04000	 53.69867	 85.04000
243.20000	 84.72000	 53.45622	 84.72000
243.40000	 84.41000	 53.22338	 84.41000
243.60000	 84.15000	 53.03299	 84.15000
243.80000	 83.98000	 52.91783	 83.98000
244.00000	 83.92000	 52.89412	 83.92000
244.20000	 84.00000	 52.98621	 84.00000
244.40000	 84.40000	 53.34206	 84.40000
244.60000	 84.90000	 53.77935	 84.90000
244.80000	 85.49000	 54.28910	 85.49000
245.00000	 86.11000	 54.82118	 86.11000
245.20000	 86.73000	 55.35039	 86.73000
245.40000	 87.31000	 55.84346	 87.31000
245.60000	 87.85000	 56.30028	 87.85000
245.80000	 88.33000	 56.70440	 88.33000
246.00000	 88.73000	 57.03949	 88.73000
246.20000	 88.92000	 57.19857	 88.92000
246.40000	 88.99000	 57.25644	 88.99000
246.60000	 88.97000	 57.23844	 88.97000
246.80000	 88.89000	 57.16989	 88.89000
247.00000	 88.76000	 57.05954	 88.76000
247.20000	 88.61000	 56.93254	 88.61000
247.40000	 88.44000	 56.78924	 88.44000
247.60000	 88.26000	 56.63813	 88.26000
247.80000	 88.11000	 56.51238	 88.11000
248.00000	 87.98000	 56.40382	 87.98000
248.20000	 87.94000	 56.37018	 87.94000
248.40000	 87.95000	 56.37834	 87.95000
248.60000	 88.01000	 56.42808	 88.01000
248.80000	 88.12000	 56.51921	 88.12000
249.00000	 88.30000	 56.66798	 88.30000
249.20000	 88.59000	 56.90712	 88.59000
249.40000	 88.89000	 57.15379	 88.89000
249.60000	 89.18000	 57.39122	 89.18000
249.80000	 89.44000	 57.60279	 89.44000
250.00000	 89.61000	 57.73896	 89.61000
250.20000	 89.70000	 57.80811	 89.70000
250.40000	 89.71000	 57.81048	 89.71000
250.60000	 89.64000	 57.74636	 89.64000
250.80000	 89.42000	 57.55837	 89.42000
251.00000	 89.08000	 57.27171	 89.08000
251.20000	 88.63000	 56.89517	 88.63000
251.40000	 88.10000	 56.45401	 88.10000
251.60000	 87.48000	 55.94046	 87.48000
251.80000	 86.70000	 55.29725	 86.70000
252.00000	 85.88000	 54.62389	 85.88000
252.20000	 85.04000	 53.93730	 85.04000
252.40000	 84.22000	 53.27074	 84.22000
252.60000	 83.47000	 52.66558	 83.47000
252.80000	 82.87000	 52.18773	 82.87000
253.00000	 82.36000	 51.78737	 82.36000
253.20000	 81.96000	 51.48060	 81.96000
253.40000	 81.67000	 51.26693	 81.67000
253.60000	 81.59000	 51.22830	 81.59000
253.80000	 81.75000	 51.38873	 81.75000
254.00000	 81.98000	 51.60710	 81.98000
254.20000	 82.25000	 51.85793	 82.25000
254.40000	 82.51000	 52.09943	 82.51000
254.60000	 82.62000	 52.21577	 82.62000
254.80000	 82.62000	 52.23997	 82.62000
255.00000	 82.57000	 52.22173	 82.57000
255.20000	 82.48000	 52.16952	 82.48000
255.40000	 82.35000	 52.08360	 82.35000
255.60000	 82.12000	 51.91470	 82.12000
255.80000	 81.88000	 51.73739	 81.88000
256.00000	 81.67000	 51.58491	 81.67000
256.20000	 81.50000	 51.46560	 81.50000
256.40000	 81.44000	 51.43723	 81.44000
256.60000	 81.52000	 51.52435	 81.52000
256.80000	 81.69000	 51.68537	 81.69000
257.00000	 81.97000	 51.93642	 81.97000
257.20000	 82.36000	 52.27704	 82.36000
257.40000	 82.96000	 52.78926	 82.96000
257.60000	 83.63000	 53.35695	 83.63000
257.80000	 84.34000	 53.95485	 84.34000
258.00000	 85.06000	 54.55780	 85.06000
258.20000	 85.69000	 55.08307	 85.69000
258.40000	 86.27000	 55.56365	 86.27000
258.60000	 86.79000	 55.99143	 86.79000
258.80000	 87.25000	 56.36662	 87.25000
259.00000	 87.62000	 56.66475	 87.62000
259.20000	 87.89000	 56.87794	 87.89000
259.40000	 88.08000	 57.02312	 88.08000
259.60000	 88.21000	 57.11724	 88.21000
259.80000	 88.28000	 57.16071	 88.28000
260.00000	 88.30000	 57.16219	 88.30000
260.20000	 88.28000	 57.13028	 88.28000
260.40000	 88.21000	 57.05704	 88.21000
260.60000	 88.10000	 56.95103	 88.10000
260.80000	 87.94000	 56.80425	 87.94000
261.00000	 87.69000	 56.58399	 87.69000
261.20000	 87.43000	 56.35653	 87.43000
261.40000	 87.21000	 56.16334	 87.21000
261.60000	 87.04000	 56.01273	 87.04000
261.80000	 87.03000	 55.99540	 87.03000
262.00000	 87.17000	 56.10277	 87.17000
262.20000	 87.39000	 56.27666	 87.39000
262.40000	 87.66000	 56.49185	 87.66000
262.60000	 87.98000	 56.74796	 87.98000
262.80000	 88.34000	 57.03639	 88.34000
263.00000	 88.72000	 57.34036	 88.72000
263.20000	 89.09000	 57.63488	 89.09000
263.40000	 89.42000	 57.89511	 89.42000
263.60000	 89.67000	 58.08803	 89.67000
263.80000	 89.83000	 58.20555	 89.83000
264.00000	 89.94000	 58.28091	 89.94000
264.20000	 90.00000	 58.31438	 90.00000
264.40000	 90.03000	 58.32272	 90.03000
264.60000	 90.01000	 58.28968	 90.01000
264.80000	 89.97000	 58.24024	 89.97000
265.00000	 89.92000	 58.18285	 89.92000
265.20000	 89.86000	 58.11766	 89.86000
265.40000	 89.79000	 58.04478	 89.79000
265.60000	 89.73000	 57.98080	 89.73000
265.80000	 89.69000	 57.93399	 89.69000
266.00000	 89.68000	 57.91260	 89.68000
266.20000	 89.70000	 57.91656	 89.70000
266.40000	 89.83000	 58.01175	 89.83000
266.60000	 90.01000	 58.14842	 90.01000
266.80000	 90.22000	 58.30983	 90.22000
267.00000	 90.42000	 58.46275	 90.42000
267.20000	 90.61000	 58.60706	 90.61000
267.40000	 90.77000	 58.72618	 90.77000
267.60000	 90.87000	 58.79538	 90.87000
267.80000	 90.90000	 58.80651	 90.90000
268.00000	 90.78000	 58.69379	 90.78000
268.20000	 90.37000	 58.34212	 90.37000
268.40000	 89.95000	 57.98318	 89.95000
268.60000	 89.58000	 57.66696	 89.58000
268.80000	 89.45000	 57.55043	 89.45000
269.00000	 89.78000	 57.81477	 89.78000
269.20000	 90.21000	 58.16214	 90.21000
269.40000	 90.63000	 58.50100	 90.63000
269.60000	 90.90000	 58.71534	 90.90000
269.80000	 90.77000	 58.59885	 90.77000
270.00000	 90.51000	 58.37483	 90.51000
270.20000	 90.15000	 58.06865	 90.15000
270.40000	 89.72000	 57.70563	 89.72000
270.60000	 89.30000	 57.35227	 89.30000
270.80000	 88.85000	 56.97588	 88.85000
271.00000	 88.36000	 56.56846	 88.36000
271.20000	 87.83000	 56.13022	 87.83000
271.40000	 87.27000	 55.66961	 87.27000
271.60000	 86.62000	 55.13728	 86.62000
271.80000	 85.97000	 54.60770	 85.97000
272.00000	 85.35000	 54.10574	 85.35000
272.20000	 84.78000	 53.64791	 84.78000
272.40000	 84.31000	 53.27533	 84.31000
272.60000	 84.07000	 53.09496	 84.07000
272.80000	 83.90000	 52.97427	 83.90000
273.00000	 83.80000	 52.91270	 83.80000
273.20000	 83.75000	 52.89328	 83.75000
273.40000	 83.68000	 52.85784	 83.68000
273.60000	 83.50000	 52.73190	 83.50000
273.80000	 83.39000	 52.66391	 83.39000
274.00000	 83.38000	 52.67851	 83.38000
274.20000	 83.51000	 52.80844	 83.51000
274.40000	 83.96000	 53.20176	 83.96000
274.60000	 84.67000	 53.80820	 84.67000
274.80000	 85.48000	 54.49483	 85.48000
275.00000	 86.35000	 55.22788	 86.35000
275.20000	 87.24000	 55.97375	 87.24000
275.40000	 88.09000	 56.68253	 88.09000
275.60000	 88.87000	 57.32932	 88.87000
275.80000	 89.55000	 57.88941	 89.55000
276.00000	 90.07000	 58.31355	 90.07000
276.20000	 90.21000	 58.42075	 90.21000
276.40000	 90.10000	 58.31922	 90.10000
276.60000	 89.85000	 58.10077	 89.85000
276.80000	 89.50000	 57.79940	 89.50000
277.00000	 89.10000	 57.45720	 89.10000
277.20000	 88.79000	 57.19028	 88.79000
277.40000	 88.46000	 56.90821	 88.46000
277.60000	 88.13000	 56.62769	 88.13000
277.80000	 87.81000	 56.35711	 87.81000
278.00000	 87.49000	 56.08827	 87.49000
278.20000	 87.27000	 55.90367	 87.27000
278.40000	 87.08000	 55.74541	 87.08000
278.60000	 86.90000	 55.59680	 86.90000
278.80000	 86.71000	 55.44121	 86.71000
279.00000	 86.52000	 55.28677	 86.52000
279.20000	 86.25000	 55.06742	 86.25000
279.40000	 85.90000	 54.78324	 85.90000
279.60000	 85.55000	 54.50037	 85.55000
279.80000	 85.22000	 54.23541	 85.22000
280.00000	 84.92000	 53.99662	 84.92000
280.20000	 84.71000	 53.83344	 84.71000
280.40000	 84.68000	 53.81991	 84.68000
280.60000	 84.70000	 53.84837	 84.70000
280.80000	 84.76000	 53.91017	 84.76000
281.00000	 84.86000	 54.00498	 84.86000
281.20000	 84.98000	 54.11601	 84.98000
281.40000	 85.06000	 54.19354	 85.06000
281.60000	 85.16000	 54.28698	 85.16000
281.80000	 85.25000	 54.37149	 85.25000
282.00000	 85.33000	 54.44704	 85.33000
282.20000	 85.41000	 54.52188	 85.41000
282.40000	 85.48000	 54.58777	 85.48000
282.60000	 85.52000	 54.62824	 85.52000
282.80000	 85.56000	 54.66811	 85.56000
283.00000	 85.57000	 54.68269	 85.57000
283.20000	 85.57000	 54.68857	 85.57000
283.40000	 85.52000	 54.65285	 85.52000
283.60000	 85.44000	 54.59217	 85.44000
283.80000	 85.36000	 54.53141	 85.36000
284.00000	 85.29000	 54.47894	 85.29000
284.20000	 85.24000	 54.44304	 85.24000
284.40000	 85.26000	 54.46497	 85.26000
284.60000	 85.33000	 54.52811	 85.33000
284.80000	 85.44000	 54.62405	 85.44000
285.00000	 85.58000	 54.74437	 85.58000
285.20000	 85.76000	 54.89716	 85.76000
285.40000	 86.01000	 55.10699	 86.01000
285.60000	 86.30000	 55.34888	 86.30000
285.80000	 86.59000	 55.58964	 86.59000
286.00000	 86.86000	 55.81265	 86.86000
286.20000	 87.10000	 56.00959	 87.10000
286.40000	 87.20000	 56.08980	 87.20000
286.60000	 87.25000	 56.12775	 87.25000
286.80000	 87.25000	 56.12373	 87.25000
287.00000	 87.21000	 56.08625	 87.21000
287.20000	 87.14000	 56.02383	 87.14000
287.40000	 87.05000	 55.94494	 87.05000
287.60000	 86.95000	 55.85801	 86.95000
