  0.00000	 76.92000	 62.54622	 76.92000
  0.20000	 77.47000	 65.61153	 77.47000
  0.40000	 77.94000	 68.13275	 77.94000
  0.60000	 78.34000	 70.02581	 78.34000
  0.80000	 78.66000	 71.27610	 78.66000
  1.00000	 78.89000	 71.93134	 78.89000
  1.20000	 79.04000	 72.09654	 79.04000
  1.40000	 79.11000	 71.88416	 79.11000
  1.60000	 79.06000	 71.37044	 79.06000
  1.80000	 78.87000	 70.64363	 78.87000
  2.00000	 78.63000	 69.88148	 78.63000
  2.20000	 78.36000	 69.17089	 78.36000
  2.40000	 78.10000	 68.59145	 78.10000
  2.60000	 77.85000	 68.16007	 77.85000
  2.80000	 77.68000	 67.93966	 77.68000
  3.00000	 77.61000	 67.92741	 77.61000
  3.20000	 77.68000	 68.12622	 77.68000
  3.40000	 78.17000	 68.75334	 78.17000
  3.60000	 78.77000	 69.45012	 78.77000
  3.80000	 79.41000	 70.09654	 79.41000
  4.00000	 80.03000	 70.60361	 80.03000
  4.20000	 80.45000	 70.79394	 80.45000
  4.40000	 80.79000	 70.80214	 80.79000
  4.60000	 81.03000	 70.64252	 81.03000
  4.80000	 81.18000	 70.36293	 81.18000
  5.00000	 81.14000	 69.90807	 81.14000
  5.20000	 81.03000	 69.43220	 81.03000
  5.40000	 80.89000	 69.00382	 80.89000
  5.60000	 80.74000	 68.65866	 80.74000
  5.80000	 80.69000	 68.50311	 80.69000
  6.00000	 80.68000	 68.46624	 80.68000
  6.20000	 80.72000	 68.53578	 80.72000
  6.40000	 80.80000	 68.67750	 80.80000
  6.60000	 81.03000	 68.96981	 81.03000
  6.80000	 81.30000	 69.27965	 81.30000
  7.00000	 81.55000	 69.52835	 81.55000
  7.20000	 81.74000	 69.66864	 81.74000
  7.40000	 81.66000	 69.50815	 81.66000
  7.60000	 81.40000	 69.16094	 81.40000
  7.80000	 81.08000	 68.77705	 81.08000
  8.00000	 80.71000	 68.39566	 80.71000
  8.20000	 80.37000	 68.11164	 80.37000
  8.40000	 80.22000	 68.07892	 80.22000
  8.60000	 80.10000	 68.12845	 80.10000
  8.80000	 80.01000	 68.23862	 80.01000
  9.00000	 79.95000	 68.38878	 79.95000
  9.20000	 79.90000	 68.54227	 79.90000
  9.40000	 79.74000	 68.57455	 79.74000
  9.60000	 79.57000	 68.58120	 79.57000
  9.80000	 79.47000	 68.64080	 79.47000
 10.00000	 79.49000	 68.79788	 79.49000
 10.20000	 79.66000	 69.06992	 79.66000
 10.40000	 80.17000	 69.61604	 80.17000
 10.60000	 80.84000	 70.23088	 80.84000
 10.80000	 81.64000	 70.85419	 81.64000
 11.00000	 82.53000	 71.42576	 82.53000
 11.20000	 83.58000	 71.99994	 83.58000
 11.40000	 84.65000	 72.43890	 84.65000
 11.60000	 85.68000	 72.69441	 85.68000
 11.80000	 86.60000	 72.72390	 86.60000
 12.00000	 87.02000	 72.20101	 87.02000
 12.20000	 87.28000	 71.51932	 87.28000
 12.40000	 87.47000	 70.83064	 87.47000
 12.60000	 87.66000	 70.24781	 87.66000
 12.80000	 88.20000	 70.11972	 88.20000
 13.00000	 88.93000	 70.27082	 88.93000
 13.20000	 89.68000	 70.49831	 89.68000
 13.40000	 90.42000	 70.73626	 90.42000
 13.60000	 91.09000	 70.90149	 91.09000
 13.80000	 91.48000	 70.78627	 91.48000
 14.00000	 91.72000	 70.52933	 91.72000
 14.20000	 91.87000	 70.21192	 91.87000
 14.40000	 91.96000	 69.88511	 91.96000
 14.60000	 91.97000	 69.54707	 91.97000
 14.80000	 91.94000	 69.24761	 91.94000
 15.00000	 91.94000	 69.05688	 91.94000
 15.20000	 92.04000	 69.03327	 92.04000
 15.40000	 92.25000	 69.16574	 92.25000
 15.60000	 92.63000	 69.48150	 92.63000
 15.80000	 93.25000	 70.00883	 93.25000
 16.00000	 94.19000	 70.77708	 94.19000
 16.20000	 95.89000	 72.14252	 95.89000
 16.40000	 98.35000	 74.01291	 98.35000
 16.60000	100.88000	 75.63531	100.88000
 16.80000	103.23000	 76.72413	103.23000
 17.00000	104.87000	 76.79942	104.87000
 17.20000	104.62000	 74.86642	104.62000
 17.40000	103.75000	 72.36678	103.75000
 17.60000	102.38000	 69.64407	102.38000
 17.80000	100.66000	 67.01870	100.66000
 18.00000	 98.72000	 64.72702	 98.72000
 18.20000	 96.80000	 63.04036	 96.80000
 18.40000	 95.04000	 62.06499	 95.04000
 18.60000	 93.37000	 61.65193	 93.37000
 18.80000	 91.88000	 61.77394	 91.88000
 19.00000	 90.65000	 62.37829	 90.65000
 19.20000	 89.77000	 63.41551	 89.77000
 19.40000	 90.10000	 65.55387	 90.10000
 19.60000	 90.83000	 67.84506	 90.83000
 19.80000	 91.74000	 69.93618	 91.74000
 20.00000	 92.70000	 71.62291	 92.70000
 20.20000	 93.60000	 72.78357	 93.60000
 20.40000	 93.84000	 72.89575	 93.84000
 20.60000	 93.87000	 72.50183	 93.87000
 20.80000	 93.77000	 71.80920	 93.77000
 21.00000	 93.57000	 70.96586	 93.57000
 21.20000	 93.33000	 70.12489	 93.33000
 21.40000	 93.10000	 69.39987	 93.10000
 21.60000	 92.84000	 68.78896	 92.84000
 21.80000	 92.57000	 68.32446	 92.57000
 22.00000	 92.29000	 68.00196	 92.29000
 22.20000	 92.02000	 67.82357	 92.02000
 22.40000	 91.77000	 67.77353	 91.77000
 22.60000	 91.54000	 67.82238	 91.54000
 22.80000	 91.36000	 67.96834	 91.36000
 23.00000	 91.25000	 68.20033	 91.25000
 23.20000	 91.21000	 68.48980	 91.21000
 23.40000	 91.29000	 68.85820	 91.29000
 23.60000	 91.67000	 69.44854	 91.67000
 23.80000	 92.11000	 69.99975	 92.11000
 24.00000	 92.54000	 70.42447	 92.54000
 24.20000	 92.94000	 70.70068	 92.94000
 24.40000	 93.19000	 70.72827	 93.19000
 24.60000	 93.24000	 70.49202	 93.24000
 24.80000	 93.20000	 70.14070	 93.20000
 25.00000	 93.10000	 69.74505	 93.10000
 25.20000	 92.94000	 69.33881	 92.94000
 25.40000	 92.78000	 69.00209	 92.78000
 25.60000	 92.59000	 68.71717	 92.59000
 25.80000	 92.38000	 68.49545	 92.38000
 26.00000	 92.15000	 68.33239	 92.15000
 26.20000	 91.92000	 68.23786	 91.92000
 26.40000	 91.67000	 68.18069	 91.67000
 26.60000	 91.39000	 68.13932	 91.39000
 26.80000	 91.13000	 68.15027	 91.13000
 27.00000	 90.91000	 68.22031	 90.91000
 27.20000	 90.77000	 68.37296	 90.77000
 27.40000	 90.70000	 68.58170	 90.70000
 27.60000	 90.84000	 68.95984	 90.84000
 27.80000	 91.23000	 69.51712	 91.23000
 28.00000	 91.67000	 70.03174	 91.67000
 28.20000	 92.11000	 70.43663	 92.11000
 28.40000	 92.54000	 70.71869	 92.54000
 28.60000	 92.82000	 70.75652	 92.82000
 28.80000	 92.92000	 70.55126	 92.92000
 29.00000	 92.97000	 70.26680	 92.97000
 29.20000	 92.97000	 69.94020	 92.97000
 29.40000	 92.95000	 69.62896	 92.95000
 29.60000	 92.98000	 69.41724	 92.98000
 29.80000	 93.01000	 69.26229	 93.01000
 30.00000	 93.04000	 69.16136	 93.04000
 30.20000	 93.08000	 69.11675	 93.08000
 30.40000	 93.13000	 69.11829	 93.13000
 30.60000	 93.18000	 69.14527	 93.18000
 30.80000	 93.26000	 69.21534	 93.26000
 31.00000	 93.35000	 69.29872	 93.35000
 31.20000	 93.44000	 69.37714	 93.44000
 31.40000	 93.54000	 69.45415	 93.54000
 31.60000	 93.64000	 69.51665	 93.64000
 31.80000	 93.75000	 69.57265	 93.75000
 32.00000	 93.87000	 69.62193	 93.87000
 32.20000	 93.98000	 69.64633	 93.98000
 32.40000	 94.08000	 69.64853	 94.08000
 32.60000	 94.16000	 69.62315	 94.16000
 32.80000	 94.21000	 69.56617	 94.21000
 33.00000	 94.23000	 69.48420	 94.23000
 33.20000	 94.22000	 69.38414	 94.22000
 33.40000	 94.18000	 69.27240	 94.18000
 33.60000	 94.10000	 69.14518	 94.10000
 33.80000	 93.98000	 69.00768	 93.98000
 34.00000	 93.75000	 68.79922	 93.75000
 34.20000	 93.45000	 68.56670	 93.45000
 34.40000	 93.13000	 68.36550	 93.13000
 34.60000	 92.79000	 68.19875	 92.79000
 34.80000	 92.47000	 68.10255	 92.47000
 35.00000	 92.16000	 68.06015	 92.16000
 35.20000	 91.90000	 68.09859	 91.90000
 35.40000	 91.73000	 68.24048	 91.73000
 35.60000	 91.60000	 68.41948	 91.60000
 35.80000	 91.52000	 68.62776	 91.52000
 36.00000	 91.51000	 68.86942	 91.51000
 36.20000	 91.57000	 69.13134	 91.57000
 36.40000	 91.81000	 69.50511	 91.81000
 36.60000	 92.15000	 69.89841	 92.15000
 36.80000	 92.50000	 70.21345	 92.50000
 37.00000	 92.82000	 70.41070	 92.82000
 37.20000	 93.07000	 70.46245	 93.07000
 37.40000	 93.00000	 70.15613	 93.00000
 37.60000	 92.84000	 69.75328	 92.84000
 37.80000	 92.62000	 69.32363	 92.62000
 38.00000	 92.36000	 68.91713	 92.36000
 38.20000	 92.09000	 68.58116	 92.09000
 38.40000	 91.93000	 68.43426	 91.93000
 38.60000	 91.82000	 68.40750	 91.82000
 38.80000	 91.74000	 68.46197	 91.74000
 39.00000	 91.69000	 68.57597	 91.69000
 39.20000	 91.68000	 68.73822	 91.68000
 39.40000	 91.71000	 68.92994	 91.71000
 39.60000	 91.75000	 69.10750	 91.75000
 39.80000	 91.84000	 69.29864	 91.84000
 40.00000	 92.01000	 69.52350	 92.01000
 40.20000	 92.27000	 69.78295	 92.27000
 40.40000	 92.63000	 70.07736	 92.63000
 40.60000	 93.33000	 70.62090	 93.33000
 40.80000	 94.13000	 71.16059	 94.13000
 41.00000	 94.92000	 71.57416	 94.92000
 41.20000	 95.62000	 71.78528	 95.62000
 41.40000	 95.98000	 71.57887	 95.98000
 41.60000	 96.01000	 71.01546	 96.01000
 41.80000	 95.90000	 70.34068	 95.90000
 42.00000	 95.70000	 69.65892	 95.70000
 42.20000	 95.45000	 69.04800	 95.45000
 42.40000	 95.30000	 68.66889	 95.30000
 42.60000	 95.23000	 68.49591	 95.23000
 42.80000	 95.18000	 68.44894	 95.18000
 43.00000	 95.16000	 68.50861	 95.16000
 43.20000	 95.19000	 68.66364	 95.19000
 43.40000	 95.27000	 68.88440	 95.27000
 43.60000	 95.45000	 69.19080	 95.45000
 43.80000	 95.81000	 69.63095	 95.81000
 44.00000	 96.20000	 70.03456	 96.20000
 44.20000	 96.59000	 70.35599	 96.59000
 44.40000	 96.96000	 70.57216	 96.96000
 44.60000	 97.28000	 70.66198	 97.28000
 44.80000	 97.46000	 70.55824	 97.46000
 45.00000	 97.55000	 70.33708	 97.55000
 45.20000	 97.57000	 70.04856	 97.57000
 45.40000	 97.52000	 69.72071	 97.52000
 45.60000	 97.42000	 69.39514	 97.42000
 45.80000	 97.17000	 68.99433	 97.17000
 46.00000	 96.86000	 68.61979	 96.86000
 46.20000	 96.53000	 68.31839	 96.53000
 46.40000	 96.19000	 68.09917	 96.19000
 46.60000	 95.86000	 67.97276	 95.86000
 46.80000	 95.57000	 67.95279	 95.57000
 47.00000	 95.41000	 68.10317	 95.41000
 47.20000	 95.32000	 68.33834	 95.32000
 47.40000	 95.29000	 68.62053	 95.29000
 47.60000	 95.32000	 68.92570	 95.32000
 47.80000	 95.42000	 69.24445	 95.42000
 48.00000	 95.58000	 69.55333	 95.58000
 48.20000	 95.93000	 69.96470	 95.93000
 48.40000	 96.32000	 70.32344	 96.32000
 48.60000	 96.71000	 70.58667	 96.71000
 48.80000	 97.09000	 70.75024	 97.09000
 49.00000	 97.35000	 70.72468	 97.35000
 49.20000	 97.40000	 70.45286	 97.40000
 49.40000	 97.43000	 70.15315	 97.43000
 49.60000	 97.44000	 69.85683	 97.44000
 49.80000	 97.47000	 69.62245	 97.47000
 50.00000	 97.59000	 69.52411	 97.59000
 50.20000	 97.96000	 69.70428	 97.96000
 50.40000	 98.38000	 69.94623	 98.38000
 50.60000	 98.83000	 70.20449	 98.83000
 50.80000	 99.28000	 70.43105	 99.28000
 51.00000	 99.73000	 70.61499	 99.73000
 51.20000	100.15000	 70.72488	100.15000
 51.40000	100.53000	 70.75593	100.53000
 51.60000	100.82000	 70.67209	100.82000
 51.80000	101.00000	 70.47275	101.00000
 52.00000	100.99000	 70.10662	100.99000
 52.20000	100.57000	 69.40032	100.57000
 52.40000	100.10000	 68.74243	100.10000
 52.60000	 99.65000	 68.23038	 99.65000
 52.80000	 99.42000	 68.05897	 99.42000
 53.00000	 99.74000	 68.50959	 99.74000
 53.20000	100.12000	 69.05001	100.12000
 53.40000	100.45000	 69.51685	100.45000
 53.60000	100.55000	 69.70718	100.55000
 53.80000	 99.97000	 69.20323	 99.97000
 54.00000	 99.18000	 68.50818	 99.18000
 54.20000	 98.24000	 67.74093	 98.24000
 54.40000	 97.22000	 67.01689	 97.22000
 54.60000	 96.38000	 66.60874	 96.38000
 54.80000	 95.69000	 66.48007	 95.69000
 55.00000	 95.04000	 66.49640	 95.04000
 55.20000	 94.41000	 66.60325	 94.41000
 55.40000	 93.82000	 66.78590	 93.82000
 55.60000	 93.25000	 66.99554	 93.25000
 55.80000	 92.69000	 67.19942	 92.69000
 56.00000	 92.10000	 67.34464	 92.10000
 56.20000	 91.52000	 67.46311	 91.52000
 56.40000	 90.98000	 67.58164	 90.98000
 56.60000	 90.47000	 67.69017	 90.47000
 56.80000	 90.00000	 67.79853	 90.00000
 57.00000	 89.58000	 67.91645	 89.58000
 57.20000	 89.16000	 67.99684	 89.16000
 57.40000	 88.80000	 68.09879	 88.80000
 57.60000	 88.52000	 68.24118	 88.52000
 57.80000	 88.36000	 68.45779	 88.36000
 58.00000	 88.32000	 68.73937	 88.32000
 58.20000	 88.56000	 69.22259	 88.56000
 58.40000	 89.11000	 69.90827	 89.11000
 58.60000	 89.71000	 70.51685	 89.71000
 58.80000	 90.30000	 70.97395	 90.30000
 59.00000	 90.81000	 71.21588	 90.81000
 59.20000	 90.71000	 70.77033	 90.71000
 59.40000	 90.42000	 70.10718	 90.42000
 59.60000	 90.17000	 69.51542	 90.17000
 59.80000	 90.08000	 69.15188	 90.08000
 60.00000	 90.49000	 69.34310	 90.49000
 60.20000	 92.50000	 71.06871	 92.50000
 60.40000	 94.75000	 72.88869	 94.75000
 60.60000	 97.01000	 74.46022	 97.01000
 60.80000	 99.07000	 75.52225	 99.07000
 61.00000	100.70000	 75.86312	100.70000
 61.20000	100.96000	 74.67668	100.96000
 61.40000	 99.74000	 72.05062	 99.74000
 61.60000	 98.13000	 69.26540	 98.13000
 61.80000	 96.29000	 66.66809	 96.29000
 62.00000	 94.37000	 64.51732	 94.37000
 62.20000	 92.60000	 63.06720	 92.60000
 62.40000	 91.06000	 62.35381	 91.06000
 62.60000	 89.88000	 62.40226	 89.88000
 62.80000	 89.20000	 63.20502	 89.20000
 63.00000	 90.35000	 65.83471	 90.35000
 63.20000	 91.99000	 68.75871	 91.99000
 63.40000	 93.88000	 71.52942	 93.88000
 63.60000	 95.75000	 73.75521	 95.75000
 63.80000	 97.29000	 75.10188	 97.29000
 64.00000	 97.19000	 74.40058	 97.19000
 64.20000	 96.76000	 73.09772	 96.76000
 64.40000	 96.11000	 71.50888	 96.11000
 64.60000	 95.33000	 69.89209	 95.33000
 64.80000	 94.95000	 68.86400	 94.95000
 65.00000	 94.84000	 68.33368	 94.84000
 65.20000	 94.81000	 68.09841	 94.81000
 65.40000	 94.84000	 68.09392	 94.84000
 65.60000	 94.91000	 68.24825	 94.91000
 65.80000	 95.01000	 68.50019	 95.01000
 66.00000	 95.12000	 68.78601	 95.12000
 66.20000	 95.12000	 68.95951	 95.12000
 66.40000	 95.12000	 69.10976	 95.12000
 66.60000	 95.11000	 69.22038	 95.11000
 66.80000	 95.07000	 69.27157	 95.07000
 67.00000	 95.02000	 69.28673	 95.02000
 67.20000	 94.94000	 69.25394	 94.94000
 67.40000	 94.77000	 69.12644	 94.77000
 67.60000	 94.57000	 68.97522	 94.57000
 67.80000	 94.35000	 68.82227	 94.35000
 68.00000	 94.14000	 68.70442	 94.14000
 68.20000	 93.93000	 68.61521	 93.93000
 68.40000	 93.75000	 68.58184	 93.75000
 68.60000	 93.67000	 68.66376	 93.67000
 68.80000	 93.61000	 68.77175	 93.61000
 69.00000	 93.57000	 68.89319	 93.57000
 69.20000	 93.54000	 69.00880	 93.54000
 69.40000	 93.52000	 69.11222	 93.52000
 69.60000	 93.50000	 69.19095	 93.50000
 69.80000	 93.48000	 69.24509	 93.48000
 70.00000	 93.45000	 69.26772	 93.45000
 70.20000	 93.41000	 69.26349	 93.41000
 70.40000	 93.34000	 69.21950	 93.34000
 70.60000	 93.24000	 69.14342	 93.24000
 70.80000	 93.12000	 69.05288	 93.12000
 71.00000	 92.96000	 68.93632	 92.96000
 71.20000	 92.78000	 68.81967	 92.78000
 71.40000	 92.57000	 68.69864	 92.57000
 71.60000	 92.25000	 68.50256	 92.25000
 71.80000	 91.89000	 68.30619	 91.89000
 72.00000	 91.52000	 68.14406	 91.52000
 72.20000	 91.15000	 68.02678	 91.15000
 72.40000	 90.81000	 67.97893	 90.81000
 72.60000	 90.49000	 67.98237	 90.49000
 72.80000	 90.25000	 68.08204	 90.25000
 73.00000	 90.07000	 68.24276	 90.07000
 73.20000	 89.96000	 68.45673	 89.96000
 73.40000	 89.91000	 68.69785	 89.91000
 73.60000	 89.95000	 68.97999	 89.95000
 73.80000	 90.07000	 69.28036	 90.07000
 74.00000	 90.42000	 69.72774	 90.42000
 74.20000	 90.84000	 70.15207	 90.84000
 74.40000	 91.28000	 70.49450	 91.28000
 74.60000	 91.71000	 70.72637	 91.71000
 74.80000	 92.07000	 70.80177	 92.07000
 75.00000	 92.26000	 70.64914	 92.26000
 75.20000	 92.41000	 70.42579	 92.41000
 75.40000	 92.52000	 70.16343	 92.52000
 75.60000	 92.59000	 69.88763	 92.59000
 75.80000	 92.62000	 69.61730	 92.62000
 76.00000	 92.64000	 69.39288	 92.64000
 76.20000	 92.64000	 69.20935	 92.64000
 76.40000	 92.63000	 69.07508	 92.63000
 76.60000	 92.62000	 68.99406	 92.62000
 76.80000	 92.62000	 68.96687	 92.62000
 77.00000	 92.68000	 69.02895	 92.68000
 77.20000	 92.80000	 69.16425	 92.80000
 77.40000	 92.92000	 69.29897	 92.92000
 77.60000	 93.01000	 69.39280	 93.01000
 77.80000	 93.07000	 69.44100	 93.07000
 78.00000	 93.04000	 69.38867	 93.04000
 78.20000	 92.89000	 69.21793	 92.89000
 78.40000	 92.70000	 69.02122	 92.70000
 78.60000	 92.51000	 68.85061	 92.51000
 78.80000	 92.31000	 68.70458	 92.31000
 79.00000	 92.21000	 68.68861	 92.21000
 79.20000	 92.18000	 68.76474	 92.18000
 79.40000	 92.17000	 68.87086	 92.17000
 79.60000	 92.18000	 68.99342	 92.18000
 79.80000	 92.21000	 69.12149	 92.21000
 80.00000	 92.26000	 69.24704	 92.26000
 80.20000	 92.29000	 69.32753	 92.29000
 80.40000	 92.20000	 69.27040	 92.20000
 80.60000	 92.14000	 69.22854	 92.14000
 80.80000	 92.12000	 69.21903	 92.12000
 81.00000	 92.15000	 69.25355	 92.15000
 81.20000	 92.25000	 69.34829	 92.25000
 81.40000	 92.45000	 69.52393	 92.45000
 81.60000	 93.01000	 70.01010	 93.01000
 81.80000	 93.66000	 70.51792	 93.66000
 82.00000	 94.30000	 70.92645	 94.30000
 82.20000	 94.87000	 71.16995	 94.87000
 82.40000	 95.32000	 71.21052	 95.32000
 82.60000	 95.28000	 70.72859	 95.28000
 82.80000	 95.07000	 70.08809	 95.07000
 83.00000	 94.76000	 69.41456	 94.76000
 83.20000	 94.39000	 68.78997	 94.39000
 83.40000	 93.98000	 68.25918	 93.98000
 83.60000	 93.69000	 67.98040	 93.69000
 83.80000	 93.46000	 67.88049	 93.46000
 84.00000	 93.26000	 67.90271	 93.26000
 84.20000	 93.13000	 68.05288	 93.13000
 84.40000	 93.06000	 68.28792	 93.06000
 84.60000	 93.08000	 68.60449	 93.08000
 84.80000	 93.35000	 69.12235	 93.35000
 85.00000	 93.72000	 69.66297	 93.72000
 85.20000	 94.11000	 70.12296	 94.11000
 85.40000	 94.50000	 70.47137	 94.50000
 85.60000	 94.85000	 70.67299	 94.85000
 85.80000	 95.01000	 70.60335	 95.01000
 86.00000	 95.10000	 70.41011	 95.10000
 86.20000	 95.15000	 70.15762	 95.15000
 86.40000	 95.16000	 69.87665	 95.16000
 86.60000	 95.12000	 69.58181	 95.12000
 86.80000	 95.04000	 69.30019	 95.04000
 87.00000	 94.96000	 69.08003	 94.96000
 87.20000	 94.91000	 68.95107	 94.91000
 87.40000	 94.91000	 68.92459	 94.91000
 87.60000	 95.01000	 69.03245	 95.01000
 87.80000	 95.33000	 69.36371	 95.33000
 88.00000	 95.74000	 69.76079	 95.74000
 88.20000	 96.20000	 70.15511	 96.20000
 88.40000	 96.71000	 70.52532	 96.71000
 88.60000	 97.30000	 70.88697	 97.30000
 88.80000	 97.93000	 71.19516	 97.93000
 89.00000	 98.52000	 71.37522	 98.52000
 89.20000	 99.02000	 71.39256	 99.02000
 89.40000	 99.39000	 71.23343	 99.39000
 89.60000	 99.35000	 70.66983	 99.35000
 89.80000	 99.19000	 70.03209	 99.19000
 90.00000	 98.94000	 69.39668	 98.94000
 90.20000	 98.64000	 68.83405	 98.64000
 90.40000	 98.34000	 68.40679	 98.34000
 90.60000	 98.11000	 68.17836	 98.11000
 90.80000	 97.91000	 68.09161	 97.91000
 91.00000	 97.75000	 68.12871	 97.75000
 91.20000	 97.65000	 68.27785	 97.65000
 91.40000	 97.66000	 68.55402	 97.66000
 91.60000	 97.90000	 69.03528	 97.90000
 91.80000	 98.16000	 69.48372	 98.16000
 92.00000	 98.42000	 69.85455	 98.42000
 92.20000	 98.64000	 70.09974	 98.64000
 92.40000	 98.66000	 70.07466	 98.66000
 92.60000	 98.47000	 69.79825	 98.47000
 92.80000	 98.21000	 69.44389	 98.21000
 93.00000	 97.88000	 69.04858	 97.88000
 93.20000	 97.52000	 68.67897	 97.52000
 93.40000	 97.14000	 68.36223	 97.14000
 93.60000	 96.78000	 68.14292	 96.78000
 93.80000	 96.43000	 68.00761	 96.43000
 94.00000	 96.11000	 67.96414	 96.11000
 94.20000	 95.81000	 67.98709	 95.81000
 94.40000	 95.56000	 68.08699	 95.56000
 94.60000	 95.37000	 68.25391	 95.37000
 94.80000	 95.26000	 68.48690	 95.26000
 95.00000	 95.22000	 68.75699	 95.22000
 95.20000	 95.29000	 69.08444	 95.29000
 95.40000	 95.45000	 69.43362	 95.45000
 95.60000	 95.98000	 70.05162	 95.98000
 95.80000	 96.59000	 70.63410	 96.59000
 96.00000	 97.15000	 71.03977	 97.15000
 96.20000	 97.60000	 71.21542	 97.60000
 96.40000	 97.58000	 70.84918	 97.58000
 96.60000	 97.18000	 70.09157	 97.18000
 96.80000	 96.63000	 69.23933	 96.63000
 97.00000	 95.97000	 68.39558	 95.97000
 97.20000	 95.25000	 67.65146	 95.25000
 97.40000	 94.75000	 67.28906	 94.75000
 97.60000	 94.31000	 67.13840	 94.31000
 97.80000	 93.91000	 67.14638	 93.91000
 98.00000	 93.56000	 67.28351	 93.56000
 98.20000	 93.26000	 67.51077	 93.26000
 98.40000	 93.01000	 67.79271	 93.01000
 98.60000	 92.82000	 68.10902	 92.82000
 98.80000	 92.69000	 68.43603	 92.69000
 99.00000	 92.63000	 68.76577	 92.63000
 99.20000	 92.65000	 69.09544	 92.65000
 99.40000	 92.75000	 69.41682	 92.75000
 99.60000	 92.94000	 69.73445	 92.94000
 99.80000	 93.34000	 70.15728	 93.34000
100.00000	 93.92000	 70.64587	 93.92000
100.20000	 94.52000	 71.03731	 94.52000
100.40000	 95.11000	 71.30329	 95.11000
100.60000	 95.64000	 71.40884	 95.64000
100.80000	 95.94000	 71.21874	 95.94000
101.00000	 96.02000	 70.78590	 96.02000
101.20000	 96.01000	 70.28416	 96.01000
101.40000	 95.95000	 69.79366	 95.95000
101.60000	 95.85000	 69.35226	 95.85000
101.80000	 95.76000	 69.02156	 95.76000
102.00000	 95.76000	 68.87604	 95.76000
102.20000	 95.78000	 68.83308	 95.78000
102.40000	 95.82000	 68.87096	 95.82000
102.60000	 95.89000	 68.97634	 95.89000
102.80000	 96.00000	 69.13650	 96.00000
103.00000	 96.17000	 69.34971	 96.17000
103.20000	 96.47000	 69.66214	 96.47000
103.40000	 96.79000	 69.94903	 96.79000
103.60000	 97.12000	 70.18804	 97.12000
103.80000	 97.46000	 70.37474	 97.46000
104.00000	 97.78000	 70.48307	 97.78000
104.20000	 98.03000	 70.47516	 98.03000
104.40000	 98.26000	 70.41446	 98.26000
104.60000	 98.47000	 70.31764	 98.47000
104.80000	 98.68000	 70.21825	 98.68000
105.00000	 98.88000	 70.11755	 98.88000
105.20000	 99.09000	 70.04158	 99.09000
105.40000	 99.29000	 69.97454	 99.29000
105.60000	 99.47000	 69.90820	 99.47000
105.80000	 99.63000	 69.84321	 99.63000
106.00000	 99.78000	 69.78918	 99.78000
106.20000	 99.88000	 69.70799	 99.88000
106.40000	 99.90000	 69.57360	 99.90000
106.60000	 99.91000	 69.45740	 99.91000
106.80000	 99.90000	 69.35263	 99.90000
107.00000	 99.90000	 69.28789	 99.90000
107.20000	 99.90000	 69.25054	 99.90000
107.40000	 99.91000	 69.24501	 99.91000
107.60000	100.02000	 69.34872	100.02000
107.80000	100.15000	 69.47260	100.15000
108.00000	100.27000	 69.57672	100.27000
108.20000	100.40000	 69.67329	100.40000
108.40000	100.52000	 69.73995	100.52000
108.60000	100.63000	 69.77693	100.63000
108.80000	100.71000	 69.76858	100.71000
109.00000	100.78000	 69.73981	100.78000
109.20000	100.81000	 69.66893	100.81000
109.40000	100.80000	 69.56420	100.80000
109.60000	100.73000	 69.41586	100.73000
109.80000	100.57000	 69.20610	100.57000
110.00000	100.37000	 68.99418	100.37000
110.20000	100.14000	 68.79832	100.14000
110.40000	 99.88000	 68.62313	 99.88000
110.60000	 99.59000	 68.46977	 99.59000
110.80000	 99.28000	 68.34625	 99.28000
111.00000	 98.95000	 68.24880	 98.95000
111.20000	 98.62000	 68.19095	 98.62000
111.40000	 98.30000	 68.17471	 98.30000
111.60000	 98.00000	 68.20044	 98.00000
111.80000	 97.73000	 68.26730	 97.73000
112.00000	 97.52000	 68.39237	 97.52000
112.20000	 97.37000	 68.56271	 97.37000
112.40000	 97.26000	 68.74657	 97.26000
112.60000	 97.21000	 68.95229	 97.21000
112.80000	 97.22000	 69.17076	 97.22000
113.00000	 97.36000	 69.45978	 97.36000
113.20000	 97.64000	 69.81709	 97.64000
113.40000	 97.93000	 70.10739	 97.93000
113.60000	 98.18000	 70.28063	 98.18000
113.80000	 98.35000	 70.30816	 98.35000
114.00000	 97.96000	 69.76254	 97.96000
114.20000	 97.40000	 69.07383	 97.40000
114.40000	 96.89000	 68.50646	 96.89000
114.60000	 96.54000	 68.19268	 96.54000
114.80000	 96.46000	 68.23184	 96.46000
115.00000	 97.84000	 69.69712	 97.84000
115.20000	100.11000	 71.90096	100.11000
115.40000	102.54000	 73.98664	102.54000
115.60000	104.91000	 75.63830	104.91000
115.80000	107.01000	 76.62453	107.01000
116.00000	108.64000	 76.79677	108.64000
116.20000	108.62000	 75.15843	108.62000
116.40000	107.43000	 72.39589	107.43000
116.60000	105.79000	 69.44977	105.79000
116.80000	103.84000	 66.65402	103.84000
117.00000	101.68000	 64.22792	101.68000
117.20000	 99.48000	 62.38176	 99.48000
117.40000	 97.31000	 61.16173	 97.31000
117.60000	 95.29000	 60.60721	 95.29000
117.80000	 93.51000	 60.68916	 93.51000
118.00000	 92.10000	 61.39069	 92.10000
118.20000	 92.12000	 63.54548	 92.12000
118.40000	 92.54000	 65.95292	 92.54000
118.60000	 93.23000	 68.30165	 93.23000
118.80000	 94.08000	 70.36351	 94.08000
119.00000	 94.96000	 71.95784	 94.96000
119.20000	 95.37000	 72.62204	 95.37000
119.40000	 95.25000	 72.38960	 95.25000
119.60000	 95.03000	 71.80677	 95.03000
119.80000	 94.75000	 71.04477	 94.75000
120.00000	 94.45000	 70.25042	 94.45000
120.20000	 94.16000	 69.53057	 94.16000
120.40000	 94.04000	 69.08181	 94.04000
120.60000	 93.96000	 68.79064	 93.96000
120.80000	 93.95000	 68.67541	 93.95000
121.00000	 94.01000	 68.71292	 94.01000
121.20000	 94.16000	 68.89142	 94.16000
121.40000	 94.55000	 69.31638	 94.55000
121.60000	 95.06000	 69.82944	 95.06000
121.80000	 95.59000	 70.29707	 95.59000
122.00000	 96.08000	 70.63977	 96.08000
122.20000	 96.51000	 70.83430	 96.51000
122.40000	 96.57000	 70.60270	 96.57000
122.60000	 96.53000	 70.24354	 96.53000
122.80000	 96.41000	 69.81998	 96.41000
123.00000	 96.24000	 69.39674	 96.24000
123.20000	 96.06000	 69.03641	 96.06000
123.40000	 95.93000	 68.80644	 95.93000
123.60000	 95.81000	 68.66535	 95.81000
123.80000	 95.71000	 68.61111	 95.71000
124.00000	 95.65000	 68.64631	 95.65000
124.20000	 95.61000	 68.73283	 95.61000
124.40000	 95.63000	 68.88960	 95.63000
124.60000	 95.70000	 69.08809	 95.70000
124.80000	 95.84000	 69.32973	 95.84000
125.00000	 96.05000	 69.59868	 96.05000
125.20000	 96.35000	 69.90013	 96.35000
125.40000	 96.80000	 70.27774	 96.80000
125.60000	 97.38000	 70.69748	 97.38000
125.80000	 98.03000	 71.08903	 98.03000
126.00000	 98.72000	 71.41728	 98.72000
126.20000	 99.44000	 71.67398	 99.44000
126.40000	100.19000	 71.86671	100.19000
126.60000	100.89000	 71.93233	100.89000
126.80000	101.51000	 71.86270	101.51000
127.00000	102.01000	 71.64695	102.01000
127.20000	102.21000	 71.14931	102.21000
127.40000	102.20000	 70.50185	102.20000
127.60000	102.07000	 69.83558	102.07000
127.80000	101.84000	 69.20338	101.84000
128.00000	101.56000	 68.67212	101.56000
128.20000	101.24000	 68.25554	101.24000
128.40000	100.87000	 67.93644	100.87000
128.60000	100.45000	 67.70007	100.45000
128.80000	 99.99000	 67.53759	 99.99000
129.00000	 99.50000	 67.43868	 99.50000
129.20000	 98.99000	 67.39301	 98.99000
129.40000	 98.46000	 67.38189	 98.46000
129.60000	 97.91000	 67.38907	 97.91000
129.80000	 97.37000	 67.42948	 97.37000
130.00000	 96.84000	 67.49098	 96.84000
130.20000	 96.31000	 67.55388	 96.31000
130.40000	 95.79000	 67.62018	 95.79000
130.60000	 95.30000	 67.70312	 95.30000
130.80000	 94.82000	 67.77883	 94.82000
131.00000	 94.32000	 67.81646	 94.32000
131.20000	 93.82000	 67.83618	 93.82000
131.40000	 93.38000	 67.89661	 93.38000
131.60000	 93.03000	 68.02388	 93.03000
131.80000	 92.78000	 68.21985	 92.78000
132.00000	 92.66000	 68.50099	 92.66000
132.20000	 92.88000	 69.04708	 92.88000
132.40000	 93.33000	 69.72028	 93.33000
132.60000	 93.83000	 70.31681	 93.83000
132.80000	 94.33000	 70.77243	 94.33000
133.00000	 94.78000	 71.04167	 94.78000
133.20000	 94.95000	 70.92865	 94.95000
133.40000	 95.02000	 70.64940	 95.02000
133.60000	 94.99000	 70.25297	 94.99000
133.80000	 94.87000	 69.79354	 94.87000
134.00000	 94.67000	 69.31732	 94.67000
134.20000	 94.28000	 68.74883	 94.28000
134.40000	 93.85000	 68.25484	 93.85000
134.60000	 93.43000	 67.89356	 93.43000
134.80000	 93.04000	 67.67909	 93.04000
135.00000	 92.73000	 67.64105	 92.73000
135.20000	 92.61000	 67.85357	 92.61000
135.40000	 92.60000	 68.19917	 92.60000
135.60000	 92.73000	 68.66362	 92.73000
135.80000	 93.00000	 69.20673	 93.00000
136.00000	 93.56000	 69.93317	 93.56000
136.20000	 94.38000	 70.77390	 94.38000
136.40000	 95.23000	 71.47591	 95.23000
136.60000	 96.02000	 71.94170	 96.02000
136.80000	 96.57000	 72.01642	 96.57000
137.00000	 96.74000	 71.61513	 96.74000
137.20000	 96.74000	 71.00928	 96.74000
137.40000	 96.60000	 70.29839	 96.60000
137.60000	 96.36000	 69.57897	 96.36000
137.80000	 96.03000	 68.90199	 96.03000
138.00000	 95.64000	 68.32005	 95.64000
138.20000	 95.21000	 67.85975	 95.21000
138.40000	 94.77000	 67.54296	 94.77000
138.60000	 94.34000	 67.37049	 94.34000
138.80000	 93.97000	 67.36295	 93.97000
139.00000	 93.65000	 67.47753	 93.65000
139.20000	 93.40000	 67.69819	 93.40000
139.40000	 93.26000	 68.02827	 93.26000
139.60000	 93.30000	 68.49933	 93.30000
139.80000	 93.63000	 69.17747	 93.63000
140.00000	 94.01000	 69.79496	 94.01000
140.20000	 94.38000	 70.27111	 94.38000
140.40000	 94.69000	 70.55555	 94.69000
140.60000	 94.66000	 70.40292	 94.66000
140.80000	 94.50000	 70.06026	 94.50000
141.00000	 94.24000	 69.60888	 94.24000
141.20000	 93.89000	 69.10516	 93.89000
141.40000	 93.46000	 68.59581	 93.46000
141.60000	 92.95000	 68.10709	 92.95000
141.80000	 92.42000	 67.71099	 92.42000
142.00000	 91.89000	 67.42846	 91.89000
142.20000	 91.37000	 67.25969	 91.37000
142.40000	 90.91000	 67.23417	 90.91000
142.60000	 90.59000	 67.40112	 90.59000
142.80000	 90.40000	 67.71576	 90.40000
143.00000	 90.30000	 68.10252	 90.30000
143.20000	 90.30000	 68.53752	 90.30000
143.40000	 90.39000	 68.98407	 90.39000
143.60000	 90.59000	 69.44093	 90.59000
143.80000	 91.09000	 70.07048	 91.09000
144.00000	 91.62000	 70.59539	 91.62000
144.20000	 92.14000	 70.97043	 92.14000
144.40000	 92.60000	 71.15770	 92.60000
144.60000	 92.85000	 71.04117	 92.85000
144.80000	 92.71000	 70.49797	 92.71000
145.00000	 92.47000	 69.86889	 92.47000
145.20000	 92.17000	 69.24808	 92.17000
145.40000	 91.85000	 68.71131	 91.85000
145.60000	 91.59000	 68.35174	 91.59000
145.80000	 91.48000	 68.24945	 91.48000
146.00000	 91.43000	 68.29393	 91.43000
146.20000	 91.44000	 68.45291	 91.44000
146.40000	 91.52000	 68.70264	 91.52000
146.60000	 91.68000	 69.02106	 91.68000
146.80000	 92.02000	 69.47322	 92.02000
147.00000	 92.43000	 69.92492	 92.43000
147.20000	 92.87000	 70.31704	 92.87000
147.40000	 93.32000	 70.62155	 93.32000
147.60000	 93.76000	 70.82161	 93.76000
147.80000	 94.16000	 70.90038	 94.16000
148.00000	 94.52000	 70.87698	 94.52000
148.20000	 94.81000	 70.74628	 94.81000
148.40000	 94.98000	 70.48757	 94.98000
148.60000	 94.86000	 69.97231	 94.86000
148.80000	 94.65000	 69.43117	 94.65000
149.00000	 94.38000	 68.92514	 94.38000
149.20000	 94.09000	 68.51089	 94.09000
149.40000	 93.79000	 68.20247	 93.79000
149.60000	 93.61000	 68.11421	 93.61000
149.80000	 93.58000	 68.24871	 93.58000
150.00000	 93.62000	 68.49314	 93.62000
150.20000	 93.73000	 68.81065	 93.73000
150.40000	 93.93000	 69.18758	 93.93000
150.60000	 94.22000	 69.59610	 94.22000
150.80000	 94.61000	 70.02343	 94.61000
151.00000	 95.27000	 70.61099	 95.27000
151.20000	 95.99000	 71.13682	 95.99000
151.40000	 96.72000	 71.54201	 96.72000
151.60000	 97.42000	 71.79224	 97.42000
151.80000	 98.08000	 71.89481	 98.08000
152.00000	 98.41000	 71.60507	 98.41000
152.20000	 98.66000	 71.21000	 98.66000
152.40000	 98.86000	 70.78488	 98.86000
152.60000	 99.01000	 70.36522	 99.01000
152.80000	 99.14000	 70.00295	 99.14000
153.00000	 99.33000	 69.78372	 99.33000
153.20000	 99.62000	 69.73904	 99.62000
153.40000	 99.90000	 69.74616	 99.90000
153.60000	100.15000	 69.76748	100.15000
153.80000	100.37000	 69.78844	100.37000
154.00000	100.53000	 69.77103	100.53000
154.20000	100.58000	 69.66522	100.58000
154.40000	100.56000	 69.51406	100.56000
154.60000	100.49000	 69.34433	100.49000
154.80000	100.35000	 69.14474	100.35000
155.00000	100.13000	 68.91376	100.13000
155.20000	 99.78000	 68.61304	 99.78000
155.40000	 99.39000	 68.33845	 99.39000
155.60000	 98.98000	 68.11443	 98.98000
155.80000	 98.55000	 67.94017	 98.55000
156.00000	 98.13000	 67.83831	 98.13000
156.20000	 97.74000	 67.81696	 97.74000
156.40000	 97.58000	 68.04755	 97.58000
156.60000	 97.45000	 68.31009	 97.45000
156.80000	 97.34000	 68.56895	 97.34000
157.00000	 97.25000	 68.80628	 97.25000
157.20000	 97.15000	 68.98388	 97.15000
157.40000	 97.04000	 69.10027	 97.04000
157.60000	 96.85000	 69.09502	 96.85000
157.80000	 96.63000	 69.02935	 96.63000
158.00000	 96.40000	 68.93771	 96.40000
158.20000	 96.16000	 68.83350	 96.16000
158.40000	 95.91000	 68.72717	 95.91000
158.60000	 95.67000	 68.64475	 95.67000
158.80000	 95.43000	 68.57981	 95.43000
159.00000	 95.18000	 68.52340	 95.18000
159.20000	 94.92000	 68.47492	 94.92000
159.40000	 94.64000	 68.42388	 94.64000
159.60000	 94.34000	 68.36968	 94.34000
159.80000	 93.96000	 68.25629	 93.96000
160.00000	 93.51000	 68.09836	 93.51000
160.20000	 93.07000	 67.97821	 93.07000
160.40000	 92.64000	 67.89768	 92.64000
160.60000	 92.25000	 67.88225	 92.25000
160.80000	 91.92000	 67.94275	 91.92000
161.00000	 91.67000	 68.08532	 91.67000
161.20000	 91.51000	 68.30302	 91.51000
161.40000	 91.43000	 68.56831	 91.43000
161.60000	 91.46000	 68.89215	 91.46000
161.80000	 91.58000	 69.23882	 91.58000
162.00000	 91.83000	 69.63172	 91.83000
162.20000	 92.49000	 70.31790	 92.49000
162.40000	 93.18000	 70.90690	 93.18000
162.60000	 93.85000	 71.33611	 93.85000
162.80000	 94.42000	 71.53501	 94.42000
163.00000	 94.65000	 71.30446	 94.65000
163.20000	 94.42000	 70.58965	 94.42000
163.40000	 94.04000	 69.76375	 94.04000
163.60000	 93.58000	 68.96066	 93.58000
163.80000	 93.07000	 68.25360	 93.07000
164.00000	 92.67000	 67.81374	 92.67000
164.20000	 92.50000	 67.74309	 92.50000
164.40000	 92.37000	 67.82340	 92.37000
164.60000	 92.29000	 68.02115	 92.29000
164.80000	 92.26000	 68.29567	 92.26000
165.00000	 92.27000	 68.60232	 92.27000
165.20000	 92.35000	 68.94160	 92.35000
165.40000	 92.48000	 69.27292	 92.48000
165.60000	 92.62000	 69.54466	 92.62000
165.80000	 92.74000	 69.72461	 92.74000
166.00000	 92.85000	 69.82776	 92.85000
166.20000	 92.81000	 69.73492	 92.81000
166.40000	 92.70000	 69.54665	 92.70000
166.60000	 92.56000	 69.32712	 92.56000
166.80000	 92.40000	 69.10721	 92.40000
167.00000	 92.23000	 68.91115	 92.23000
167.20000	 92.06000	 68.75632	 92.06000
167.40000	 91.88000	 68.63507	 91.88000
167.60000	 91.72000	 68.57332	 91.72000
167.80000	 91.60000	 68.58266	 91.60000
168.00000	 91.54000	 68.67023	 91.54000
168.20000	 91.55000	 68.83005	 91.55000
168.40000	 91.67000	 69.08211	 91.67000
168.60000	 92.09000	 69.58282	 92.09000
168.80000	 92.65000	 70.14599	 92.65000
169.00000	 93.24000	 70.63773	 93.24000
169.20000	 93.81000	 70.99654	 93.81000
169.40000	 94.31000	 71.17806	 94.31000
169.60000	 94.46000	 70.93972	 94.46000
169.80000	 94.51000	 70.56605	 94.51000
170.00000	 94.50000	 70.14277	 94.50000
170.20000	 94.46000	 69.73593	 94.46000
170.40000	 94.42000	 69.39828	 94.42000
170.60000	 94.52000	 69.27080	 94.52000
170.80000	 94.65000	 69.23874	 94.65000
171.00000	 94.82000	 69.29391	 94.82000
171.20000	 95.02000	 69.40671	 95.02000
171.40000	 95.25000	 69.55767	 95.25000
171.60000	 95.57000	 69.78564	 95.57000
171.80000	 96.01000	 70.09963	 96.01000
172.00000	 96.45000	 70.36685	 96.45000
172.20000	 96.86000	 70.54924	 96.86000
172.40000	 97.23000	 70.63843	 97.23000
172.60000	 97.52000	 70.60661	 97.52000
172.80000	 97.56000	 70.31328	 97.56000
173.00000	 97.52000	 69.95342	 97.52000
173.20000	 97.43000	 69.58653	 97.43000
173.40000	 97.31000	 69.25365	 97.31000
173.60000	 97.23000	 69.03220	 97.23000
173.80000	 97.23000	 68.95744	 97.23000
174.00000	 97.23000	 68.93973	 97.23000
174.20000	 97.22000	 68.95389	 97.22000
174.40000	 97.20000	 68.98587	 97.20000
174.60000	 97.15000	 69.00565	 97.15000
174.80000	 97.08000	 69.01574	 97.08000
175.00000	 96.86000	 68.89123	 96.86000
175.20000	 96.57000	 68.71646	 96.57000
175.40000	 96.28000	 68.56806	 96.28000
175.60000	 96.00000	 68.46078	 96.00000
175.80000	 95.75000	 68.41311	 95.75000
176.00000	 95.54000	 68.42869	 95.54000
176.20000	 95.50000	 68.61875	 95.50000
176.40000	 95.59000	 68.92301	 95.59000
176.60000	 95.73000	 69.24042	 95.73000
176.80000	 95.89000	 69.52352	 95.89000
177.00000	 96.05000	 69.74345	 96.05000
177.20000	 96.19000	 69.88049	 96.19000
177.40000	 96.25000	 69.88580	 96.25000
177.60000	 96.28000	 69.82316	 96.28000
177.80000	 96.27000	 69.70155	 96.27000
178.00000	 96.22000	 69.53915	 96.22000
178.20000	 96.12000	 69.34302	 96.12000
178.40000	 95.57000	 68.75508	 95.57000
178.60000	 95.00000	 68.22209	 95.00000
178.80000	 94.51000	 67.86400	 94.51000
179.00000	 94.18000	 67.75746	 94.18000
179.20000	 94.09000	 67.95493	 94.09000
179.40000	 94.31000	 68.47798	 94.31000
179.60000	 96.18000	 70.51409	 96.18000
179.80000	 98.47000	 72.73554	 98.47000
180.00000	100.83000	 74.67342	100.83000
180.20000	103.06000	 76.06947	103.06000
180.40000	105.01000	 76.78522	105.01000
180.60000	106.36000	 76.58742	106.36000
180.80000	105.68000	 74.27456	105.68000
181.00000	104.49000	 71.54907	104.49000
181.20000	102.89000	 68.74085	102.89000
181.40000	100.97000	 66.10472	100.97000
181.60000	 98.84000	 63.84466	 98.84000
181.80000	 96.63000	 62.11608	 96.63000
182.00000	 94.51000	 61.05059	 94.51000
182.20000	 92.44000	 60.52983	 92.44000
182.40000	 90.49000	 60.51138	 90.49000
182.60000	 88.72000	 60.92924	 88.72000
182.80000	 87.75000	 62.23548	 87.75000
183.00000	 87.19000	 63.89741	 87.19000
183.20000	 86.93000	 65.66230	 86.93000
183.40000	 86.92000	 67.37032	 86.92000
183.60000	 87.14000	 68.93025	 87.14000
183.80000	 87.53000	 70.25041	 87.53000
184.00000	 88.05000	 71.29172	 88.05000
184.20000	 88.60000	 71.98644	 88.60000
184.40000	 89.18000	 72.38501	 89.18000
184.60000	 89.83000	 72.58768	 89.83000
184.80000	 90.53000	 72.63813	 90.53000
185.00000	 91.26000	 72.57535	 91.26000
185.20000	 91.98000	 72.41276	 91.98000
185.40000	 92.68000	 72.18555	 92.68000
185.60000	 93.40000	 71.96788	 93.40000
185.80000	 94.12000	 71.76578	 94.12000
186.00000	 94.85000	 71.60419	 94.85000
186.20000	 95.58000	 71.48078	 95.58000
186.40000	 96.31000	 71.39677	 96.31000
186.60000	 97.02000	 71.33065	 97.02000
186.80000	 97.72000	 71.28802	 97.72000
187.00000	 98.40000	 71.25473	 98.40000
187.20000	 99.06000	 71.22654	 99.06000
187.40000	 99.66000	 71.16272	 99.66000
187.60000	100.21000	 71.07345	100.21000
187.80000	100.70000	 70.95235	100.70000
188.00000	101.15000	 70.82298	101.15000
188.20000	101.45000	 70.58701	101.45000
188.40000	101.60000	 70.25712	101.60000
188.60000	101.44000	 69.70173	101.44000
188.80000	100.92000	 68.90711	100.92000
189.00000	100.24000	 68.10429	100.24000
189.20000	 99.46000	 67.38064	 99.46000
189.40000	 98.67000	 66.83408	 98.67000
189.60000	 98.14000	 66.70907	 98.14000
189.80000	 97.65000	 66.75642	 97.65000
190.00000	 97.20000	 66.92921	 97.20000
190.20000	 96.79000	 67.18315	 96.79000
190.40000	 96.40000	 67.46135	 96.40000
190.60000	 96.04000	 67.74436	 96.04000
190.80000	 95.66000	 67.96530	 95.66000
191.00000	 95.25000	 68.10664	 95.25000
191.20000	 94.88000	 68.23536	 94.88000
191.40000	 94.57000	 68.37259	 94.57000
191.60000	 94.33000	 68.52869	 94.33000
191.80000	 94.18000	 68.72133	 94.18000
192.00000	 94.24000	 69.05831	 94.24000
192.20000	 94.48000	 69.49566	 94.48000
192.40000	 94.77000	 69.89202	 94.77000
192.60000	 95.05000	 70.18144	 95.05000
192.80000	 95.31000	 70.35775	 95.31000
193.00000	 95.41000	 70.30339	 95.41000
193.20000	 95.38000	 70.07675	 95.38000
193.40000	 95.26000	 69.75225	 95.26000
193.60000	 95.08000	 69.39266	 95.08000
193.80000	 94.82000	 69.00668	 94.82000
194.00000	 94.40000	 68.54109	 94.40000
194.20000	 93.89000	 68.08306	 93.89000
194.40000	 93.36000	 67.71213	 93.36000
194.60000	 92.84000	 67.45790	 92.84000
194.80000	 92.35000	 67.32909	 92.35000
195.00000	 91.98000	 67.39087	 91.98000
195.20000	 91.73000	 67.61248	 91.73000
195.40000	 91.59000	 67.94839	 91.59000
195.60000	 91.57000	 68.37221	 91.57000
195.80000	 91.68000	 68.86045	 91.68000
196.00000	 92.09000	 69.54281	 92.09000
196.20000	 92.84000	 70.41892	 92.84000
196.40000	 93.59000	 71.12831	 93.59000
196.60000	 94.25000	 71.57263	 94.25000
196.80000	 94.71000	 71.66431	 94.71000
197.00000	 94.43000	 70.94376	 94.43000
197.20000	 93.95000	 70.01947	 93.95000
197.40000	 93.34000	 69.04868	 93.34000
197.60000	 92.68000	 68.17379	 92.68000
197.80000	 92.18000	 67.62819	 92.18000
198.00000	 91.83000	 67.39787	 91.83000
198.20000	 91.56000	 67.38481	 91.56000
198.40000	 91.39000	 67.56447	 91.39000
198.60000	 91.32000	 67.88889	 91.32000
198.80000	 91.39000	 68.34861	 91.39000
199.00000	 91.65000	 68.94527	 91.65000
199.20000	 92.02000	 69.56066	 92.02000
199.40000	 92.47000	 70.13498	 92.47000
199.60000	 92.99000	 70.64090	 92.99000
199.80000	 93.66000	 71.14705	 93.66000
200.00000	 94.38000	 71.55647	 94.38000
200.20000	 95.04000	 71.77332	 95.04000
200.40000	 95.58000	 71.76441	 95.58000
200.60000	 95.79000	 71.37105	 95.79000
200.80000	 95.63000	 70.61731	 95.63000
201.00000	 95.32000	 69.78403	 95.32000
201.20000	 94.92000	 68.98691	 94.92000
201.40000	 94.47000	 68.30106	 94.47000
201.60000	 94.16000	 67.91900	 94.16000
201.80000	 93.86000	 67.70192	 93.86000
202.00000	 93.59000	 67.64058	 93.59000
202.20000	 93.37000	 67.71961	 93.37000
202.40000	 93.26000	 67.95816	 93.26000
202.60000	 93.32000	 68.37177	 93.32000
202.80000	 93.40000	 68.77653	 93.40000
203.00000	 93.47000	 69.11479	 93.47000
203.20000	 93.48000	 69.32567	 93.48000
203.40000	 93.26000	 69.25290	 93.26000
203.60000	 92.89000	 68.99886	 92.89000
203.80000	 92.45000	 68.67424	 92.45000
204.00000	 91.94000	 68.31066	 91.94000
204.20000	 91.40000	 67.97082	 91.40000
204.40000	 90.84000	 67.67936	 90.84000
204.60000	 90.29000	 67.47020	 90.29000
204.80000	 89.74000	 67.33040	 89.74000
205.00000	 89.21000	 67.26952	 89.21000
205.20000	 88.70000	 67.27383	 88.70000
205.40000	 88.22000	 67.33702	 88.22000
205.60000	 87.78000	 67.45204	 87.78000
205.80000	 87.37000	 67.59343	 87.37000
206.00000	 87.05000	 67.80344	 87.05000
206.20000	 86.81000	 68.05700	 86.81000
206.40000	 86.67000	 68.35781	 86.67000
206.60000	 86.66000	 68.71922	 86.66000
206.80000	 86.90000	 69.23735	 86.90000
207.00000	 87.40000	 69.89630	 87.40000
207.20000	 87.97000	 70.48880	 87.97000
207.40000	 88.54000	 70.93506	 88.54000
207.60000	 89.09000	 71.22022	 89.09000
207.80000	 89.42000	 71.17582	 89.42000
208.00000	 89.59000	 70.90089	 89.59000
208.20000	 89.70000	 70.53997	 89.70000
208.40000	 89.75000	 70.13669	 89.75000
208.60000	 89.77000	 69.75310	 89.77000
208.80000	 89.75000	 69.40158	 89.75000
209.00000	 89.71000	 69.11267	 89.71000
209.20000	 89.68000	 68.91660	 89.68000
209.40000	 89.66000	 68.80618	 89.66000
209.60000	 89.66000	 68.77765	 89.66000
209.80000	 89.72000	 68.85149	 89.72000
210.00000	 89.85000	 69.01584	 89.85000
210.20000	 90.04000	 69.23826	 90.04000
210.40000	 90.29000	 69.49734	 90.29000
210.60000	 90.61000	 69.78424	 90.61000
210.80000	 91.02000	 70.10247	 91.02000
211.00000	 91.73000	 70.63436	 91.73000
211.20000	 92.50000	 71.12752	 92.50000
211.40000	 93.25000	 71.49121	 93.25000
211.60000	 93.93000	 71.67987	 93.93000
211.80000	 94.44000	 71.61750	 94.44000
212.00000	 94.46000	 71.04142	 94.46000
212.20000	 94.32000	 70.33117	 94.32000
212.40000	 94.09000	 69.61439	 94.09000
212.60000	 93.79000	 68.95337	 93.79000
212.80000	 93.46000	 68.41020	 93.46000
213.00000	 93.24000	 68.12126	 93.24000
213.20000	 93.07000	 68.01092	 93.07000
213.40000	 92.94000	 68.03939	 92.94000
213.60000	 92.89000	 68.20975	 92.89000
213.80000	 92.91000	 68.47575	 92.91000
214.00000	 93.04000	 68.84010	 93.04000
214.20000	 93.51000	 69.48402	 93.51000
214.40000	 94.04000	 70.09800	 94.04000
214.60000	 94.58000	 70.60470	 94.58000
214.80000	 95.08000	 70.94640	 95.08000
215.00000	 95.48000	 71.07506	 95.48000
215.20000	 95.57000	 70.82053	 95.57000
215.40000	 95.56000	 70.43171	 95.56000
215.60000	 95.49000	 69.99531	 95.49000
215.80000	 95.37000	 69.55928	 95.37000
216.00000	 95.22000	 69.16888	 95.22000
216.20000	 95.14000	 68.93130	 95.14000
216.40000	 95.07000	 68.78605	 95.07000
216.60000	 95.02000	 68.73052	 95.02000
216.80000	 94.98000	 68.73870	 94.98000
217.00000	 94.96000	 68.80232	 94.96000
217.20000	 94.98000	 68.92261	 94.98000
217.40000	 95.09000	 69.12882	 95.09000
217.60000	 95.29000	 69.40097	 95.29000
217.80000	 95.52000	 69.66327	 95.52000
218.00000	 95.77000	 69.89360	 95.77000
218.20000	 96.03000	 70.07686	 96.03000
218.40000	 96.29000	 70.20419	 96.29000
218.60000	 96.57000	 70.29983	 96.57000
218.80000	 96.85000	 70.35207	 96.85000
219.00000	 97.10000	 70.34188	 97.10000
219.20000	 97.30000	 70.26264	 97.30000
219.40000	 97.43000	 70.11051	 97.43000
219.60000	 97.43000	 69.84660	 97.43000
219.80000	 97.16000	 69.36267	 97.16000
220.00000	 96.81000	 68.87132	 96.81000
220.20000	 96.41000	 68.42576	 96.41000
220.40000	 95.98000	 68.05767	 95.98000
220.60000	 95.56000	 67.80596	 95.56000
220.80000	 95.18000	 67.68872	 95.18000
221.00000	 94.98000	 67.81685	 94.98000
221.20000	 94.83000	 68.03287	 94.83000
221.40000	 94.74000	 68.31267	 94.74000
221.60000	 94.71000	 68.62717	 94.71000
221.80000	 94.74000	 68.95305	 94.74000
222.00000	 94.85000	 69.29184	 94.85000
222.20000	 95.18000	 69.76099	 95.18000
222.40000	 95.53000	 70.15333	 95.53000
222.60000	 95.87000	 70.43376	 95.87000
222.80000	 96.16000	 70.57065	 96.16000
223.00000	 96.35000	 70.53483	 96.35000
223.20000	 96.26000	 70.18686	 96.26000
223.40000	 96.08000	 69.75230	 96.08000
223.60000	 95.82000	 69.28213	 95.82000
223.80000	 95.52000	 68.84569	 95.52000
224.00000	 95.18000	 68.46194	 95.18000
224.20000	 94.82000	 68.15755	 94.82000
224.40000	 94.46000	 67.94919	 94.46000
224.60000	 94.12000	 67.84503	 94.12000
224.80000	 93.81000	 67.83730	 93.81000
225.00000	 93.55000	 67.92376	 93.55000
225.20000	 93.36000	 68.09972	 93.36000
225.40000	 93.38000	 68.47110	 93.38000
225.60000	 93.53000	 68.92831	 93.53000
225.80000	 93.73000	 69.36467	 93.73000
226.00000	 93.97000	 69.75066	 93.97000
226.20000	 94.23000	 70.05848	 94.23000
226.40000	 94.48000	 70.26130	 94.48000
226.60000	 94.69000	 70.34185	 94.69000
226.80000	 94.88000	 70.33768	 94.88000
227.00000	 95.04000	 70.26052	 95.04000
227.20000	 95.16000	 70.12252	 95.16000
227.40000	 95.15000	 69.86039	 95.15000
227.60000	 95.01000	 69.49988	 95.01000
227.80000	 94.83000	 69.15170	 94.83000
228.00000	 94.63000	 68.85187	 94.63000
228.20000	 94.43000	 68.62645	 94.43000
228.40000	 94.24000	 68.48283	 94.24000
228.60000	 94.15000	 68.49580	 94.15000
228.80000	 94.16000	 68.64445	 94.16000
229.00000	 94.23000	 68.86436	 94.23000
229.20000	 94.36000	 69.13012	 94.36000
229.40000	 94.54000	 69.41057	 94.54000
229.60000	 94.77000	 69.68927	 94.77000
229.80000	 95.12000	 70.02031	 95.12000
230.00000	 95.61000	 70.40987	 95.61000
230.20000	 96.11000	 70.72298	 96.11000
230.40000	 96.58000	 70.92001	 96.58000
230.60000	 96.99000	 70.98231	 96.99000
230.80000	 97.21000	 70.80791	 97.21000
231.00000	 97.20000	 70.39483	 97.20000
231.20000	 97.10000	 69.92008	 97.10000
231.40000	 96.93000	 69.44024	 96.93000
231.60000	 96.71000	 69.00058	 96.71000
231.80000	 96.47000	 68.64357	 96.47000
232.00000	 96.29000	 68.44594	 96.29000
232.20000	 96.11000	 68.33836	 96.11000
232.40000	 95.95000	 68.32161	 95.95000
232.60000	 95.82000	 68.38410	 95.82000
232.80000	 95.73000	 68.51320	 95.73000
233.00000	 95.69000	 68.69681	 95.69000
233.20000	 95.81000	 69.01749	 95.81000
233.40000	 96.02000	 69.38356	 96.02000
233.60000	 96.25000	 69.70736	 96.25000
233.80000	 96.50000	 69.97740	 96.50000
234.00000	 96.75000	 70.17218	 96.75000
234.20000	 96.98000	 70.27824	 96.98000
234.40000	 97.12000	 70.24232	 97.12000
234.60000	 97.24000	 70.15115	 97.24000
234.80000	 97.31000	 69.99691	 97.31000
235.00000	 97.34000	 69.80871	 97.34000
235.20000	 97.32000	 69.59410	 97.32000
235.40000	 97.15000	 69.27403	 97.15000
235.60000	 96.86000	 68.89590	 96.86000
235.80000	 96.55000	 68.57162	 96.55000
236.00000	 96.23000	 68.31835	 96.23000
236.20000	 95.93000	 68.16272	 95.93000
236.40000	 95.67000	 68.11327	 95.67000
236.60000	 95.48000	 68.18093	 95.48000
236.80000	 95.60000	 68.56652	 95.60000
237.00000	 95.78000	 68.99191	 95.78000
237.20000	 95.99000	 69.39416	 95.99000
237.40000	 96.21000	 69.73265	 96.21000
237.60000	 96.44000	 69.99820	 96.44000
237.80000	 96.65000	 70.16345	 96.65000
238.00000	 96.78000	 70.18237	 96.78000
238.20000	 96.88000	 70.12207	 96.88000
238.40000	 96.94000	 69.99490	 96.94000
238.60000	 96.95000	 69.81280	 96.95000
238.80000	 96.87000	 69.55835	 96.87000
239.00000	 96.63000	 69.18679	 96.63000
239.20000	 96.35000	 68.83480	 96.35000
239.40000	 96.06000	 68.54568	 96.06000
239.60000	 95.76000	 68.32407	 95.76000
239.80000	 95.49000	 68.20404	 95.49000
240.00000	 95.29000	 68.21107	 95.29000
240.20000	 95.26000	 68.41824	 95.26000
240.40000	 95.29000	 68.69058	 95.29000
240.60000	 95.38000	 68.99948	 95.38000
240.80000	 95.53000	 69.32181	 95.53000
241.00000	 95.75000	 69.64970	 95.75000
241.20000	 96.04000	 69.97083	 96.04000
241.40000	 96.53000	 70.39852	 96.53000
241.60000	 97.03000	 70.74072	 97.03000
241.80000	 97.51000	 70.96715	 97.51000
242.00000	 97.94000	 71.05916	 97.94000
242.20000	 98.22000	 70.94271	 98.22000
242.40000	 98.19000	 70.50145	 98.19000
242.60000	 98.07000	 69.99312	 98.07000
242.80000	 97.90000	 69.49772	 97.90000
243.00000	 97.69000	 69.05287	 97.69000
243.20000	 97.49000	 68.71985	 97.49000
243.40000	 97.43000	 68.61938	 97.43000
243.60000	 97.44000	 68.66422	 97.44000
243.80000	 97.50000	 68.80688	 97.50000
244.00000	 97.59000	 68.99955	 97.59000
244.20000	 97.72000	 69.22668	 97.72000
244.40000	 97.88000	 69.45854	 97.88000
244.60000	 98.14000	 69.74579	 98.14000
244.80000	 98.44000	 70.01743	 98.44000
245.00000	 98.72000	 70.20866	 98.72000
245.20000	 98.98000	 70.32088	 98.98000
245.40000	 99.19000	 70.33455	 99.19000
245.60000	 99.19000	 70.11575	 99.19000
245.80000	 99.07000	 69.78036	 99.07000
246.00000	 98.89000	 69.41729	 98.89000
246.20000	 98.66000	 69.06122	 98.66000
246.40000	 98.42000	 68.76624	 98.42000
246.60000	 98.17000	 68.53818	 98.17000
246.80000	 97.98000	 68.43994	 97.98000
247.00000	 97.84000	 68.44840	 97.84000
247.20000	 97.71000	 68.50678	 97.71000
247.40000	 97.61000	 68.61544	 97.61000
247.60000	 97.53000	 68.74774	 97.53000
247.80000	 97.47000	 68.88946	 97.47000
248.00000	 97.51000	 69.10442	 97.51000
248.20000	 97.57000	 69.30396	 97.57000
248.40000	 97.62000	 69.45182	 97.62000
248.60000	 97.67000	 69.55644	 97.67000
248.80000	 97.69000	 69.59338	 97.69000
249.00000	 97.56000	 69.45964	 97.56000
249.20000	 97.38000	 69.27032	 97.38000
249.40000	 97.18000	 69.07373	 97.18000
249.60000	 96.97000	 68.89396	 96.97000
249.80000	 96.75000	 68.73962	 96.75000
250.00000	 96.54000	 68.63286	 96.54000
250.20000	 96.30000	 68.53439	 96.30000
250.40000	 96.11000	 68.51648	 96.11000
250.60000	 95.98000	 68.57933	 95.98000
250.80000	 95.93000	 68.72774	 95.93000
251.00000	 96.00000	 68.98141	 96.00000
251.20000	 96.35000	 69.46747	 96.35000
251.40000	 96.87000	 70.04680	 96.87000
251.60000	 97.45000	 70.58304	 97.45000
251.80000	 98.05000	 71.01965	 98.05000
252.00000	 98.63000	 71.31548	 98.63000
252.20000	 99.08000	 71.37869	 99.08000
252.40000	 99.46000	 71.29429	 99.46000
252.60000	 99.76000	 71.08699	 99.76000
252.80000	 99.96000	 70.77320	 99.96000
253.00000	 99.96000	 70.29397	 99.96000
253.20000	 99.61000	 69.54857	 99.61000
253.40000	 99.24000	 68.89588	 99.24000
253.60000	 98.92000	 68.42798	 98.92000
253.80000	 98.73000	 68.22057	 98.73000
254.00000	 99.03000	 68.58534	 99.03000
254.20000	 99.60000	 69.24774	 99.60000
254.40000	100.28000	 69.98285	100.28000
254.60000	101.01000	 70.67555	101.01000
254.80000	101.48000	 71.00021	101.48000
255.00000	101.74000	 71.01222	101.74000
255.20000	102.14000	 71.07289	102.14000
255.40000	102.80000	 71.31409	102.80000
255.60000	104.28000	 72.25463	104.28000
255.80000	106.96000	 74.18177	106.96000
256.00000	109.77000	 75.96158	109.77000
256.20000	112.44000	 77.26165	112.44000
256.40000	114.68000	 77.80101	114.68000
256.60000	115.08000	 76.33026	115.08000
256.80000	114.20000	 73.60209	114.20000
257.00000	112.71000	 70.51734	112.71000
257.20000	110.72000	 67.40278	110.72000
257.40000	108.40000	 64.57399	108.40000
257.60000	106.01000	 62.35434	106.01000
257.80000	103.64000	 60.82609	103.64000
258.00000	101.22000	 59.85756	101.22000
258.20000	 98.84000	 59.43343	 98.84000
258.40000	 96.55000	 59.48018	 96.55000
258.60000	 94.76000	 60.25209	 94.76000
258.80000	 93.38000	 61.50926	 93.38000
259.00000	 92.23000	 62.93078	 92.23000
259.20000	 91.29000	 64.37674	 91.29000
259.40000	 90.54000	 65.74263	 90.54000
259.60000	 89.96000	 66.95826	 89.96000
259.80000	 89.54000	 67.99316	 89.54000
260.00000	 89.23000	 68.80350	 89.23000
260.20000	 89.03000	 69.41263	 89.03000
260.40000	 88.95000	 69.86527	 88.95000
260.60000	 88.97000	 70.18235	 88.97000
260.80000	 89.08000	 70.39493	 89.08000
261.00000	 89.26000	 70.52239	 89.26000
261.20000	 89.54000	 70.62718	 89.54000
261.40000	 89.90000	 70.71688	 89.90000
261.60000	 90.27000	 70.74600	 90.27000
261.80000	 90.63000	 70.71531	 90.63000
262.00000	 90.95000	 70.61596	 90.95000
262.20000	 91.12000	 70.36514	 91.12000
262.40000	 91.18000	 70.02776	 91.18000
262.60000	 91.20000	 69.69618	 91.20000
262.80000	 91.18000	 69.38858	 91.18000
263.00000	 91.13000	 69.12452	 91.13000
263.20000	 91.05000	 68.90691	 91.05000
263.40000	 90.95000	 68.74265	 90.95000
263.60000	 90.87000	 68.66220	 90.87000
263.80000	 90.84000	 68.68094	 90.84000
264.00000	 90.87000	 68.79015	 90.87000
264.20000	 90.98000	 68.98753	 90.98000
264.40000	 91.46000	 69.52046	 91.46000
264.60000	 92.02000	 70.07204	 92.02000
264.80000	 92.58000	 70.53371	 92.58000
265.00000	 93.08000	 70.83453	 93.08000
265.20000	 93.49000	 70.95128	 93.49000
265.40000	 93.43000	 70.55056	 93.43000
265.60000	 93.21000	 69.98346	 93.21000
265.80000	 92.91000	 69.38312	 92.91000
266.00000	 92.56000	 68.82110	 92.56000
266.20000	 92.19000	 68.35181	 92.19000
266.40000	 91.90000	 68.07790	 91.90000
266.60000	 91.68000	 67.97827	 91.68000
266.80000	 91.52000	 68.01910	 91.52000
267.00000	 91.45000	 68.19816	 91.45000
267.20000	 91.50000	 68.50955	 91.50000
267.40000	 91.67000	 68.91757	 91.67000
267.60000	 92.19000	 69.60274	 92.19000
267.80000	 92.90000	 70.36711	 92.90000
268.00000	 93.66000	 71.03926	 93.66000
268.20000	 94.45000	 71.58098	 94.45000
268.40000	 95.21000	 71.93522	 95.21000
268.60000	 95.77000	 71.96055	 95.77000
268.80000	 96.25000	 71.81121	 96.25000
269.00000	 96.68000	 71.56095	 96.68000
269.20000	 97.06000	 71.25093	 97.06000
269.40000	 97.38000	 70.90593	 97.38000
269.60000	 97.63000	 70.54344	 97.63000
269.80000	 97.85000	 70.22078	 97.85000
270.00000	 98.04000	 69.94804	 98.04000
270.20000	 98.22000	 69.74604	 98.22000
270.40000	 98.40000	 69.61892	 98.40000
270.60000	 98.71000	 69.67704	 98.71000
270.80000	 99.01000	 69.76533	 99.01000
271.00000	 99.29000	 69.85450	 99.29000
271.20000	 99.52000	 69.90265	 99.52000
271.40000	 99.70000	 69.90393	 99.70000
271.60000	 99.76000	 69.79344	 99.76000
271.80000	 99.71000	 69.59105	 99.71000
272.00000	 99.59000	 69.34986	 99.59000
272.20000	 99.41000	 69.09367	 99.41000
272.40000	 99.16000	 68.82453	 99.16000
272.60000	 98.80000	 68.51416	 98.80000
272.80000	 98.37000	 68.20971	 98.37000
273.00000	 97.90000	 67.94533	 97.90000
273.20000	 97.40000	 67.73072	 97.40000
273.40000	 96.90000	 67.58935	 96.90000
273.60000	 96.41000	 67.52051	 96.41000
273.80000	 95.96000	 67.53833	 95.96000
274.00000	 95.59000	 67.66239	 95.59000
274.20000	 95.27000	 67.84258	 95.27000
274.40000	 95.00000	 68.05833	 95.00000
274.60000	 94.80000	 68.31076	 94.80000
274.80000	 94.66000	 68.57508	 94.66000
275.00000	 94.61000	 68.86748	 94.61000
275.20000	 94.84000	 69.35430	 94.84000
275.40000	 95.10000	 69.77743	 95.10000
275.60000	 95.35000	 70.08823	 95.35000
275.80000	 95.57000	 70.27077	 95.57000
276.00000	 95.69000	 70.27384	 95.69000
276.20000	 95.49000	 69.91903	 95.49000
276.40000	 95.20000	 69.47221	 95.20000
276.60000	 94.86000	 69.01494	 94.86000
276.80000	 94.49000	 68.59743	 94.49000
277.00000	 94.12000	 68.26565	 94.12000
277.20000	 93.82000	 68.08919	 93.82000
277.40000	 93.55000	 68.01923	 93.55000
277.60000	 93.33000	 68.05638	 93.33000
277.80000	 93.17000	 68.18741	 93.17000
278.00000	 93.09000	 68.40657	 93.09000
278.20000	 93.24000	 68.82848	 93.24000
278.40000	 93.50000	 69.30522	 93.50000
278.60000	 93.78000	 69.72294	 93.78000
278.80000	 94.03000	 70.01993	 94.03000
279.00000	 94.22000	 70.16911	 94.22000
279.20000	 94.02000	 69.87765	 94.02000
279.40000	 93.70000	 69.44807	 93.70000
279.60000	 93.30000	 68.96584	 93.30000
279.80000	 92.85000	 68.49712	 92.85000
280.00000	 92.38000	 68.09495	 92.38000
280.20000	 91.93000	 67.80763	 91.93000
280.40000	 91.56000	 67.68782	 91.56000
280.60000	 91.23000	 67.68036	 91.23000
280.80000	 90.95000	 67.77157	 90.95000
281.00000	 90.76000	 67.97354	 90.76000
281.20000	 90.65000	 68.24922	 90.65000
281.40000	 90.72000	 68.66568	 90.72000
281.60000	 91.09000	 69.30365	 91.09000
281.80000	 91.51000	 69.88835	 91.51000
282.00000	 91.96000	 70.37727	 91.96000
282.20000	 92.38000	 70.70709	 92.38000
282.40000	 92.70000	 70.82251	 92.70000
282.60000	 92.74000	 70.58282	 92.74000
282.80000	 92.71000	 70.23541	 92.71000
283.00000	 92.62000	 69.83551	 92.62000
283.20000	 92.49000	 69.43839	 92.49000
283.40000	 92.35000	 69.09706	 92.35000
283.60000	 92.21000	 68.83286	 92.21000
283.80000	 92.10000	 68.67477	 92.10000
284.00000	 92.01000	 68.60418	 92.01000
284.20000	 91.96000	 68.62507	 91.96000
284.40000	 91.97000	 68.73730	 91.97000
284.60000	 92.11000	 68.98455	 92.11000
284.80000	 92.36000	 69.32074	 92.36000
285.00000	 92.66000	 69.66276	 92.66000
285.20000	 93.01000	 69.99129	 93.01000
285.40000	 93.40000	 70.28500	 93.40000
285.60000	 93.86000	 70.56690	 93.86000
285.80000	 94.34000	 70.78824	 94.34000
286.00000	 94.80000	 70.91601	 94.80000
286.20000	 95.22000	 70.94338	 95.22000
286.40000	 95.58000	 70.86928	 95.58000
286.60000	 95.61000	 70.46395	 95.61000
286.80000	 95.55000	 69.99668	 95.55000
287.00000	 95.43000	 69.53281	 95.43000
287.20000	 95.28000	 69.12574	 95.28000
287.40000	 95.11000	 68.79699	 95.11000
287.60000	 95.00000	 68.62206	 95.00000
