  0.00000	102.21000	 58.40394	102.21000
  0.20000	102.61000	 58.69652	102.61000
  0.40000	102.96000	 58.95331	102.96000
  0.60000	103.27000	 59.18092	103.27000
  0.80000	103.54000	 59.37909	103.54000
  1.00000	103.77000	 59.54770	103.77000
  1.20000	103.97000	 59.69385	103.97000
  1.40000	104.15000	 59.82467	104.15000
  1.60000	104.30000	 59.93315	104.30000
  1.80000	104.44000	 60.03358	104.44000
  2.00000	104.56000	 60.11895	104.56000
  2.20000	104.66000	 60.18938	104.66000
  2.40000	104.77000	 60.26626	104.77000
  2.60000	104.90000	 60.35676	104.90000
  2.80000	105.10000	 60.49640	105.10000
  3.00000	105.38000	 60.69221	105.38000
  3.20000	105.65000	 60.88012	105.65000
  3.40000	105.91000	 61.06003	105.91000
  3.60000	106.11000	 61.19641	106.11000
  3.80000	106.17000	 61.23251	106.17000
  4.00000	106.13000	 61.19699	106.13000
  4.20000	106.00000	 61.09727	106.00000
  4.40000	105.80000	 60.94792	105.80000
  4.60000	105.51000	 60.73505	105.51000
  4.80000	104.99000	 60.35960	104.99000
  5.00000	104.45000	 59.97127	104.45000
  5.20000	103.96000	 59.62016	103.96000
  5.40000	103.57000	 59.34194	103.57000
  5.60000	103.56000	 59.33543	103.56000
  5.80000	103.78000	 59.49351	103.78000
  6.00000	104.08000	 59.70894	104.08000
  6.20000	104.41000	 59.94558	104.41000
  6.40000	104.60000	 60.08225	104.60000
  6.60000	104.62000	 60.09754	104.62000
  6.80000	104.62000	 60.09813	104.62000
  7.00000	104.61000	 60.09128	104.61000
  7.20000	104.65000	 60.11972	104.65000
  7.40000	104.78000	 60.21187	104.78000
  7.60000	104.93000	 60.31789	104.93000
  7.80000	105.07000	 60.41639	105.07000
  8.00000	105.21000	 60.51441	105.21000
  8.20000	105.27000	 60.55510	105.27000
  8.40000	105.26000	 60.54567	105.26000
  8.60000	105.23000	 60.52179	105.23000
  8.80000	105.21000	 60.50492	105.21000
  9.00000	105.18000	 60.48094	105.18000
  9.20000	105.29000	 60.55643	105.29000
  9.40000	105.44000	 60.66025	105.44000
  9.60000	105.56000	 60.74251	105.56000
  9.80000	105.63000	 60.78896	105.63000
 10.00000	105.62000	 60.77832	105.62000
 10.20000	105.19000	 60.46929	105.19000
 10.40000	104.68000	 60.10400	104.68000
 10.60000	104.20000	 59.76114	104.20000
 10.80000	103.83000	 59.49787	103.83000
 11.00000	103.82000	 59.49178	103.82000
 11.20000	104.15000	 59.72819	104.15000
 11.40000	104.60000	 60.05002	104.60000
 11.60000	105.12000	 60.42106	105.12000
 11.80000	105.64000	 60.79099	105.64000
 12.00000	106.13000	 61.13813	106.13000
 12.20000	106.54000	 61.42674	106.54000
 12.40000	106.84000	 61.63553	106.84000
 12.60000	106.86000	 61.64393	106.86000
 12.80000	106.58000	 61.43826	106.58000
 13.00000	106.17000	 61.14005	106.17000
 13.20000	105.71000	 60.80683	105.71000
 13.40000	105.27000	 60.48886	105.27000
 13.60000	105.07000	 60.34273	105.07000
 13.80000	104.90000	 60.21917	104.90000
 14.00000	104.73000	 60.09675	104.73000
 14.20000	104.56000	 59.97537	104.56000
 14.40000	104.32000	 59.80522	104.32000
 14.60000	103.99000	 59.57215	103.99000
 14.80000	103.63000	 59.31889	103.63000
 15.00000	103.25000	 59.05269	103.25000
 15.20000	102.84000	 58.76654	102.84000
 15.40000	102.42000	 58.47474	102.42000
 15.60000	101.99000	 58.17736	101.99000
 15.80000	101.55000	 57.87444	101.55000
 16.00000	101.10000	 57.56601	101.10000
 16.20000	100.65000	 57.25920	100.65000
 16.40000	100.13000	 56.90428	100.13000
 16.60000	 99.62000	 56.55816	 99.62000
 16.80000	 99.15000	 56.24215	 99.15000
 17.00000	 98.74000	 55.97040	 98.74000
 17.20000	 98.42000	 55.76408	 98.42000
 17.40000	 98.22000	 55.64425	 98.22000
 17.60000	 98.11000	 55.58925	 98.11000
 17.80000	 98.12000	 55.62003	 98.12000
 18.00000	 98.28000	 55.75746	 98.28000
 18.20000	 98.66000	 56.05074	 98.66000
 18.40000	 99.10000	 56.38559	 99.10000
 18.60000	 99.58000	 56.74730	 99.58000
 18.80000	 99.99000	 57.05736	 99.99000
 19.00000	100.24000	 57.25170	100.24000
 19.20000	100.45000	 57.41569	100.45000
 19.40000	100.62000	 57.54950	100.62000
 19.60000	100.78000	 57.67464	100.78000
 19.80000	100.94000	 57.79836	100.94000
 20.00000	101.10000	 57.92079	101.10000
 20.20000	101.25000	 58.03493	101.25000
 20.40000	101.40000	 58.14796	101.40000
 20.60000	101.58000	 58.28128	101.58000
 20.80000	101.79000	 58.43489	101.79000
 21.00000	101.98000	 58.57327	101.98000
 21.20000	102.16000	 58.70354	102.16000
 21.40000	102.30000	 58.80445	102.30000
 21.60000	102.34000	 58.83347	102.34000
 21.80000	102.34000	 58.83344	102.34000
 22.00000	102.31000	 58.81165	102.31000
 22.20000	102.25000	 58.76831	102.25000
 22.40000	102.19000	 58.72489	102.19000
 22.60000	102.13000	 58.68150	102.13000
 22.80000	102.07000	 58.63824	102.07000
 23.00000	101.99000	 58.58095	101.99000
 23.20000	101.92000	 58.53099	101.92000
 23.40000	101.80000	 58.44579	101.80000
 23.60000	101.69000	 58.36804	101.69000
 23.80000	101.61000	 58.31198	101.61000
 24.00000	101.59000	 58.29890	101.59000
 24.20000	101.72000	 58.39261	101.72000
 24.40000	101.98000	 58.57862	101.98000
 24.60000	102.28000	 58.79265	102.28000
 24.80000	102.59000	 59.01307	102.59000
 25.00000	102.85000	 59.19707	102.85000
 25.20000	103.02000	 59.31616	103.02000
 25.40000	103.14000	 59.39885	103.14000
 25.60000	103.21000	 59.44527	103.21000
 25.80000	103.23000	 59.45561	103.23000
 26.00000	103.12000	 59.37325	103.12000
 26.20000	102.97000	 59.26242	102.97000
 26.40000	102.78000	 59.12340	102.78000
 26.60000	102.58000	 58.97773	102.58000
 26.80000	102.42000	 58.86109	102.42000
 27.00000	102.31000	 58.78066	102.31000
 27.20000	102.19000	 58.69376	102.19000
 27.40000	102.06000	 58.60039	102.06000
 27.60000	101.90000	 58.48634	101.90000
 27.80000	101.63000	 58.29483	101.63000
 28.00000	101.34000	 58.08994	101.34000
 28.20000	101.05000	 57.88601	101.05000
 28.40000	100.79000	 57.70443	100.79000
 28.60000	100.57000	 57.55231	100.57000
 28.80000	100.41000	 57.44379	100.41000
 29.00000	100.34000	 57.40002	100.34000
 29.20000	100.38000	 57.43498	100.38000
 29.40000	100.62000	 57.61226	100.62000
 29.60000	101.15000	 57.99528	101.15000
 29.80000	101.77000	 58.44125	101.77000
 30.00000	102.45000	 58.92823	102.45000
 30.20000	103.13000	 59.41313	103.13000
 30.40000	103.68000	 59.80330	103.68000
 30.60000	104.13000	 60.12004	104.13000
 30.80000	104.52000	 60.39193	104.52000
 31.00000	104.83000	 60.60497	104.83000
 31.20000	105.03000	 60.73814	105.03000
 31.40000	105.13000	 60.79892	105.13000
 31.60000	105.16000	 60.80900	105.16000
 31.80000	105.11000	 60.76167	105.11000
 32.00000	105.01000	 60.67862	105.01000
 32.20000	104.85000	 60.55307	104.85000
 32.40000	104.64000	 60.39244	104.64000
 32.60000	104.39000	 60.20411	104.39000
 32.80000	104.04000	 59.94570	104.04000
 33.00000	103.67000	 59.67432	103.67000
 33.20000	103.33000	 59.42571	103.33000
 33.40000	103.08000	 59.24254	103.08000
 33.60000	103.15000	 59.28808	103.15000
 33.80000	103.36000	 59.43397	103.36000
 34.00000	103.64000	 59.62994	103.64000
 34.20000	103.94000	 59.83999	103.94000
 34.40000	104.16000	 59.99276	104.16000
 34.60000	104.29000	 60.08102	104.29000
 34.80000	104.36000	 60.12611	104.36000
 35.00000	104.32000	 60.09266	104.32000
 35.20000	104.06000	 59.90280	104.06000
 35.40000	103.62000	 59.58541	103.62000
 35.60000	103.15000	 59.24759	103.15000
 35.80000	102.73000	 58.94657	102.73000
 36.00000	102.57000	 58.83171	102.57000
 36.20000	102.63000	 58.87434	102.63000
 36.40000	102.75000	 58.96035	102.75000
 36.60000	102.89000	 59.06092	102.89000
 36.80000	102.90000	 59.06920	102.90000
 37.00000	102.76000	 58.97095	102.76000
 37.20000	102.62000	 58.87288	102.62000
 37.40000	102.50000	 58.78932	102.50000
 37.60000	102.42000	 58.73453	102.42000
 37.80000	102.70000	 58.93573	102.70000
 38.00000	103.01000	 59.15805	103.01000
 38.20000	103.28000	 59.35137	103.28000
 38.40000	103.46000	 59.47997	103.46000
 38.60000	103.28000	 59.35212	103.28000
 38.80000	102.73000	 58.96123	102.73000
 39.00000	102.20000	 58.58512	102.20000
 39.20000	101.79000	 58.29538	101.79000
 39.40000	101.88000	 58.36206	101.88000
 39.60000	102.42000	 58.74905	102.42000
 39.80000	103.12000	 59.24938	103.12000
 40.00000	103.88000	 59.79110	103.88000
 40.20000	104.42000	 60.17466	104.42000
 40.40000	104.83000	 60.46383	104.83000
 40.60000	105.22000	 60.73681	105.22000
 40.80000	105.64000	 61.02924	105.64000
 41.00000	106.25000	 61.45480	106.25000
 41.20000	107.02000	 61.99196	107.02000
 41.40000	107.75000	 62.49834	107.75000
 41.60000	108.39000	 62.93829	108.39000
 41.80000	108.80000	 63.21243	108.80000
 42.00000	108.66000	 63.09389	108.66000
 42.20000	108.43000	 62.91041	108.43000
 42.40000	108.21000	 62.73384	108.21000
 42.60000	108.17000	 62.68550	108.17000
 42.80000	108.66000	 63.01405	108.66000
 43.00000	109.21000	 63.38507	109.21000
 43.20000	109.71000	 63.71989	109.71000
 43.40000	109.95000	 63.86911	109.95000
 43.60000	109.64000	 63.62696	109.64000
 43.80000	109.19000	 63.28552	109.19000
 44.00000	108.71000	 62.92371	108.71000
 44.20000	108.30000	 62.61315	108.30000
 44.40000	108.51000	 62.74468	108.51000
 44.60000	108.80000	 62.93414	108.80000
 44.80000	109.12000	 63.14542	109.12000
 45.00000	109.41000	 63.33544	109.41000
 45.20000	109.54000	 63.41163	109.54000
 45.40000	109.19000	 63.14678	109.19000
 45.60000	108.76000	 62.82566	108.76000
 45.80000	108.29000	 62.47727	108.29000
 46.00000	107.83000	 62.13758	107.83000
 46.20000	107.55000	 61.92757	107.55000
 46.40000	107.36000	 61.78325	107.36000
 46.60000	107.24000	 61.69021	107.24000
 46.80000	107.20000	 61.65530	107.20000
 47.00000	107.33000	 61.74213	107.33000
 47.20000	107.54000	 61.88633	107.54000
 47.40000	107.76000	 62.03777	107.76000
 47.60000	107.96000	 62.17483	107.96000
 47.80000	108.07000	 62.24763	108.07000
 48.00000	108.00000	 62.19226	108.00000
 48.20000	107.85000	 62.08000	107.85000
 48.40000	107.61000	 61.90405	107.61000
 48.60000	107.28000	 61.66473	107.28000
 48.80000	106.78000	 61.30557	106.78000
 49.00000	106.22000	 60.90517	106.22000
 49.20000	105.63000	 60.48520	105.63000
 49.40000	105.04000	 60.06727	105.04000
 49.60000	104.55000	 59.72256	104.55000
 49.80000	104.16000	 59.45103	104.16000
 50.00000	103.80000	 59.20278	103.80000
 50.20000	103.49000	 58.99181	103.49000
 50.40000	103.22000	 58.81081	103.22000
 50.60000	102.97000	 58.64534	102.97000
 50.80000	102.76000	 58.50943	102.76000
 51.00000	102.59000	 58.40286	102.59000
 51.20000	102.46000	 58.32544	102.46000
 51.40000	102.43000	 58.31957	102.43000
 51.60000	102.43000	 58.33526	102.43000
 51.80000	102.44000	 58.35807	102.44000
 52.00000	102.43000	 58.36652	102.43000
 52.20000	102.33000	 58.31080	102.33000
 52.40000	102.00000	 58.09157	102.00000
 52.60000	101.70000	 57.89384	101.70000
 52.80000	101.47000	 57.74623	101.47000
 53.00000	101.37000	 57.69138	101.37000
 53.20000	101.69000	 57.93506	101.69000
 53.40000	102.15000	 58.27774	102.15000
 53.60000	102.70000	 58.68323	102.70000
 53.80000	103.29000	 59.11544	103.29000
 54.00000	103.92000	 59.57395	103.92000
 54.20000	104.51000	 60.00160	104.51000
 54.40000	104.99000	 60.34856	104.99000
 54.60000	105.29000	 60.56519	105.29000
 54.80000	105.12000	 60.44589	105.12000
 55.00000	104.82000	 60.23304	104.82000
 55.20000	104.45000	 59.97005	104.45000
 55.40000	104.10000	 59.72151	104.10000
 55.60000	104.10000	 59.72218	104.10000
 55.80000	104.19000	 59.78720	104.19000
 56.00000	104.33000	 59.88789	104.33000
 56.20000	104.51000	 60.01688	104.51000
 56.40000	104.69000	 60.14554	104.69000
 56.60000	104.83000	 60.24530	104.83000
 56.80000	104.95000	 60.33032	104.95000
 57.00000	105.05000	 60.40060	105.05000
 57.20000	105.10000	 60.43488	105.10000
 57.40000	105.03000	 60.38354	105.03000
 57.60000	104.85000	 60.25394	104.85000
 57.80000	104.66000	 60.11740	104.66000
 58.00000	104.49000	 59.99547	104.49000
 58.20000	104.39000	 59.92377	104.39000
 58.40000	104.43000	 59.95200	104.43000
 58.60000	104.54000	 60.03023	104.54000
 58.80000	104.71000	 60.15110	104.71000
 59.00000	104.97000	 60.33567	104.97000
 59.20000	105.37000	 60.61914	105.37000
 59.40000	105.79000	 60.91590	105.79000
 59.60000	106.21000	 61.21146	106.21000
 59.80000	106.57000	 61.46303	106.57000
 60.00000	106.71000	 61.55695	106.71000
 60.20000	106.72000	 61.55745	106.72000
 60.40000	106.66000	 61.50754	106.66000
 60.60000	106.55000	 61.42181	106.55000
 60.80000	106.45000	 61.34319	106.45000
 61.00000	106.40000	 61.30031	106.40000
 61.20000	106.33000	 61.24353	106.33000
 61.40000	106.22000	 61.15871	106.22000
 61.60000	106.07000	 61.04597	106.07000
 61.80000	105.76000	 60.82021	105.76000
 62.00000	105.38000	 60.54565	105.38000
 62.20000	104.99000	 60.26518	104.99000
 62.40000	104.62000	 60.00032	104.62000
 62.60000	104.36000	 59.81509	104.36000
 62.80000	104.23000	 59.72356	104.23000
 63.00000	104.15000	 59.66867	104.15000
 63.20000	104.11000	 59.64305	104.11000
 63.40000	104.07000	 59.61804	104.07000
 63.60000	104.04000	 59.60057	104.04000
 63.80000	104.02000	 59.59050	104.02000
 64.00000	104.00000	 59.58063	104.00000
 64.20000	103.99000	 59.57798	103.99000
 64.40000	103.97000	 59.56828	103.97000
 64.60000	103.94000	 59.55149	103.94000
 64.80000	103.91000	 59.53471	103.91000
 65.00000	103.87000	 59.51083	103.87000
 65.20000	103.84000	 59.49407	103.84000
 65.40000	103.81000	 59.47731	103.81000
 65.60000	103.73000	 59.42505	103.73000
 65.80000	103.59000	 59.33025	103.59000
 66.00000	103.38000	 59.18594	103.38000
 66.20000	102.88000	 58.83608	102.88000
 66.40000	102.33000	 58.45164	102.33000
 66.60000	101.77000	 58.06143	101.77000
 66.80000	101.24000	 57.69417	101.24000
 67.00000	100.84000	 57.42100	100.84000
 67.20000	100.55000	 57.22760	100.55000
 67.40000	100.36000	 57.10664	100.36000
 67.60000	100.28000	 57.06489	100.28000
 67.80000	100.37000	 57.14457	100.37000
 68.00000	100.64000	 57.35227	100.64000
 68.20000	101.00000	 57.62348	101.00000
 68.40000	101.42000	 57.93634	101.42000
 68.60000	101.89000	 58.28333	101.89000
 68.80000	102.38000	 58.64277	102.38000
 69.00000	102.85000	 58.98602	102.85000
 69.20000	103.27000	 59.29164	103.27000
 69.40000	103.60000	 59.53124	103.60000
 69.60000	103.72000	 59.61975	103.72000
 69.80000	103.47000	 59.44399	103.47000
 70.00000	103.16000	 59.22490	103.16000
 70.20000	102.87000	 59.01997	102.87000
 70.40000	102.68000	 58.88642	102.68000
 70.60000	103.02000	 59.12975	103.02000
 70.80000	103.49000	 59.46524	103.49000
 71.00000	104.01000	 59.83544	104.01000
 71.20000	104.52000	 60.19725	104.52000
 71.40000	104.83000	 60.41544	104.83000
 71.60000	104.95000	 60.49720	104.95000
 71.80000	105.00000	 60.52810	105.00000
 72.00000	104.96000	 60.49426	104.96000
 72.20000	104.86000	 60.41738	104.86000
 72.40000	104.69000	 60.29069	104.69000
 72.60000	104.46000	 60.12162	104.46000
 72.80000	104.21000	 59.93889	104.21000
 73.00000	103.93000	 59.73563	103.93000
 73.20000	103.65000	 59.53335	103.65000
 73.40000	103.40000	 59.35346	103.40000
 73.60000	103.16000	 59.18179	103.16000
 73.80000	102.94000	 59.02544	102.94000
 74.00000	102.73000	 58.87726	102.73000
 74.20000	102.53000	 58.73720	102.53000
 74.40000	102.31000	 58.58390	102.31000
 74.60000	102.16000	 58.48124	102.16000
 74.80000	102.10000	 58.44330	102.10000
 75.00000	102.15000	 58.48406	102.15000
 75.20000	102.51000	 58.74524	102.51000
 75.40000	103.02000	 59.11257	103.02000
 75.60000	103.61000	 59.53567	103.61000
 75.80000	104.22000	 59.97139	104.22000
 76.00000	104.72000	 60.32703	104.72000
 76.20000	105.10000	 60.59540	105.10000
 76.40000	105.47000	 60.85474	105.47000
 76.60000	105.88000	 61.14070	105.88000
 76.80000	106.37000	 61.48171	106.37000
 77.00000	107.06000	 61.96293	107.06000
 77.20000	107.78000	 62.46333	107.78000
 77.40000	108.51000	 62.96846	108.51000
 77.60000	109.22000	 63.45688	109.22000
 77.80000	109.81000	 63.85753	109.81000
 78.00000	110.31000	 64.19188	110.31000
 78.20000	110.72000	 64.46018	110.72000
 78.40000	111.05000	 64.66987	111.05000
 78.60000	111.27000	 64.79999	111.27000
 78.80000	111.30000	 64.79416	111.30000
 79.00000	111.25000	 64.73104	111.25000
 79.20000	111.13000	 64.61823	111.13000
 79.40000	110.98000	 64.48458	110.98000
 79.60000	110.84000	 64.35883	110.84000
 79.80000	110.76000	 64.27670	110.76000
 80.00000	110.67000	 64.18851	110.67000
 80.20000	110.54000	 64.07300	110.54000
 80.40000	110.39000	 63.94445	110.39000
 80.60000	110.12000	 63.73190	110.12000
 80.80000	109.73000	 63.43555	109.73000
 81.00000	109.35000	 63.14802	109.35000
 81.20000	109.00000	 62.88367	109.00000
 81.40000	108.71000	 62.66386	108.71000
 81.60000	108.68000	 62.63056	108.68000
 81.80000	108.74000	 62.66260	108.74000
 82.00000	108.84000	 62.72403	108.84000
 82.20000	108.95000	 62.79320	108.95000
 82.40000	108.97000	 62.79882	108.97000
 82.60000	108.92000	 62.75504	108.92000
 82.80000	108.83000	 62.68320	108.83000
 83.00000	108.72000	 62.59762	108.72000
 83.20000	108.57000	 62.48417	108.57000
 83.40000	108.40000	 62.35716	108.40000
 83.60000	108.21000	 62.21670	108.21000
 83.80000	108.00000	 62.06287	108.00000
 84.00000	107.78000	 61.90284	107.78000
 84.20000	107.57000	 61.75089	107.57000
 84.40000	107.36000	 61.59992	107.36000
 84.60000	107.14000	 61.44284	107.14000
 84.80000	106.90000	 61.27255	106.90000
 85.00000	106.66000	 61.10327	106.66000
 85.20000	106.39000	 60.91371	106.39000
 85.40000	106.11000	 60.71810	106.11000
 85.60000	105.81000	 60.50937	105.81000
 85.80000	105.50000	 60.29466	105.50000
 86.00000	105.18000	 60.07400	105.18000
 86.20000	104.86000	 59.85450	104.86000
 86.40000	104.53000	 59.62907	104.53000
 86.60000	104.18000	 59.39062	104.18000
 86.80000	103.80000	 59.13206	103.80000
 87.00000	103.38000	 58.84633	103.38000
 87.20000	102.84000	 58.47671	102.84000
 87.40000	102.29000	 58.10150	102.29000
 87.60000	101.76000	 57.74216	101.76000
 87.80000	101.29000	 57.42714	101.29000
 88.00000	100.94000	 57.19898	100.94000
 88.20000	100.82000	 57.13556	100.82000
 88.40000	100.77000	 57.12277	100.77000
 88.60000	100.78000	 57.15305	100.78000
 88.80000	100.83000	 57.21180	100.83000
 89.00000	100.84000	 57.24189	100.84000
 89.20000	100.74000	 57.19345	100.74000
 89.40000	100.71000	 57.19435	100.71000
 89.60000	100.78000	 57.26583	100.78000
 89.80000	100.99000	 57.43612	100.99000
 90.00000	101.56000	 57.86114	101.56000
 90.20000	102.28000	 58.39103	102.28000
 90.40000	103.13000	 59.01092	103.13000
 90.60000	104.08000	 59.69887	104.08000
 90.80000	105.14000	 60.46145	105.14000
 91.00000	106.23000	 61.24136	106.23000
 91.20000	107.27000	 61.98144	107.27000
 91.40000	108.22000	 62.65320	108.22000
 91.60000	108.83000	 63.07917	108.83000
 91.80000	109.29000	 63.39490	109.29000
 92.00000	109.67000	 63.65072	109.67000
 92.20000	109.98000	 63.85434	109.98000
 92.40000	110.39000	 64.12699	110.39000
 92.60000	110.78000	 64.38371	110.78000
 92.80000	111.14000	 64.61759	111.14000
 93.00000	111.44000	 64.80752	111.44000
 93.20000	111.65000	 64.93244	111.65000
 93.40000	111.72000	 64.95713	111.72000
 93.60000	111.71000	 64.92461	111.71000
 93.80000	111.64000	 64.84948	111.64000
 94.00000	111.52000	 64.73920	111.52000
 94.20000	111.35000	 64.59407	111.35000
 94.40000	111.16000	 64.43567	111.16000
 94.60000	110.93000	 64.25001	110.93000
 94.80000	110.66000	 64.03727	110.66000
 95.00000	110.36000	 63.80472	110.36000
 95.20000	110.04000	 63.55960	110.04000
 95.40000	109.70000	 63.30203	109.70000
 95.60000	109.32000	 63.01788	109.32000
 95.80000	108.90000	 62.70726	108.90000
 96.00000	108.44000	 62.37027	108.44000
 96.20000	107.90000	 61.97860	107.90000
 96.40000	107.28000	 61.53242	107.28000
 96.60000	106.63000	 61.06745	106.63000
 96.80000	105.96000	 60.59093	105.96000
 97.00000	105.28000	 60.11008	105.28000
 97.20000	104.65000	 59.66756	104.65000
 97.40000	104.07000	 59.26332	104.07000
 97.60000	103.51000	 58.87592	103.51000
 97.80000	102.97000	 58.50519	102.97000
 98.00000	102.44000	 58.14390	102.44000
 98.20000	101.93000	 57.79899	101.93000
 98.40000	101.43000	 57.46322	101.43000
 98.60000	100.95000	 57.14355	100.95000
 98.80000	100.50000	 56.84696	100.50000
 99.00000	100.07000	 56.56617	100.07000
 99.20000	 99.66000	 56.30104	 99.66000
 99.40000	 99.30000	 56.07274	 99.30000
 99.60000	 98.96000	 55.85977	 98.96000
 99.80000	 98.66000	 55.67617	 98.66000
100.00000	 98.39000	 55.51467	 98.39000
100.20000	 98.15000	 55.37508	 98.15000
100.40000	 97.92000	 55.24306	 97.92000
100.60000	 97.73000	 55.13975	 97.73000
100.80000	 97.59000	 55.07213	 97.59000
101.00000	 97.52000	 55.05422	 97.52000
101.20000	 97.53000	 55.09289	 97.53000
101.40000	 97.65000	 55.20920	 97.65000
101.60000	 97.83000	 55.36731	 97.83000
101.80000	 98.08000	 55.57403	 98.08000
102.00000	 98.39000	 55.82195	 98.39000
102.20000	 98.78000	 56.12501	 98.78000
102.40000	 99.25000	 56.48293	 99.25000
102.60000	 99.74000	 56.85282	 99.74000
102.80000	100.23000	 57.22027	100.23000
103.00000	100.70000	 57.57097	100.70000
103.20000	101.00000	 57.79839	101.00000
103.40000	101.25000	 57.98798	101.25000
103.60000	101.50000	 58.17551	101.50000
103.80000	101.77000	 58.37540	101.77000
104.00000	102.16000	 58.65879	102.16000
104.20000	102.66000	 59.01850	102.66000
104.40000	103.19000	 59.39754	103.19000
104.60000	103.73000	 59.78156	103.73000
104.80000	104.27000	 60.16336	104.27000
105.00000	104.76000	 60.50740	104.76000
105.20000	105.22000	 60.82795	105.22000
105.40000	105.64000	 61.11800	105.64000
105.60000	106.00000	 61.36352	106.00000
105.80000	106.28000	 61.55051	106.28000
106.00000	106.42000	 61.63663	106.42000
106.20000	106.51000	 61.68619	106.51000
106.40000	106.53000	 61.68534	106.53000
106.60000	106.50000	 61.64863	106.50000
106.80000	106.43000	 61.58347	106.43000
107.00000	106.34000	 61.50433	106.34000
107.20000	106.21000	 61.39722	106.21000
107.40000	106.02000	 61.24812	106.02000
107.60000	105.79000	 61.07146	105.79000
107.80000	105.45000	 60.81772	105.45000
108.00000	105.04000	 60.51557	105.04000
108.20000	104.62000	 60.20790	104.62000
108.40000	104.22000	 59.91620	104.22000
108.60000	103.88000	 59.66895	103.88000
108.80000	103.72000	 59.55132	103.72000
109.00000	103.61000	 59.47069	103.61000
109.20000	103.55000	 59.42675	103.55000
109.40000	103.52000	 59.40503	103.52000
109.60000	103.47000	 59.36978	103.47000
109.80000	103.43000	 59.34214	103.43000
110.00000	103.40000	 59.32201	103.40000
110.20000	103.39000	 59.31639	103.39000
110.40000	103.39000	 59.31807	103.39000
110.60000	103.48000	 59.38380	103.48000
110.80000	103.58000	 59.45656	103.58000
111.00000	103.65000	 59.50781	103.65000
111.20000	103.69000	 59.53751	103.69000
111.40000	103.64000	 59.50306	103.64000
111.60000	103.34000	 59.29097	103.34000
111.80000	103.01000	 59.05792	103.01000
112.00000	102.70000	 58.83977	102.70000
112.20000	102.43000	 58.65091	102.43000
112.40000	102.27000	 58.54113	102.27000
112.60000	102.23000	 58.51741	102.23000
112.80000	102.34000	 58.60078	102.34000
113.00000	102.62000	 58.80507	102.62000
113.20000	103.20000	 59.22207	103.20000
113.40000	104.14000	 59.89363	104.14000
113.60000	105.17000	 60.62697	105.17000
113.80000	106.23000	 61.37870	106.23000
114.00000	107.17000	 62.04172	107.17000
114.20000	107.90000	 62.55196	107.90000
114.40000	108.52000	 62.98064	108.52000
114.60000	109.04000	 63.33520	109.04000
114.80000	109.48000	 63.63025	109.48000
115.00000	109.85000	 63.87330	109.85000
115.20000	110.06000	 64.00084	110.06000
115.40000	110.09000	 63.99920	110.09000
115.60000	109.74000	 63.72696	109.74000
115.80000	108.99000	 63.17090	108.99000
116.00000	108.13000	 62.53818	108.13000
116.20000	107.26000	 61.90079	107.26000
116.40000	106.66000	 61.45823	106.66000
116.60000	106.50000	 61.33123	106.50000
116.80000	106.44000	 61.27773	106.44000
117.00000	106.43000	 61.26162	106.43000
117.20000	106.42000	 61.24689	106.42000
117.40000	106.20000	 61.08406	106.20000
117.60000	105.87000	 60.84419	105.87000
117.80000	105.49000	 60.57008	105.49000
118.00000	105.11000	 60.29740	105.11000
118.20000	104.71000	 60.01207	104.71000
118.40000	104.33000	 59.74257	104.33000
118.60000	103.98000	 59.49603	103.98000
118.80000	103.67000	 59.27948	103.67000
119.00000	103.47000	 59.14254	103.47000
119.20000	103.37000	 59.07785	103.37000
119.40000	103.31000	 59.04250	103.31000
119.60000	103.29000	 59.03620	103.29000
119.80000	103.29000	 59.04448	103.29000
120.00000	103.35000	 59.09556	103.35000
120.20000	103.40000	 59.13948	103.40000
120.40000	103.40000	 59.14771	103.40000
120.60000	103.32000	 59.09892	103.32000
120.80000	103.04000	 58.90800	103.04000
121.00000	102.49000	 58.52558	102.49000
121.20000	101.88000	 58.10142	101.88000
121.40000	101.26000	 57.67152	101.26000
121.60000	100.70000	 57.28594	100.70000
121.80000	100.37000	 57.06552	100.37000
122.00000	100.11000	 56.89639	100.11000
122.20000	 99.91000	 56.77115	 99.91000
122.40000	 99.75000	 56.67530	 99.75000
122.60000	 99.59000	 56.58018	 99.59000
122.80000	 99.47000	 56.51400	 99.47000
123.00000	 99.37000	 56.46237	 99.37000
123.20000	 99.29000	 56.42512	 99.29000
123.40000	 99.25000	 56.41631	 99.25000
123.60000	 99.26000	 56.44290	 99.26000
123.80000	 99.27000	 56.46921	 99.27000
124.00000	 99.27000	 56.48802	 99.27000
124.20000	 99.22000	 56.47086	 99.22000
124.40000	 99.01000	 56.33965	 99.01000
124.60000	 98.68000	 56.12306	 98.68000
124.80000	 98.37000	 55.92084	 98.37000
125.00000	 98.11000	 55.75451	 98.11000
125.20000	 98.02000	 55.70935	 98.02000
125.40000	 98.18000	 55.84197	 98.18000
125.60000	 98.45000	 56.05245	 98.45000
125.80000	 98.79000	 56.31189	 98.79000
126.00000	 99.20000	 56.61988	 99.20000
126.20000	 99.66000	 56.96183	 99.66000
126.40000	100.13000	 57.30902	100.13000
126.60000	100.59000	 57.64705	100.59000
126.80000	101.01000	 57.95450	101.01000
127.00000	101.27000	 58.14617	101.27000
127.20000	101.44000	 58.27201	101.44000
127.40000	101.58000	 58.37496	101.58000
127.60000	101.68000	 58.44818	101.68000
127.80000	101.78000	 58.52034	101.78000
128.00000	101.90000	 58.60584	101.90000
128.20000	102.01000	 58.68346	102.01000
128.40000	102.12000	 58.76041	102.12000
128.60000	102.22000	 58.82966	102.22000
128.80000	102.33000	 58.90547	102.33000
129.00000	102.44000	 58.98079	102.44000
129.20000	102.55000	 59.05564	102.55000
129.40000	102.67000	 59.13716	102.67000
129.60000	102.80000	 59.22534	102.80000
129.80000	102.94000	 59.32018	102.94000
130.00000	103.09000	 59.42168	103.09000
130.20000	103.25000	 59.52981	103.25000
130.40000	103.41000	 59.63744	103.41000
130.60000	103.58000	 59.75168	103.58000
130.80000	103.76000	 59.87250	103.76000
131.00000	103.96000	 60.00698	103.96000
131.20000	104.18000	 60.15510	104.18000
131.40000	104.51000	 60.38070	104.51000
131.60000	104.87000	 60.62681	104.87000
131.80000	105.19000	 60.84355	105.19000
132.00000	105.46000	 61.02378	105.46000
132.20000	105.65000	 61.14624	105.65000
132.40000	105.55000	 61.06198	105.55000
132.60000	105.37000	 60.92064	105.37000
132.80000	105.13000	 60.73690	105.13000
133.00000	104.87000	 60.53958	104.87000
133.20000	104.63000	 60.35738	104.63000
133.40000	104.44000	 60.21176	104.44000
133.60000	104.28000	 60.08856	104.28000
133.80000	104.19000	 60.01616	104.19000
134.00000	104.21000	 60.02281	104.21000
134.20000	104.43000	 60.17218	104.43000
134.40000	104.73000	 60.37858	104.73000
134.60000	105.07000	 60.61319	105.07000
134.80000	105.43000	 60.86144	105.43000
135.00000	105.78000	 61.10178	105.78000
135.20000	106.08000	 61.30564	106.08000
135.40000	106.34000	 61.48010	106.34000
135.60000	106.56000	 61.62522	106.56000
135.80000	106.71000	 61.71978	106.71000
136.00000	106.71000	 61.70716	106.71000
136.20000	106.59000	 61.60899	106.59000
136.40000	106.43000	 61.48250	106.43000
136.60000	106.24000	 61.33511	106.24000
136.80000	106.06000	 61.19549	106.06000
137.00000	105.92000	 61.08511	105.92000
137.20000	105.82000	 61.00401	105.82000
137.40000	105.77000	 60.95926	105.77000
137.60000	105.78000	 60.95784	105.78000
137.80000	106.00000	 61.10612	106.00000
138.00000	106.29000	 61.30427	106.29000
138.20000	106.62000	 61.53059	106.62000
138.40000	106.95000	 61.75636	106.95000
138.60000	107.21000	 61.93167	107.21000
138.80000	107.40000	 62.05649	107.40000
139.00000	107.53000	 62.13799	107.53000
139.20000	107.61000	 62.18343	107.61000
139.40000	107.64000	 62.19299	107.64000
139.60000	107.44000	 62.03904	107.44000
139.80000	107.19000	 61.84985	107.19000
140.00000	106.96000	 61.67553	106.96000
140.20000	106.82000	 61.56601	106.82000
140.40000	106.85000	 61.57812	106.85000
140.60000	107.25000	 61.85363	107.25000
140.80000	107.76000	 62.20723	107.76000
141.00000	108.34000	 62.60988	108.34000
141.20000	108.94000	 63.02555	108.94000
141.40000	109.65000	 63.51779	109.65000
141.60000	110.27000	 63.94417	110.27000
141.80000	110.72000	 64.24776	110.72000
142.00000	110.92000	 64.37194	110.92000
142.20000	110.32000	 63.92663	110.32000
142.40000	109.46000	 63.29678	109.46000
142.60000	108.49000	 62.59031	108.49000
142.80000	107.53000	 61.89349	107.53000
143.00000	107.20000	 61.64732	107.20000
143.20000	107.01000	 61.50336	107.01000
143.40000	106.87000	 61.39718	106.87000
143.60000	106.73000	 61.29281	106.73000
143.80000	106.40000	 61.05498	106.40000
144.00000	105.80000	 60.62693	105.80000
144.20000	105.18000	 60.18657	105.18000
144.40000	104.59000	 59.76969	104.59000
144.60000	104.11000	 59.43322	104.11000
144.80000	103.92000	 59.30488	103.92000
145.00000	103.80000	 59.22795	103.80000
145.20000	103.74000	 59.19487	103.74000
145.40000	103.69000	 59.16973	103.69000
145.60000	103.59000	 59.10961	103.59000
145.80000	103.47000	 59.03569	103.47000
146.00000	103.31000	 58.93369	103.31000
146.20000	103.09000	 58.78942	103.09000
146.40000	102.66000	 58.49644	102.66000
146.60000	102.15000	 58.14742	102.15000
146.80000	101.63000	 57.79242	101.63000
147.00000	101.14000	 57.46007	101.14000
147.20000	100.80000	 57.23571	100.80000
147.40000	100.74000	 57.21149	100.74000
147.60000	100.72000	 57.21647	100.72000
147.80000	100.70000	 57.22182	100.70000
148.00000	100.64000	 57.19885	100.64000
148.20000	100.31000	 56.98410	100.31000
148.40000	 99.74000	 56.59915	 99.74000
148.60000	 99.16000	 56.20787	 99.16000
148.80000	 98.64000	 55.86034	 98.64000
149.00000	 98.33000	 55.66324	 98.33000
149.20000	 98.35000	 55.70158	 98.35000
149.40000	 98.49000	 55.82560	 98.49000
149.60000	 98.74000	 56.02762	 98.74000
149.80000	 99.03000	 56.25735	 99.03000
150.00000	 99.29000	 56.46467	 99.29000
150.20000	 99.64000	 56.73455	 99.64000
150.40000	100.08000	 57.06671	100.08000
150.60000	100.70000	 57.52476	100.70000
150.80000	101.70000	 58.25029	101.70000
151.00000	102.76000	 59.01524	102.76000
151.20000	103.80000	 59.76219	103.80000
151.40000	104.75000	 60.44109	104.75000
151.60000	105.29000	 60.82463	105.29000
151.80000	105.48000	 60.95599	105.48000
152.00000	105.60000	 61.03494	105.60000
152.20000	105.71000	 61.10485	105.71000
152.40000	105.99000	 61.29408	105.99000
152.60000	106.45000	 61.60988	106.45000
152.80000	107.01000	 61.99530	107.01000
153.00000	107.69000	 62.46431	107.69000
153.20000	108.57000	 63.07342	108.57000
153.40000	109.61000	 63.79375	109.61000
153.60000	110.70000	 64.54665	110.70000
153.80000	111.77000	 65.28203	111.77000
154.00000	112.76000	 65.95705	112.76000
154.20000	113.51000	 66.45811	113.51000
154.40000	114.13000	 66.86370	114.13000
154.60000	114.59000	 67.15299	114.59000
154.80000	114.87000	 67.31236	114.87000
155.00000	114.83000	 67.24306	114.83000
155.20000	114.55000	 67.00281	114.55000
155.40000	114.16000	 66.68492	114.16000
155.60000	113.71000	 66.32570	113.71000
155.80000	113.27000	 65.97549	113.27000
156.00000	113.02000	 65.76250	113.02000
156.20000	112.79000	 65.56599	112.79000
156.40000	112.57000	 65.37879	112.57000
156.60000	112.35000	 65.19370	112.35000
156.80000	112.08000	 64.97515	112.08000
157.00000	111.77000	 64.73024	111.77000
157.20000	111.47000	 64.49451	111.47000
157.40000	111.17000	 64.26084	111.17000
157.60000	110.89000	 64.04340	110.89000
157.80000	110.71000	 63.89895	110.71000
158.00000	110.57000	 63.78467	110.57000
158.20000	110.41000	 63.65773	110.41000
158.40000	110.23000	 63.51799	110.23000
158.60000	110.01000	 63.35119	110.01000
158.80000	109.55000	 63.01527	109.55000
159.00000	109.05000	 62.65260	109.05000
159.20000	108.57000	 62.30604	108.57000
159.40000	108.15000	 62.00412	108.15000
159.60000	107.95000	 61.86045	107.95000
159.80000	108.01000	 61.90309	108.01000
160.00000	108.11000	 61.97518	108.11000
160.20000	108.17000	 62.01942	108.17000
160.40000	108.07000	 61.95033	108.07000
160.60000	107.59000	 61.61170	107.59000
160.80000	107.04000	 61.22424	107.04000
161.00000	106.48000	 60.83101	106.48000
161.20000	105.96000	 60.46786	105.96000
161.40000	105.83000	 60.38346	105.83000
161.60000	105.82000	 60.38562	105.82000
161.80000	105.87000	 60.43122	105.87000
162.00000	105.93000	 60.48431	105.93000
162.20000	105.97000	 60.52327	105.97000
162.40000	105.76000	 60.38459	105.76000
162.60000	105.49000	 60.20342	105.49000
162.80000	105.21000	 60.01551	105.21000
163.00000	104.93000	 59.82813	104.93000
163.20000	104.72000	 59.69111	104.72000
163.40000	104.68000	 59.67542	104.68000
163.60000	104.67000	 59.68139	104.67000
163.80000	104.67000	 59.69458	104.67000
164.00000	104.66000	 59.70061	104.66000
164.20000	104.59000	 59.66389	104.59000
164.40000	104.42000	 59.55602	104.42000
164.60000	104.23000	 59.43397	104.23000
164.80000	104.02000	 59.29788	104.02000
165.00000	103.83000	 59.17626	103.83000
165.20000	103.66000	 59.06916	103.66000
165.40000	103.51000	 58.97660	103.51000
165.60000	103.38000	 58.89853	103.38000
165.80000	103.28000	 58.84201	103.28000
166.00000	103.22000	 58.81405	103.22000
166.20000	103.19000	 58.80745	103.19000
166.40000	103.17000	 58.80788	103.17000
166.60000	103.15000	 58.80814	103.15000
166.80000	103.12000	 58.80107	103.12000
167.00000	103.00000	 58.72984	103.00000
167.20000	102.88000	 58.65846	102.88000
167.40000	102.77000	 58.59411	102.77000
167.60000	102.69000	 58.55105	102.69000
167.80000	102.68000	 58.55765	102.68000
168.00000	102.83000	 58.67772	102.83000
168.20000	102.99000	 58.80444	102.99000
168.40000	103.15000	 58.93050	103.15000
168.60000	103.27000	 59.02735	103.27000
168.80000	103.21000	 58.99554	103.21000
169.00000	102.93000	 58.80691	102.93000
169.20000	102.69000	 58.64659	102.69000
169.40000	102.54000	 58.55034	102.54000
169.60000	102.59000	 58.59634	102.59000
169.80000	103.13000	 58.99029	103.13000
170.00000	103.83000	 59.49697	103.83000
170.20000	104.65000	 60.08717	104.65000
170.40000	105.55000	 60.73179	105.55000
170.60000	106.57000	 61.45866	106.57000
170.80000	107.51000	 62.12523	107.51000
171.00000	108.27000	 62.66028	108.27000
171.20000	108.66000	 62.92904	108.66000
171.40000	108.33000	 62.68361	108.33000
171.60000	107.80000	 62.29478	107.80000
171.80000	107.21000	 61.86327	107.21000
172.00000	106.87000	 61.61023	106.87000
172.20000	106.93000	 61.64246	106.93000
172.40000	107.08000	 61.73945	107.08000
172.60000	107.27000	 61.86531	107.27000
172.80000	107.45000	 61.98420	107.45000
173.00000	107.44000	 61.96809	107.44000
173.20000	107.34000	 61.88813	107.34000
173.40000	107.19000	 61.77292	107.19000
173.60000	106.97000	 61.60849	106.97000
173.80000	106.69000	 61.40217	106.69000
174.00000	106.33000	 61.14001	106.33000
174.20000	105.93000	 60.85067	105.93000
174.40000	105.52000	 60.55569	105.52000
174.60000	105.10000	 60.25522	105.10000
174.80000	104.74000	 59.99907	104.74000
175.00000	104.41000	 59.76591	104.41000
175.20000	104.09000	 59.54146	104.09000
175.40000	103.79000	 59.33272	103.79000
175.60000	103.51000	 59.13959	103.51000
175.80000	103.24000	 58.95487	103.24000
176.00000	102.97000	 58.77135	102.97000
176.20000	102.68000	 58.57474	102.68000
176.40000	102.31000	 58.32240	102.31000
176.60000	101.85000	 58.00730	101.85000
176.80000	101.37000	 57.67932	101.37000
177.00000	100.90000	 57.35989	100.90000
177.20000	100.45000	 57.05618	100.45000
177.40000	100.18000	 56.88180	100.18000
177.60000	100.02000	 56.78677	100.02000
177.80000	 99.87000	 56.69973	 99.87000
178.00000	 99.68000	 56.58490	 99.68000
178.20000	 99.43000	 56.42794	 99.43000
178.40000	 98.83000	 56.02293	 98.83000
178.60000	 98.11000	 55.53366	 98.11000
178.80000	 97.41000	 55.06006	 97.41000
179.00000	 96.80000	 54.65213	 96.80000
179.20000	 96.44000	 54.42353	 96.44000
179.40000	 96.45000	 54.45916	 96.45000
179.60000	 96.60000	 54.59490	 96.60000
179.80000	 96.86000	 54.80872	 96.86000
180.00000	 97.20000	 55.07867	 97.20000
180.20000	 97.58000	 55.37580	 97.58000
180.40000	 97.98000	 55.68548	 97.98000
180.60000	 98.38000	 55.99322	 98.38000
180.80000	 98.75000	 56.27752	 98.75000
181.00000	 99.00000	 56.47442	 99.00000
181.20000	 99.13000	 56.58407	 99.13000
181.40000	 99.21000	 56.65646	 99.21000
181.60000	 99.24000	 56.69190	 99.24000
181.80000	 99.22000	 56.69065	 99.22000
182.00000	 99.14000	 56.64590	 99.14000
182.20000	 99.06000	 56.60053	 99.06000
182.40000	 99.03000	 56.59025	 99.03000
182.60000	 99.08000	 56.63642	 99.08000
182.80000	 99.49000	 56.93782	 99.49000
183.00000	 99.94000	 57.26666	 99.94000
183.20000	100.35000	 57.56570	100.35000
183.40000	100.67000	 57.79922	100.67000
183.60000	100.52000	 57.69737	100.52000
183.80000	100.13000	 57.42416	100.13000
184.00000	 99.67000	 57.10113	 99.67000
184.20000	 99.18000	 56.75733	 99.18000
184.40000	 98.84000	 56.52107	 98.84000
184.60000	 98.85000	 56.53448	 98.85000
184.80000	 98.90000	 56.57698	 98.90000
185.00000	 98.97000	 56.63402	 98.97000
185.20000	 99.02000	 56.67690	 99.02000
185.40000	 98.95000	 56.63446	 98.95000
185.60000	 98.52000	 56.33631	 98.52000
185.80000	 98.07000	 56.02447	 98.07000
186.00000	 97.66000	 55.74195	 97.66000
186.20000	 97.33000	 55.51734	 97.33000
186.40000	 97.33000	 55.52821	 97.33000
186.60000	 97.60000	 55.73147	 97.60000
186.80000	 97.94000	 55.98438	 97.94000
187.00000	 98.30000	 56.25087	 98.30000
187.20000	 98.60000	 56.47370	 98.60000
187.40000	 98.52000	 56.42544	 98.52000
187.60000	 98.40000	 56.34796	 98.40000
187.80000	 98.28000	 56.27002	 98.28000
188.00000	 98.20000	 56.22028	 98.20000
188.20000	 98.32000	 56.31245	 98.32000
188.40000	 98.60000	 56.51794	 98.60000
188.60000	 98.93000	 56.75826	 98.93000
188.80000	 99.28000	 57.01179	 99.28000
189.00000	 99.56000	 57.21439	 99.56000
189.20000	 99.73000	 57.33762	 99.73000
189.40000	 99.90000	 57.45972	 99.90000
189.60000	100.07000	 57.58080	100.07000
189.80000	100.28000	 57.72935	100.28000
190.00000	100.64000	 57.98348	100.64000
190.20000	101.10000	 58.30750	101.10000
190.40000	101.57000	 58.63722	101.57000
190.60000	102.03000	 58.95827	102.03000
190.80000	102.46000	 59.25635	102.46000
191.00000	102.78000	 59.47463	102.78000
191.20000	102.98000	 59.60620	102.98000
191.40000	103.13000	 59.70107	103.13000
191.60000	103.22000	 59.75241	103.22000
191.80000	103.26000	 59.76762	103.26000
192.00000	103.15000	 59.67596	103.15000
192.20000	103.02000	 59.57016	103.02000
192.40000	102.90000	 59.47181	102.90000
192.60000	102.82000	 59.40241	102.82000
192.80000	102.96000	 59.48985	102.96000
193.00000	103.26000	 59.69125	103.26000
193.20000	103.60000	 59.92097	103.60000
193.40000	103.94000	 60.15028	103.94000
193.60000	104.25000	 60.35762	104.25000
193.80000	104.41000	 60.45770	104.41000
194.00000	104.40000	 60.43645	104.40000
194.20000	104.32000	 60.36524	104.32000
194.40000	104.18000	 60.25150	104.18000
194.60000	103.99000	 60.10265	103.99000
194.80000	103.66000	 59.85507	103.66000
195.00000	103.26000	 59.55884	103.26000
195.20000	102.90000	 59.29243	102.90000
195.40000	102.61000	 59.07731	102.61000
195.60000	102.44000	 58.94898	102.44000
195.80000	102.66000	 59.09900	102.66000
196.00000	103.02000	 59.34913	103.02000
196.20000	103.48000	 59.67029	103.48000
196.40000	103.99000	 60.02637	103.99000
196.60000	104.59000	 60.44530	104.59000
196.80000	105.18000	 60.85562	105.18000
197.00000	105.66000	 61.18606	105.66000
197.20000	105.97000	 61.39399	105.97000
197.40000	105.72000	 61.20271	105.72000
197.60000	105.13000	 60.76944	105.13000
197.80000	104.41000	 60.24446	104.41000
198.00000	103.65000	 59.69265	103.65000
198.20000	103.00000	 59.22123	103.00000
198.40000	102.85000	 59.10743	102.85000
198.60000	102.82000	 59.08088	102.82000
198.80000	102.91000	 59.14102	102.91000
199.00000	103.10000	 59.27309	103.10000
199.20000	103.36000	 59.45525	103.36000
199.40000	103.68000	 59.67993	103.68000
199.60000	104.05000	 59.93963	104.05000
199.80000	104.45000	 60.21981	104.45000
200.00000	104.85000	 60.49889	104.85000
200.20000	105.23000	 60.76251	105.23000
200.40000	105.55000	 60.98219	105.55000
200.60000	105.73000	 61.10117	105.73000
200.80000	105.90000	 61.21200	105.90000
201.00000	106.07000	 61.32198	106.07000
201.20000	106.27000	 61.45255	106.27000
201.40000	106.57000	 61.65348	106.57000
201.60000	106.90000	 61.87496	106.90000
201.80000	107.26000	 62.11690	107.26000
202.00000	107.64000	 62.37209	107.64000
202.20000	108.06000	 62.65464	108.06000
202.40000	108.51000	 62.95735	108.51000
202.60000	108.92000	 63.23041	108.92000
202.80000	109.28000	 63.46670	109.28000
203.00000	109.54000	 63.63082	109.54000
203.20000	109.57000	 63.63064	109.57000
203.40000	109.42000	 63.50216	109.42000
203.60000	109.20000	 63.32408	109.20000
203.80000	108.95000	 63.12530	108.95000
204.00000	108.75000	 62.96300	108.75000
204.20000	108.70000	 62.90837	108.70000
204.40000	108.62000	 62.83349	108.62000
204.60000	108.46000	 62.70280	108.46000
204.80000	108.18000	 62.48797	108.18000
205.00000	107.40000	 61.91937	107.40000
205.20000	106.47000	 61.24639	106.47000
205.40000	105.47000	 60.52659	105.47000
205.60000	104.49000	 59.82449	104.49000
205.80000	103.58000	 59.17591	103.58000
206.00000	103.22000	 58.92183	103.22000
206.20000	103.09000	 58.83424	103.09000
206.40000	103.07000	 58.82705	103.07000
206.60000	103.12000	 58.87107	103.12000
206.80000	103.22000	 58.95148	103.22000
207.00000	103.32000	 59.03225	103.32000
207.20000	103.23000	 58.97809	103.23000
207.40000	103.13000	 58.91687	103.13000
207.60000	103.04000	 58.86281	103.04000
207.80000	102.97000	 58.82303	102.97000
208.00000	102.92000	 58.79750	102.92000
208.20000	102.90000	 58.79328	102.90000
208.40000	102.90000	 58.80320	102.90000
208.60000	102.93000	 58.83428	102.93000
208.80000	102.97000	 58.87221	102.97000
209.00000	103.02000	 58.91694	103.02000
209.20000	103.10000	 58.98259	103.10000
209.40000	103.22000	 59.07619	103.22000
209.60000	103.40000	 59.21183	103.40000
209.80000	103.70000	 59.43197	103.70000
210.00000	104.17000	 59.77184	104.17000
210.20000	104.67000	 60.13162	104.67000
210.40000	105.15000	 60.47549	105.15000
210.60000	105.58000	 60.78198	105.58000
210.80000	105.89000	 61.00136	105.89000
211.00000	105.86000	 60.97757	105.86000
211.20000	105.76000	 60.90296	105.76000
211.40000	105.65000	 60.82068	105.65000
211.60000	105.55000	 60.74532	105.55000
211.80000	105.63000	 60.79783	105.63000
212.00000	105.89000	 60.97813	105.89000
212.20000	106.13000	 61.14388	106.13000
212.40000	106.31000	 61.26650	106.31000
212.60000	106.30000	 61.25362	106.30000
212.80000	105.92000	 60.97768	105.92000
213.00000	105.47000	 60.65242	105.47000
213.20000	104.99000	 60.30682	104.99000
213.40000	104.55000	 59.99100	104.55000
213.60000	104.42000	 59.89693	104.42000
213.80000	104.54000	 59.98168	104.54000
214.00000	104.74000	 60.12394	104.74000
214.20000	104.99000	 60.30191	104.99000
214.40000	105.28000	 60.50807	105.28000
214.60000	105.55000	 60.69945	105.55000
214.80000	105.69000	 60.79775	105.69000
215.00000	105.80000	 60.87403	105.80000
215.20000	105.91000	 60.94970	105.91000
215.40000	106.00000	 61.01061	106.00000
215.60000	106.05000	 61.04264	106.05000
215.80000	106.02000	 61.01750	106.02000
216.00000	106.02000	 61.01351	106.02000
216.20000	106.08000	 61.05205	106.08000
216.40000	106.24000	 61.16151	106.24000
216.60000	106.71000	 61.49086	106.71000
216.80000	107.42000	 61.98985	107.42000
217.00000	108.15000	 62.50155	108.15000
217.20000	108.83000	 62.97576	108.83000
217.40000	109.30000	 63.29861	109.30000
217.60000	109.45000	 63.39214	109.45000
217.80000	109.45000	 63.37766	109.45000
218.00000	109.32000	 63.26999	109.32000
218.20000	109.05000	 63.06265	109.05000
218.40000	108.61000	 62.73495	108.61000
218.60000	108.10000	 62.35857	108.10000
218.80000	107.56000	 61.96245	107.56000
219.00000	107.02000	 61.56828	107.02000
219.20000	106.53000	 61.21183	106.53000
219.40000	106.38000	 61.09911	106.38000
219.60000	106.32000	 61.05212	106.32000
219.80000	106.33000	 61.05621	106.33000
220.00000	106.40000	 61.10385	106.40000
220.20000	106.53000	 61.19467	106.53000
220.40000	106.69000	 61.30701	106.69000
220.60000	106.89000	 61.44769	106.89000
220.80000	107.11000	 61.60225	107.11000
221.00000	107.33000	 61.75630	107.33000
221.20000	107.53000	 61.89551	107.53000
221.40000	107.72000	 62.02693	107.72000
221.60000	107.84000	 62.10794	107.84000
221.80000	107.84000	 62.10312	107.84000
222.00000	107.81000	 62.07663	107.81000
222.20000	107.78000	 62.04999	107.78000
222.40000	107.74000	 62.01624	107.74000
222.60000	107.74000	 62.01100	107.74000
222.80000	107.77000	 62.02719	107.77000
223.00000	107.84000	 62.07187	107.84000
223.20000	107.95000	 62.14498	107.95000
223.40000	108.11000	 62.25349	108.11000
223.60000	108.51000	 62.53220	108.51000
223.80000	108.95000	 62.83863	108.95000
224.00000	109.37000	 63.12983	109.37000
224.20000	109.72000	 63.37010	109.72000
224.40000	109.94000	 63.51680	109.94000
224.60000	109.74000	 63.36419	109.74000
224.80000	109.38000	 63.09761	109.38000
225.00000	108.90000	 62.74622	108.90000
225.20000	108.36000	 62.35327	108.36000
225.40000	107.76000	 61.91929	107.76000
225.60000	107.15000	 61.48022	107.15000
225.80000	106.55000	 61.05054	106.55000
226.00000	106.01000	 60.66590	106.01000
226.20000	105.55000	 60.34052	105.55000
226.40000	105.43000	 60.25889	105.43000
226.60000	105.56000	 60.35649	105.56000
226.80000	105.78000	 60.51891	105.78000
227.00000	106.04000	 60.70999	106.04000
227.20000	106.30000	 60.90081	106.30000
227.40000	106.53000	 61.06971	106.53000
227.60000	106.46000	 61.02478	106.46000
227.80000	106.31000	 60.92254	106.31000
228.00000	106.13000	 60.79884	106.13000
228.20000	105.93000	 60.66104	105.93000
228.40000	105.76000	 60.54485	105.76000
228.60000	105.66000	 60.47878	105.66000
228.80000	105.57000	 60.42018	105.57000
229.00000	105.47000	 60.35481	105.47000
229.20000	105.36000	 60.28265	105.36000
229.40000	105.14000	 60.13267	105.14000
229.60000	104.89000	 59.96185	104.89000
229.80000	104.63000	 59.78453	104.63000
230.00000	104.39000	 59.62211	104.39000
230.20000	104.17000	 59.47464	104.17000
230.40000	104.05000	 59.39890	104.05000
230.60000	103.98000	 59.35924	103.98000
230.80000	103.96000	 59.35548	103.96000
231.00000	103.99000	 59.38741	103.99000
231.20000	104.06000	 59.44773	104.06000
231.40000	104.19000	 59.55043	104.19000
231.60000	104.59000	 59.84443	104.59000
231.80000	104.97000	 60.12326	104.97000
232.00000	105.28000	 60.35109	105.28000
232.20000	105.47000	 60.49232	105.47000
232.40000	105.40000	 60.44763	105.40000
232.60000	104.75000	 59.99025	104.75000
232.80000	103.97000	 59.44087	103.97000
233.00000	103.13000	 58.85017	103.13000
233.20000	102.31000	 58.27568	102.31000
233.40000	101.70000	 57.85276	101.70000
233.60000	101.64000	 57.82285	101.64000
233.80000	101.72000	 57.89397	101.72000
234.00000	101.90000	 58.03694	101.90000
234.20000	102.15000	 58.22978	102.15000
234.40000	102.43000	 58.44353	102.43000
234.60000	102.66000	 58.62095	102.66000
234.80000	102.80000	 58.73345	102.80000
235.00000	102.92000	 58.83071	102.92000
235.20000	103.02000	 58.91278	103.02000
235.40000	103.10000	 58.97973	103.10000
235.60000	103.05000	 58.95351	103.05000
235.80000	102.93000	 58.87699	102.93000
236.00000	102.84000	 58.82145	102.84000
236.20000	102.83000	 58.82255	102.83000
236.40000	102.98000	 58.93708	102.98000
236.60000	103.48000	 59.29974	103.48000
236.80000	104.09000	 59.73944	104.09000
237.00000	104.78000	 60.23429	104.78000
237.20000	105.52000	 60.76250	105.52000
237.40000	106.27000	 61.29525	106.27000
237.60000	107.00000	 61.81101	107.00000
237.80000	107.67000	 62.28125	107.67000
238.00000	108.25000	 62.68470	108.25000
238.20000	108.69000	 62.98603	108.69000
238.40000	108.69000	 62.97256	108.69000
238.60000	108.55000	 62.85821	108.55000
238.80000	108.39000	 62.72901	108.39000
239.00000	108.26000	 62.62106	108.26000
239.20000	108.46000	 62.74775	108.46000
239.40000	108.91000	 63.05206	108.91000
239.60000	109.43000	 63.40564	109.43000
239.80000	109.97000	 63.77254	109.97000
240.00000	110.48000	 64.11694	110.48000
240.20000	110.85000	 64.36056	110.85000
240.40000	111.12000	 64.53191	111.12000
240.60000	111.28000	 64.62411	111.28000
240.80000	111.32000	 64.63037	111.32000
241.00000	111.18000	 64.50849	111.18000
241.20000	110.74000	 64.17377	110.74000
241.40000	110.19000	 63.76192	110.19000
241.60000	109.57000	 63.30203	109.57000
241.80000	108.92000	 62.82304	108.92000
242.00000	108.37000	 62.41766	108.37000
242.20000	107.87000	 62.05049	107.87000
242.40000	107.40000	 61.70728	107.40000
242.60000	106.96000	 61.38796	106.96000
242.80000	106.58000	 61.11368	106.58000
243.00000	106.28000	 60.89846	106.28000
243.20000	106.00000	 60.69942	106.00000
243.40000	105.73000	 60.50922	105.73000
243.60000	105.44000	 60.30638	105.44000
243.80000	105.04000	 60.02685	105.04000
244.00000	104.61000	 59.72753	104.61000
244.20000	104.17000	 59.42267	104.17000
244.40000	103.73000	 59.11943	103.73000
244.60000	103.35000	 58.86042	103.35000
244.80000	103.03000	 58.64557	103.03000
245.00000	102.71000	 58.43210	102.71000
245.20000	102.38000	 58.21278	102.38000
245.40000	102.02000	 57.97332	102.02000
245.60000	101.55000	 57.65690	101.55000
245.80000	101.01000	 57.29204	101.01000
246.00000	100.46000	 56.92153	100.46000
246.20000	 99.92000	 56.55968	 99.92000
246.40000	 99.41000	 56.22075	 99.41000
246.60000	 99.06000	 55.99703	 99.06000
246.80000	 98.74000	 55.79595	 98.74000
247.00000	 98.44000	 55.61016	 98.44000
247.20000	 98.14000	 55.42528	 98.14000
247.40000	 97.75000	 55.17724	 97.75000
247.60000	 97.19000	 54.80925	 97.19000
247.80000	 96.68000	 54.47780	 96.68000
248.00000	 96.25000	 54.20428	 96.25000
248.20000	 95.98000	 54.04543	 95.98000
248.40000	 96.11000	 54.17140	 96.11000
248.60000	 96.37000	 54.38970	 96.37000
248.80000	 96.71000	 54.66410	 96.71000
249.00000	 97.10000	 54.97271	 97.10000
249.20000	 97.34000	 55.17305	 97.34000
249.40000	 97.58000	 55.37157	 97.58000
249.60000	 97.83000	 55.57532	 97.83000
249.80000	 98.10000	 55.79139	 98.10000
250.00000	 98.44000	 56.05526	 98.44000
250.20000	 98.83000	 56.35263	 98.83000
250.40000	 99.21000	 56.64078	 99.21000
250.60000	 99.55000	 56.89835	 99.55000
250.80000	 99.80000	 57.08990	 99.80000
251.00000	 99.81000	 57.10908	 99.81000
251.20000	 99.80000	 57.11261	 99.80000
251.40000	 99.81000	 57.12926	 99.81000
251.60000	 99.89000	 57.19478	 99.89000
251.80000	100.34000	 57.52228	100.34000
252.00000	100.86000	 57.89824	100.86000
252.20000	101.41000	 58.29385	101.41000
252.40000	101.94000	 58.67330	101.94000
252.60000	102.27000	 58.90861	102.27000
252.80000	102.47000	 59.04969	102.47000
253.00000	102.60000	 59.13949	102.60000
253.20000	102.66000	 59.17834	102.66000
253.40000	102.65000	 59.16660	102.65000
253.60000	102.55000	 59.09041	102.55000
253.80000	102.42000	 58.99274	102.42000
254.00000	102.30000	 58.90229	102.30000
254.20000	102.20000	 58.82634	102.20000
254.40000	102.30000	 58.89282	102.30000
254.60000	102.43000	 58.98078	102.43000
254.80000	102.55000	 59.06162	102.55000
255.00000	102.62000	 59.10680	102.62000
255.20000	102.48000	 59.00271	102.48000
255.40000	102.19000	 58.79224	102.19000
255.60000	101.88000	 58.56812	101.88000
255.80000	101.55000	 58.33066	101.55000
256.00000	101.30000	 58.15109	101.30000
256.20000	101.26000	 58.12176	101.26000
256.40000	101.27000	 58.12876	101.27000
256.60000	101.31000	 58.15760	101.31000
256.80000	101.36000	 58.19386	101.36000
257.00000	101.37000	 58.20185	101.37000
257.20000	101.21000	 58.08918	101.21000
257.40000	101.08000	 57.99808	101.08000
257.60000	101.00000	 57.94283	101.00000
257.80000	101.03000	 57.96604	101.03000
258.00000	101.35000	 58.19535	101.35000
258.20000	101.86000	 58.55923	101.86000
258.40000	102.43000	 58.96473	102.43000
258.60000	103.01000	 59.37584	103.01000
258.80000	103.49000	 59.71411	103.49000
259.00000	103.82000	 59.94396	103.82000
259.20000	104.11000	 60.14369	104.11000
259.40000	104.35000	 60.30640	104.35000
259.60000	104.57000	 60.45361	104.57000
259.80000	104.80000	 60.60682	104.80000
260.00000	105.01000	 60.74485	105.01000
260.20000	105.20000	 60.86783	105.20000
260.40000	105.35000	 60.96167	105.35000
260.60000	105.42000	 60.99813	105.42000
260.80000	105.41000	 60.97741	105.41000
261.00000	105.40000	 60.95659	105.40000
261.20000	105.42000	 60.95716	105.42000
261.40000	105.55000	 61.03602	105.55000
261.60000	105.96000	 61.31377	105.96000
261.80000	106.38000	 61.59822	106.38000
262.00000	106.77000	 61.86064	106.77000
262.20000	107.07000	 62.05823	107.07000
262.40000	106.91000	 61.92827	106.91000
262.60000	106.64000	 61.71999	106.64000
262.80000	106.31000	 61.46950	106.31000
263.00000	105.98000	 61.21991	105.98000
263.20000	105.81000	 61.08519	105.81000
263.40000	105.93000	 61.15762	105.93000
263.60000	106.09000	 61.25924	106.09000
263.80000	106.25000	 61.36130	106.25000
264.00000	106.37000	 61.43513	106.37000
264.20000	106.36000	 61.41671	106.36000
264.40000	106.00000	 61.14991	106.00000
264.60000	105.59000	 60.84835	105.59000
264.80000	105.16000	 60.53378	105.16000
265.00000	104.75000	 60.23492	104.75000
265.20000	104.52000	 60.06557	104.52000
265.40000	104.43000	 59.99717	104.43000
265.60000	104.37000	 59.95129	104.37000
265.80000	104.31000	 59.90636	104.31000
266.00000	104.18000	 59.81247	104.18000
266.20000	103.89000	 59.60567	103.89000
266.40000	103.58000	 59.38557	103.58000
266.60000	103.26000	 59.15942	103.26000
266.80000	102.95000	 58.94154	102.95000
267.00000	102.70000	 58.76747	102.70000
267.20000	102.52000	 58.64425	102.52000
267.40000	102.40000	 58.56462	102.40000
267.60000	102.33000	 58.52129	102.33000
267.80000	102.33000	 58.52823	102.33000
268.00000	102.43000	 58.60651	102.43000
268.20000	102.73000	 58.82681	102.73000
268.40000	103.06000	 59.06792	103.06000
268.60000	103.39000	 59.30816	103.39000
268.80000	103.68000	 59.51886	103.68000
269.00000	103.89000	 59.67154	103.89000
269.20000	103.65000	 59.50349	103.65000
269.40000	103.39000	 59.32076	103.39000
269.60000	103.19000	 59.18066	103.19000
269.80000	103.12000	 59.13317	103.12000
270.00000	103.44000	 59.36289	103.44000
270.20000	104.12000	 59.84797	104.12000
270.40000	104.93000	 60.42418	104.93000
270.60000	105.81000	 61.04813	105.81000
270.80000	106.68000	 61.66240	106.68000
271.00000	107.49000	 62.23110	107.49000
271.20000	108.22000	 62.73990	108.22000
271.40000	108.82000	 63.15334	108.82000
271.60000	109.14000	 63.36515	109.14000
271.80000	109.06000	 63.29070	109.06000
272.00000	108.84000	 63.11563	108.84000
272.20000	108.53000	 62.87632	108.53000
272.40000	108.20000	 62.62323	108.20000
272.60000	108.13000	 62.55570	108.13000
272.80000	108.17000	 62.56721	108.17000
273.00000	108.26000	 62.61496	108.26000
273.20000	108.39000	 62.69165	108.39000
273.40000	108.53000	 62.77577	108.53000
273.60000	108.65000	 62.84588	108.65000
273.80000	108.71000	 62.87347	108.71000
274.00000	108.78000	 62.90831	108.78000
274.20000	108.85000	 62.94329	108.85000
274.40000	108.94000	 62.99261	108.94000
274.60000	109.05000	 63.05625	109.05000
274.80000	109.26000	 63.19098	109.26000
275.00000	109.48000	 63.33269	109.48000
275.20000	109.69000	 63.46707	109.69000
275.40000	109.87000	 63.57982	109.87000
275.60000	110.06000	 63.69936	110.06000
275.80000	110.23000	 63.80436	110.23000
276.00000	110.29000	 63.83094	110.29000
276.20000	110.21000	 63.75796	110.21000
276.40000	109.85000	 63.48633	109.85000
276.60000	109.00000	 62.86753	109.00000
276.80000	107.99000	 62.13701	107.99000
277.00000	106.91000	 61.35963	106.91000
277.20000	105.83000	 60.58584	105.83000
277.40000	104.98000	 59.97942	104.98000
277.60000	104.54000	 59.66814	104.54000
277.80000	104.21000	 59.43829	104.21000
278.00000	103.98000	 59.28213	103.98000
278.20000	103.82000	 59.17777	103.82000
278.40000	103.71000	 59.11045	103.71000
278.60000	103.59000	 59.03714	103.59000
278.80000	103.38000	 58.90071	103.38000
279.00000	103.19000	 58.77921	103.19000
279.20000	103.04000	 58.68673	103.04000
279.40000	102.93000	 58.62315	102.93000
279.60000	102.88000	 58.60253	102.88000
279.80000	102.86000	 58.60337	102.86000
280.00000	102.90000	 58.64680	102.90000
280.20000	103.03000	 58.75393	103.03000
280.40000	103.27000	 58.93869	103.27000
280.60000	103.63000	 59.20786	103.63000
280.80000	104.28000	 59.68177	104.28000
281.00000	105.05000	 60.23904	105.05000
281.20000	105.84000	 60.80804	105.84000
281.40000	106.62000	 61.36706	106.62000
281.60000	107.21000	 61.78805	107.21000
281.80000	107.67000	 62.11374	107.67000
282.00000	108.06000	 62.38705	108.06000
282.20000	108.39000	 62.61543	108.39000
282.40000	108.65000	 62.79210	108.65000
282.60000	108.85000	 62.92451	108.85000
282.80000	109.01000	 63.02722	109.01000
283.00000	109.16000	 63.12181	109.16000
283.20000	109.32000	 63.22273	109.32000
283.40000	109.61000	 63.41534	109.61000
283.60000	110.01000	 63.68535	110.01000
283.80000	110.39000	 63.94025	110.39000
284.00000	110.70000	 64.14444	110.70000
284.20000	110.92000	 64.28375	110.92000
284.40000	110.75000	 64.14530	110.75000
284.60000	110.34000	 63.83630	110.34000
284.80000	109.90000	 63.50667	109.90000
285.00000	109.52000	 63.22091	109.52000
285.20000	109.28000	 63.03611	109.28000
285.40000	109.65000	 63.28604	109.65000
285.60000	110.13000	 63.61473	110.13000
285.80000	110.65000	 63.97171	110.65000
286.00000	111.14000	 64.30669	111.14000
286.20000	111.37000	 64.45600	111.37000
286.40000	111.31000	 64.39847	111.31000
286.60000	111.15000	 64.26956	111.15000
286.80000	110.90000	 64.07686	110.90000
287.00000	110.60000	 63.84925	110.60000
287.20000	110.32000	 63.63682	110.32000
287.40000	110.04000	 63.42558	110.04000
287.60000	109.73000	 63.19438	109.73000
