  0.00000	103.12000	 54.23550	103.12000
  0.20000	103.52000	 54.48784	103.52000
  0.40000	103.90000	 54.72629	103.90000
  0.60000	104.25000	 54.94421	104.25000
  0.80000	104.57000	 55.14154	104.57000
  1.00000	104.84000	 55.30525	104.84000
  1.20000	105.08000	 55.44847	105.08000
  1.40000	105.27000	 55.55827	105.27000
  1.60000	105.41000	 55.63479	105.41000
  1.80000	105.50000	 55.67820	105.50000
  2.00000	105.54000	 55.68868	105.54000
  2.20000	105.52000	 55.65991	105.52000
  2.40000	105.37000	 55.54639	105.37000
  2.60000	105.17000	 55.40067	105.17000
  2.80000	104.92000	 55.22303	104.92000
  3.00000	104.63000	 55.02022	104.63000
  3.20000	104.32000	 54.80551	104.32000
  3.40000	103.98000	 54.57255	103.98000
  3.60000	103.62000	 54.32797	103.62000
  3.80000	103.26000	 54.08495	103.26000
  4.00000	102.90000	 53.84353	102.90000
  4.20000	102.56000	 53.61680	102.56000
  4.40000	102.25000	 53.41125	102.25000
  4.60000	101.99000	 53.23985	101.99000
  4.80000	101.78000	 53.10249	101.78000
  5.00000	101.62000	 52.99900	101.62000
  5.20000	101.51000	 52.92917	101.51000
  5.40000	101.45000	 52.89281	101.45000
  5.60000	101.48000	 52.91581	101.48000
  5.80000	101.64000	 53.02402	101.64000
  6.00000	101.83000	 53.15179	101.83000
  6.20000	102.06000	 53.30539	102.06000
  6.40000	102.29000	 53.45845	102.29000
  6.60000	102.52000	 53.61081	102.52000
  6.80000	102.65000	 53.69710	102.65000
  7.00000	102.75000	 53.76309	102.75000
  7.20000	102.83000	 53.81538	102.83000
  7.40000	102.90000	 53.86062	102.90000
  7.60000	102.95000	 53.89235	102.95000
  7.80000	102.99000	 53.91719	102.99000
  8.00000	103.03000	 53.94175	103.03000
  8.20000	103.07000	 53.96607	103.07000
  8.40000	103.10000	 53.98368	103.10000
  8.60000	103.14000	 54.00766	103.14000
  8.80000	103.18000	 54.03151	103.18000
  9.00000	103.28000	 54.09441	103.28000
  9.20000	103.39000	 54.16365	103.39000
  9.40000	103.49000	 54.22611	103.49000
  9.60000	103.58000	 54.28178	103.58000
  9.80000	103.65000	 54.32412	103.65000
 10.00000	103.63000	 54.30747	103.63000
 10.20000	103.54000	 54.24502	103.54000
 10.40000	103.42000	 54.16307	103.42000
 10.60000	103.30000	 54.08138	103.30000
 10.80000	103.19000	 54.00657	103.19000
 11.00000	103.11000	 53.95176	103.11000
 11.20000	103.13000	 53.96265	103.13000
 11.40000	103.18000	 53.99340	103.18000
 11.60000	103.25000	 54.03735	103.25000
 11.80000	103.35000	 54.10091	103.35000
 12.00000	103.46000	 54.17089	103.46000
 12.20000	103.61000	 54.26680	103.61000
 12.40000	103.76000	 54.36240	103.76000
 12.60000	103.91000	 54.45761	103.91000
 12.80000	104.04000	 54.53935	104.04000
 13.00000	104.13000	 54.59454	104.13000
 13.20000	104.12000	 54.58408	104.12000
 13.40000	104.04000	 54.52773	104.04000
 13.60000	103.92000	 54.44527	103.92000
 13.80000	103.77000	 54.34343	103.77000
 14.00000	103.59000	 54.22238	103.59000
 14.20000	103.40000	 54.09532	103.40000
 14.40000	103.20000	 53.96238	103.20000
 14.60000	102.99000	 53.82362	102.99000
 14.80000	102.79000	 53.69217	102.79000
 15.00000	102.59000	 53.56152	102.59000
 15.20000	102.41000	 53.44472	102.41000
 15.40000	102.30000	 53.37441	102.30000
 15.60000	102.22000	 53.32433	102.22000
 15.80000	102.15000	 53.28130	102.15000
 16.00000	102.08000	 53.23871	102.08000
 16.20000	101.99000	 53.18340	101.99000
 16.40000	101.87000	 53.10883	101.87000
 16.60000	101.68000	 52.98891	101.68000
 16.80000	101.49000	 52.86941	101.49000
 17.00000	101.28000	 52.73737	101.28000
 17.20000	101.07000	 52.60588	101.07000
 17.40000	100.87000	 52.48153	100.87000
 17.60000	100.72000	 52.39042	100.72000
 17.80000	100.59000	 52.31291	100.59000
 18.00000	100.45000	 52.22934	100.45000
 18.20000	100.31000	 52.14618	100.31000
 18.40000	100.16000	 52.05689	100.16000
 18.60000	 99.92000	 51.90921	 99.92000
 18.80000	 99.62000	 51.72284	 99.62000
 19.00000	 99.33000	 51.54363	 99.33000
 19.20000	 99.09000	 51.39775	 99.09000
 19.40000	 98.91000	 51.29172	 98.91000
 19.60000	 98.88000	 51.28420	 98.88000
 19.80000	 99.10000	 51.44018	 99.10000
 20.00000	 99.40000	 51.64820	 99.40000
 20.20000	 99.76000	 51.89473	 99.76000
 20.40000	100.16000	 52.16635	100.16000
 20.60000	100.58000	 52.44971	100.58000
 20.80000	100.94000	 52.69235	100.94000
 21.00000	101.30000	 52.93340	101.30000
 21.20000	101.65000	 53.16631	101.65000
 21.40000	101.99000	 53.39109	101.99000
 21.60000	102.32000	 53.60779	102.32000
 21.80000	102.61000	 53.79686	102.61000
 22.00000	102.89000	 53.97801	102.89000
 22.20000	103.14000	 54.13828	103.14000
 22.40000	103.38000	 54.29084	103.38000
 22.60000	103.59000	 54.42273	103.59000
 22.80000	103.78000	 54.54062	103.78000
 23.00000	103.95000	 54.64462	103.95000
 23.20000	104.09000	 54.72831	104.09000
 23.40000	104.19000	 54.78530	104.19000
 23.60000	104.26000	 54.82225	104.26000
 23.80000	104.26000	 54.81319	104.26000
 24.00000	104.18000	 54.75179	104.18000
 24.20000	104.07000	 54.67091	104.07000
 24.40000	103.95000	 54.58383	103.95000
 24.60000	103.82000	 54.49066	103.82000
 24.80000	103.71000	 54.41112	103.71000
 25.00000	103.67000	 54.37788	103.67000
 25.20000	103.64000	 54.35170	103.64000
 25.40000	103.60000	 54.31946	103.60000
 25.60000	103.55000	 54.28112	103.55000
 25.80000	103.49000	 54.23667	103.49000
 26.00000	103.34000	 54.13389	103.34000
 26.20000	103.16000	 54.01204	103.16000
 26.40000	102.98000	 53.89084	102.98000
 26.60000	102.79000	 53.76381	102.79000
 26.80000	102.60000	 53.63753	102.60000
 27.00000	102.49000	 53.56427	102.49000
 27.20000	102.42000	 53.51781	102.42000
 27.40000	102.34000	 53.46539	102.34000
 27.60000	102.24000	 53.40041	102.24000
 27.80000	102.10000	 53.30978	102.10000
 28.00000	101.88000	 53.16741	101.88000
 28.20000	101.41000	 52.86246	101.41000
 28.40000	100.92000	 52.54546	100.92000
 28.60000	100.45000	 52.24281	100.45000
 28.80000	100.02000	 51.96773	100.02000
 29.00000	 99.67000	 51.74637	 99.67000
 29.20000	 99.71000	 51.78099	 99.71000
 29.40000	 99.86000	 51.88824	 99.86000
 29.60000	100.07000	 52.03493	100.07000
 29.80000	100.33000	 52.21406	100.33000
 30.00000	100.60000	 52.39916	100.60000
 30.20000	100.78000	 52.52468	100.78000
 30.40000	100.87000	 52.59058	100.87000
 30.60000	100.95000	 52.64916	100.95000
 30.80000	101.01000	 52.69399	101.01000
 31.00000	101.06000	 52.73168	101.06000
 31.20000	101.12000	 52.77536	101.12000
 31.40000	101.20000	 52.83162	101.20000
 31.60000	101.27000	 52.88087	101.27000
 31.80000	101.33000	 52.92315	101.33000
 32.00000	101.37000	 52.95195	101.37000
 32.20000	101.39000	 52.96734	101.39000
 32.40000	101.33000	 52.93020	101.33000
 32.60000	101.25000	 52.87987	101.25000
 32.80000	101.17000	 52.82953	101.17000
 33.00000	101.09000	 52.77927	101.09000
 33.20000	101.03000	 52.74220	101.03000
 33.40000	101.07000	 52.77056	101.07000
 33.60000	101.17000	 52.83811	101.17000
 33.80000	101.27000	 52.90553	101.27000
 34.00000	101.37000	 52.97271	101.37000
 34.20000	101.44000	 53.01999	101.44000
 34.40000	101.44000	 53.02125	101.44000
 34.60000	101.35000	 52.96353	101.35000
 34.80000	101.23000	 52.88617	101.23000
 35.00000	101.06000	 52.77629	101.06000
 35.20000	100.86000	 52.64711	100.86000
 35.40000	100.63000	 52.49880	100.63000
 35.60000	100.33000	 52.30537	100.33000
 35.80000	100.01000	 52.09964	100.01000
 36.00000	 99.70000	 51.90135	 99.70000
 36.20000	 99.40000	 51.71057	 99.40000
 36.40000	 99.13000	 51.54038	 99.13000
 36.60000	 98.93000	 51.41687	 98.93000
 36.80000	 98.79000	 51.33337	 98.79000
 37.00000	 98.69000	 51.27668	 98.69000
 37.20000	 98.64000	 51.25313	 98.64000
 37.40000	 98.65000	 51.26907	 98.65000
 37.60000	 98.74000	 51.33735	 98.74000
 37.80000	 98.91000	 51.45771	 98.91000
 38.00000	 99.11000	 51.59725	 99.11000
 38.20000	 99.32000	 51.74269	 99.32000
 38.40000	 99.53000	 51.88734	 99.53000
 38.60000	 99.68000	 51.99194	 99.68000
 38.80000	 99.78000	 52.06304	 99.78000
 39.00000	 99.84000	 52.10724	 99.84000
 39.20000	 99.87000	 52.13121	 99.87000
 39.40000	 99.87000	 52.13507	 99.87000
 39.60000	 99.84000	 52.11894	 99.84000
 39.80000	 99.77000	 52.07644	 99.77000
 40.00000	 99.67000	 52.01423	 99.67000
 40.20000	 99.54000	 51.93245	 99.54000
 40.40000	 99.39000	 51.83777	 99.39000
 40.60000	 99.20000	 51.71724	 99.20000
 40.80000	 98.97000	 51.57099	 98.97000
 41.00000	 98.72000	 51.41222	 98.72000
 41.20000	 98.45000	 51.24103	 98.45000
 41.40000	 98.19000	 51.07711	 98.19000
 41.60000	 97.93000	 50.91398	 97.93000
 41.80000	 97.69000	 50.76470	 97.69000
 42.00000	 97.46000	 50.62274	 97.46000
 42.20000	 97.27000	 50.50765	 97.27000
 42.40000	 97.13000	 50.42587	 97.13000
 42.60000	 97.05000	 50.38380	 97.05000
 42.80000	 97.06000	 50.40085	 97.06000
 43.00000	 97.21000	 50.50943	 97.21000
 43.20000	 97.44000	 50.67002	 97.44000
 43.40000	 97.73000	 50.86923	 97.73000
 43.60000	 98.08000	 51.10676	 98.08000
 43.80000	 98.48000	 51.37580	 98.48000
 44.00000	 98.98000	 51.70875	 98.98000
 44.20000	 99.50000	 52.05311	 99.50000
 44.40000	100.01000	 52.38910	100.01000
 44.60000	100.49000	 52.70355	100.49000
 44.80000	100.91000	 52.97686	100.91000
 45.00000	101.10000	 53.09816	101.10000
 45.20000	101.22000	 53.17226	101.22000
 45.40000	101.28000	 53.20607	101.28000
 45.60000	101.31000	 53.21949	101.31000
 45.80000	101.31000	 53.21281	101.31000
 46.00000	101.33000	 53.21891	101.33000
 46.20000	101.35000	 53.22485	101.35000
 46.40000	101.38000	 53.23726	101.38000
 46.60000	101.42000	 53.25620	101.42000
 46.80000	101.49000	 53.29473	101.49000
 47.00000	101.64000	 53.38548	101.64000
 47.20000	101.84000	 53.50874	101.84000
 47.40000	102.06000	 53.64477	102.06000
 47.60000	102.31000	 53.79999	102.31000
 47.80000	102.57000	 53.96122	102.57000
 48.00000	102.81000	 54.10879	102.81000
 48.20000	103.05000	 54.25572	103.05000
 48.40000	103.31000	 54.41506	103.31000
 48.60000	103.59000	 54.58678	103.59000
 48.80000	103.89000	 54.77084	103.89000
 49.00000	104.32000	 55.03901	104.32000
 49.20000	104.78000	 55.32580	104.78000
 49.40000	105.24000	 55.61148	105.24000
 49.60000	105.68000	 55.88290	105.68000
 49.80000	106.06000	 56.11390	106.06000
 50.00000	106.29000	 56.24582	106.29000
 50.20000	106.42000	 56.31155	106.42000
 50.40000	106.47000	 56.32445	106.47000
 50.60000	106.46000	 56.29791	106.46000
 50.80000	106.38000	 56.22570	106.38000
 51.00000	106.21000	 56.09506	106.21000
 51.20000	105.97000	 55.91936	105.97000
 51.40000	105.69000	 55.71849	105.69000
 51.60000	105.36000	 55.48617	105.36000
 51.80000	105.02000	 55.24871	105.02000
 52.00000	104.66000	 54.99976	104.66000
 52.20000	104.31000	 54.75900	104.31000
 52.40000	103.95000	 54.51343	103.95000
 52.60000	103.61000	 54.28265	103.61000
 52.80000	103.28000	 54.06012	103.28000
 53.00000	102.97000	 53.85231	102.97000
 53.20000	102.67000	 53.65263	102.67000
 53.40000	102.40000	 53.47404	102.40000
 53.60000	102.18000	 53.32949	102.18000
 53.80000	102.02000	 53.22537	102.02000
 54.00000	101.92000	 53.16147	101.92000
 54.20000	101.97000	 53.19632	101.97000
 54.40000	102.10000	 53.28388	102.10000
 54.60000	102.28000	 53.40421	102.28000
 54.80000	102.50000	 53.55048	102.50000
 55.00000	102.75000	 53.71590	102.75000
 55.20000	103.04000	 53.90678	103.04000
 55.40000	103.32000	 54.09031	103.32000
 55.60000	103.59000	 54.26637	103.59000
 55.80000	103.84000	 54.42839	103.84000
 56.00000	104.03000	 54.55025	104.03000
 56.20000	104.07000	 54.57329	104.07000
 56.40000	104.05000	 54.55654	104.05000
 56.60000	103.98000	 54.50678	103.98000
 56.80000	103.87000	 54.43079	103.87000
 57.00000	103.73000	 54.33532	103.73000
 57.20000	103.60000	 54.24668	103.60000
 57.40000	103.46000	 54.15191	103.46000
 57.60000	103.31000	 54.05112	103.31000
 57.80000	103.13000	 53.93130	103.13000
 58.00000	102.93000	 53.79906	102.93000
 58.20000	102.70000	 53.64795	102.70000
 58.40000	102.42000	 53.46500	102.42000
 58.60000	102.14000	 53.28295	102.14000
 58.80000	101.85000	 53.09536	101.85000
 59.00000	101.58000	 52.92184	101.58000
 59.20000	101.33000	 52.76240	101.33000
 59.40000	101.13000	 52.63658	101.13000
 59.60000	100.94000	 52.51818	100.94000
 59.80000	100.78000	 52.42015	100.78000
 60.00000	100.65000	 52.34239	100.65000
 60.20000	100.56000	 52.29130	100.56000
 60.40000	100.52000	 52.27327	100.52000
 60.60000	100.49000	 52.26204	100.49000
 60.80000	100.46000	 52.25093	100.46000
 61.00000	100.40000	 52.22029	100.40000
 61.20000	100.29000	 52.15703	100.29000
 61.40000	100.10000	 52.04162	100.10000
 61.60000	 99.87000	 51.90031	 99.87000
 61.80000	 99.64000	 51.75936	 99.64000
 62.00000	 99.39000	 51.60580	 99.39000
 62.20000	 99.14000	 51.45278	 99.14000
 62.40000	 98.92000	 51.31993	 98.92000
 62.60000	 98.70000	 51.18766	 98.70000
 62.80000	 98.49000	 51.06249	 98.49000
 63.00000	 98.29000	 50.94439	 98.29000
 63.20000	 98.10000	 50.83332	 98.10000
 63.40000	 97.92000	 50.72924	 97.92000
 63.60000	 97.75000	 50.63210	 97.75000
 63.80000	 97.60000	 50.54838	 97.60000
 64.00000	 97.47000	 50.47803	 97.47000
 64.20000	 97.36000	 50.42096	 97.36000
 64.40000	 97.27000	 50.37709	 97.27000
 64.60000	 97.21000	 50.35289	 97.21000
 64.80000	 97.18000	 50.34824	 97.18000
 65.00000	 97.18000	 50.36306	 97.18000
 65.20000	 97.23000	 50.41028	 97.23000
 65.40000	 97.35000	 50.50282	 97.35000
 65.60000	 97.58000	 50.66663	 97.58000
 65.80000	 97.84000	 50.84920	 97.84000
 66.00000	 98.12000	 51.04382	 98.12000
 66.20000	 98.40000	 51.23725	 98.40000
 66.40000	 98.65000	 51.40983	 98.65000
 66.60000	 98.79000	 51.50932	 98.79000
 66.80000	 98.89000	 51.58155	 98.89000
 67.00000	 98.97000	 51.63976	 98.97000
 67.20000	 99.02000	 51.67756	 99.02000
 67.40000	 99.04000	 51.69509	 99.04000
 67.60000	 99.03000	 51.69251	 99.03000
 67.80000	 99.00000	 51.67648	 99.00000
 68.00000	 98.95000	 51.64714	 98.95000
 68.20000	 98.89000	 51.61112	 98.89000
 68.40000	 98.81000	 51.56200	 98.81000
 68.60000	 98.72000	 51.50639	 98.72000
 68.80000	 98.61000	 51.43783	 98.61000
 69.00000	 98.50000	 51.36946	 98.50000
 69.20000	 98.39000	 51.30133	 98.39000
 69.40000	 98.30000	 51.24652	 98.30000
 69.60000	 98.22000	 51.19850	 98.22000
 69.80000	 98.20000	 51.18988	 98.20000
 70.00000	 98.20000	 51.19447	 98.20000
 70.20000	 98.21000	 51.20564	 98.21000
 70.40000	 98.22000	 51.21678	 98.22000
 70.60000	 98.24000	 51.23438	 98.24000
 70.80000	 98.26000	 51.25185	 98.26000
 71.00000	 98.26000	 51.25611	 98.26000
 71.20000	 98.26000	 51.26023	 98.26000
 71.40000	 98.24000	 51.25114	 98.24000
 71.60000	 98.20000	 51.22890	 98.20000
 71.80000	 98.09000	 51.16089	 98.09000
 72.00000	 97.92000	 51.05379	 97.92000
 72.20000	 97.75000	 50.94691	 97.75000
 72.40000	 97.56000	 50.82731	 97.56000
 72.60000	 97.38000	 50.71466	 97.38000
 72.80000	 97.23000	 50.62209	 97.23000
 73.00000	 97.14000	 50.56915	 97.14000
 73.20000	 97.08000	 50.53617	 97.08000
 73.40000	 97.02000	 50.50346	 97.02000
 73.60000	 96.97000	 50.47748	 96.97000
 73.80000	 96.93000	 50.45817	 96.93000
 74.00000	 96.84000	 50.40629	 96.84000
 74.20000	 96.74000	 50.34798	 96.74000
 74.40000	 96.66000	 50.30286	 96.66000
 74.60000	 96.62000	 50.28397	 96.62000
 74.80000	 96.61000	 50.28473	 96.61000
 75.00000	 96.73000	 50.37033	 96.73000
 75.20000	 96.95000	 50.52097	 96.95000
 75.40000	 97.19000	 50.68415	 97.19000
 75.60000	 97.46000	 50.86617	 97.46000
 75.80000	 97.72000	 51.04076	 97.72000
 76.00000	 97.96000	 51.20129	 97.96000
 76.20000	 98.07000	 51.27592	 98.07000
 76.40000	 98.16000	 51.33662	 98.16000
 76.60000	 98.24000	 51.39005	 98.24000
 76.80000	 98.33000	 51.44940	 98.33000
 77.00000	 98.42000	 51.50821	 98.42000
 77.20000	 98.55000	 51.59264	 98.55000
 77.40000	 98.72000	 51.70269	 98.72000
 77.60000	 98.91000	 51.82524	 98.91000
 77.80000	 99.12000	 51.96025	 99.12000
 78.00000	 99.37000	 52.12069	 99.37000
 78.20000	 99.68000	 52.31956	 99.68000
 78.40000	100.06000	 52.56323	100.06000
 78.60000	100.45000	 52.81239	100.45000
 78.80000	100.84000	 53.06037	100.84000
 79.00000	101.22000	 53.30059	101.22000
 79.20000	101.56000	 53.51344	101.56000
 79.40000	101.82000	 53.67285	101.82000
 79.60000	102.04000	 53.80509	102.04000
 79.80000	102.21000	 53.90380	102.21000
 80.00000	102.32000	 53.96264	102.32000
 80.20000	102.38000	 53.98834	102.38000
 80.40000	102.33000	 53.94195	102.33000
 80.60000	102.19000	 53.83683	102.19000
 80.80000	102.02000	 53.71245	102.02000
 81.00000	101.81000	 53.56253	101.81000
 81.20000	101.60000	 53.41342	101.60000
 81.40000	101.39000	 53.26524	101.39000
 81.60000	101.25000	 53.16377	101.25000
 81.80000	101.12000	 53.06982	101.12000
 82.00000	101.00000	 52.98331	101.00000
 82.20000	100.90000	 52.91073	100.90000
 82.40000	100.81000	 52.84548	100.81000
 82.60000	100.77000	 52.81358	100.77000
 82.80000	100.74000	 52.78881	100.74000
 83.00000	100.71000	 52.76455	100.71000
 83.20000	100.68000	 52.74071	100.68000
 83.40000	100.62000	 52.69765	100.62000
 83.60000	100.50000	 52.61580	100.50000
 83.80000	100.32000	 52.49522	100.32000
 84.00000	100.11000	 52.35563	100.11000
 84.20000	 99.90000	 52.21672	 99.90000
 84.40000	 99.68000	 52.07205	 99.68000
 84.60000	 99.46000	 51.92818	 99.46000
 84.80000	 99.31000	 51.83086	 99.31000
 85.00000	 99.15000	 51.72777	 99.15000
 85.20000	 99.00000	 51.63192	 99.00000
 85.40000	 98.85000	 51.53673	 98.85000
 85.60000	 98.70000	 51.44216	 98.70000
 85.80000	 98.46000	 51.28942	 98.46000
 86.00000	 98.17000	 51.10471	 98.17000
 86.20000	 97.92000	 50.94691	 97.92000
 86.40000	 97.72000	 50.82255	 97.72000
 86.60000	 97.60000	 50.75116	 97.60000
 86.80000	 97.62000	 50.77176	 97.62000
 87.00000	 97.83000	 50.91669	 97.83000
 87.20000	 98.14000	 51.12676	 98.14000
 87.40000	 98.56000	 51.40805	 98.56000
 87.60000	 99.09000	 51.76014	 99.09000
 87.80000	 99.76000	 52.20218	 99.76000
 88.00000	100.56000	 52.72717	100.56000
 88.20000	101.43000	 53.29550	101.43000
 88.40000	102.36000	 53.90024	102.36000
 88.60000	103.32000	 54.52151	103.32000
 88.80000	104.27000	 55.13297	104.27000
 89.00000	105.18000	 55.71494	105.18000
 89.20000	106.08000	 56.28701	106.08000
 89.40000	106.95000	 56.83618	106.95000
 89.60000	107.79000	 57.36257	107.79000
 89.80000	108.60000	 57.86632	108.60000
 90.00000	109.39000	 58.35414	109.39000
 90.20000	110.08000	 58.77396	110.08000
 90.40000	110.67000	 59.12606	110.67000
 90.60000	111.12000	 59.38468	111.12000
 90.80000	111.31000	 59.47190	111.31000
 91.00000	111.21000	 59.36880	111.21000
 91.20000	111.00000	 59.19372	111.00000
 91.40000	110.72000	 58.97347	110.72000
 91.60000	110.40000	 58.72822	110.40000
 91.80000	110.19000	 58.55630	110.19000
 92.00000	110.04000	 58.42521	110.04000
 92.20000	109.88000	 58.28926	109.88000
 92.40000	109.72000	 58.15495	109.72000
 92.60000	109.53000	 58.00270	109.53000
 92.80000	109.31000	 57.83249	109.31000
 93.00000	109.06000	 57.64438	109.06000
 93.20000	108.77000	 57.43186	108.77000
 93.40000	108.42000	 57.18194	108.42000
 93.60000	108.01000	 56.89474	108.01000
 93.80000	107.48000	 56.53121	107.48000
 94.00000	106.90000	 56.13727	106.90000
 94.20000	106.28000	 55.71965	106.28000
 94.40000	105.64000	 55.29156	105.64000
 94.60000	104.98000	 54.85311	104.98000
 94.80000	104.35000	 54.43702	104.35000
 95.00000	103.72000	 54.02369	103.72000
 95.20000	103.08000	 53.60655	103.08000
 95.40000	102.45000	 53.19862	102.45000
 95.60000	101.81000	 52.78676	101.81000
 95.80000	101.15000	 52.36440	101.15000
 96.00000	100.48000	 51.93803	100.48000
 96.20000	 99.83000	 51.52718	 99.83000
 96.40000	 99.22000	 51.14484	 99.22000
 96.60000	 98.65000	 50.79088	 98.65000
 96.80000	 98.18000	 50.50430	 98.18000
 97.00000	 97.81000	 50.28485	 97.81000
 97.20000	 97.47000	 50.08649	 97.47000
 97.40000	 97.17000	 49.91548	 97.17000
 97.60000	 96.89000	 49.75851	 96.89000
 97.80000	 96.59000	 49.58927	 96.59000
 98.00000	 96.27000	 49.40762	 96.27000
 98.20000	 95.96000	 49.23309	 95.96000
 98.40000	 95.66000	 49.06562	 95.66000
 98.60000	 95.40000	 48.92472	 95.40000
 98.80000	 95.16000	 48.79725	 95.16000
 99.00000	 94.95000	 48.68964	 94.95000
 99.20000	 94.79000	 48.61483	 94.79000
 99.40000	 94.67000	 48.56616	 94.67000
 99.60000	 94.59000	 48.54347	 94.59000
 99.80000	 94.55000	 48.54662	 94.55000
100.00000	 94.61000	 48.61463	 94.61000
100.20000	 94.74000	 48.72767	 94.74000
100.40000	 94.89000	 48.85287	 94.89000
100.60000	 95.08000	 49.00310	 95.08000
100.80000	 95.28000	 49.15861	 95.28000
101.00000	 95.46000	 49.29971	 95.46000
101.20000	 95.61000	 49.41984	 95.61000
101.40000	 95.78000	 49.55165	 95.78000
101.60000	 95.96000	 49.68864	 95.96000
101.80000	 96.16000	 49.83733	 96.16000
102.00000	 96.41000	 50.01729	 96.41000
102.20000	 96.71000	 50.22847	 96.71000
102.40000	 97.03000	 50.45120	 97.03000
102.60000	 97.35000	 50.67234	 97.35000
102.80000	 97.66000	 50.88534	 97.66000
103.00000	 97.97000	 51.09672	 97.97000
103.20000	 98.19000	 51.24777	 98.19000
103.40000	 98.40000	 51.39084	 98.40000
103.60000	 98.60000	 51.52607	 98.60000
103.80000	 98.78000	 51.64704	 98.78000
104.00000	 98.96000	 51.76693	 98.96000
104.20000	 99.18000	 51.91193	 99.18000
104.40000	 99.38000	 52.04289	 99.38000
104.60000	 99.57000	 52.16640	 99.57000
104.80000	 99.74000	 52.27597	 99.74000
105.00000	 99.89000	 52.37168	 99.89000
105.20000	 99.98000	 52.42751	 99.98000
105.40000	100.03000	 52.45664	100.03000
105.60000	100.04000	 52.45924	100.04000
105.80000	100.03000	 52.44852	100.03000
106.00000	 99.99000	 52.41810	 99.99000
106.20000	 99.92000	 52.36810	 99.92000
106.40000	 99.81000	 52.29214	 99.81000
106.60000	 99.69000	 52.20992	 99.69000
106.80000	 99.55000	 52.11504	 99.55000
107.00000	 99.41000	 52.02064	 99.41000
107.20000	 99.26000	 51.92026	 99.26000
107.40000	 99.08000	 51.80087	 99.08000
107.60000	 98.92000	 51.69520	 98.92000
107.80000	 98.81000	 51.62283	 98.81000
108.00000	 98.75000	 51.58370	 98.75000
108.20000	 98.80000	 51.61687	 98.80000
108.40000	 99.06000	 51.78738	 99.06000
108.60000	 99.37000	 51.99037	 99.37000
108.80000	 99.73000	 52.22546	 99.73000
109.00000	100.10000	 52.46626	100.10000
109.20000	100.45000	 52.69296	100.45000
109.40000	100.67000	 52.83365	100.67000
109.60000	100.86000	 52.95372	100.86000
109.80000	101.04000	 53.06635	101.04000
110.00000	101.21000	 53.17164	101.21000
110.20000	101.37000	 53.26969	101.37000
110.40000	101.55000	 53.38017	101.55000
110.60000	101.73000	 53.49005	101.73000
110.80000	101.92000	 53.60590	101.92000
111.00000	102.11000	 53.72120	102.11000
111.20000	102.31000	 53.84249	102.31000
111.40000	102.50000	 53.95673	102.50000
111.60000	102.68000	 54.06392	102.68000
111.80000	102.89000	 54.19022	102.89000
112.00000	103.12000	 54.32908	103.12000
112.20000	103.40000	 54.50006	103.40000
112.40000	103.82000	 54.76183	103.82000
112.60000	104.34000	 55.08804	104.34000
112.80000	104.86000	 55.41314	104.86000
113.00000	105.36000	 55.72389	105.36000
113.20000	105.81000	 56.00062	105.81000
113.40000	106.08000	 56.15850	106.08000
113.60000	106.22000	 56.23043	106.22000
113.80000	106.28000	 56.24941	106.28000
114.00000	106.26000	 56.21579	106.26000
114.20000	106.16000	 56.12993	106.16000
114.40000	105.99000	 55.99869	105.99000
114.60000	105.75000	 55.82240	105.75000
114.80000	105.45000	 55.60789	105.45000
115.00000	105.09000	 55.35544	105.09000
115.20000	104.69000	 55.07835	104.69000
115.40000	104.24000	 54.77030	104.24000
115.60000	103.76000	 54.44455	103.76000
115.80000	103.25000	 54.10124	103.25000
116.00000	102.72000	 53.74703	102.72000
116.20000	102.18000	 53.38852	102.18000
116.40000	101.63000	 53.02577	101.63000
116.60000	101.07000	 52.65879	101.07000
116.80000	100.52000	 52.30067	100.52000
117.00000	 99.99000	 51.95788	 99.99000
117.20000	 99.48000	 51.63036	 99.48000
117.40000	 99.01000	 51.33106	 99.01000
117.60000	 98.59000	 51.06639	 98.59000
117.80000	 98.24000	 50.84921	 98.24000
118.00000	 97.94000	 50.66623	 97.94000
118.20000	 97.70000	 50.52375	 97.70000
118.40000	 97.52000	 50.42151	 97.52000
118.60000	 97.45000	 50.39190	 97.45000
118.80000	 97.48000	 50.42805	 97.48000
119.00000	 97.55000	 50.49043	 97.55000
119.20000	 97.64000	 50.56569	 97.64000
119.40000	 97.73000	 50.64056	 97.73000
119.60000	 97.76000	 50.67570	 97.76000
119.80000	 97.71000	 50.65805	 97.71000
120.00000	 97.63000	 50.62035	 97.63000
120.20000	 97.55000	 50.58228	 97.55000
120.40000	 97.46000	 50.53740	 97.46000
120.60000	 97.38000	 50.49884	 97.38000
120.80000	 97.36000	 50.49927	 97.36000
121.00000	 97.34000	 50.49947	 97.34000
121.20000	 97.31000	 50.49287	 97.31000
121.40000	 97.26000	 50.47296	 97.26000
121.60000	 97.18000	 50.43321	 97.18000
121.80000	 96.98000	 50.31494	 96.98000
122.00000	 96.74000	 50.17057	 96.74000
122.20000	 96.50000	 50.02640	 96.50000
122.40000	 96.26000	 49.88255	 96.26000
122.60000	 96.04000	 49.75217	 96.04000
122.80000	 95.92000	 49.68749	 95.92000
123.00000	 95.86000	 49.66229	 95.86000
123.20000	 95.83000	 49.65683	 95.83000
123.40000	 95.81000	 49.65789	 95.81000
123.60000	 95.80000	 49.66537	 95.80000
123.80000	 95.75000	 49.64653	 95.75000
124.00000	 95.68000	 49.61443	 95.68000
124.20000	 95.60000	 49.57561	 95.60000
124.40000	 95.52000	 49.53663	 95.52000
124.60000	 95.45000	 49.50404	 95.45000
124.80000	 95.38000	 49.47132	 95.38000
125.00000	 95.35000	 49.46458	 95.35000
125.20000	 95.32000	 49.45767	 95.32000
125.40000	 95.29000	 49.45055	 95.29000
125.60000	 95.24000	 49.43015	 95.24000
125.80000	 95.19000	 49.40954	 95.19000
126.00000	 95.05000	 49.32998	 95.05000
126.20000	 94.90000	 49.24381	 94.90000
126.40000	 94.74000	 49.15115	 94.74000
126.60000	 94.60000	 49.07166	 94.60000
126.80000	 94.49000	 49.01190	 94.49000
127.00000	 94.44000	 48.99141	 94.44000
127.20000	 94.45000	 49.01012	 94.45000
127.40000	 94.51000	 49.06135	 94.51000
127.60000	 94.62000	 49.14494	 94.62000
127.80000	 94.78000	 49.26072	 94.78000
128.00000	 95.01000	 49.42157	 95.01000
128.20000	 95.35000	 49.65339	 95.35000
128.40000	 95.70000	 49.89062	 95.70000
128.60000	 96.06000	 50.13308	 96.06000
128.80000	 96.41000	 50.36759	 96.41000
129.00000	 96.69000	 50.55491	 96.69000
129.20000	 96.83000	 50.64942	 96.83000
129.40000	 96.93000	 50.71664	 96.93000
129.60000	 96.99000	 50.75679	 96.99000
129.80000	 97.03000	 50.78314	 97.03000
130.00000	 97.06000	 50.80242	 97.06000
130.20000	 97.12000	 50.84086	 97.12000
130.40000	 97.17000	 50.87242	 97.17000
130.60000	 97.23000	 50.91022	 97.23000
130.80000	 97.28000	 50.94123	 97.28000
131.00000	 97.32000	 50.96547	 97.32000
131.20000	 97.33000	 50.96995	 97.33000
131.40000	 97.33000	 50.96777	 97.33000
131.60000	 97.33000	 50.96554	 97.33000
131.80000	 97.35000	 50.97634	 97.35000
132.00000	 97.40000	 51.00671	 97.40000
132.20000	 97.53000	 51.08925	 97.53000
132.40000	 97.75000	 51.23036	 97.75000
132.60000	 97.98000	 51.37760	 97.98000
132.80000	 98.21000	 51.52432	 98.21000
133.00000	 98.42000	 51.65735	 98.42000
133.20000	 98.58000	 51.75708	 98.58000
133.40000	 98.65000	 51.79744	 98.65000
133.60000	 98.67000	 51.80471	 98.67000
133.80000	 98.65000	 51.78559	 98.65000
134.00000	 98.58000	 51.73374	 98.58000
134.20000	 98.45000	 51.64279	 98.45000
134.40000	 98.20000	 51.47380	 98.20000
134.60000	 97.92000	 51.28581	 97.92000
134.80000	 97.60000	 51.07252	 97.60000
135.00000	 97.28000	 50.86024	 97.28000
135.20000	 96.95000	 50.64257	 96.95000
135.40000	 96.66000	 50.45225	 96.66000
135.60000	 96.41000	 50.28926	 96.41000
135.80000	 96.17000	 50.13395	 96.17000
136.00000	 95.96000	 49.99932	 95.96000
136.20000	 95.77000	 49.87873	 95.77000
136.40000	 95.61000	 49.77861	 95.61000
136.60000	 95.46000	 49.68579	 95.46000
136.80000	 95.34000	 49.61321	 95.34000
137.00000	 95.27000	 49.57383	 95.27000
137.20000	 95.25000	 49.56750	 95.25000
137.40000	 95.30000	 49.60709	 95.30000
137.60000	 95.48000	 49.73157	 95.48000
137.80000	 95.74000	 49.90798	 95.74000
138.00000	 96.04000	 50.10991	 96.04000
138.20000	 96.39000	 50.34361	 96.39000
138.40000	 96.77000	 50.59580	 96.77000
138.60000	 97.17000	 50.85976	 97.17000
138.80000	 97.59000	 51.13536	 97.59000
139.00000	 98.01000	 51.40942	 98.01000
139.20000	 98.42000	 51.67538	 98.42000
139.40000	 98.82000	 51.93320	 98.82000
139.60000	 99.19000	 52.16987	 99.19000
139.80000	 99.52000	 52.37891	 99.52000
140.00000	 99.80000	 52.55393	 99.80000
140.20000	100.04000	 52.70160	100.04000
140.40000	100.23000	 52.81557	100.23000
140.60000	100.32000	 52.86339	100.32000
140.80000	100.26000	 52.81269	100.26000
141.00000	100.18000	 52.74872	100.18000
141.20000	100.10000	 52.68483	100.10000
141.40000	100.06000	 52.64732	100.06000
141.60000	100.19000	 52.72114	100.19000
141.80000	100.50000	 52.91264	100.50000
142.00000	100.85000	 53.13008	100.85000
142.20000	101.22000	 53.36011	101.22000
142.40000	101.58000	 53.58293	101.58000
142.60000	101.82000	 53.72660	101.82000
142.80000	101.93000	 53.78467	101.93000
143.00000	101.99000	 53.80959	101.99000
143.20000	102.03000	 53.82118	102.03000
143.40000	102.06000	 53.82614	102.06000
143.60000	102.10000	 53.83767	102.10000
143.80000	102.24000	 53.91460	102.24000
144.00000	102.37000	 53.98505	102.37000
144.20000	102.48000	 54.04245	102.48000
144.40000	102.53000	 54.06068	102.53000
144.60000	102.53000	 54.04635	102.53000
144.80000	102.30000	 53.88208	102.30000
145.00000	101.96000	 53.64658	101.96000
145.20000	101.59000	 53.39247	101.59000
145.40000	101.24000	 53.15268	101.24000
145.60000	100.92000	 52.93391	100.92000
145.80000	100.77000	 52.82760	100.77000
146.00000	100.79000	 52.83356	100.79000
146.20000	100.86000	 52.87309	100.86000
146.40000	100.96000	 52.93280	100.96000
146.60000	101.07000	 52.99937	101.07000
146.80000	101.13000	 53.03344	101.13000
147.00000	101.13000	 53.02840	101.13000
147.20000	101.12000	 53.01693	101.12000
147.40000	101.08000	 52.98600	101.08000
147.60000	101.04000	 52.95526	101.04000
147.80000	101.00000	 52.92474	101.00000
148.00000	100.96000	 52.89447	100.96000
148.20000	100.91000	 52.85794	100.91000
148.40000	100.85000	 52.81516	100.85000
148.60000	100.77000	 52.75964	100.77000
148.80000	100.66000	 52.68488	100.66000
149.00000	100.50000	 52.57788	100.50000
149.20000	100.31000	 52.45182	100.31000
149.40000	100.10000	 52.31331	100.10000
149.60000	 99.88000	 52.16899	 99.88000
149.80000	 99.66000	 52.02544	 99.66000
150.00000	 99.42000	 51.86965	 99.42000
150.20000	 99.17000	 51.70819	 99.17000
150.40000	 98.95000	 51.56720	 98.95000
150.60000	 98.78000	 51.45973	 98.78000
150.80000	 98.69000	 51.40525	 98.69000
151.00000	 98.70000	 51.41665	 98.70000
151.20000	 98.87000	 51.53286	 98.87000
151.40000	 99.15000	 51.72083	 99.15000
151.60000	 99.52000	 51.96711	 99.52000
151.80000	 99.99000	 52.27783	 99.99000
152.00000	100.60000	 52.67873	100.60000
152.20000	101.42000	 53.21507	101.42000
152.40000	102.29000	 53.78184	102.29000
152.60000	103.15000	 54.33946	103.15000
152.80000	103.96000	 54.86157	103.96000
153.00000	104.61000	 55.27629	104.61000
153.20000	104.95000	 55.48589	104.95000
153.40000	105.17000	 55.61497	105.17000
153.60000	105.31000	 55.69019	105.31000
153.80000	105.37000	 55.71205	105.37000
154.00000	105.38000	 55.70060	105.38000
154.20000	105.43000	 55.71497	105.43000
154.40000	105.44000	 55.70315	105.44000
154.60000	105.40000	 55.65880	105.40000
154.80000	105.32000	 55.58866	105.32000
155.00000	105.20000	 55.49289	105.20000
155.20000	104.97000	 55.32599	104.97000
155.40000	104.69000	 55.12738	104.69000
155.60000	104.38000	 54.91033	104.38000
155.80000	104.07000	 54.69461	104.07000
156.00000	103.76000	 54.48034	103.76000
156.20000	103.56000	 54.33939	103.56000
156.40000	103.42000	 54.23899	103.42000
156.60000	103.29000	 54.14633	103.29000
156.80000	103.13000	 54.03517	103.13000
157.00000	102.94000	 53.90544	102.94000
157.20000	102.63000	 53.69835	102.63000
157.40000	102.15000	 53.38142	102.15000
157.60000	101.63000	 53.03981	101.63000
157.80000	101.09000	 52.68681	101.09000
158.00000	100.54000	 52.32913	100.54000
158.20000	100.01000	 51.98646	100.01000
158.40000	 99.63000	 51.74371	 99.63000
158.60000	 99.29000	 51.52886	 99.29000
158.80000	 98.96000	 51.32214	 98.96000
159.00000	 98.64000	 51.12337	 98.64000
159.20000	 98.32000	 50.92589	 98.32000
159.40000	 97.91000	 50.67084	 97.91000
159.60000	 97.43000	 50.37131	 97.43000
159.80000	 96.95000	 50.07309	 96.95000
160.00000	 96.51000	 49.80234	 96.51000
160.20000	 96.13000	 49.57211	 96.13000
160.40000	 95.85000	 49.40838	 95.85000
160.60000	 95.81000	 49.40234	 95.81000
160.80000	 95.85000	 49.44905	 95.85000
161.00000	 95.94000	 49.52852	 95.94000
161.20000	 96.08000	 49.64037	 96.08000
161.40000	 96.24000	 49.76472	 96.24000
161.60000	 96.36000	 49.86217	 96.36000
161.80000	 96.48000	 49.95874	 96.48000
162.00000	 96.59000	 50.04784	 96.59000
162.20000	 96.69000	 50.12946	 96.69000
162.40000	 96.77000	 50.19707	 96.77000
162.60000	 96.76000	 50.20504	 96.76000
162.80000	 96.70000	 50.17962	 96.70000
163.00000	 96.63000	 50.14711	 96.63000
163.20000	 96.56000	 50.11418	 96.56000
163.40000	 96.50000	 50.08744	 96.50000
163.60000	 96.47000	 50.08003	 96.47000
163.80000	 96.52000	 50.12457	 96.52000
164.00000	 96.60000	 50.18834	 96.60000
164.20000	 96.72000	 50.27774	 96.72000
164.40000	 96.89000	 50.39921	 96.89000
164.60000	 97.09000	 50.53953	 97.09000
164.80000	 97.35000	 50.71816	 97.35000
165.00000	 97.65000	 50.92191	 97.65000
165.20000	 98.01000	 51.16366	 98.01000
165.40000	 98.40000	 51.42367	 98.40000
165.60000	 98.85000	 51.72139	 98.85000
165.80000	 99.42000	 52.09582	 99.42000
166.00000	100.08000	 52.52713	100.08000
166.20000	100.73000	 52.94978	100.73000
166.40000	101.36000	 53.35708	101.36000
166.60000	101.94000	 53.72941	101.94000
166.80000	102.35000	 53.98848	102.35000
167.00000	102.57000	 54.12151	102.57000
167.20000	102.71000	 54.20078	102.71000
167.40000	102.79000	 54.23977	102.79000
167.60000	102.82000	 54.24539	102.82000
167.80000	102.84000	 54.24409	102.84000
168.00000	102.89000	 54.26222	102.89000
168.20000	102.93000	 54.27380	102.93000
168.40000	102.95000	 54.27241	102.95000
168.60000	102.95000	 54.25813	102.95000
168.80000	102.94000	 54.23758	102.94000
169.00000	102.88000	 54.18472	102.88000
169.20000	102.81000	 54.12577	102.81000
169.40000	102.74000	 54.06735	102.74000
169.60000	102.68000	 54.01602	102.68000
169.80000	102.64000	 53.97835	102.64000
170.00000	102.73000	 54.02610	102.73000
170.20000	102.85000	 54.09382	102.85000
170.40000	102.96000	 54.15522	102.96000
170.60000	103.05000	 54.20366	103.05000
170.80000	103.10000	 54.22605	103.10000
171.00000	103.00000	 54.15059	103.00000
171.20000	102.78000	 53.99708	102.78000
171.40000	102.51000	 53.81151	102.51000
171.60000	102.21000	 53.60720	102.21000
171.80000	101.89000	 53.39087	101.89000
172.00000	101.59000	 53.18881	101.59000
172.20000	101.36000	 53.03371	101.36000
172.40000	101.13000	 52.87983	101.13000
172.60000	100.90000	 52.72712	100.90000
172.80000	100.65000	 52.56246	100.65000
173.00000	100.39000	 52.39238	100.39000
173.20000	 99.94000	 52.09936	 99.94000
173.40000	 99.50000	 51.81419	 99.50000
173.60000	 99.11000	 51.56311	 99.11000
173.80000	 98.80000	 51.36572	 98.80000
174.00000	 98.60000	 51.24148	 98.60000
174.20000	 98.78000	 51.36642	 98.78000
174.40000	 99.13000	 51.60279	 99.13000
174.60000	 99.57000	 51.89767	 99.57000
174.80000	100.07000	 52.23092	100.07000
175.00000	100.59000	 52.57595	100.59000
175.20000	101.00000	 52.84758	101.00000
175.40000	101.38000	 53.09796	101.38000
175.60000	101.75000	 53.34016	101.75000
175.80000	102.10000	 53.56769	102.10000
176.00000	102.42000	 53.77410	102.42000
176.20000	102.73000	 53.97254	102.73000
176.40000	103.01000	 54.15004	103.01000
176.60000	103.26000	 54.30674	103.26000
176.80000	103.47000	 54.43623	103.47000
177.00000	103.64000	 54.53866	103.64000
177.20000	103.68000	 54.55545	103.68000
177.40000	103.70000	 54.55869	103.70000
177.60000	103.71000	 54.55515	103.71000
177.80000	103.74000	 54.56457	103.74000
178.00000	103.90000	 54.65886	103.90000
178.20000	104.15000	 54.81180	104.15000
178.40000	104.41000	 54.97096	104.41000
178.60000	104.64000	 55.11011	104.64000
178.80000	104.80000	 55.20308	104.80000
179.00000	104.78000	 55.17812	104.78000
179.20000	104.68000	 55.10079	104.68000
179.40000	104.52000	 54.98444	104.52000
179.60000	104.32000	 54.84242	104.32000
179.80000	104.09000	 54.68148	104.09000
180.00000	103.86000	 54.52141	103.86000
180.20000	103.60000	 54.34274	103.60000
180.40000	103.31000	 54.14559	103.31000
180.60000	102.99000	 53.93006	102.99000
180.80000	102.62000	 53.68319	102.62000
181.00000	102.21000	 53.41163	102.21000
181.20000	101.76000	 53.11550	101.76000
181.40000	101.29000	 52.80798	101.29000
181.60000	100.78000	 52.47609	100.78000
181.80000	100.26000	 52.13952	100.26000
182.00000	 99.69000	 51.77222	 99.69000
182.20000	 99.11000	 51.40038	 99.11000
182.40000	 98.52000	 51.02405	 98.52000
182.60000	 97.93000	 50.64980	 97.93000
182.80000	 97.36000	 50.29067	 97.36000
183.00000	 96.82000	 49.95315	 96.82000
183.20000	 96.34000	 49.65673	 96.34000
183.40000	 95.89000	 49.38166	 95.89000
183.60000	 95.46000	 49.12125	 95.46000
183.80000	 95.05000	 48.87535	 95.05000
184.00000	 94.66000	 48.64381	 94.66000
184.20000	 94.22000	 48.38079	 94.22000
184.40000	 93.79000	 48.12542	 93.79000
184.60000	 93.41000	 47.90377	 93.41000
184.80000	 93.10000	 47.72877	 93.10000
185.00000	 92.88000	 47.61331	 92.88000
185.20000	 92.83000	 47.60936	 92.83000
185.40000	 92.96000	 47.72306	 92.96000
185.60000	 93.18000	 47.89516	 93.18000
185.80000	 93.48000	 48.11866	 93.48000
186.00000	 93.83000	 48.37358	 93.83000
186.20000	 94.24000	 48.66611	 94.24000
186.40000	 94.66000	 48.96333	 94.66000
186.60000	 95.11000	 49.27810	 95.11000
186.80000	 95.56000	 49.59069	 95.56000
187.00000	 96.01000	 49.90103	 96.01000
187.20000	 96.45000	 50.20255	 96.45000
187.40000	 96.82000	 50.45610	 96.82000
187.60000	 97.15000	 50.68139	 97.15000
187.80000	 97.45000	 50.88511	 97.45000
188.00000	 97.73000	 51.07395	 97.73000
188.20000	 97.98000	 51.24153	 97.98000
188.40000	 98.17000	 51.36845	 98.17000
188.60000	 98.31000	 51.46142	 98.31000
188.80000	 98.45000	 51.55331	 98.45000
189.00000	 98.59000	 51.64428	 98.59000
189.20000	 98.78000	 51.76709	 98.78000
189.40000	 99.04000	 51.93480	 99.04000
189.60000	 99.51000	 52.23875	 99.51000
189.80000	100.00000	 52.55459	100.00000
190.00000	100.50000	 52.87556	100.50000
190.20000	100.97000	 53.17541	100.97000
190.40000	101.39000	 53.44102	101.39000
190.60000	101.59000	 53.56147	101.59000
190.80000	101.72000	 53.63502	101.72000
191.00000	101.79000	 53.66851	101.79000
191.20000	101.81000	 53.66880	101.81000
191.40000	101.79000	 53.64269	101.79000
191.60000	101.72000	 53.58391	101.72000
191.80000	101.61000	 53.49921	101.61000
192.00000	101.49000	 53.40838	101.49000
192.20000	101.38000	 53.32465	101.38000
192.40000	101.27000	 53.24156	101.27000
192.60000	101.24000	 53.21138	101.24000
192.80000	101.37000	 53.28627	101.37000
193.00000	101.50000	 53.36150	101.50000
193.20000	101.63000	 53.43690	101.63000
193.40000	101.73000	 53.49275	101.73000
193.60000	101.76000	 53.50290	101.76000
193.80000	101.57000	 53.36948	101.57000
194.00000	101.27000	 53.16462	101.27000
194.20000	100.92000	 52.92787	100.92000
194.40000	100.54000	 52.67257	100.54000
194.60000	100.14000	 52.40548	100.14000
194.80000	 99.78000	 52.16596	 99.78000
195.00000	 99.52000	 51.99323	 99.52000
195.20000	 99.27000	 51.82840	 99.27000
195.40000	 99.03000	 51.67140	 99.03000
195.60000	 98.79000	 51.51558	 98.79000
195.80000	 98.55000	 51.36089	 98.55000
196.00000	 98.26000	 51.17460	 98.26000
196.20000	 97.92000	 50.95674	 97.92000
196.40000	 97.60000	 50.75306	 97.60000
196.60000	 97.29000	 50.55705	 97.29000
196.80000	 97.02000	 50.38825	 97.02000
197.00000	 96.79000	 50.24660	 96.79000
197.20000	 96.66000	 50.17114	 96.66000
197.40000	 96.59000	 50.13556	 96.59000
197.60000	 96.58000	 50.13960	 96.58000
197.80000	 96.62000	 50.17652	 96.62000
198.00000	 96.70000	 50.23953	 96.70000
198.20000	 96.83000	 50.33497	 96.83000
198.40000	 96.97000	 50.43651	 96.97000
198.60000	 97.16000	 50.57012	 97.16000
198.80000	 97.40000	 50.73564	 97.40000
199.00000	 97.70000	 50.93942	 97.70000
199.20000	 98.06000	 51.18129	 98.06000
199.40000	 98.59000	 51.53285	 98.59000
199.60000	 99.20000	 51.93503	 99.20000
199.80000	 99.83000	 52.34833	 99.83000
200.00000	100.45000	 52.75294	100.45000
200.20000	101.03000	 53.12916	101.03000
200.40000	101.48000	 53.41824	101.48000
200.60000	101.74000	 53.58120	101.74000
200.80000	101.93000	 53.69677	101.93000
201.00000	102.07000	 53.77838	102.07000
201.20000	102.16000	 53.82637	102.16000
201.40000	102.22000	 53.85411	102.22000
201.60000	102.33000	 53.91406	102.33000
201.80000	102.43000	 53.96716	102.43000
202.00000	102.49000	 53.99394	102.49000
202.20000	102.51000	 53.99450	102.51000
202.40000	102.47000	 53.95591	102.47000
202.60000	102.37000	 53.87836	102.37000
202.80000	102.13000	 53.70980	102.13000
203.00000	101.84000	 53.50930	101.84000
203.20000	101.50000	 53.27712	101.50000
203.40000	101.11000	 53.01350	101.11000
203.60000	100.70000	 52.73824	100.70000
203.80000	100.24000	 52.43192	100.24000
204.00000	 99.76000	 52.11427	 99.76000
204.20000	 99.27000	 51.79194	 99.27000
204.40000	 98.77000	 51.46500	 98.77000
204.60000	 98.29000	 51.15309	 98.29000
204.80000	 97.83000	 50.85617	 97.83000
205.00000	 97.39000	 50.57421	 97.39000
205.20000	 97.00000	 50.32669	 97.00000
205.40000	 96.66000	 50.11348	 96.66000
205.60000	 96.37000	 49.93440	 96.37000
205.80000	 96.16000	 49.80883	 96.16000
206.00000	 96.03000	 49.73653	 96.03000
206.20000	 96.08000	 49.78247	 96.08000
206.40000	 96.25000	 49.90706	 96.25000
206.60000	 96.48000	 50.07068	 96.48000
206.80000	 96.77000	 50.27292	 96.77000
207.00000	 97.08000	 50.48735	 97.08000
207.20000	 97.40000	 50.70719	 97.40000
207.40000	 97.68000	 50.89963	 97.68000
207.60000	 97.96000	 51.09073	 97.96000
207.80000	 98.24000	 51.28047	 98.24000
208.00000	 98.51000	 51.46233	 98.51000
208.20000	 98.77000	 51.63633	 98.77000
208.40000	 99.00000	 51.78945	 99.00000
208.60000	 99.20000	 51.92179	 99.20000
208.80000	 99.39000	 52.04649	 99.39000
209.00000	 99.57000	 52.16367	 99.57000
209.20000	 99.73000	 52.26688	 99.73000
209.40000	 99.88000	 52.36274	 99.88000
209.60000	 99.99000	 52.43176	 99.99000
209.80000	100.09000	 52.49364	100.09000
210.00000	100.21000	 52.56806	100.21000
210.20000	100.35000	 52.65507	100.35000
210.40000	100.52000	 52.76121	100.52000
210.60000	100.86000	 52.97784	100.86000
210.80000	101.28000	 53.24597	101.28000
211.00000	101.70000	 53.51313	101.70000
211.20000	102.09000	 53.75956	102.09000
211.40000	102.42000	 53.96561	102.42000
211.60000	102.61000	 54.07912	102.61000
211.80000	102.53000	 54.01545	102.53000
212.00000	102.37000	 53.89914	102.37000
212.20000	102.13000	 53.73065	102.13000
212.40000	101.85000	 53.53652	101.85000
212.60000	101.53000	 53.31706	101.53000
212.80000	101.25000	 53.12478	101.25000
213.00000	100.98000	 52.94022	100.98000
213.20000	100.71000	 52.75689	100.71000
213.40000	100.44000	 52.57483	100.44000
213.60000	100.17000	 52.39405	100.17000
213.80000	 99.92000	 52.22758	 99.92000
214.00000	 99.70000	 52.08191	 99.70000
214.20000	 99.50000	 51.95044	 99.50000
214.40000	 99.32000	 51.83306	 99.32000
214.60000	 99.16000	 51.72968	 99.16000
214.80000	 99.02000	 51.64020	 99.02000
215.00000	 98.90000	 51.56450	 98.90000
215.20000	 98.71000	 51.44375	 98.71000
215.40000	 98.56000	 51.34974	 98.56000
215.60000	 98.48000	 51.30203	 98.48000
215.80000	 98.47000	 51.30047	 98.47000
216.00000	 98.57000	 51.37101	 98.57000
216.20000	 98.85000	 51.55905	 98.85000
216.40000	 99.32000	 51.87070	 99.32000
216.60000	 99.90000	 52.25322	 99.90000
216.80000	100.58000	 52.69959	100.58000
217.00000	101.35000	 53.20281	101.35000
217.20000	102.24000	 53.78207	102.24000
217.40000	103.28000	 54.45655	103.28000
217.60000	104.35000	 55.14745	104.35000
217.80000	105.43000	 55.84142	105.43000
218.00000	106.47000	 56.50562	106.47000
218.20000	107.43000	 57.11390	107.43000
218.40000	108.11000	 57.53581	108.11000
218.60000	108.70000	 57.89587	108.70000
218.80000	109.20000	 58.19455	109.20000
219.00000	109.61000	 58.43231	109.61000
219.20000	109.95000	 58.62266	109.95000
219.40000	110.24000	 58.77909	110.24000
219.60000	110.49000	 58.90848	110.49000
219.80000	110.66000	 58.98502	110.66000
220.00000	110.76000	 59.01558	110.76000
220.20000	110.77000	 58.98739	110.77000
220.40000	110.69000	 58.90080	110.69000
220.60000	110.43000	 58.69739	110.43000
220.80000	110.11000	 58.45595	110.11000
221.00000	109.74000	 58.18339	109.74000
221.20000	109.35000	 57.89959	109.35000
221.40000	108.94000	 57.60479	108.94000
221.60000	108.68000	 57.41010	108.68000
221.80000	108.43000	 57.22402	108.43000
222.00000	108.17000	 57.03338	108.17000
222.20000	107.88000	 56.82505	107.88000
222.40000	107.56000	 56.59899	107.56000
222.60000	107.09000	 56.27686	107.09000
222.80000	106.52000	 55.89147	106.52000
223.00000	105.93000	 55.49528	105.93000
223.20000	105.31000	 55.08192	105.31000
223.40000	104.68000	 54.66457	104.68000
223.60000	104.08000	 54.26942	104.08000
223.80000	103.58000	 53.94213	103.58000
224.00000	103.10000	 53.63033	103.10000
224.20000	102.63000	 53.32731	102.63000
224.40000	102.16000	 53.02640	102.16000
224.60000	101.69000	 52.72749	101.69000
224.80000	101.16000	 52.39129	101.16000
225.00000	100.58000	 52.02434	100.58000
225.20000	100.01000	 51.66583	100.01000
225.40000	 99.46000	 51.32229	 99.46000
225.60000	 98.95000	 51.00672	 98.95000
225.80000	 98.50000	 50.73208	 98.50000
226.00000	 98.21000	 50.56348	 98.21000
226.20000	 97.97000	 50.42878	 97.97000
226.40000	 97.78000	 50.32766	 97.78000
226.60000	 97.62000	 50.24679	 97.62000
226.80000	 97.48000	 50.17939	 97.48000
227.00000	 97.32000	 50.09918	 97.32000
227.20000	 97.16000	 50.01908	 97.16000
227.40000	 97.01000	 49.94557	 97.01000
227.60000	 96.87000	 49.87856	 96.87000
227.80000	 96.73000	 49.81149	 96.73000
228.00000	 96.59000	 49.74431	 96.59000
228.20000	 96.42000	 49.65741	 96.42000
228.40000	 96.26000	 49.57693	 96.26000
228.60000	 96.13000	 49.51593	 96.13000
228.80000	 96.01000	 49.46131	 96.01000
229.00000	 95.93000	 49.43263	 95.93000
229.20000	 95.91000	 49.44287	 95.91000
229.40000	 95.94000	 49.48537	 95.94000
229.60000	 96.01000	 49.55346	 96.01000
229.80000	 96.12000	 49.64699	 96.12000
230.00000	 96.28000	 49.77233	 96.28000
230.20000	 96.49000	 49.92935	 96.49000
230.40000	 96.76000	 50.12439	 96.76000
230.60000	 97.08000	 50.35077	 97.08000
230.80000	 97.45000	 50.60829	 97.45000
231.00000	 97.86000	 50.89028	 97.86000
231.20000	 98.31000	 51.19657	 98.31000
231.40000	 98.90000	 51.59232	 98.90000
231.60000	 99.52000	 52.00546	 99.52000
231.80000	100.14000	 52.41621	100.14000
232.00000	100.74000	 52.81141	100.74000
232.20000	101.29000	 53.17146	101.29000
232.40000	101.69000	 53.43115	101.69000
232.60000	101.94000	 53.59076	101.94000
232.80000	102.12000	 53.70291	102.12000
233.00000	102.23000	 53.76799	102.23000
233.20000	102.29000	 53.79941	102.29000
233.40000	102.30000	 53.79750	102.30000
233.60000	102.30000	 53.78866	102.30000
233.80000	102.27000	 53.76006	102.27000
234.00000	102.20000	 53.70535	102.20000
234.20000	102.09000	 53.62471	102.09000
234.40000	101.94000	 53.51832	101.94000
234.60000	101.71000	 53.36023	101.71000
234.80000	101.42000	 53.16371	101.42000
235.00000	101.11000	 52.95509	101.11000
235.20000	100.82000	 52.76063	100.82000
235.40000	100.55000	 52.58042	100.55000
235.60000	100.35000	 52.44710	100.35000
235.80000	100.35000	 52.44545	100.35000
236.00000	100.40000	 52.47720	100.40000
236.20000	100.48000	 52.52900	100.48000
236.40000	100.57000	 52.58755	100.57000
236.60000	100.67000	 52.65265	100.67000
236.80000	100.66000	 52.64585	100.66000
237.00000	100.58000	 52.59328	100.58000
237.20000	100.50000	 52.54079	100.50000
237.40000	100.42000	 52.48845	100.42000
237.60000	100.36000	 52.44938	100.36000
237.80000	100.34000	 52.43664	100.34000
238.00000	100.39000	 52.46977	100.39000
238.20000	100.48000	 52.52906	100.48000
238.40000	100.61000	 52.61437	100.61000
238.60000	100.78000	 52.72555	100.78000
238.80000	101.00000	 52.86899	101.00000
239.00000	101.37000	 53.10981	101.37000
239.20000	101.77000	 53.36935	101.77000
239.40000	102.18000	 53.63435	102.18000
239.60000	102.57000	 53.88504	102.57000
239.80000	102.93000	 54.11483	102.93000
240.00000	103.12000	 54.23233	103.12000
240.20000	103.25000	 54.30959	103.25000
240.40000	103.33000	 54.35339	103.33000
240.60000	103.37000	 54.37049	103.37000
240.80000	103.38000	 54.36765	103.38000
241.00000	103.37000	 54.35159	103.37000
241.20000	103.32000	 54.30942	103.32000
241.40000	103.29000	 54.28046	103.29000
241.60000	103.28000	 54.26480	103.28000
241.80000	103.31000	 54.27552	103.31000
242.00000	103.43000	 54.34523	103.43000
242.20000	103.73000	 54.53252	103.73000
242.40000	104.07000	 54.74568	104.07000
242.60000	104.43000	 54.97137	104.43000
242.80000	104.78000	 55.18980	104.78000
243.00000	105.08000	 55.37473	105.08000
243.20000	105.27000	 55.48700	105.27000
243.40000	105.42000	 55.57243	105.42000
243.60000	105.51000	 55.61814	105.51000
243.80000	105.56000	 55.63737	105.56000
244.00000	105.53000	 55.60419	105.53000
244.20000	105.44000	 55.53190	105.44000
244.40000	105.29000	 55.42073	105.29000
244.60000	105.10000	 55.28397	105.10000
244.80000	104.86000	 55.11531	104.86000
245.00000	104.59000	 54.92799	104.59000
245.20000	104.29000	 54.72218	104.29000
245.40000	103.96000	 54.49803	103.96000
245.60000	103.60000	 54.25565	103.60000
245.80000	103.22000	 54.00168	103.22000
246.00000	102.83000	 53.74274	102.83000
246.20000	102.42000	 53.47236	102.42000
246.40000	102.01000	 53.20363	102.01000
246.60000	101.59000	 52.93004	101.59000
246.80000	101.16000	 52.65161	101.16000
247.00000	100.72000	 52.36833	100.72000
247.20000	100.25000	 52.06714	100.25000
247.40000	 99.72000	 51.72849	 99.72000
247.60000	 99.21000	 51.40466	 99.21000
247.80000	 98.73000	 51.10220	 98.73000
248.00000	 98.31000	 50.84063	 98.31000
248.20000	 97.97000	 50.63289	 97.97000
248.40000	 97.89000	 50.59626	 97.89000
248.60000	 97.90000	 50.61928	 97.90000
248.80000	 97.96000	 50.67536	 97.96000
249.00000	 98.04000	 50.74455	 98.04000
249.20000	 98.10000	 50.80043	 98.10000
249.40000	 98.00000	 50.75146	 98.00000
249.60000	 97.82000	 50.64995	 97.82000
249.80000	 97.64000	 50.54830	 97.64000
250.00000	 97.45000	 50.44011	 97.45000
250.20000	 97.27000	 50.33853	 97.27000
250.40000	 97.18000	 50.29582	 97.18000
250.60000	 97.18000	 50.31191	 97.18000
250.80000	 97.20000	 50.34093	 97.20000
251.00000	 97.23000	 50.37620	 97.23000
251.20000	 97.26000	 50.41109	 97.26000
251.40000	 97.27000	 50.43247	 97.27000
251.60000	 97.18000	 50.38810	 97.18000
251.80000	 97.08000	 50.33686	 97.08000
252.00000	 97.00000	 50.29842	 97.00000
252.20000	 96.95000	 50.27938	 96.95000
252.40000	 96.94000	 50.28623	 96.94000
252.60000	 97.12000	 50.41686	 97.12000
252.80000	 97.36000	 50.58611	 97.36000
253.00000	 97.61000	 50.76108	 97.61000
253.20000	 97.86000	 50.93506	 97.86000
253.40000	 98.09000	 51.09487	 98.09000
253.60000	 98.20000	 51.17519	 98.20000
253.80000	 98.24000	 51.20880	 98.24000
254.00000	 98.24000	 51.21549	 98.24000
254.20000	 98.20000	 51.19545	 98.20000
254.40000	 98.12000	 51.14886	 98.12000
254.60000	 98.00000	 51.07591	 98.00000
254.80000	 97.84000	 50.97679	 97.84000
255.00000	 97.66000	 50.86473	 97.66000
255.20000	 97.45000	 50.73334	 97.45000
255.40000	 97.23000	 50.59581	 97.23000
255.60000	 97.01000	 50.45878	 97.01000
255.80000	 96.80000	 50.32883	 96.80000
256.00000	 96.58000	 50.19293	 96.58000
256.20000	 96.37000	 50.06417	 96.37000
256.40000	 96.17000	 49.94253	 96.17000
256.60000	 95.96000	 49.81496	 95.96000
256.80000	 95.71000	 49.66184	 95.71000
257.00000	 95.44000	 49.49628	 95.44000
257.20000	 95.21000	 49.35751	 95.21000
257.40000	 95.05000	 49.26506	 95.05000
257.60000	 94.98000	 49.23189	 94.98000
257.80000	 95.12000	 49.33613	 95.12000
258.00000	 95.54000	 49.62305	 95.54000
258.20000	 96.04000	 49.96147	 96.04000
258.40000	 96.59000	 50.33124	 96.59000
258.60000	 97.15000	 50.70586	 97.15000
258.80000	 97.65000	 51.03933	 97.65000
259.00000	 97.95000	 51.24018	 97.95000
259.20000	 98.20000	 51.40654	 98.20000
259.40000	 98.40000	 51.53865	 98.40000
259.60000	 98.57000	 51.64980	 98.57000
259.80000	 98.70000	 51.73368	 98.70000
260.00000	 98.84000	 51.82315	 98.84000
260.20000	 98.96000	 51.89875	 98.96000
260.40000	 99.05000	 51.95408	 99.05000
260.60000	 99.13000	 52.00235	 99.13000
260.80000	 99.18000	 52.03059	 99.18000
261.00000	 99.18000	 52.02588	 99.18000
261.20000	 99.16000	 52.00795	 99.16000
261.40000	 99.12000	 51.97691	 99.12000
261.60000	 99.09000	 51.95249	 99.09000
261.80000	 99.06000	 51.92819	 99.06000
262.00000	 99.07000	 51.93020	 99.07000
262.20000	 99.13000	 51.96499	 99.13000
262.40000	 99.20000	 52.00639	 99.20000
262.60000	 99.29000	 52.06083	 99.29000
262.80000	 99.39000	 52.12174	 99.39000
263.00000	 99.50000	 52.18903	 99.50000
263.20000	 99.64000	 52.27572	 99.64000
263.40000	 99.78000	 52.36213	 99.78000
263.60000	 99.90000	 52.43518	 99.90000
263.80000	100.00000	 52.49486	100.00000
264.00000	100.06000	 52.52813	100.06000
264.20000	100.01000	 52.48938	100.01000
264.40000	 99.91000	 52.41797	 99.91000
264.60000	 99.78000	 52.32715	 99.78000
264.80000	 99.66000	 52.24321	 99.66000
265.00000	 99.56000	 52.17278	 99.56000
265.20000	 99.51000	 52.13547	 99.51000
265.40000	 99.51000	 52.13125	 99.51000
265.60000	 99.56000	 52.16001	 99.56000
265.80000	 99.65000	 52.21509	 99.65000
266.00000	 99.79000	 52.30288	 99.79000
266.20000	100.09000	 52.49500	100.09000
266.40000	100.44000	 52.71934	100.44000
266.60000	100.81000	 52.95602	100.81000
266.80000	101.17000	 53.18527	101.17000
267.00000	101.50000	 53.39389	101.50000
267.20000	101.67000	 53.49701	101.67000
267.40000	101.78000	 53.56009	101.78000
267.60000	101.83000	 53.58335	101.83000
267.80000	101.83000	 53.57356	101.83000
268.00000	101.77000	 53.52442	101.77000
268.20000	101.65000	 53.43617	101.65000
268.40000	101.47000	 53.30905	101.47000
268.60000	101.24000	 53.14981	101.24000
268.80000	100.99000	 52.97828	100.99000
269.00000	100.70000	 52.78155	100.70000
269.20000	100.39000	 52.57284	100.39000
269.40000	100.08000	 52.36534	100.08000
269.60000	 99.75000	 52.14605	 99.75000
269.80000	 99.40000	 51.91504	 99.40000
270.00000	 99.04000	 51.67890	 99.04000
270.20000	 98.66000	 51.43113	 98.66000
270.40000	 98.21000	 51.13912	 98.21000
270.60000	 97.78000	 50.86174	 97.78000
270.80000	 97.36000	 50.59247	 97.36000
271.00000	 96.99000	 50.35743	 96.99000
271.20000	 96.67000	 50.15652	 96.67000
271.40000	 96.54000	 50.08100	 96.54000
271.60000	 96.51000	 50.07175	 96.51000
271.80000	 96.53000	 50.09576	 96.53000
272.00000	 96.56000	 50.12657	 96.56000
272.20000	 96.60000	 50.16396	 96.60000
272.40000	 96.55000	 50.14245	 96.55000
272.60000	 96.35000	 50.02289	 96.35000
272.80000	 96.16000	 49.90991	 96.16000
273.00000	 95.99000	 49.81016	 95.99000
273.20000	 95.89000	 49.75634	 95.89000
273.40000	 95.88000	 49.76144	 95.88000
273.60000	 96.15000	 49.94933	 96.15000
273.80000	 96.50000	 50.18899	 96.50000
274.00000	 96.91000	 50.46694	 96.91000
274.20000	 97.35000	 50.76323	 97.35000
274.40000	 97.80000	 51.06454	 97.80000
274.60000	 98.16000	 51.30541	 98.16000
274.80000	 98.49000	 51.52503	 98.49000
275.00000	 98.82000	 51.74303	 98.82000
275.20000	 99.13000	 51.94642	 99.13000
275.40000	 99.42000	 52.13529	 99.42000
275.60000	 99.64000	 52.27708	 99.64000
275.80000	 99.85000	 52.41114	 99.85000
276.00000	100.06000	 52.54415	100.06000
276.20000	100.30000	 52.69577	100.30000
276.40000	100.57000	 52.86607	100.57000
276.60000	100.95000	 53.10727	100.95000
276.80000	101.40000	 53.39311	101.40000
277.00000	101.89000	 53.70384	101.89000
277.20000	102.44000	 54.05236	102.44000
277.40000	103.03000	 54.42544	103.03000
277.60000	103.75000	 54.88168	103.75000
277.80000	104.51000	 55.36207	104.51000
278.00000	105.25000	 55.82723	105.25000
278.20000	105.95000	 56.26402	105.95000
278.40000	106.59000	 56.65940	106.59000
278.60000	107.01000	 56.90902	107.01000
278.80000	107.34000	 57.09812	107.34000
279.00000	107.59000	 57.23364	107.59000
279.20000	107.74000	 57.30291	107.74000
279.40000	107.82000	 57.32590	107.82000
279.60000	107.83000	 57.30300	107.83000
279.80000	107.76000	 57.22802	107.76000
280.00000	107.63000	 57.11435	107.63000
280.20000	107.42000	 56.94924	107.42000
280.40000	107.15000	 56.74606	107.15000
280.60000	106.77000	 56.47243	106.77000
280.80000	106.30000	 56.14172	106.30000
281.00000	105.79000	 55.78690	105.79000
281.20000	105.27000	 55.42779	105.27000
281.40000	104.75000	 55.07108	104.75000
281.60000	104.31000	 54.76908	104.31000
281.80000	104.03000	 54.57393	104.03000
282.00000	103.78000	 54.40050	103.78000
282.20000	103.54000	 54.23546	103.54000
282.40000	103.29000	 54.06558	103.29000
282.60000	103.01000	 53.87764	103.01000
282.80000	102.58000	 53.59324	102.58000
283.00000	102.11000	 53.28432	102.11000
283.20000	101.62000	 52.96406	101.62000
283.40000	101.13000	 52.64560	101.13000
283.60000	100.64000	 52.32901	100.64000
283.80000	100.19000	 52.04040	100.19000
284.00000	 99.79000	 51.78623	 99.79000
284.20000	 99.40000	 51.54027	 99.40000
284.40000	 99.04000	 51.31546	 99.04000
284.60000	 98.71000	 51.11167	 98.71000
284.80000	 98.40000	 50.92223	 98.40000
285.00000	 98.07000	 50.72088	 98.07000
285.20000	 97.77000	 50.54019	 97.77000
285.40000	 97.53000	 50.39964	 97.53000
285.60000	 97.34000	 50.29253	 97.34000
285.80000	 97.23000	 50.23829	 97.23000
286.00000	 97.30000	 50.30194	 97.30000
286.20000	 97.49000	 50.44393	 97.49000
286.40000	 97.73000	 50.61812	 97.73000
286.60000	 98.01000	 50.81765	 98.01000
286.80000	 98.28000	 51.00959	 98.28000
287.00000	 98.48000	 51.15460	 98.48000
287.20000	 98.60000	 51.24614	 98.60000
287.40000	 98.69000	 51.31697	 98.69000
287.60000	 98.78000	 51.38679	 98.78000
