  0.00000	104.62000	 45.81128	104.62000
  0.20000	104.37000	 45.68837	104.37000
  0.40000	104.12000	 45.56795	104.12000
  0.60000	103.86000	 45.44539	103.86000
  0.80000	103.59000	 45.32138	103.59000
  1.00000	103.32000	 45.20192	103.32000
  1.20000	103.03000	 45.07663	103.03000
  1.40000	102.73000	 44.95134	102.73000
  1.60000	102.43000	 44.83182	102.43000
  1.80000	102.11000	 44.70749	102.11000
  2.00000	101.78000	 44.58399	101.78000
  2.20000	101.40000	 44.43986	101.40000
  2.40000	101.01000	 44.29710	101.01000
  2.60000	100.62000	 44.16140	100.62000
  2.80000	100.24000	 44.03833	100.24000
  3.00000	 99.88000	 43.93328	 99.88000
  3.20000	 99.59000	 43.87313	 99.59000
  3.40000	 99.33000	 43.83561	 99.33000
  3.60000	 99.11000	 43.82539	 99.11000
  3.80000	 98.91000	 43.83073	 98.91000
  4.00000	 98.73000	 43.85070	 98.73000
  4.20000	 98.55000	 43.87356	 98.55000
  4.40000	 98.39000	 43.90930	 98.39000
  4.60000	 98.25000	 43.95711	 98.25000
  4.80000	 98.12000	 44.01077	 98.12000
  5.00000	 98.02000	 44.08036	 98.02000
  5.20000	 97.88000	 44.12721	 97.88000
  5.40000	 97.78000	 44.19419	 97.78000
  5.60000	 97.73000	 44.28614	 97.73000
  5.80000	 97.74000	 44.40775	 97.74000
  6.00000	 97.85000	 44.57977	 97.85000
  6.20000	 98.08000	 44.81174	 98.08000
  6.40000	 98.39000	 45.08040	 98.39000
  6.60000	 98.79000	 45.38939	 98.79000
  6.80000	 99.27000	 45.73145	 99.27000
  7.00000	 99.87000	 46.12632	 99.87000
  7.20000	100.53000	 46.53944	100.53000
  7.40000	101.26000	 46.97428	101.26000
  7.60000	102.01000	 47.40197	102.01000
  7.80000	102.80000	 47.83186	102.80000
  8.00000	103.60000	 48.24651	103.60000
  8.20000	104.38000	 48.62884	104.38000
  8.40000	105.13000	 48.97305	105.13000
  8.60000	105.78000	 49.24138	105.78000
  8.80000	106.31000	 49.42385	106.31000
  9.00000	106.79000	 49.55993	106.79000
  9.20000	107.23000	 49.65688	107.23000
  9.40000	107.65000	 49.72746	107.65000
  9.60000	108.10000	 49.80065	108.10000
  9.80000	108.53000	 49.85100	108.53000
 10.00000	108.92000	 49.86930	108.92000
 10.20000	109.26000	 49.85181	109.26000
 10.40000	109.54000	 49.79489	109.54000
 10.60000	109.76000	 49.70045	109.76000
 10.80000	109.92000	 49.57045	109.92000
 11.00000	110.01000	 49.40153	110.01000
 11.20000	110.03000	 49.19576	110.03000
 11.40000	109.95000	 48.93905	109.95000
 11.60000	109.80000	 48.64993	109.80000
 11.80000	109.58000	 48.33064	109.58000
 12.00000	109.31000	 47.99420	109.31000
 12.20000	108.97000	 47.63179	108.97000
 12.40000	108.59000	 47.26158	108.59000
 12.60000	108.17000	 46.88524	108.17000
 12.80000	107.70000	 46.49885	107.70000
 13.00000	107.19000	 46.10912	107.19000
 13.20000	106.65000	 45.72259	106.65000
 13.40000	106.06000	 45.32933	106.06000
 13.60000	105.44000	 44.94096	105.44000
 13.80000	104.81000	 44.56889	104.81000
 14.00000	104.18000	 44.21884	104.18000
 14.20000	103.56000	 43.89627	103.56000
 14.40000	103.01000	 43.63333	103.01000
 14.60000	102.48000	 43.40214	102.48000
 14.80000	101.96000	 43.19622	101.96000
 15.00000	101.44000	 43.00899	101.44000
 15.20000	100.92000	 42.83927	100.92000
 15.40000	100.26000	 42.61011	100.26000
 15.60000	 99.61000	 42.40224	 99.61000
 15.80000	 99.02000	 42.24212	 99.02000
 16.00000	 98.51000	 42.13957	 98.51000
 16.20000	 98.14000	 42.12563	 98.14000
 16.40000	 98.09000	 42.29559	 98.09000
 16.60000	 98.18000	 42.54844	 98.18000
 16.80000	 98.37000	 42.85867	 98.37000
 17.00000	 98.66000	 43.22245	 98.66000
 17.20000	 99.00000	 43.60893	 99.00000
 17.40000	 99.37000	 44.00393	 99.37000
 17.60000	 99.80000	 44.42072	 99.80000
 17.80000	100.30000	 44.86205	100.30000
 18.00000	100.86000	 45.32001	100.86000
 18.20000	101.56000	 45.83566	101.56000
 18.40000	102.29000	 46.34703	102.29000
 18.60000	103.05000	 46.85214	103.05000
 18.80000	103.81000	 47.33316	103.81000
 19.00000	104.51000	 47.75656	104.51000
 19.20000	105.16000	 48.12745	105.16000
 19.40000	105.77000	 48.45155	105.77000
 19.60000	106.35000	 48.73501	106.35000
 19.80000	106.87000	 48.96266	106.87000
 20.00000	107.35000	 49.14679	107.35000
 20.20000	107.77000	 49.27829	107.77000
 20.40000	108.13000	 49.35913	108.13000
 20.60000	108.45000	 49.40234	108.45000
 20.80000	108.71000	 49.39932	108.71000
 21.00000	108.91000	 49.35245	108.91000
 21.20000	109.04000	 49.25874	109.04000
 21.40000	109.09000	 49.11532	109.09000
 21.60000	109.04000	 48.91401	109.04000
 21.80000	108.90000	 48.66301	108.90000
 22.00000	108.68000	 48.37058	108.68000
 22.20000	108.37000	 48.03414	108.37000
 22.40000	107.97000	 47.65649	107.97000
 22.60000	107.38000	 47.18628	107.38000
 22.80000	106.66000	 46.65922	106.66000
 23.00000	105.94000	 46.14892	105.94000
 23.20000	105.27000	 45.68501	105.27000
 23.40000	104.69000	 45.29082	104.69000
 23.60000	104.49000	 45.12394	104.49000
 23.80000	104.49000	 45.08528	104.49000
 24.00000	104.58000	 45.11261	104.58000
 24.20000	104.73000	 45.18671	104.73000
 24.40000	104.89000	 45.27754	104.89000
 24.60000	104.95000	 45.32289	104.95000
 24.80000	104.99000	 45.36421	104.99000
 25.00000	104.99000	 45.38918	104.99000
 25.20000	104.96000	 45.40210	104.96000
 25.40000	104.86000	 45.38050	104.86000
 25.60000	104.67000	 45.31321	104.67000
 25.80000	104.43000	 45.22203	104.43000
 26.00000	104.16000	 45.11815	104.16000
 26.20000	103.87000	 45.00742	103.87000
 26.40000	103.59000	 44.90648	103.59000
 26.60000	103.34000	 44.82642	103.34000
 26.80000	103.07000	 44.74018	103.07000
 27.00000	102.78000	 44.64784	102.78000
 27.20000	102.47000	 44.54949	102.47000
 27.40000	102.06000	 44.40200	102.06000
 27.60000	101.60000	 44.23302	101.60000
 27.80000	101.16000	 44.08115	101.16000
 28.00000	100.73000	 43.94139	100.73000
 28.20000	100.38000	 43.85186	100.38000
 28.40000	100.18000	 43.85011	100.18000
 28.60000	100.03000	 43.88089	100.03000
 28.80000	 99.92000	 43.93749	 99.92000
 29.00000	 99.82000	 44.00234	 99.82000
 29.20000	 99.63000	 44.02009	 99.63000
 29.40000	 99.41000	 44.02266	 99.41000
 29.60000	 99.24000	 44.05300	 99.24000
 29.80000	 99.16000	 44.13219	 99.16000
 30.00000	 99.25000	 44.30257	 99.25000
 30.20000	 99.58000	 44.60030	 99.58000
 30.40000	100.03000	 44.95775	100.03000
 30.60000	100.55000	 45.34500	100.55000
 30.80000	101.13000	 45.75393	101.13000
 31.00000	101.70000	 46.14419	101.70000
 31.20000	102.30000	 46.53554	102.30000
 31.40000	102.92000	 46.92097	102.92000
 31.60000	103.57000	 47.30465	103.57000
 31.80000	104.29000	 47.70718	104.29000
 32.00000	104.99000	 48.07886	104.99000
 32.20000	105.65000	 48.40833	105.65000
 32.40000	106.25000	 48.68475	106.25000
 32.60000	106.70000	 48.85999	106.70000
 32.80000	107.05000	 48.96258	107.05000
 33.00000	107.31000	 48.99994	107.31000
 33.20000	107.49000	 48.97983	107.49000
 33.40000	107.53000	 48.87236	107.53000
 33.60000	107.50000	 48.71845	107.50000
 33.80000	107.42000	 48.53197	107.42000
 34.00000	107.31000	 48.32661	107.31000
 34.20000	107.28000	 48.16453	107.28000
 34.40000	107.30000	 48.03126	107.30000
 34.60000	107.30000	 47.89016	107.30000
 34.80000	107.28000	 47.74230	107.28000
 35.00000	107.20000	 47.56704	107.20000
 35.20000	106.99000	 47.32760	106.99000
 35.40000	106.69000	 47.04717	106.69000
 35.60000	106.34000	 46.74911	106.34000
 35.80000	105.95000	 46.44043	105.95000
 36.00000	105.52000	 46.12258	105.52000
 36.20000	105.10000	 45.82390	105.10000
 36.40000	104.66000	 45.52905	104.66000
 36.60000	104.21000	 45.24413	104.21000
 36.80000	103.76000	 44.97501	103.76000
 37.00000	103.31000	 44.72192	103.31000
 37.20000	102.89000	 44.50108	102.89000
 37.40000	102.49000	 44.30676	102.49000
 37.60000	102.08000	 44.12215	102.08000
 37.80000	101.66000	 43.94666	101.66000
 38.00000	101.24000	 43.78512	101.24000
 38.20000	100.75000	 43.59897	100.75000
 38.40000	100.24000	 43.41495	100.24000
 38.60000	 99.75000	 43.25439	 99.75000
 38.80000	 99.27000	 43.11136	 99.27000
 39.00000	 98.82000	 42.99607	 98.82000
 39.20000	 98.49000	 42.95640	 98.49000
 39.40000	 98.19000	 42.94222	 98.19000
 39.60000	 97.93000	 42.95744	 97.93000
 39.80000	 97.69000	 42.98970	 97.69000
 40.00000	 97.45000	 43.02669	 97.45000
 40.20000	 97.18000	 43.05089	 97.18000
 40.40000	 96.94000	 43.09378	 96.94000
 40.60000	 96.77000	 43.17599	 96.77000
 40.80000	 96.69000	 43.30710	 96.69000
 41.00000	 96.76000	 43.51805	 96.76000
 41.20000	 96.96000	 43.79592	 96.96000
 41.40000	 97.26000	 44.12206	 97.26000
 41.60000	 97.65000	 44.48855	 97.65000
 41.80000	 98.11000	 44.88206	 98.11000
 42.00000	 98.66000	 45.31103	 98.66000
 42.20000	 99.27000	 45.75691	 99.27000
 42.40000	 99.94000	 46.21757	 99.94000
 42.60000	100.65000	 46.68029	100.65000
 42.80000	101.42000	 47.15426	101.42000
 43.00000	102.20000	 47.61101	102.20000
 43.20000	102.99000	 48.04951	102.99000
 43.40000	103.75000	 48.44747	103.75000
 43.60000	104.43000	 48.77772	104.43000
 43.80000	105.07000	 49.06251	105.07000
 44.00000	105.69000	 49.31365	105.69000
 44.20000	106.30000	 49.53775	106.30000
 44.40000	106.93000	 49.75233	106.93000
 44.60000	107.56000	 49.94778	107.56000
 44.80000	108.17000	 50.11451	108.17000
 45.00000	108.77000	 50.25929	108.77000
 45.20000	109.37000	 50.38888	109.37000
 45.40000	109.94000	 50.48838	109.94000
 45.60000	110.47000	 50.55381	110.47000
 45.80000	110.95000	 50.58131	110.95000
 46.00000	111.35000	 50.55634	111.35000
 46.20000	111.66000	 50.47548	111.66000
 46.40000	111.89000	 50.34634	111.89000
 46.60000	112.04000	 50.17129	112.04000
 46.80000	112.10000	 49.94735	112.10000
 47.00000	112.05000	 49.66627	112.05000
 47.20000	111.87000	 49.31991	111.87000
 47.40000	111.61000	 48.93828	111.61000
 47.60000	111.28000	 48.52959	111.28000
 47.80000	110.86000	 48.08563	110.86000
 48.00000	110.38000	 47.62519	110.38000
 48.20000	109.82000	 47.13975	109.82000
 48.40000	109.21000	 46.64768	109.21000
 48.60000	108.59000	 46.17249	108.59000
 48.80000	107.95000	 45.71014	107.95000
 49.00000	107.34000	 45.28869	107.34000
 49.20000	106.77000	 44.91396	106.77000
 49.40000	106.21000	 44.56956	106.21000
 49.60000	105.67000	 44.26046	105.67000
 49.80000	105.15000	 43.98589	105.15000
 50.00000	104.65000	 43.74483	104.65000
 50.20000	104.17000	 43.53608	104.17000
 50.40000	103.72000	 43.36368	103.72000
 50.60000	103.28000	 43.21526	103.28000
 50.80000	102.88000	 43.10552	102.88000
 51.00000	102.41000	 42.97322	102.41000
 51.20000	101.97000	 42.87123	101.97000
 51.40000	101.61000	 42.82525	101.61000
 51.60000	101.37000	 42.85520	101.37000
 51.80000	101.30000	 42.98592	101.30000
 52.00000	101.53000	 43.28486	101.53000
 52.20000	101.89000	 43.65594	101.89000
 52.40000	102.36000	 44.08416	102.36000
 52.60000	102.92000	 44.55462	102.92000
 52.80000	103.53000	 45.04180	103.53000
 53.00000	104.17000	 45.53149	104.17000
 53.20000	104.86000	 46.03164	104.86000
 53.40000	105.57000	 46.52350	105.57000
 53.60000	106.28000	 46.99425	106.28000
 53.80000	106.98000	 47.43702	106.98000
 54.00000	107.67000	 47.85088	107.67000
 54.20000	108.33000	 48.22456	108.33000
 54.40000	108.95000	 48.55268	108.95000
 54.60000	109.51000	 48.82494	109.51000
 54.80000	110.03000	 49.05316	110.03000
 55.00000	110.49000	 49.22785	110.49000
 55.20000	110.90000	 49.35608	110.90000
 55.40000	111.24000	 49.42892	111.24000
 55.60000	111.53000	 49.45936	111.53000
 55.80000	111.80000	 49.46589	111.80000
 56.00000	112.04000	 49.44525	112.04000
 56.20000	112.31000	 49.43200	112.31000
 56.40000	112.54000	 49.38998	112.54000
 56.60000	112.74000	 49.32633	112.74000
 56.80000	112.89000	 49.23190	112.89000
 57.00000	112.96000	 49.09219	112.96000
 57.20000	112.94000	 48.90369	112.94000
 57.40000	112.85000	 48.67931	112.85000
 57.60000	112.70000	 48.42659	112.70000
 57.80000	112.47000	 48.13676	112.47000
 58.00000	112.14000	 47.80111	112.14000
 58.20000	111.72000	 47.42724	111.72000
 58.40000	111.24000	 47.03364	111.24000
 58.60000	110.71000	 46.62778	110.71000
 58.80000	110.15000	 46.22232	110.15000
 59.00000	109.57000	 45.82420	109.57000
 59.20000	108.98000	 45.44003	108.98000
 59.40000	108.38000	 45.07065	108.38000
 59.60000	107.77000	 44.71661	107.77000
 59.80000	107.15000	 44.37819	107.15000
 60.00000	106.54000	 44.06627	106.54000
 60.20000	105.94000	 43.78060	105.94000
 60.40000	105.35000	 43.52071	105.35000
 60.60000	104.80000	 43.30213	104.80000
 60.80000	104.28000	 43.11844	104.28000
 61.00000	103.83000	 42.99006	103.83000
 61.20000	103.47000	 42.92621	103.47000
 61.40000	103.16000	 42.90323	103.16000
 61.60000	102.87000	 42.90279	102.87000
 61.80000	102.61000	 42.92827	102.61000
 62.00000	102.34000	 42.95607	102.34000
 62.20000	102.06000	 42.98449	102.06000
 62.40000	101.80000	 43.02834	101.80000
 62.60000	101.54000	 43.07541	101.54000
 62.80000	101.30000	 43.13535	101.30000
 63.00000	101.00000	 43.16375	101.00000
 63.20000	100.72000	 43.20324	100.72000
 63.40000	100.50000	 43.27481	100.50000
 63.60000	100.38000	 43.39925	100.38000
 63.80000	100.43000	 43.61317	100.43000
 64.00000	100.73000	 43.95790	100.73000
 64.20000	101.13000	 44.34935	101.13000
 64.40000	101.63000	 44.78460	101.63000
 64.60000	102.20000	 45.24451	102.20000
 64.80000	102.84000	 45.72641	102.84000
 65.00000	103.50000	 46.20081	103.50000
 65.20000	104.15000	 46.64951	104.15000
 65.40000	104.77000	 47.06030	104.77000
 65.60000	105.24000	 47.36752	105.24000
 65.80000	105.62000	 47.60403	105.62000
 66.00000	105.94000	 47.78715	105.94000
 66.20000	106.22000	 47.92917	106.22000
 66.40000	106.41000	 48.00471	106.41000
 66.60000	106.56000	 48.04290	106.56000
 66.80000	106.70000	 48.06211	106.70000
 67.00000	106.87000	 48.08601	106.87000
 67.20000	107.12000	 48.14331	107.12000
 67.40000	107.49000	 48.25671	107.49000
 67.60000	107.92000	 48.39412	107.92000
 67.80000	108.39000	 48.54479	108.39000
 68.00000	108.92000	 48.71947	108.92000
 68.20000	109.51000	 48.91789	109.51000
 68.40000	110.14000	 49.12874	110.14000
 68.60000	110.79000	 49.34071	110.79000
 68.80000	111.48000	 49.56419	111.48000
 69.00000	112.20000	 49.79330	112.20000
 69.20000	112.98000	 50.04385	112.98000
 69.40000	113.74000	 50.27198	113.74000
 69.60000	114.44000	 50.45582	114.44000
 69.80000	115.07000	 50.59019	115.07000
 70.00000	115.54000	 50.62714	115.54000
 70.20000	115.82000	 50.55201	115.82000
 70.40000	115.99000	 50.41055	115.99000
 70.60000	116.04000	 50.20011	116.04000
 70.80000	115.98000	 49.92909	115.98000
 71.00000	115.76000	 49.57357	115.76000
 71.20000	115.38000	 49.13704	115.38000
 71.40000	114.95000	 48.68274	114.95000
 71.60000	114.48000	 48.21940	114.48000
 71.80000	114.02000	 47.77693	114.02000
 72.00000	113.62000	 47.38456	113.62000
 72.20000	113.31000	 47.05984	113.31000
 72.40000	113.07000	 46.79239	113.07000
 72.60000	112.90000	 46.58194	112.90000
 72.80000	112.83000	 46.44395	112.83000
 73.00000	112.98000	 46.44193	112.98000
 73.20000	113.22000	 46.50297	113.22000
 73.40000	113.52000	 46.60805	113.52000
 73.60000	113.85000	 46.73812	113.85000
 73.80000	114.13000	 46.84728	114.13000
 74.00000	114.33000	 46.91728	114.33000
 74.20000	114.55000	 47.00092	114.55000
 74.40000	114.80000	 47.10237	114.80000
 74.60000	115.10000	 47.23122	115.10000
 74.80000	115.55000	 47.44028	115.55000
 75.00000	116.00000	 47.64649	116.00000
 75.20000	116.45000	 47.84829	116.45000
 75.40000	116.85000	 48.01736	116.85000
 75.60000	117.05000	 48.07181	117.05000
 75.80000	117.20000	 48.09332	117.20000
 76.00000	117.29000	 48.07725	117.29000
 76.20000	117.34000	 48.03548	117.34000
 76.40000	117.40000	 47.99619	117.40000
 76.60000	117.49000	 47.97113	117.49000
 76.80000	117.53000	 47.91766	117.53000
 77.00000	117.51000	 47.83122	117.51000
 77.20000	117.42000	 47.70740	117.42000
 77.40000	117.16000	 47.49336	117.16000
 77.60000	116.79000	 47.22349	116.79000
 77.80000	116.35000	 46.92162	116.35000
 78.00000	115.86000	 46.60073	115.86000
 78.20000	115.34000	 46.27362	115.34000
 78.40000	114.88000	 45.99072	114.88000
 78.60000	114.41000	 45.71517	114.41000
 78.80000	113.92000	 45.44231	113.92000
 79.00000	113.39000	 45.16192	113.39000
 79.20000	112.83000	 44.87997	112.83000
 79.40000	112.12000	 44.53200	112.12000
 79.60000	111.40000	 44.19481	111.40000
 79.80000	110.69000	 43.87996	110.69000
 80.00000	110.02000	 43.60406	110.02000
 80.20000	109.47000	 43.41033	109.47000
 80.40000	109.11000	 43.33574	109.11000
 80.60000	108.81000	 43.30797	108.81000
 80.80000	108.53000	 43.30324	108.53000
 81.00000	108.28000	 43.32493	108.28000
 81.20000	107.90000	 43.28447	107.90000
 81.40000	107.47000	 43.22407	107.47000
 81.60000	107.09000	 43.19712	107.09000
 81.80000	106.79000	 43.21891	106.79000
 82.00000	106.63000	 43.32062	106.63000
 82.20000	106.71000	 43.55447	106.71000
 82.40000	106.90000	 43.84722	106.90000
 82.60000	107.16000	 44.17420	107.16000
 82.80000	107.49000	 44.53252	107.49000
 83.00000	107.78000	 44.85992	107.78000
 83.20000	108.12000	 45.20310	108.12000
 83.40000	108.52000	 45.56566	108.52000
 83.60000	108.96000	 45.93507	108.96000
 83.80000	109.58000	 46.38556	109.58000
 84.00000	110.23000	 46.83395	110.23000
 84.20000	110.87000	 47.25691	110.87000
 84.40000	111.45000	 47.62625	111.45000
 84.60000	111.86000	 47.88204	111.86000
 84.80000	112.17000	 48.06299	112.17000
 85.00000	112.37000	 48.16513	112.37000
 85.20000	112.45000	 48.18508	112.45000
 85.40000	112.35000	 48.09295	112.35000
 85.60000	112.17000	 47.94611	112.17000
 85.80000	111.94000	 47.76412	111.94000
 86.00000	111.70000	 47.57178	111.70000
 86.20000	111.60000	 47.45301	111.60000
 86.40000	111.50000	 47.33366	111.50000
 86.60000	111.38000	 47.20427	111.38000
 86.80000	111.23000	 47.06066	111.23000
 87.00000	111.02000	 46.88779	111.02000
 87.20000	110.68000	 46.64908	110.68000
 87.40000	110.30000	 46.39494	110.30000
 87.60000	109.88000	 46.12698	109.88000
 87.80000	109.42000	 45.84668	109.42000
 88.00000	108.93000	 45.56083	108.93000
 88.20000	108.44000	 45.28683	108.44000
 88.40000	107.92000	 45.00932	107.92000
 88.60000	107.39000	 44.73988	107.39000
 88.80000	106.85000	 44.47905	106.85000
 89.00000	106.30000	 44.22719	106.30000
 89.20000	105.73000	 43.97907	105.73000
 89.40000	105.17000	 43.75103	105.17000
 89.60000	104.62000	 43.54294	104.62000
 89.80000	104.09000	 43.35990	104.09000
 90.00000	103.58000	 43.20138	103.58000
 90.20000	103.12000	 43.08288	103.12000
 90.40000	102.69000	 42.99258	102.69000
 90.60000	102.31000	 42.94015	102.31000
 90.80000	101.96000	 42.91342	101.96000
 91.00000	101.67000	 42.92720	101.67000
 91.20000	101.45000	 42.98532	101.45000
 91.40000	101.27000	 43.06974	101.27000
 91.60000	101.14000	 43.18409	101.14000
 91.80000	101.05000	 43.32116	101.05000
 92.00000	100.95000	 43.45217	100.95000
 92.20000	100.87000	 43.59193	100.87000
 92.40000	100.88000	 43.77704	100.88000
 92.60000	100.98000	 44.00599	100.98000
 92.80000	101.24000	 44.31493	101.24000
 93.00000	101.75000	 44.75034	101.75000
 93.20000	102.37000	 45.23333	102.37000
 93.40000	103.08000	 45.74999	103.08000
 93.60000	103.84000	 46.27575	103.84000
 93.80000	104.63000	 46.79725	104.63000
 94.00000	105.43000	 47.30161	105.43000
 94.20000	106.23000	 47.78187	106.23000
 94.40000	107.02000	 48.23157	107.02000
 94.60000	107.80000	 48.65019	107.80000
 94.80000	108.53000	 49.01596	108.53000
 95.00000	109.18000	 49.31311	109.18000
 95.20000	109.72000	 49.52650	109.72000
 95.40000	110.03000	 49.59301	110.03000
 95.60000	110.23000	 49.58054	110.23000
 95.80000	110.33000	 49.49785	110.33000
 96.00000	110.37000	 49.37008	110.37000
 96.20000	110.42000	 49.23856	110.42000
 96.40000	110.43000	 49.07915	110.43000
 96.60000	110.39000	 48.88920	110.39000
 96.80000	110.28000	 48.66054	110.28000
 97.00000	110.11000	 48.40116	110.11000
 97.20000	109.83000	 48.08652	109.83000
 97.40000	109.49000	 47.74631	109.49000
 97.60000	109.09000	 47.38300	109.09000
 97.80000	108.63000	 46.99892	108.63000
 98.00000	108.13000	 46.60701	108.13000
 98.20000	107.57000	 46.19831	107.57000
 98.40000	106.97000	 45.78536	106.97000
 98.60000	106.36000	 45.38587	106.36000
 98.80000	105.73000	 44.99550	105.73000
 99.00000	105.11000	 44.63129	105.11000
 99.20000	104.51000	 44.29903	104.51000
 99.40000	103.93000	 43.99870	103.93000
 99.60000	103.37000	 43.72996	103.37000
 99.80000	102.84000	 43.49758	102.84000
100.00000	102.33000	 43.29523	102.33000
100.20000	101.87000	 43.13803	101.87000
100.40000	101.45000	 43.01919	101.45000
100.60000	101.08000	 42.94255	101.08000
100.80000	100.76000	 42.90634	100.76000
101.00000	100.50000	 42.91406	100.50000
101.20000	100.36000	 42.99613	100.36000
101.40000	100.28000	 43.11760	100.28000
101.60000	100.25000	 43.27057	100.25000
101.80000	100.26000	 43.44722	100.26000
102.00000	100.28000	 43.62904	100.28000
102.20000	100.27000	 43.79243	100.27000
102.40000	100.32000	 43.98461	100.32000
102.60000	100.44000	 44.20948	100.44000
102.80000	100.65000	 44.47624	100.65000
103.00000	101.00000	 44.81020	101.00000
103.20000	101.49000	 45.20921	101.49000
103.40000	102.08000	 45.64919	102.08000
103.60000	102.80000	 46.14393	102.80000
103.80000	103.64000	 46.68543	103.64000
104.00000	104.60000	 47.27105	104.60000
104.20000	105.69000	 47.90358	105.69000
104.40000	106.87000	 48.55872	106.87000
104.60000	108.19000	 49.26109	108.19000
104.80000	109.69000	 50.02983	109.69000
105.00000	111.22000	 50.78108	111.22000
105.20000	112.73000	 51.48570	112.73000
105.40000	114.15000	 52.10458	114.15000
105.60000	115.32000	 52.55098	115.32000
105.80000	116.39000	 52.90770	116.39000
106.00000	117.35000	 53.17163	117.35000
106.20000	118.20000	 53.34568	118.20000
106.40000	118.95000	 53.43863	118.95000
106.60000	119.60000	 53.45417	119.60000
106.80000	120.16000	 53.40161	120.16000
107.00000	120.62000	 53.27951	120.62000
107.20000	121.00000	 53.10276	121.00000
107.40000	121.29000	 52.86994	121.29000
107.60000	121.49000	 52.58496	121.49000
107.80000	121.61000	 52.25706	121.61000
108.00000	121.63000	 51.87907	121.63000
108.20000	121.57000	 51.46537	121.57000
108.40000	121.43000	 51.01931	121.43000
108.60000	121.19000	 50.53321	121.19000
108.80000	120.86000	 50.01551	120.86000
109.00000	120.44000	 49.46903	120.44000
109.20000	119.87000	 48.86398	119.87000
109.40000	119.18000	 48.21939	119.18000
109.60000	118.42000	 47.56503	118.42000
109.80000	117.61000	 46.91407	117.61000
110.00000	116.75000	 46.26844	116.75000
110.20000	115.90000	 45.66212	115.90000
110.40000	115.08000	 45.10679	115.08000
110.60000	114.25000	 44.58098	114.25000
110.80000	113.40000	 44.07910	113.40000
111.00000	112.53000	 43.60070	112.53000
111.20000	111.63000	 43.13975	111.63000
111.40000	110.59000	 42.63597	110.59000
111.60000	109.57000	 42.17570	109.57000
111.80000	108.58000	 41.76368	108.58000
112.00000	107.65000	 41.41504	107.65000
112.20000	106.82000	 41.14986	106.82000
112.40000	106.23000	 41.04167	106.23000
112.60000	105.75000	 41.01672	105.75000
112.80000	105.38000	 41.07124	105.38000
113.00000	105.13000	 41.20666	105.13000
113.20000	105.01000	 41.42422	105.01000
113.40000	105.06000	 41.74122	105.06000
113.60000	105.19000	 42.10430	105.19000
113.80000	105.38000	 42.49825	105.38000
114.00000	105.63000	 42.91908	105.63000
114.20000	105.89000	 43.33610	105.89000
114.40000	106.16000	 43.74630	106.16000
114.60000	106.43000	 44.14182	106.43000
114.80000	106.67000	 44.50453	106.67000
115.00000	106.87000	 44.82776	106.87000
115.20000	106.93000	 45.05676	106.93000
115.40000	106.96000	 45.25146	106.96000
115.60000	106.96000	 45.41257	106.96000
115.80000	106.94000	 45.54647	106.94000
116.00000	106.93000	 45.67047	106.93000
116.20000	106.95000	 45.79644	106.95000
116.40000	106.96000	 45.90359	106.96000
116.60000	106.95000	 45.98746	106.95000
116.80000	106.92000	 46.04908	106.92000
117.00000	106.84000	 46.07331	106.84000
117.20000	106.73000	 46.07230	106.73000
117.40000	106.58000	 46.04201	106.58000
117.60000	106.40000	 45.98929	106.40000
117.80000	106.19000	 45.91561	106.19000
118.00000	105.81000	 45.74665	105.81000
118.20000	105.42000	 45.57114	105.42000
118.40000	105.07000	 45.41804	105.07000
118.60000	104.80000	 45.31033	104.80000
118.80000	104.71000	 45.30284	104.71000
119.00000	104.88000	 45.43841	104.88000
119.20000	105.18000	 45.64493	105.18000
119.40000	105.58000	 45.90398	105.58000
119.60000	106.07000	 46.20775	106.07000
119.80000	106.66000	 46.55922	106.66000
120.00000	107.31000	 46.93421	107.31000
120.20000	107.98000	 47.30873	107.98000
120.40000	108.66000	 47.67540	108.66000
120.60000	109.31000	 48.01102	109.31000
120.80000	109.91000	 48.30378	109.91000
121.00000	110.46000	 48.55329	110.46000
121.20000	110.94000	 48.74885	110.94000
121.40000	111.26000	 48.84244	111.26000
121.60000	111.48000	 48.86809	111.48000
121.80000	111.62000	 48.83867	111.62000
122.00000	111.70000	 48.76727	111.70000
122.20000	111.72000	 48.65622	111.72000
122.40000	111.70000	 48.51872	111.70000
122.60000	111.62000	 48.34623	111.62000
122.80000	111.49000	 48.14642	111.49000
123.00000	111.32000	 47.92688	111.32000
123.20000	111.11000	 47.68963	111.11000
123.40000	110.86000	 47.43656	110.86000
123.60000	110.57000	 47.16940	110.57000
123.80000	110.24000	 46.88975	110.24000
124.00000	109.87000	 46.59907	109.87000
124.20000	109.44000	 46.28785	109.44000
124.40000	108.97000	 45.96822	108.97000
124.60000	108.48000	 45.65218	108.48000
124.80000	107.96000	 45.33525	107.96000
125.00000	107.44000	 45.03444	107.44000
125.20000	106.89000	 44.73399	106.89000
125.40000	106.35000	 44.45592	106.35000
125.60000	105.82000	 44.20032	105.82000
125.80000	105.31000	 43.97240	105.31000
126.00000	104.84000	 43.78256	104.84000
126.20000	104.38000	 43.61378	104.38000
126.40000	103.98000	 43.49225	103.98000
126.60000	103.67000	 43.43295	103.67000
126.80000	103.46000	 43.43965	103.46000
127.00000	103.43000	 43.55353	103.43000
127.20000	103.60000	 43.78260	103.60000
127.40000	103.87000	 44.06921	103.87000
127.60000	104.23000	 44.40439	104.23000
127.80000	104.67000	 44.77926	104.67000
128.00000	105.13000	 45.15804	105.13000
128.20000	105.64000	 45.55412	105.64000
128.40000	106.18000	 45.95413	106.18000
128.60000	106.75000	 46.35592	106.75000
128.80000	107.38000	 46.77389	107.38000
129.00000	108.04000	 47.19011	108.04000
129.20000	108.66000	 47.56535	108.66000
129.40000	109.23000	 47.89346	109.23000
129.60000	109.67000	 48.13103	109.67000
129.80000	109.91000	 48.24102	109.91000
130.00000	110.04000	 48.27410	110.04000
130.20000	110.09000	 48.24896	110.09000
130.40000	110.04000	 48.15744	110.04000
130.60000	109.92000	 48.01871	109.92000
130.80000	109.74000	 47.84110	109.74000
131.00000	109.50000	 47.62750	109.50000
131.20000	109.23000	 47.39692	109.23000
131.40000	108.94000	 47.15727	108.94000
131.60000	108.67000	 46.93240	108.67000
131.80000	108.39000	 46.70779	108.39000
132.00000	108.09000	 46.47945	108.09000
132.20000	107.76000	 46.24320	107.76000
132.40000	107.36000	 45.97851	107.36000
132.60000	106.88000	 45.68117	106.88000
132.80000	106.41000	 45.40120	106.41000
133.00000	105.98000	 45.15577	105.98000
133.20000	105.64000	 44.97234	105.64000
133.40000	105.52000	 44.92099	105.52000
133.60000	105.52000	 44.94604	105.52000
133.80000	105.61000	 45.02917	105.61000
134.00000	105.75000	 45.14639	105.75000
134.20000	105.92000	 45.28457	105.92000
134.40000	106.09000	 45.42528	106.09000
134.60000	106.30000	 45.58831	106.30000
134.80000	106.54000	 45.76647	106.54000
135.00000	106.81000	 45.95810	106.81000
135.20000	107.15000	 46.18332	107.15000
135.40000	107.50000	 46.40804	107.50000
135.60000	107.83000	 46.61469	107.83000
135.80000	108.13000	 46.79692	108.13000
136.00000	108.35000	 46.92712	108.35000
136.20000	108.49000	 47.00537	108.49000
136.40000	108.57000	 47.04306	108.57000
136.60000	108.59000	 47.04112	108.59000
136.80000	108.52000	 46.98448	108.52000
137.00000	108.33000	 46.85843	108.33000
137.20000	108.08000	 46.69743	108.08000
137.40000	107.77000	 46.50352	107.77000
137.60000	107.41000	 46.28412	107.41000
137.80000	107.02000	 46.05204	107.02000
138.00000	106.61000	 45.81445	106.61000
138.20000	106.17000	 45.56751	106.17000
138.40000	105.71000	 45.31799	105.71000
138.60000	105.22000	 45.06169	105.22000
138.80000	104.70000	 44.79965	104.70000
139.00000	104.16000	 44.53822	104.16000
139.20000	103.63000	 44.29440	103.63000
139.40000	103.13000	 44.07947	103.13000
139.60000	102.67000	 43.89892	102.67000
139.80000	102.30000	 43.77951	102.30000
140.00000	102.00000	 43.70956	102.00000
140.20000	101.77000	 43.68784	101.77000
140.40000	101.63000	 43.72364	101.63000
140.60000	101.58000	 43.81507	101.58000
140.80000	101.66000	 43.98164	101.66000
141.00000	101.83000	 44.19916	101.83000
141.20000	102.08000	 44.45955	102.08000
141.40000	102.40000	 44.75472	102.40000
141.60000	102.82000	 45.09833	102.82000
141.80000	103.31000	 45.47147	103.31000
142.00000	103.82000	 45.84457	103.82000
142.20000	104.32000	 46.19929	104.32000
142.40000	104.77000	 46.51240	104.77000
142.60000	105.10000	 46.74514	105.10000
142.80000	105.38000	 46.93542	105.38000
143.00000	105.60000	 47.07834	105.60000
143.20000	105.76000	 47.17479	105.76000
143.40000	105.86000	 47.22601	105.86000
143.60000	105.90000	 47.23352	105.90000
143.80000	105.88000	 47.19902	105.88000
144.00000	105.81000	 47.12981	105.81000
144.20000	105.67000	 47.01700	105.67000
144.40000	105.46000	 46.86266	105.46000
144.60000	105.19000	 46.67436	105.19000
144.80000	104.89000	 46.47050	104.89000
145.00000	104.55000	 46.24763	104.55000
145.20000	104.17000	 46.00761	104.17000
145.40000	103.76000	 45.75757	103.76000
145.60000	103.34000	 45.50988	103.34000
145.80000	102.93000	 45.27662	102.93000
146.00000	102.55000	 45.06952	102.55000
146.20000	102.22000	 44.89992	102.22000
146.40000	101.95000	 44.77324	101.95000
146.60000	101.74000	 44.68909	101.74000
146.80000	101.60000	 44.65208	101.60000
147.00000	101.54000	 44.66649	101.54000
147.20000	101.62000	 44.76330	101.62000
147.40000	101.78000	 44.90798	101.78000
147.60000	102.00000	 45.08746	102.00000
147.80000	102.30000	 45.31035	102.30000
148.00000	102.64000	 45.55270	102.64000
148.20000	103.04000	 45.82319	103.04000
148.40000	103.48000	 46.10891	103.48000
148.60000	103.94000	 46.39717	103.94000
148.80000	104.44000	 46.69717	104.44000
149.00000	104.97000	 47.00205	104.97000
149.20000	105.49000	 47.28888	105.49000
149.40000	105.97000	 47.54057	105.97000
149.60000	106.38000	 47.74053	106.38000
149.80000	106.62000	 47.83486	106.62000
150.00000	106.79000	 47.87892	106.79000
150.20000	106.87000	 47.86347	106.87000
150.40000	106.88000	 47.80124	106.88000
150.60000	106.82000	 47.69435	106.82000
150.80000	106.68000	 47.53961	106.68000
151.00000	106.49000	 47.35559	106.49000
151.20000	106.24000	 47.13916	106.24000
151.40000	105.94000	 46.89798	105.94000
151.60000	105.63000	 46.65581	105.63000
151.80000	105.28000	 46.39822	105.28000
152.00000	104.89000	 46.12688	104.89000
152.20000	104.47000	 45.84872	104.47000
152.40000	104.00000	 45.55426	104.00000
152.60000	103.47000	 45.23938	103.47000
152.80000	102.89000	 44.91076	102.89000
153.00000	102.29000	 44.58583	102.29000
153.20000	101.68000	 44.27093	101.68000
153.40000	101.06000	 43.96676	101.06000
153.60000	100.41000	 43.66295	100.41000
153.80000	 99.77000	 43.38149	 99.77000
154.00000	 99.19000	 43.14949	 99.19000
154.20000	 98.69000	 42.97733	 98.69000
154.40000	 98.30000	 42.88021	 98.30000
154.60000	 98.18000	 42.94309	 98.18000
154.80000	 98.18000	 43.08186	 98.18000
155.00000	 98.28000	 43.28242	 98.28000
155.20000	 98.47000	 43.53599	 98.47000
155.40000	 98.74000	 43.83378	 98.74000
155.60000	 99.07000	 44.16168	 99.07000
155.80000	 99.46000	 44.51663	 99.46000
156.00000	 99.90000	 44.89037	 99.90000
156.20000	100.38000	 45.27493	100.38000
156.40000	100.88000	 45.65721	100.88000
156.60000	101.40000	 46.03535	101.40000
156.80000	101.95000	 46.41324	101.95000
157.00000	102.52000	 46.78421	102.52000
157.20000	103.14000	 47.16354	103.14000
157.40000	103.77000	 47.52869	103.77000
157.60000	104.38000	 47.86287	104.38000
157.80000	104.95000	 48.15509	104.95000
158.00000	105.42000	 48.37321	105.42000
158.20000	105.76000	 48.50202	105.76000
158.40000	106.02000	 48.57035	106.02000
158.60000	106.22000	 48.59112	106.22000
158.80000	106.35000	 48.56120	106.35000
159.00000	106.40000	 48.47762	106.40000
159.20000	106.41000	 48.36460	106.41000
159.40000	106.36000	 48.21383	106.36000
159.60000	106.29000	 48.04941	106.29000
159.80000	106.19000	 47.86816	106.19000
160.00000	106.11000	 47.69918	106.11000
160.20000	106.01000	 47.52242	106.01000
160.40000	105.89000	 47.33930	105.89000
160.60000	105.73000	 47.14026	105.73000
160.80000	105.54000	 46.93190	105.54000
161.00000	105.28000	 46.69369	105.28000
161.20000	104.99000	 46.44849	104.99000
161.40000	104.68000	 46.20279	104.68000
161.60000	104.35000	 45.95751	104.35000
161.80000	103.95000	 45.68633	103.95000
162.00000	103.51000	 45.40636	103.51000
162.20000	103.11000	 45.16169	103.11000
162.40000	102.78000	 44.96886	102.78000
162.60000	102.55000	 44.84385	102.55000
162.80000	102.63000	 44.89934	102.63000
163.00000	102.83000	 45.02996	102.83000
163.20000	103.14000	 45.22735	103.14000
163.40000	103.51000	 45.46133	103.51000
163.60000	103.88000	 45.69640	103.88000
163.80000	104.25000	 45.93001	104.25000
164.00000	104.66000	 46.18166	104.66000
164.20000	105.14000	 46.46562	105.14000
164.40000	105.71000	 46.79072	105.71000
164.60000	106.40000	 47.17112	106.40000
164.80000	107.15000	 47.57208	107.15000
165.00000	107.94000	 47.98067	107.94000
165.20000	108.77000	 48.39505	108.77000
165.40000	109.61000	 48.79738	109.61000
165.60000	110.46000	 49.18649	110.46000
165.80000	111.29000	 49.54526	111.29000
166.00000	112.10000	 49.87332	112.10000
166.20000	112.85000	 50.14900	112.85000
166.40000	113.55000	 50.37827	113.55000
166.60000	114.20000	 50.56205	114.20000
166.80000	114.78000	 50.69079	114.78000
167.00000	115.30000	 50.77153	115.30000
167.20000	115.74000	 50.79532	115.74000
167.40000	116.09000	 50.75891	116.09000
167.60000	116.34000	 50.65932	116.34000
167.80000	116.49000	 50.49924	116.49000
168.00000	116.46000	 50.23825	116.46000
168.20000	116.31000	 49.91225	116.31000
168.40000	116.06000	 49.53560	116.06000
168.60000	115.73000	 49.12259	115.73000
168.80000	115.31000	 48.67110	115.31000
169.00000	114.79000	 48.17886	114.79000
169.20000	114.22000	 47.67595	114.22000
169.40000	113.62000	 47.17584	113.62000
169.60000	113.02000	 46.69693	113.02000
169.80000	112.42000	 46.24083	112.42000
170.00000	111.93000	 45.86814	111.93000
170.20000	111.47000	 45.53563	111.47000
170.40000	111.05000	 45.24836	111.05000
170.60000	110.67000	 45.00552	110.67000
170.80000	110.32000	 44.80056	110.32000
171.00000	110.00000	 44.63214	110.00000
171.20000	109.74000	 44.51494	109.74000
171.40000	109.57000	 44.46338	109.57000
171.60000	109.50000	 44.48067	109.50000
171.80000	109.65000	 44.62916	109.65000
172.00000	109.89000	 44.83505	109.89000
172.20000	110.21000	 45.08940	110.21000
172.40000	110.58000	 45.37255	110.58000
172.60000	110.93000	 45.64344	110.93000
172.80000	111.28000	 45.91031	111.28000
173.00000	111.64000	 46.17647	111.64000
173.20000	112.02000	 46.44556	112.02000
173.40000	112.46000	 46.73771	112.46000
173.60000	112.93000	 47.03521	112.93000
173.80000	113.38000	 47.30970	113.38000
174.00000	113.78000	 47.54411	113.78000
174.20000	114.07000	 47.70567	114.07000
174.40000	114.22000	 47.77865	114.22000
174.60000	114.28000	 47.79141	114.28000
174.80000	114.28000	 47.76188	114.28000
175.00000	114.22000	 47.69195	114.22000
175.20000	114.14000	 47.60525	114.14000
175.40000	114.03000	 47.49823	114.03000
175.60000	113.85000	 47.35101	113.85000
175.80000	113.60000	 47.16547	113.60000
176.00000	113.28000	 46.94360	113.28000
176.20000	112.79000	 46.63332	112.79000
176.40000	112.23000	 46.29131	112.23000
176.60000	111.63000	 45.93628	111.63000
176.80000	111.00000	 45.57586	111.00000
177.00000	110.36000	 45.22278	110.36000
177.20000	109.79000	 44.92183	109.79000
177.40000	109.23000	 44.64129	109.23000
177.60000	108.68000	 44.38156	108.68000
177.80000	108.13000	 44.13735	108.13000
178.00000	107.59000	 43.91401	107.59000
178.20000	107.04000	 43.70041	107.04000
178.40000	106.51000	 43.51243	106.51000
178.60000	105.99000	 43.34409	105.99000
178.80000	105.49000	 43.20012	105.49000
179.00000	105.02000	 43.08506	105.02000
179.20000	104.58000	 42.99792	104.58000
179.40000	104.16000	 42.93214	104.16000
179.60000	103.77000	 42.89195	103.77000
179.80000	103.42000	 42.88149	103.42000
180.00000	103.02000	 42.85069	103.02000
180.20000	102.68000	 42.85811	102.68000
180.40000	102.43000	 42.91878	102.43000
180.60000	102.30000	 43.04740	102.30000
180.80000	102.38000	 43.29068	102.38000
181.00000	102.70000	 43.66202	102.70000
181.20000	103.15000	 44.09829	103.15000
181.40000	103.69000	 44.57413	103.69000
181.60000	104.31000	 45.08061	104.31000
181.80000	104.97000	 45.59286	104.97000
182.00000	105.66000	 46.10269	105.66000
182.20000	106.36000	 46.59698	106.36000
182.40000	107.07000	 47.07400	107.07000
182.60000	107.76000	 47.51622	107.76000
182.80000	108.39000	 47.90131	108.39000
183.00000	108.92000	 48.20764	108.92000
183.20000	109.27000	 48.39273	109.27000
183.40000	109.37000	 48.42065	109.37000
183.60000	109.35000	 48.36493	109.35000
183.80000	109.25000	 48.25078	109.25000
184.00000	109.13000	 48.11425	109.13000
184.20000	109.05000	 47.99108	109.05000
184.40000	108.94000	 47.84601	108.94000
184.60000	108.82000	 47.69231	108.82000
184.80000	108.68000	 47.52670	108.68000
185.00000	108.51000	 47.34569	108.51000
185.20000	108.31000	 47.15106	108.31000
185.40000	108.10000	 46.95525	108.10000
185.60000	107.90000	 46.77047	107.90000
185.80000	107.70000	 46.59233	107.70000
186.00000	107.57000	 46.45951	107.57000
186.20000	107.47000	 46.35060	107.47000
186.40000	107.37000	 46.24930	107.37000
186.60000	107.27000	 46.15546	107.27000
186.80000	107.15000	 46.05807	107.15000
187.00000	106.97000	 45.93535	106.97000
187.20000	106.73000	 45.78742	106.73000
187.40000	106.47000	 45.63628	106.47000
187.60000	106.19000	 45.48223	106.19000
187.80000	105.89000	 45.32558	105.89000
188.00000	105.59000	 45.17740	105.59000
188.20000	105.28000	 45.03240	105.28000
188.40000	104.97000	 44.89606	104.97000
188.60000	104.66000	 44.76833	104.66000
188.80000	104.34000	 44.64369	104.34000
189.00000	104.02000	 44.52737	104.02000
189.20000	103.68000	 44.40835	103.68000
189.40000	103.36000	 44.30810	103.36000
189.60000	103.04000	 44.21547	103.04000
189.80000	102.73000	 44.13549	102.73000
190.00000	102.44000	 44.07313	102.44000
190.20000	102.18000	 44.03325	102.18000
190.40000	101.95000	 44.01514	101.95000
190.60000	101.74000	 44.01259	101.74000
190.80000	101.55000	 44.02474	101.55000
191.00000	101.35000	 44.03451	101.35000
191.20000	101.16000	 44.05201	101.16000
191.40000	101.03000	 44.10361	101.03000
191.60000	100.97000	 44.19383	100.97000
191.80000	101.00000	 44.33232	101.00000
192.00000	101.25000	 44.58796	101.25000
192.20000	101.60000	 44.89346	101.60000
192.40000	102.03000	 45.23548	102.03000
192.60000	102.52000	 45.60073	102.52000
192.80000	103.04000	 45.97070	103.04000
193.00000	103.57000	 46.33259	103.57000
193.20000	104.12000	 46.69025	104.12000
193.40000	104.67000	 47.03160	104.67000
193.60000	105.20000	 47.34494	105.20000
193.80000	105.69000	 47.61902	105.69000
194.00000	106.16000	 47.86469	106.16000
194.20000	106.60000	 48.07688	106.60000
194.40000	107.00000	 48.25082	107.00000
194.60000	107.37000	 48.39284	107.37000
194.80000	107.68000	 48.48786	107.68000
195.00000	107.95000	 48.54810	107.95000
195.20000	108.17000	 48.56974	108.17000
195.40000	108.30000	 48.53285	108.30000
195.60000	108.38000	 48.46110	108.38000
195.80000	108.40000	 48.35117	108.40000
196.00000	108.39000	 48.22142	108.39000
196.20000	108.36000	 48.07926	108.36000
196.40000	108.30000	 47.92108	108.30000
196.60000	108.20000	 47.74315	108.20000
196.80000	108.06000	 47.54710	108.06000
197.00000	107.86000	 47.32363	107.86000
197.20000	107.58000	 47.06349	107.58000
197.40000	107.23000	 46.77374	107.23000
197.60000	106.83000	 46.46692	106.83000
197.80000	106.39000	 46.15001	106.39000
198.00000	105.91000	 45.82444	105.91000
198.20000	105.40000	 45.49689	105.40000
198.40000	104.85000	 45.16302	104.85000
198.60000	104.28000	 44.83460	104.28000
198.80000	103.70000	 44.51778	103.70000
199.00000	103.10000	 44.20761	103.10000
199.20000	102.47000	 43.89901	102.47000
199.40000	101.84000	 43.60843	101.84000
199.60000	101.23000	 43.34671	101.23000
199.80000	100.65000	 43.11892	100.65000
200.00000	100.13000	 42.94069	100.13000
200.20000	 99.68000	 42.81638	 99.68000
200.40000	 99.32000	 42.75540	 99.32000
200.60000	 99.05000	 42.75589	 99.05000
200.80000	 98.87000	 42.81566	 98.87000
201.00000	 98.82000	 42.95392	 98.82000
201.20000	 98.93000	 43.18404	 98.93000
201.40000	 99.15000	 43.47566	 99.15000
201.60000	 99.47000	 43.81995	 99.47000
201.80000	 99.87000	 44.20269	 99.87000
202.00000	100.40000	 44.64770	100.40000
202.20000	101.01000	 45.12458	101.01000
202.40000	101.63000	 45.59235	101.63000
202.60000	102.22000	 46.02685	102.22000
202.80000	102.68000	 46.37220	102.68000
203.00000	103.00000	 46.62242	103.00000
203.20000	103.25000	 46.81585	103.25000
203.40000	103.45000	 46.96432	103.45000
203.60000	103.61000	 47.07453	103.61000
203.80000	103.78000	 47.17503	103.78000
204.00000	103.91000	 47.24015	103.91000
204.20000	103.99000	 47.26601	103.99000
204.40000	104.03000	 47.25969	104.03000
204.60000	104.01000	 47.21215	104.01000
204.80000	103.92000	 47.11987	103.92000
205.00000	103.78000	 46.99572	103.78000
205.20000	103.60000	 46.84716	103.60000
205.40000	103.36000	 46.66535	103.36000
205.60000	103.08000	 46.46311	103.08000
205.80000	102.74000	 46.23149	102.74000
206.00000	102.36000	 45.98320	102.36000
206.20000	101.95000	 45.72538	101.95000
206.40000	101.49000	 45.44876	101.49000
206.60000	100.91000	 45.11696	100.91000
206.80000	100.28000	 44.76964	100.28000
207.00000	 99.67000	 44.44633	 99.67000
207.20000	 99.11000	 44.16438	 99.11000
207.40000	 98.62000	 43.93515	 98.62000
207.60000	 98.35000	 43.83969	 98.35000
207.80000	 98.20000	 43.82247	 98.20000
208.00000	 98.16000	 43.87607	 98.16000
208.20000	 98.22000	 43.99269	 98.22000
208.40000	 98.36000	 44.15883	 98.36000
208.60000	 98.61000	 44.38799	 98.61000
208.80000	 98.94000	 44.66100	 98.94000
209.00000	 99.32000	 44.95870	 99.32000
209.20000	 99.74000	 45.27298	 99.74000
209.40000	100.17000	 45.58519	100.17000
209.60000	100.61000	 45.89330	100.61000
209.80000	101.07000	 46.20108	101.07000
210.00000	101.56000	 46.51256	101.56000
210.20000	102.09000	 46.83198	102.09000
210.40000	102.70000	 47.17991	102.70000
210.60000	103.33000	 47.52273	103.33000
210.80000	103.95000	 47.84332	103.95000
211.00000	104.56000	 48.14114	104.56000
211.20000	105.09000	 48.37814	105.09000
211.40000	105.56000	 48.56559	105.56000
211.60000	105.98000	 48.70980	105.98000
211.80000	106.35000	 48.81199	106.35000
212.00000	106.67000	 48.87361	106.67000
212.20000	106.93000	 48.89089	106.93000
212.40000	107.13000	 48.86567	107.13000
212.60000	107.26000	 48.79453	107.26000
212.80000	107.33000	 48.68501	107.33000
213.00000	107.33000	 48.53390	107.33000
213.20000	107.17000	 48.29475	107.17000
213.40000	106.97000	 48.03529	106.97000
213.60000	106.72000	 47.75265	106.72000
213.80000	106.46000	 47.47084	106.46000
214.00000	106.20000	 47.19724	106.20000
214.20000	106.09000	 47.01460	106.09000
214.40000	105.96000	 46.83135	105.96000
214.60000	105.81000	 46.64782	105.81000
214.80000	105.63000	 46.45890	105.63000
215.00000	105.37000	 46.23779	105.37000
215.20000	104.84000	 45.88226	104.84000
215.40000	104.27000	 45.51851	104.27000
215.60000	103.70000	 45.16975	103.70000
215.80000	103.17000	 44.85879	103.17000
216.00000	102.74000	 44.61866	102.74000
216.20000	102.58000	 44.54109	102.58000
216.40000	102.51000	 44.52687	102.51000
216.60000	102.48000	 44.54674	102.48000
216.80000	102.48000	 44.59309	102.48000
217.00000	102.42000	 44.61510	102.42000
217.20000	102.27000	 44.59496	102.27000
217.40000	102.14000	 44.59131	102.14000
217.60000	102.08000	 44.63024	102.08000
217.80000	102.08000	 44.70515	102.08000
218.00000	102.31000	 44.90662	102.31000
218.20000	102.65000	 45.16730	102.65000
218.40000	103.06000	 45.46291	103.06000
218.60000	103.52000	 45.78006	103.52000
218.80000	104.01000	 46.10557	104.01000
219.00000	104.50000	 46.42113	104.50000
219.20000	104.99000	 46.72512	104.99000
219.40000	105.46000	 47.00546	105.46000
219.60000	105.88000	 47.24513	105.88000
219.80000	106.17000	 47.40059	106.17000
220.00000	106.42000	 47.52117	106.42000
220.20000	106.65000	 47.61861	106.65000
220.40000	106.86000	 47.69389	106.86000
220.60000	107.14000	 47.79681	107.14000
220.80000	107.44000	 47.90094	107.44000
221.00000	107.72000	 47.98519	107.72000
221.20000	107.96000	 48.03941	107.96000
221.40000	108.12000	 48.04283	108.12000
221.60000	108.12000	 47.95339	108.12000
221.80000	108.04000	 47.81638	108.04000
222.00000	107.89000	 47.63936	107.89000
222.20000	107.68000	 47.42993	107.68000
222.40000	107.42000	 47.19570	107.42000
222.60000	107.14000	 46.95498	107.14000
222.80000	106.81000	 46.69335	106.81000
223.00000	106.44000	 46.41796	106.44000
223.20000	106.03000	 46.13040	106.03000
223.40000	105.58000	 45.83210	105.58000
223.60000	105.08000	 45.51898	105.08000
223.80000	104.55000	 45.20309	104.55000
224.00000	103.99000	 44.88548	103.99000
224.20000	103.41000	 44.57247	103.41000
224.40000	102.81000	 44.26473	102.81000
224.60000	102.18000	 43.95737	102.18000
224.80000	101.55000	 43.66702	101.55000
225.00000	100.93000	 43.39925	100.93000
225.20000	100.31000	 43.14853	100.31000
225.40000	 99.70000	 42.91998	 99.70000
225.60000	 99.06000	 42.69148	 99.06000
225.80000	 98.47000	 42.50590	 98.47000
226.00000	 97.96000	 42.37866	 97.96000
226.20000	 97.57000	 42.33013	 97.57000
226.40000	 97.36000	 42.39089	 97.36000
226.60000	 97.43000	 42.61238	 97.43000
226.80000	 97.61000	 42.89874	 97.61000
227.00000	 97.88000	 43.23524	 97.88000
227.20000	 98.23000	 43.61268	 98.23000
227.40000	 98.59000	 43.98959	 98.59000
227.60000	 98.99000	 44.37917	 98.99000
227.80000	 99.41000	 44.76793	 99.41000
228.00000	 99.87000	 45.16450	 99.87000
228.20000	100.34000	 45.55069	100.34000
228.40000	100.83000	 45.93041	100.83000
228.60000	101.32000	 46.29166	101.32000
228.80000	101.82000	 46.63907	101.82000
229.00000	102.31000	 46.96128	102.31000
229.20000	102.79000	 47.25817	102.79000
229.40000	103.24000	 47.51904	103.24000
229.60000	103.64000	 47.73358	103.64000
229.80000	103.97000	 47.89188	103.97000
230.00000	104.21000	 47.98445	104.21000
230.20000	104.38000	 48.02394	104.38000
230.40000	104.49000	 48.01781	104.49000
230.60000	104.54000	 47.96827	104.54000
230.80000	104.51000	 47.86682	104.51000
231.00000	104.41000	 47.72133	104.41000
231.20000	104.26000	 47.54515	104.26000
231.40000	104.07000	 47.34612	104.07000
231.60000	103.83000	 47.12112	103.83000
231.80000	103.57000	 46.88856	103.57000
232.00000	103.27000	 46.63952	103.27000
232.20000	102.93000	 46.37577	102.93000
232.40000	102.57000	 46.10975	102.57000
232.60000	102.19000	 45.84284	102.19000
232.80000	101.79000	 45.57621	101.79000
233.00000	101.37000	 45.31081	101.37000
233.20000	100.94000	 45.05285	100.94000
233.40000	100.49000	 44.79748	100.49000
233.60000	100.03000	 44.55056	100.03000
233.80000	 99.54000	 44.30154	 99.54000
234.00000	 99.07000	 44.07770	 99.07000
234.20000	 98.61000	 43.87357	 98.61000
234.40000	 98.19000	 43.70510	 98.19000
234.60000	 97.82000	 43.57711	 97.82000
234.80000	 97.50000	 43.48867	 97.50000
235.00000	 97.21000	 43.42777	 97.21000
235.20000	 96.96000	 43.39855	 96.96000
235.40000	 96.72000	 43.38336	 96.72000
235.60000	 96.43000	 43.34839	 96.43000
235.80000	 96.23000	 43.36847	 96.23000
236.00000	 96.15000	 43.45847	 96.15000
236.20000	 96.22000	 43.63280	 96.22000
236.40000	 96.66000	 44.00807	 96.66000
236.60000	 97.29000	 44.48291	 97.29000
236.80000	 98.04000	 45.01506	 98.04000
237.00000	 98.90000	 45.59486	 98.90000
237.20000	 99.83000	 46.19664	 99.83000
237.40000	100.79000	 46.79515	100.79000
237.60000	101.76000	 47.37661	101.76000
237.80000	102.71000	 47.92246	102.71000
238.00000	103.64000	 48.43113	103.64000
238.20000	104.49000	 48.86926	104.49000
238.40000	105.20000	 49.20433	105.20000
238.60000	105.74000	 49.42115	105.74000
238.80000	105.79000	 49.34865	105.79000
239.00000	105.61000	 49.13217	105.61000
239.20000	105.33000	 48.84740	105.33000
239.40000	105.03000	 48.54286	105.03000
239.60000	105.04000	 48.40169	105.04000
239.80000	105.18000	 48.32877	105.18000
240.00000	105.36000	 48.27663	105.36000
240.20000	105.58000	 48.24608	105.58000
240.40000	105.80000	 48.21596	105.80000
240.60000	105.94000	 48.14340	105.94000
240.80000	106.05000	 48.05619	106.05000
241.00000	106.14000	 47.96053	106.14000
241.20000	106.19000	 47.84634	106.19000
241.40000	106.21000	 47.71983	106.21000
241.60000	106.16000	 47.56016	106.16000
241.80000	106.06000	 47.37914	106.06000
242.00000	105.91000	 47.17782	105.91000
242.20000	105.71000	 46.95728	105.71000
242.40000	105.46000	 46.71859	105.46000
242.60000	105.13000	 46.44663	105.13000
242.80000	104.75000	 46.15885	104.75000
243.00000	104.32000	 45.85644	104.32000
243.20000	103.85000	 45.54595	103.85000
243.40000	103.36000	 45.23921	103.36000
243.60000	102.85000	 44.93703	102.85000
243.80000	102.33000	 44.64543	102.33000
244.00000	101.80000	 44.36481	101.80000
244.20000	101.26000	 44.09536	101.26000
244.40000	100.73000	 43.84796	100.73000
244.60000	100.19000	 43.61158	100.19000
244.80000	 99.64000	 43.38592	 99.64000
245.00000	 99.11000	 43.18684	 99.11000
245.20000	 98.62000	 43.02455	 98.62000
245.40000	 98.17000	 42.89817	 98.17000
245.60000	 97.79000	 42.82281	 97.79000
245.80000	 97.52000	 42.81863	 97.52000
246.00000	 97.31000	 42.85664	 97.31000
246.20000	 97.14000	 42.92392	 97.14000
246.40000	 97.02000	 43.02384	 97.02000
246.60000	 96.93000	 43.14351	 96.93000
246.80000	 96.86000	 43.27558	 96.86000
247.00000	 96.82000	 43.42372	 96.82000
247.20000	 96.79000	 43.57546	 96.79000
247.40000	 96.77000	 43.72939	 96.77000
247.60000	 96.65000	 43.82478	 96.65000
247.80000	 96.52000	 43.90990	 96.52000
248.00000	 96.47000	 44.03320	 96.47000
248.20000	 96.54000	 44.21571	 96.54000
248.40000	 96.83000	 44.51046	 96.83000
248.60000	 97.44000	 44.96954	 97.44000
248.80000	 98.18000	 45.48682	 98.18000
249.00000	 99.03000	 46.04810	 99.03000
249.20000	 99.93000	 46.61767	 99.93000
249.40000	100.80000	 47.14943	100.80000
249.60000	101.72000	 47.68470	101.72000
249.80000	102.68000	 48.21641	102.68000
250.00000	103.73000	 48.77028	103.73000
250.20000	104.95000	 49.38826	104.95000
250.40000	106.15000	 49.96584	106.15000
250.60000	107.25000	 50.45874	107.25000
250.80000	108.10000	 50.78583	108.10000
251.00000	108.54000	 50.86224	108.54000
251.20000	108.83000	 50.83263	108.83000
251.40000	109.00000	 50.71765	109.00000
251.60000	109.16000	 50.58142	109.16000
251.80000	109.39000	 50.47132	109.39000
252.00000	109.59000	 50.33647	109.59000
252.20000	109.78000	 50.19065	109.78000
252.40000	109.94000	 50.02564	109.94000
252.60000	110.11000	 49.86547	110.11000
252.80000	110.26000	 49.69588	110.26000
253.00000	110.37000	 49.50780	110.37000
253.20000	110.42000	 49.29207	110.42000
253.40000	110.39000	 49.03951	110.39000
253.60000	110.23000	 48.72484	110.23000
253.80000	109.95000	 48.35557	109.95000
254.00000	109.59000	 47.95562	109.59000
254.20000	109.16000	 47.53264	109.16000
254.40000	108.68000	 47.09953	108.68000
254.60000	108.13000	 46.64731	108.13000
254.80000	107.54000	 46.19393	107.54000
255.00000	106.92000	 45.74623	106.92000
255.20000	106.28000	 45.31076	106.28000
255.40000	105.63000	 44.89373	105.63000
255.60000	104.99000	 44.50642	104.99000
255.80000	104.40000	 44.17054	104.40000
256.00000	103.82000	 43.86397	103.82000
256.20000	103.25000	 43.58599	103.25000
256.40000	102.70000	 43.34109	102.70000
256.60000	102.16000	 43.12272	102.16000
256.80000	101.60000	 42.91341	101.60000
257.00000	101.07000	 42.73907	101.07000
257.20000	100.58000	 42.60375	100.58000
257.40000	100.12000	 42.50051	100.12000
257.60000	 99.72000	 42.44394	 99.72000
257.80000	 99.41000	 42.44842	 99.41000
258.00000	 99.16000	 42.49553	 99.16000
258.20000	 98.96000	 42.57758	 98.96000
258.40000	 98.80000	 42.68689	 98.80000
258.60000	 98.67000	 42.81586	 98.67000
258.80000	 98.53000	 42.94079	 98.53000
259.00000	 98.45000	 43.09787	 98.45000
259.20000	 98.44000	 43.29077	 98.44000
259.40000	 98.51000	 43.52309	 98.51000
259.60000	 98.75000	 43.84158	 98.75000
259.80000	 99.11000	 44.21674	 99.11000
260.00000	 99.54000	 44.61888	 99.54000
260.20000	100.04000	 45.04551	100.04000
260.40000	100.59000	 45.48350	100.59000
260.60000	101.19000	 45.93080	101.19000
260.80000	101.81000	 46.36939	101.81000
261.00000	102.41000	 46.77623	102.41000
261.20000	102.97000	 47.13964	102.97000
261.40000	103.41000	 47.41610	103.41000
261.60000	103.82000	 47.65498	103.82000
261.80000	104.19000	 47.85184	104.19000
262.00000	104.54000	 48.01875	104.54000
262.20000	104.94000	 48.19497	104.94000
262.40000	105.30000	 48.33289	105.30000
262.60000	105.63000	 48.43925	105.63000
262.80000	105.89000	 48.49383	105.89000
263.00000	106.01000	 48.46053	106.01000
263.20000	106.06000	 48.37956	106.06000
263.40000	106.04000	 48.25340	106.04000
263.60000	105.97000	 48.09541	105.97000
263.80000	105.88000	 47.92428	105.88000
264.00000	105.77000	 47.74224	105.77000
264.20000	105.62000	 47.54041	105.62000
264.40000	105.45000	 47.33147	105.45000
264.60000	105.24000	 47.10623	105.24000
264.80000	105.02000	 46.88246	105.02000
265.00000	104.77000	 46.65058	104.77000
265.20000	104.49000	 46.41173	104.49000
265.40000	104.18000	 46.16694	104.18000
265.60000	103.84000	 45.91710	103.84000
265.80000	103.43000	 45.64138	103.43000
266.00000	102.98000	 45.35691	102.98000
266.20000	102.51000	 45.07537	102.51000
266.40000	102.02000	 44.79742	102.02000
266.60000	101.53000	 44.53439	101.53000
266.80000	101.07000	 44.30279	101.07000
267.00000	100.63000	 44.09708	100.63000
267.20000	100.18000	 43.90068	100.18000
267.40000	 99.73000	 43.71858	 99.73000
267.60000	 99.26000	 43.53944	 99.26000
267.80000	 98.70000	 43.32493	 98.70000
268.00000	 98.09000	 43.09662	 98.09000
268.20000	 97.50000	 42.89245	 97.50000
268.40000	 96.96000	 42.72846	 96.96000
268.60000	 96.49000	 42.61490	 96.49000
268.80000	 96.24000	 42.63190	 96.24000
269.00000	 96.11000	 42.72322	 96.11000
269.20000	 96.04000	 42.85380	 96.04000
269.40000	 96.01000	 43.01027	 96.01000
269.60000	 95.97000	 43.16316	 95.97000
269.80000	 95.77000	 43.22931	 95.77000
270.00000	 95.61000	 43.31609	 95.61000
270.20000	 95.53000	 43.44425	 95.53000
270.40000	 95.57000	 43.63425	 95.57000
270.60000	 95.91000	 43.98190	 95.91000
270.80000	 96.44000	 44.42477	 96.44000
271.00000	 97.08000	 44.91617	 97.08000
271.20000	 97.79000	 45.43115	 97.79000
271.40000	 98.53000	 45.94503	 98.53000
271.60000	 99.27000	 46.43908	 99.27000
271.80000	100.04000	 46.92762	100.04000
272.00000	100.82000	 47.39832	100.82000
272.20000	101.62000	 47.85550	101.62000
272.40000	102.43000	 48.29302	102.43000
272.60000	103.21000	 48.68882	103.21000
272.80000	103.93000	 49.02680	103.93000
273.00000	104.58000	 49.30221	104.58000
273.20000	105.12000	 49.49468	105.12000
273.40000	105.55000	 49.60607	105.55000
273.60000	105.86000	 49.63342	105.86000
273.80000	105.89000	 49.49305	105.89000
274.00000	105.77000	 49.25945	105.77000
274.20000	105.55000	 48.96407	105.55000
274.40000	105.29000	 48.64375	105.29000
274.60000	105.11000	 48.36731	105.11000
274.80000	105.00000	 48.13220	105.00000
275.00000	104.90000	 47.90797	104.90000
275.20000	104.79000	 47.68534	104.79000
275.40000	104.69000	 47.47643	104.69000
275.60000	104.58000	 47.27137	104.58000
275.80000	104.46000	 47.07089	104.46000
276.00000	104.32000	 46.87017	104.32000
276.20000	104.15000	 46.66425	104.15000
276.40000	103.93000	 46.44277	103.93000
276.60000	103.62000	 46.18457	103.62000
276.80000	103.26000	 45.91210	103.26000
277.00000	102.87000	 45.63695	102.87000
277.20000	102.45000	 45.35980	102.45000
277.40000	101.98000	 45.07041	101.98000
277.60000	101.47000	 44.77476	101.47000
277.80000	100.94000	 44.48422	100.94000
278.00000	100.41000	 44.21000	100.41000
278.20000	 99.90000	 43.96307	 99.90000
278.40000	 99.42000	 43.74865	 99.42000
278.60000	 99.05000	 43.60956	 99.05000
278.80000	 98.70000	 43.49592	 98.70000
279.00000	 98.37000	 43.40647	 98.37000
279.20000	 98.04000	 43.32907	 98.04000
279.40000	 97.67000	 43.24084	 97.67000
279.60000	 97.22000	 43.11919	 97.22000
279.80000	 96.79000	 43.01774	 96.79000
280.00000	 96.39000	 42.94128	 96.39000
280.20000	 96.04000	 42.89986	 96.04000
280.40000	 95.77000	 42.90871	 95.77000
280.60000	 95.60000	 42.97727	 95.60000
280.80000	 95.52000	 43.09839	 95.52000
281.00000	 95.53000	 43.27006	 95.53000
281.20000	 95.65000	 43.50093	 95.65000
281.40000	 95.93000	 43.81560	 95.93000
281.60000	 96.30000	 44.17332	 96.30000
281.80000	 96.77000	 44.57665	 96.77000
282.00000	 97.30000	 45.00110	 97.30000
282.20000	 97.91000	 45.45489	 97.91000
282.40000	 98.57000	 45.91935	 98.57000
282.60000	 99.25000	 46.37606	 99.25000
282.80000	 99.92000	 46.80708	 99.92000
283.00000	100.53000	 47.18419	100.53000
283.20000	101.08000	 47.50696	101.08000
283.40000	101.57000	 47.77560	101.57000
283.60000	102.00000	 47.99084	102.00000
283.80000	102.33000	 48.13222	102.33000
284.00000	102.56000	 48.20150	102.56000
284.20000	102.72000	 48.21712	102.72000
284.40000	102.82000	 48.18690	102.82000
284.60000	102.87000	 48.11876	102.87000
284.80000	102.88000	 48.02062	102.88000
285.00000	102.86000	 47.90029	102.86000
285.20000	102.80000	 47.75463	102.80000
285.40000	102.71000	 47.59121	102.71000
285.60000	102.61000	 47.42284	102.61000
285.80000	102.50000	 47.25126	102.50000
286.00000	102.36000	 47.06715	102.36000
286.20000	102.18000	 46.86645	102.18000
286.40000	101.97000	 46.65590	101.97000
286.60000	101.69000	 46.41505	101.69000
286.80000	101.38000	 46.16686	101.38000
287.00000	101.02000	 45.90166	101.02000
287.20000	100.64000	 45.63682	100.64000
287.40000	100.22000	 45.36246	100.22000
287.60000	 99.75000	 45.07405	 99.75000
