  0.00000	114.51000	 56.83241	114.51000
  0.20000	115.75000	 57.52066	115.75000
  0.40000	116.74000	 58.04532	116.74000
  0.60000	117.50000	 58.41531	117.50000
  0.80000	118.05000	 58.64163	118.05000
  1.00000	118.41000	 58.73689	118.41000
  1.20000	118.60000	 58.71495	118.60000
  1.40000	118.65000	 58.59658	118.65000
  1.60000	118.58000	 58.39708	118.58000
  1.80000	118.41000	 58.13206	118.41000
  2.00000	118.11000	 57.78709	118.11000
  2.20000	117.71000	 57.38412	117.71000
  2.40000	117.31000	 56.98728	117.31000
  2.60000	116.99000	 56.64795	116.99000
  2.80000	116.79000	 56.39233	116.79000
  3.00000	117.22000	 56.52878	117.22000
  3.20000	117.91000	 56.83108	117.91000
  3.40000	118.62000	 57.15022	118.62000
  3.60000	119.25000	 57.42209	119.25000
  3.80000	119.70000	 57.58367	119.70000
  4.00000	119.13000	 57.12736	119.13000
  4.20000	118.20000	 56.45618	118.20000
  4.40000	117.18000	 55.73937	117.18000
  4.60000	116.21000	 55.06724	116.21000
  4.80000	115.39000	 54.50458	115.39000
  5.00000	115.51000	 54.53031	115.51000
  5.20000	115.86000	 54.71279	115.86000
  5.40000	116.31000	 54.96898	116.31000
  5.60000	116.80000	 55.25808	116.80000
  5.80000	117.08000	 55.42509	117.08000
  6.00000	117.06000	 55.41338	117.06000
  6.20000	116.95000	 55.34934	116.95000
  6.40000	116.79000	 55.25741	116.79000
  6.60000	116.58000	 55.13815	116.58000
  6.80000	116.31000	 54.98625	116.31000
  7.00000	116.01000	 54.82077	116.01000
  7.20000	115.75000	 54.68481	115.75000
  7.40000	115.59000	 54.61503	115.59000
  7.60000	115.54000	 54.61718	115.54000
  7.80000	116.10000	 54.99176	116.10000
  8.00000	116.78000	 55.43885	116.78000
  8.20000	117.48000	 55.89364	117.48000
  8.40000	118.11000	 56.29798	118.11000
  8.60000	118.57000	 56.58883	118.57000
  8.80000	118.08000	 56.29480	118.08000
  9.00000	117.43000	 55.89699	117.43000
  9.20000	116.73000	 55.46684	116.73000
  9.40000	116.08000	 55.06928	116.08000
  9.60000	115.70000	 54.84052	115.70000
  9.80000	116.04000	 55.05318	116.04000
 10.00000	116.52000	 55.35431	116.52000
 10.20000	117.06000	 55.69203	117.06000
 10.40000	117.59000	 56.02068	117.59000
 10.60000	117.78000	 56.13851	117.78000
 10.80000	117.66000	 56.06337	117.66000
 11.00000	117.48000	 55.94767	117.48000
 11.20000	117.26000	 55.80532	117.26000
 11.40000	117.04000	 55.66228	117.04000
 11.60000	116.98000	 55.61654	116.98000
 11.80000	117.08000	 55.66844	117.08000
 12.00000	117.23000	 55.75097	117.23000
 12.20000	117.42000	 55.85720	117.42000
 12.40000	117.64000	 55.98013	117.64000
 12.60000	117.97000	 56.16699	117.97000
 12.80000	118.31000	 56.35602	118.31000
 13.00000	118.62000	 56.52184	118.62000
 13.20000	118.84000	 56.62747	118.84000
 13.40000	118.95000	 56.66076	118.95000
 13.60000	118.51000	 56.35711	118.51000
 13.80000	117.86000	 55.92541	117.86000
 14.00000	117.20000	 55.49081	117.20000
 14.20000	116.62000	 55.11145	116.62000
 14.40000	116.23000	 54.85635	116.23000
 14.60000	116.76000	 55.16661	116.76000
 14.80000	117.56000	 55.64562	117.56000
 15.00000	118.42000	 56.16105	118.42000
 15.20000	119.22000	 56.63539	119.22000
 15.40000	119.78000	 56.95617	119.78000
 15.60000	119.48000	 56.74785	119.48000
 15.80000	118.99000	 56.41814	118.99000
 16.00000	118.37000	 56.00760	118.37000
 16.20000	117.70000	 55.56899	117.70000
 16.40000	117.07000	 55.16065	117.07000
 16.60000	116.64000	 54.88217	116.64000
 16.80000	116.29000	 54.66254	116.29000
 17.00000	116.06000	 54.52640	116.06000
 17.20000	115.97000	 54.48539	115.97000
 17.40000	116.32000	 54.71908	116.32000
 17.60000	116.93000	 55.11509	116.93000
 17.80000	117.56000	 55.52390	117.56000
 18.00000	118.12000	 55.88700	118.12000
 18.20000	118.53000	 56.15309	118.53000
 18.40000	118.03000	 55.86236	118.03000
 18.60000	117.26000	 55.40481	117.26000
 18.80000	116.46000	 54.93034	116.46000
 19.00000	115.74000	 54.50979	115.74000
 19.20000	115.30000	 54.26700	115.30000
 19.40000	115.83000	 54.61894	115.83000
 19.60000	116.52000	 55.07217	116.52000
 19.80000	117.26000	 55.55506	117.26000
 20.00000	117.94000	 55.99650	117.94000
 20.20000	118.09000	 56.10956	118.09000
 20.40000	117.80000	 55.94874	117.80000
 20.60000	117.38000	 55.70388	117.38000
 20.80000	116.88000	 55.40844	116.88000
 21.00000	116.35000	 55.09588	116.35000
 21.20000	115.96000	 54.87165	115.96000
 21.40000	115.65000	 54.70116	115.65000
 21.60000	115.42000	 54.58524	115.42000
 21.80000	115.29000	 54.53607	115.29000
 22.00000	115.42000	 54.64954	115.42000
 22.20000	115.83000	 54.93562	115.83000
 22.40000	116.28000	 55.24611	116.28000
 22.60000	116.72000	 55.54769	116.72000
 22.80000	117.07000	 55.78954	117.07000
 23.00000	116.92000	 55.72290	116.92000
 23.20000	116.58000	 55.53642	116.58000
 23.40000	116.16000	 55.29908	116.16000
 23.60000	115.73000	 55.05585	115.73000
 23.80000	115.33000	 54.83323	115.33000
 24.00000	115.12000	 54.72947	115.12000
 24.20000	115.02000	 54.69668	115.02000
 24.40000	115.03000	 54.73441	115.03000
 24.60000	115.18000	 54.85968	115.18000
 24.80000	115.71000	 55.21539	115.71000
 25.00000	116.51000	 55.73141	116.51000
 25.20000	117.34000	 56.25828	117.34000
 25.40000	118.09000	 56.72554	118.09000
 25.60000	118.67000	 57.07605	118.67000
 25.80000	118.36000	 56.87451	118.36000
 26.00000	117.90000	 56.57151	117.90000
 26.20000	117.42000	 56.25022	117.42000
 26.40000	117.03000	 55.98116	117.03000
 26.60000	117.12000	 56.00250	117.12000
 26.80000	117.75000	 56.35006	117.75000
 27.00000	118.51000	 56.77314	118.51000
 27.20000	119.34000	 57.23184	119.34000
 27.40000	120.16000	 57.67444	120.16000
 27.60000	120.70000	 57.93540	120.70000
 27.80000	121.14000	 58.12273	121.14000
 28.00000	121.48000	 58.23676	121.48000
 28.20000	121.70000	 58.26645	121.70000
 28.40000	121.74000	 58.17735	121.74000
 28.60000	121.61000	 57.97811	121.61000
 28.80000	121.35000	 57.69618	121.35000
 29.00000	120.97000	 57.34122	120.97000
 29.20000	120.48000	 56.92305	120.48000
 29.40000	119.67000	 56.31888	119.67000
 29.60000	118.77000	 55.67244	118.77000
 29.80000	117.91000	 55.06676	117.91000
 30.00000	117.19000	 54.56563	117.19000
 30.20000	116.79000	 54.27946	116.79000
 30.40000	117.04000	 54.40662	117.04000
 30.60000	117.45000	 54.64706	117.45000
 30.80000	117.93000	 54.94150	117.93000
 31.00000	118.41000	 55.24292	118.41000
 31.20000	118.60000	 55.37237	118.60000
 31.40000	118.68000	 55.43662	118.68000
 31.60000	118.66000	 55.44085	118.66000
 31.80000	118.51000	 55.36687	118.51000
 32.00000	118.12000	 55.14908	118.12000
 32.20000	117.52000	 54.80756	117.52000
 32.40000	116.85000	 54.42965	116.85000
 32.60000	116.15000	 54.04229	116.15000
 32.80000	115.47000	 53.67807	115.47000
 33.00000	114.96000	 53.42926	114.96000
 33.20000	114.54000	 53.24800	114.54000
 33.40000	114.19000	 53.12187	114.19000
 33.60000	113.91000	 53.04998	113.91000
 33.80000	113.80000	 53.09134	113.80000
 34.00000	113.84000	 53.23165	113.84000
 34.20000	113.90000	 53.38967	113.90000
 34.40000	113.92000	 53.52662	113.92000
 34.60000	113.86000	 53.61641	113.86000
 34.80000	113.32000	 53.41669	113.32000
 35.00000	112.51000	 53.05594	112.51000
 35.20000	111.72000	 52.71216	111.72000
 35.40000	111.01000	 52.42403	111.01000
 35.60000	110.49000	 52.25940	110.49000
 35.80000	110.70000	 52.54389	110.70000
 36.00000	111.22000	 53.01986	111.22000
 36.20000	111.86000	 53.56710	111.86000
 36.40000	112.54000	 54.13194	112.54000
 36.60000	113.09000	 54.60710	113.09000
 36.80000	113.40000	 54.92316	113.40000
 37.00000	113.62000	 55.16952	113.62000
 37.20000	113.75000	 55.34606	113.75000
 37.40000	113.77000	 55.44129	113.77000
 37.60000	113.50000	 55.34802	113.50000
 37.80000	113.12000	 55.17780	113.12000
 38.00000	112.78000	 55.02434	112.78000
 38.20000	112.53000	 54.92044	112.53000
 38.40000	112.59000	 55.00044	112.59000
 38.60000	113.22000	 55.42070	113.22000
 38.80000	113.96000	 55.90023	113.96000
 39.00000	114.73000	 56.38707	114.73000
 39.20000	115.44000	 56.82379	115.44000
 39.40000	115.74000	 56.99724	115.74000
 39.60000	115.88000	 57.05894	115.88000
 39.80000	115.87000	 57.01675	115.87000
 40.00000	115.71000	 56.87326	115.71000
 40.20000	115.30000	 56.57138	115.30000
 40.40000	114.55000	 56.06114	114.55000
 40.60000	113.77000	 55.53511	113.77000
 40.80000	113.08000	 55.07057	113.08000
 41.00000	112.55000	 54.71328	112.55000
 41.20000	112.73000	 54.79669	112.73000
 41.40000	113.32000	 55.13715	113.32000
 41.60000	114.03000	 55.55490	114.03000
 41.80000	114.76000	 55.98471	114.76000
 42.00000	115.33000	 56.31379	115.33000
 42.20000	115.39000	 56.32855	115.39000
 42.40000	115.34000	 56.27111	115.34000
 42.60000	115.21000	 56.16106	115.21000
 42.80000	115.04000	 56.02436	115.04000
 43.00000	114.77000	 55.82664	114.77000
 43.20000	114.51000	 55.63632	114.51000
 43.40000	114.39000	 55.53351	114.39000
 43.60000	114.51000	 55.57905	114.51000
 43.80000	115.08000	 55.89855	115.08000
 44.00000	116.55000	 56.75970	116.55000
 44.20000	118.22000	 57.73208	118.22000
 44.40000	119.93000	 58.71107	119.93000
 44.60000	121.53000	 59.59929	121.53000
 44.80000	122.39000	 60.01203	122.39000
 45.00000	122.91000	 60.19108	122.91000
 45.20000	123.15000	 60.17550	123.15000
 45.40000	123.14000	 59.98779	123.14000
 45.60000	122.81000	 59.59120	122.81000
 45.80000	122.07000	 58.93817	122.07000
 46.00000	121.20000	 58.20571	121.20000
 46.20000	120.32000	 57.47387	120.32000
 46.40000	119.52000	 56.80336	119.52000
 46.60000	119.23000	 56.45824	119.23000
 46.80000	119.28000	 56.33683	119.28000
 47.00000	119.42000	 56.28683	119.42000
 47.20000	119.59000	 56.27001	119.59000
 47.40000	119.69000	 56.22400	119.69000
 47.60000	119.58000	 56.06292	119.58000
 47.80000	119.36000	 55.84696	119.36000
 48.00000	119.03000	 55.57655	119.03000
 48.20000	118.58000	 55.24656	118.58000
 48.40000	117.90000	 54.79203	117.90000
 48.60000	116.80000	 54.10076	116.80000
 48.80000	115.66000	 53.40616	115.66000
 49.00000	114.59000	 52.77820	114.59000
 49.20000	113.65000	 52.25544	113.65000
 49.40000	113.27000	 52.09803	113.27000
 49.60000	113.40000	 52.27294	113.40000
 49.80000	113.68000	 52.55736	113.68000
 50.00000	114.03000	 52.89708	114.03000
 50.20000	114.38000	 53.24431	114.38000
 50.40000	114.34000	 53.35914	114.34000
 50.60000	114.17000	 53.39658	114.17000
 50.80000	113.91000	 53.38006	113.91000
 51.00000	113.59000	 53.32763	113.59000
 51.20000	113.20000	 53.23359	113.20000
 51.40000	112.62000	 53.02628	112.62000
 51.60000	112.06000	 52.83401	112.06000
 51.80000	111.56000	 52.68218	111.56000
 52.00000	111.20000	 52.61969	111.20000
 52.20000	111.17000	 52.76076	111.17000
 52.40000	111.49000	 53.11513	111.49000
 52.60000	111.97000	 53.56419	111.97000
 52.80000	112.56000	 54.07340	112.56000
 53.00000	113.23000	 54.62042	113.23000
 53.20000	113.94000	 55.17716	113.94000
 53.40000	114.64000	 55.71006	114.64000
 53.60000	115.32000	 56.21046	115.32000
 53.80000	115.93000	 56.64636	115.93000
 54.00000	116.34000	 56.93848	116.34000
 54.20000	116.54000	 57.08151	116.54000
 54.40000	116.64000	 57.14384	116.64000
 54.60000	116.65000	 57.13412	116.65000
 54.80000	116.57000	 57.05526	116.57000
 55.00000	116.29000	 56.84412	116.29000
 55.20000	115.96000	 56.59514	115.96000
 55.40000	115.68000	 56.37234	115.68000
 55.60000	115.50000	 56.20878	115.50000
 55.80000	115.63000	 56.23292	115.63000
 56.00000	116.24000	 56.54693	116.24000
 56.20000	116.93000	 56.90652	116.93000
 56.40000	117.63000	 57.26638	117.63000
 56.60000	118.23000	 57.55759	118.23000
 56.80000	118.36000	 57.55559	118.36000
 57.00000	118.29000	 57.42482	118.29000
 57.20000	118.06000	 57.19208	118.06000
 57.40000	117.69000	 56.87274	117.69000
 57.60000	117.19000	 56.47645	117.19000
 57.80000	116.52000	 55.98294	116.52000
 58.00000	115.80000	 55.46874	115.80000
 58.20000	115.09000	 54.97374	115.09000
 58.40000	114.43000	 54.52499	114.43000
 58.60000	113.98000	 54.22093	113.98000
 58.80000	113.70000	 54.03767	113.70000
 59.00000	113.50000	 53.91988	113.50000
 59.20000	113.41000	 53.88412	113.41000
 59.40000	113.44000	 53.93426	113.44000
 59.60000	113.62000	 54.08572	113.62000
 59.80000	113.83000	 54.26286	113.83000
 60.00000	114.01000	 54.42651	114.01000
 60.20000	114.14000	 54.56218	114.14000
 60.40000	113.93000	 54.49329	113.93000
 60.60000	113.54000	 54.31685	113.54000
 60.80000	113.10000	 54.11279	113.10000
 61.00000	112.66000	 53.91280	112.66000
 61.20000	112.27000	 53.74831	112.27000
 61.40000	112.06000	 53.69840	112.06000
 61.60000	111.96000	 53.72034	111.96000
 61.80000	111.98000	 53.81897	111.98000
 62.00000	112.15000	 54.01060	112.15000
 62.20000	112.56000	 54.34708	112.56000
 62.40000	113.27000	 54.86110	113.27000
 62.60000	114.05000	 55.40930	114.05000
 62.80000	114.84000	 55.95123	114.84000
 63.00000	115.59000	 56.45321	115.59000
 63.20000	116.05000	 56.76196	116.05000
 63.40000	116.41000	 56.99182	116.41000
 63.60000	116.66000	 57.13739	116.66000
 63.80000	116.79000	 57.19404	116.79000
 64.00000	116.75000	 57.13370	116.75000
 64.20000	116.53000	 56.95327	116.53000
 64.40000	116.24000	 56.72274	116.24000
 64.60000	115.91000	 56.46382	115.91000
 64.80000	115.60000	 56.21599	115.60000
 65.00000	115.36000	 56.01209	115.36000
 65.20000	115.19000	 55.85395	115.19000
 65.40000	115.12000	 55.76072	115.12000
 65.60000	115.16000	 55.73869	115.16000
 65.80000	115.47000	 55.88382	115.47000
 66.00000	116.11000	 56.23019	116.11000
 66.20000	116.80000	 56.60522	116.80000
 66.40000	117.46000	 56.95722	117.46000
 66.60000	118.03000	 57.24734	118.03000
 66.80000	118.12000	 57.23885	118.12000
 67.00000	117.98000	 57.08406	117.98000
 67.20000	117.71000	 56.84610	117.71000
 67.40000	117.33000	 56.54023	117.33000
 67.60000	116.89000	 56.19998	116.89000
 67.80000	116.37000	 55.81649	116.37000
 68.00000	115.86000	 55.44713	115.86000
 68.20000	115.42000	 55.13054	115.42000
 68.40000	115.09000	 54.89239	115.09000
 68.60000	115.19000	 54.92609	115.19000
 68.80000	115.48000	 55.08465	115.48000
 69.00000	115.82000	 55.28048	115.82000
 69.20000	116.15000	 55.47435	116.15000
 69.40000	116.33000	 55.57928	116.33000
 69.60000	116.26000	 55.53371	116.26000
 69.80000	116.08000	 55.42247	116.08000
 70.00000	115.82000	 55.26465	115.82000
 70.20000	115.48000	 55.06157	115.48000
 70.40000	115.00000	 54.77861	115.00000
 70.60000	114.43000	 54.44801	114.43000
 70.80000	113.86000	 54.12627	113.86000
 71.00000	113.32000	 53.83326	113.32000
 71.20000	112.86000	 53.60033	112.86000
 71.40000	112.77000	 53.60270	112.77000
 71.60000	112.74000	 53.65148	112.74000
 71.80000	112.73000	 53.72037	112.73000
 72.00000	112.70000	 53.78321	112.70000
 72.20000	112.51000	 53.75394	112.51000
 72.40000	112.19000	 53.65016	112.19000
 72.60000	111.76000	 53.48426	111.76000
 72.80000	111.22000	 53.25711	111.22000
 73.00000	110.57000	 52.97008	110.57000
 73.20000	109.54000	 52.46213	109.54000
 73.40000	108.41000	 51.90571	108.41000
 73.60000	107.30000	 51.37670	107.30000
 73.80000	106.31000	 50.93809	106.31000
 74.00000	105.61000	 50.69371	105.61000
 74.20000	105.65000	 50.91401	105.65000
 74.40000	105.84000	 51.23797	105.84000
 74.60000	106.08000	 51.59976	106.08000
 74.80000	106.27000	 51.93401	106.27000
 75.00000	106.02000	 52.00165	106.02000
 75.20000	105.37000	 51.82607	105.37000
 75.40000	104.62000	 51.58997	104.62000
 75.60000	103.84000	 51.33770	103.84000
 75.80000	103.07000	 51.09536	103.07000
 76.00000	102.43000	 50.93683	102.43000
 76.20000	101.92000	 50.86258	101.92000
 76.40000	101.58000	 50.89629	101.58000
 76.60000	101.45000	 51.06059	101.45000
 76.80000	101.78000	 51.50367	101.78000
 77.00000	102.70000	 52.29897	102.70000
 77.20000	103.74000	 53.15550	103.74000
 77.40000	104.80000	 54.00593	104.80000
 77.60000	105.75000	 54.76606	105.75000
 77.80000	105.97000	 55.05810	105.97000
 78.00000	105.79000	 55.08234	105.79000
 78.20000	105.50000	 55.01741	105.50000
 78.40000	105.18000	 54.91569	105.18000
 78.60000	104.96000	 54.85941	104.96000
 78.80000	105.18000	 55.05636	105.18000
 79.00000	105.51000	 55.30746	105.51000
 79.20000	105.92000	 55.59399	105.92000
 79.40000	106.37000	 55.89095	106.37000
 79.60000	106.88000	 56.20957	106.88000
 79.80000	107.40000	 56.51881	107.40000
 80.00000	107.87000	 56.78184	107.87000
 80.20000	108.24000	 56.96848	108.24000
 80.40000	108.49000	 57.06737	108.49000
 80.60000	108.21000	 56.83286	108.21000
 80.80000	107.78000	 56.49863	107.78000
 81.00000	107.31000	 56.13588	107.31000
 81.20000	106.89000	 55.80327	106.89000
 81.40000	106.65000	 55.58258	106.65000
 81.60000	106.78000	 55.59008	106.78000
 81.80000	107.05000	 55.68633	107.05000
 82.00000	107.44000	 55.85768	107.44000
 82.20000	107.96000	 56.10810	107.96000
 82.40000	108.70000	 56.48930	108.70000
 82.60000	109.52000	 56.91345	109.52000
 82.80000	110.33000	 57.32297	110.33000
 83.00000	111.09000	 57.69111	111.09000
 83.20000	111.67000	 57.93770	111.67000
 83.40000	111.74000	 57.86351	111.74000
 83.60000	111.71000	 57.71869	111.71000
 83.80000	111.61000	 57.52453	111.61000
 84.00000	111.52000	 57.33249	111.52000
 84.20000	111.59000	 57.23567	111.59000
 84.40000	111.87000	 57.26552	111.87000
 84.60000	112.18000	 57.31339	112.18000
 84.80000	112.50000	 57.36689	112.50000
 85.00000	112.80000	 57.40764	112.80000
 85.20000	113.04000	 57.41137	113.04000
 85.40000	113.20000	 57.36628	113.20000
 85.60000	113.27000	 57.26704	113.27000
 85.80000	113.22000	 57.09669	113.22000
 86.00000	112.89000	 56.76044	112.89000
 86.20000	112.27000	 56.25531	112.27000
 86.40000	111.58000	 55.71817	111.58000
 86.60000	110.88000	 55.18907	110.88000
 86.80000	110.24000	 54.71338	110.24000
 87.00000	109.98000	 54.48614	109.98000
 87.20000	109.90000	 54.38607	109.90000
 87.40000	109.87000	 54.33290	109.87000
 87.60000	109.85000	 54.30044	109.85000
 87.80000	109.79000	 54.25658	109.79000
 88.00000	109.57000	 54.12741	109.57000
 88.20000	109.30000	 53.97878	109.30000
 88.40000	108.96000	 53.79840	108.96000
 88.60000	108.54000	 53.58037	108.54000
 88.80000	107.96000	 53.27693	107.96000
 89.00000	107.16000	 52.85313	107.16000
 89.20000	106.36000	 52.44383	106.36000
 89.40000	105.64000	 52.09896	105.64000
 89.60000	105.03000	 51.83740	105.03000
 89.80000	104.84000	 51.84583	104.84000
 90.00000	104.94000	 52.04301	104.94000
 90.20000	105.18000	 52.33420	105.18000
 90.40000	105.50000	 52.67865	105.50000
 90.60000	105.87000	 53.05386	105.87000
 90.80000	106.22000	 53.41364	106.22000
 91.00000	106.56000	 53.76079	106.56000
 91.20000	106.85000	 54.06862	106.85000
 91.40000	107.08000	 54.32934	107.08000
 91.60000	107.10000	 54.45150	107.10000
 91.80000	106.80000	 54.36935	106.80000
 92.00000	106.47000	 54.26021	106.47000
 92.20000	106.19000	 54.17472	106.19000
 92.40000	106.00000	 54.13877	106.00000
 92.60000	106.34000	 54.41863	106.34000
 92.80000	107.04000	 54.90953	107.04000
 93.00000	107.78000	 55.41452	107.78000
 93.20000	108.46000	 55.86982	108.46000
 93.40000	109.00000	 56.22472	109.00000
 93.60000	108.63000	 56.01400	108.63000
 93.80000	108.02000	 55.64633	108.02000
 94.00000	107.32000	 55.21775	107.32000
 94.20000	106.64000	 54.79990	106.64000
 94.40000	106.10000	 54.46952	106.10000
 94.60000	106.23000	 54.54892	106.23000
 94.80000	106.53000	 54.73496	106.53000
 95.00000	106.96000	 55.00101	106.96000
 95.20000	107.49000	 55.32607	107.49000
 95.40000	107.99000	 55.62872	107.99000
 95.60000	108.45000	 55.90059	108.45000
 95.80000	108.97000	 56.20031	108.97000
 96.00000	109.58000	 56.54432	109.58000
 96.20000	110.36000	 56.97900	110.36000
 96.40000	111.41000	 57.56222	111.41000
 96.60000	112.49000	 58.14578	112.49000
 96.80000	113.53000	 58.68452	113.53000
 97.00000	114.45000	 59.12823	114.45000
 97.20000	114.91000	 59.27121	114.91000
 97.40000	115.15000	 59.26056	115.15000
 97.60000	115.22000	 59.13003	115.22000
 97.80000	115.14000	 58.89591	115.14000
 98.00000	114.91000	 58.56281	114.91000
 98.20000	114.51000	 58.12358	114.51000
 98.40000	114.03000	 57.63763	114.03000
 98.60000	113.50000	 57.12789	113.50000
 98.80000	112.95000	 56.61673	112.95000
 99.00000	112.47000	 56.16202	112.47000
 99.20000	112.15000	 55.82048	112.15000
 99.40000	111.85000	 55.50866	111.85000
 99.60000	111.57000	 55.22701	111.57000
 99.80000	111.28000	 54.95752	111.28000
100.00000	111.00000	 54.71217	111.00000
100.20000	110.69000	 54.46652	110.69000
100.40000	110.33000	 54.20822	110.33000
100.60000	109.89000	 53.91904	109.89000
100.80000	109.33000	 53.57504	109.33000
101.00000	108.39000	 53.02015	108.39000
101.20000	107.38000	 52.44390	107.38000
101.40000	106.36000	 51.88488	106.36000
101.60000	105.37000	 51.36905	105.37000
101.80000	104.50000	 50.95174	104.50000
102.00000	103.92000	 50.73537	103.92000
102.20000	103.47000	 50.62135	103.47000
102.40000	103.14000	 50.60084	103.14000
102.60000	102.93000	 50.67050	102.93000
102.80000	102.88000	 50.85071	102.88000
103.00000	102.94000	 51.10709	102.94000
103.20000	103.08000	 51.41718	103.08000
103.40000	103.26000	 51.75267	103.26000
103.60000	103.43000	 52.07960	103.43000
103.80000	103.55000	 52.37077	103.55000
104.00000	103.67000	 52.65405	103.67000
104.20000	103.77000	 52.91557	103.77000
104.40000	103.86000	 53.16006	103.86000
104.60000	103.80000	 53.30221	103.80000
104.80000	103.66000	 53.38449	103.66000
105.00000	103.58000	 53.49213	103.58000
105.20000	103.61000	 53.65573	103.61000
105.40000	103.84000	 53.92939	103.84000
105.60000	104.73000	 54.58920	104.73000
105.80000	105.74000	 55.30476	105.74000
106.00000	106.78000	 56.01718	106.78000
106.20000	107.74000	 56.65630	107.74000
106.40000	108.33000	 57.04480	108.33000
106.60000	108.56000	 57.18916	108.56000
106.80000	108.63000	 57.21279	108.63000
107.00000	108.54000	 57.11930	108.54000
107.20000	108.33000	 56.93704	108.33000
107.40000	107.88000	 56.59815	107.88000
107.60000	107.38000	 56.22251	107.38000
107.80000	106.88000	 55.84513	106.88000
108.00000	106.44000	 55.50630	106.44000
108.20000	106.19000	 55.28748	106.19000
108.40000	106.26000	 55.26844	106.26000
108.60000	106.46000	 55.33381	106.46000
108.80000	106.77000	 55.46998	106.77000
109.00000	107.19000	 55.67494	107.19000
109.20000	107.78000	 55.98250	107.78000
109.40000	108.43000	 56.32329	108.43000
109.60000	109.08000	 56.65827	109.08000
109.80000	109.69000	 56.96097	109.69000
110.00000	110.10000	 57.13327	110.10000
110.20000	110.33000	 57.18715	110.33000
110.40000	110.47000	 57.17798	110.47000
110.60000	110.52000	 57.10735	110.52000
110.80000	110.48000	 56.97722	110.48000
111.00000	110.30000	 56.75967	110.30000
111.20000	110.08000	 56.51777	110.08000
111.40000	109.87000	 56.28423	109.87000
111.60000	109.71000	 56.08524	109.71000
111.80000	109.73000	 56.00057	109.73000
112.00000	109.92000	 56.02423	109.92000
112.20000	110.18000	 56.09488	110.18000
112.40000	110.47000	 56.18704	110.47000
112.60000	110.81000	 56.31139	110.81000
112.80000	111.19000	 56.46043	111.19000
113.00000	111.52000	 56.57843	111.52000
113.20000	111.75000	 56.63428	111.75000
113.40000	111.82000	 56.59165	111.82000
113.60000	111.41000	 56.25847	111.41000
113.80000	110.75000	 55.77699	110.75000
114.00000	109.96000	 55.22407	109.96000
114.20000	109.10000	 54.64039	109.10000
114.40000	108.24000	 54.07223	108.24000
114.60000	107.47000	 53.57712	107.47000
114.80000	106.77000	 53.14500	106.77000
115.00000	106.18000	 52.80104	106.18000
115.20000	105.72000	 52.55724	105.72000
115.40000	105.67000	 52.58137	105.67000
115.60000	105.91000	 52.79751	105.91000
115.80000	106.22000	 53.06807	106.22000
116.00000	106.52000	 53.34012	106.52000
116.20000	106.74000	 53.56744	106.74000
116.40000	106.32000	 53.40952	106.32000
116.60000	105.79000	 53.18725	105.79000
116.80000	105.23000	 52.95065	105.23000
117.00000	104.69000	 52.73153	104.69000
117.20000	104.33000	 52.62754	104.33000
117.40000	104.39000	 52.78324	104.39000
117.60000	104.55000	 53.00301	104.55000
117.80000	104.78000	 53.26583	104.78000
118.00000	105.03000	 53.53868	105.03000
118.20000	105.21000	 53.76475	105.21000
118.40000	105.34000	 53.95444	105.34000
118.60000	105.42000	 54.10673	105.42000
118.80000	105.44000	 54.21509	105.44000
119.00000	105.40000	 54.27957	105.40000
119.20000	105.04000	 54.14389	105.04000
119.40000	104.61000	 53.96118	104.61000
119.60000	104.22000	 53.80026	104.22000
119.80000	103.94000	 53.70520	103.94000
120.00000	103.89000	 53.74930	103.89000
120.20000	104.47000	 54.17309	104.47000
120.40000	105.19000	 54.67688	105.19000
120.60000	105.99000	 55.22009	105.99000
120.80000	106.78000	 55.74438	106.78000
121.00000	107.30000	 56.08975	107.30000
121.20000	107.63000	 56.30350	107.63000
121.40000	107.87000	 56.44648	107.87000
121.60000	108.05000	 56.53794	108.05000
121.80000	108.19000	 56.59148	108.19000
122.00000	108.31000	 56.62083	108.31000
122.20000	108.42000	 56.63369	108.42000
122.40000	108.52000	 56.63164	108.52000
122.60000	108.61000	 56.61618	108.61000
122.80000	108.70000	 56.59473	108.70000
123.00000	108.80000	 56.57456	108.80000
123.20000	108.94000	 56.57480	108.94000
123.40000	109.11000	 56.59010	109.11000
123.60000	109.35000	 56.64499	109.35000
123.80000	109.84000	 56.84795	109.84000
124.00000	110.38000	 57.07690	110.38000
124.20000	110.89000	 57.28210	110.89000
124.40000	111.34000	 57.44442	111.34000
124.60000	111.55000	 57.45491	111.55000
124.80000	111.39000	 57.23635	111.39000
125.00000	111.13000	 56.95478	111.13000
125.20000	110.81000	 56.63768	110.81000
125.40000	110.48000	 56.31839	110.48000
125.60000	110.16000	 56.01169	110.16000
125.80000	109.91000	 55.75589	109.91000
126.00000	109.79000	 55.58845	109.79000
126.20000	109.86000	 55.54576	109.86000
126.40000	110.33000	 55.75330	110.33000
126.60000	111.39000	 56.32221	111.39000
126.80000	112.58000	 56.96868	112.58000
127.00000	113.80000	 57.62618	113.80000
127.20000	114.93000	 58.21701	114.93000
127.40000	115.49000	 58.44798	115.49000
127.60000	115.80000	 58.51238	115.80000
127.80000	115.98000	 58.48454	115.98000
128.00000	116.05000	 58.37914	116.05000
128.20000	116.05000	 58.22328	116.05000
128.40000	116.00000	 58.03206	116.00000
128.60000	115.96000	 57.84454	115.96000
128.80000	115.96000	 57.68125	115.96000
129.00000	116.04000	 57.56808	116.04000
129.20000	116.47000	 57.66881	116.47000
129.40000	116.97000	 57.81335	116.97000
129.60000	117.50000	 57.97608	117.50000
129.80000	118.01000	 58.12537	118.01000
130.00000	118.41000	 58.20589	118.41000
130.20000	118.70000	 58.21738	118.70000
130.40000	118.89000	 58.16639	118.89000
130.60000	118.94000	 58.02982	118.94000
130.80000	118.80000	 57.77927	118.80000
131.00000	118.39000	 57.36912	118.39000
131.20000	117.84000	 56.88149	117.84000
131.40000	117.18000	 56.33841	117.18000
131.60000	116.45000	 55.76787	116.45000
131.80000	115.65000	 55.17337	115.65000
132.00000	114.82000	 54.58219	114.82000
132.20000	114.02000	 54.03313	114.02000
132.40000	113.28000	 53.54602	113.28000
132.60000	112.65000	 53.15184	112.65000
132.80000	112.43000	 53.03118	112.43000
133.00000	112.32000	 53.00023	112.32000
133.20000	112.25000	 53.01335	112.25000
133.40000	112.19000	 53.04913	112.19000
133.60000	112.04000	 53.04420	112.04000
133.80000	111.60000	 52.87583	111.60000
134.00000	111.10000	 52.68242	111.10000
134.20000	110.56000	 52.47611	110.56000
134.40000	109.99000	 52.26306	109.99000
134.60000	109.40000	 52.04949	109.40000
134.80000	108.77000	 51.82351	108.77000
135.00000	108.20000	 51.64562	108.20000
135.20000	107.73000	 51.53966	107.73000
135.40000	107.39000	 51.52272	107.39000
135.60000	107.34000	 51.68954	107.34000
135.80000	107.60000	 52.04890	107.60000
136.00000	108.01000	 52.49962	108.01000
136.20000	108.52000	 53.00671	108.52000
136.40000	109.10000	 53.54741	109.10000
136.60000	109.65000	 54.05719	109.65000
136.80000	110.21000	 54.55692	110.21000
137.00000	110.76000	 55.03190	110.76000
137.20000	111.29000	 55.47418	111.29000
137.40000	111.74000	 55.84630	111.74000
137.60000	112.00000	 56.08157	112.00000
137.80000	112.24000	 56.28358	112.24000
138.00000	112.48000	 56.46565	112.48000
138.20000	112.74000	 56.64113	112.74000
138.40000	113.13000	 56.87751	113.13000
138.60000	113.63000	 57.16313	113.63000
138.80000	114.18000	 57.46168	114.18000
139.00000	114.75000	 57.75486	114.75000
139.20000	115.34000	 58.04255	115.34000
139.40000	116.00000	 58.35487	116.00000
139.60000	116.62000	 58.62526	116.62000
139.80000	117.15000	 58.82380	117.15000
140.00000	117.56000	 58.93336	117.56000
140.20000	117.63000	 58.82297	117.63000
140.40000	117.43000	 58.53849	117.43000
140.60000	117.12000	 58.18117	117.12000
140.80000	116.74000	 57.77990	116.74000
141.00000	116.36000	 57.38137	116.36000
141.20000	116.11000	 57.06766	116.11000
141.40000	115.89000	 56.78078	115.89000
141.60000	115.70000	 56.52239	115.70000
141.80000	115.57000	 56.31166	115.57000
142.00000	115.46000	 56.12491	115.46000
142.20000	115.40000	 55.98034	115.40000
142.40000	115.42000	 55.89570	115.42000
142.60000	115.55000	 55.88818	115.55000
142.80000	115.83000	 55.98035	115.83000
143.00000	116.42000	 56.26637	116.42000
143.20000	117.09000	 56.60372	117.09000
143.40000	117.80000	 56.96450	117.80000
143.60000	118.49000	 57.30912	118.49000
143.80000	119.04000	 57.56253	119.04000
144.00000	119.49000	 57.74749	119.49000
144.20000	119.83000	 57.85749	119.83000
144.40000	120.06000	 57.89292	120.06000
144.60000	120.05000	 57.77647	120.05000
144.80000	119.83000	 57.52864	119.83000
145.00000	119.52000	 57.22514	119.52000
145.20000	119.16000	 56.89345	119.16000
145.40000	118.80000	 56.56684	118.80000
145.60000	118.57000	 56.32626	118.57000
145.80000	118.36000	 56.10670	118.36000
146.00000	118.18000	 55.91506	118.18000
146.20000	118.03000	 55.75180	118.03000
146.40000	118.00000	 55.67126	118.00000
146.60000	118.03000	 55.63649	118.03000
146.80000	118.01000	 55.58008	118.01000
147.00000	117.92000	 55.48923	117.92000
147.20000	117.71000	 55.33353	117.71000
147.40000	117.00000	 54.88429	117.00000
147.60000	116.15000	 54.36180	116.15000
147.80000	115.23000	 53.81172	115.23000
148.00000	114.31000	 53.27942	114.31000
148.20000	113.44000	 52.79752	113.44000
148.40000	112.80000	 52.47610	112.80000
148.60000	112.27000	 52.24249	112.27000
148.80000	111.88000	 52.11363	111.88000
149.00000	111.66000	 52.10556	111.66000
149.20000	111.75000	 52.29972	111.75000
149.40000	112.18000	 52.70969	112.18000
149.60000	112.72000	 53.19085	112.72000
149.80000	113.28000	 53.68319	113.28000
150.00000	113.81000	 54.15164	113.81000
150.20000	114.02000	 54.41744	114.02000
150.40000	114.05000	 54.56373	114.05000
150.60000	113.98000	 54.63887	113.98000
150.80000	113.81000	 54.64370	113.81000
151.00000	113.54000	 54.57963	113.54000
151.20000	113.05000	 54.37621	113.05000
151.40000	112.53000	 54.15097	112.53000
151.60000	112.03000	 53.93679	112.03000
151.80000	111.60000	 53.76601	111.60000
152.00000	111.37000	 53.71842	111.37000
152.20000	111.38000	 53.81809	111.38000
152.40000	111.52000	 53.99720	111.52000
152.60000	111.79000	 54.25369	111.79000
152.80000	112.19000	 54.58507	112.19000
153.00000	112.87000	 55.07889	112.87000
153.20000	113.59000	 55.58646	113.59000
153.40000	114.29000	 56.06811	114.29000
153.60000	114.88000	 56.46689	114.88000
153.80000	115.11000	 56.63069	115.11000
154.00000	115.00000	 56.57273	115.00000
154.20000	114.75000	 56.41681	114.75000
154.40000	114.42000	 56.20280	114.42000
154.60000	114.03000	 55.94646	114.03000
154.80000	113.81000	 55.79000	113.81000
155.00000	113.58000	 55.62690	113.58000
155.20000	113.33000	 55.45290	113.33000
155.40000	113.05000	 55.26353	113.05000
155.60000	112.69000	 55.03013	112.69000
155.80000	112.21000	 54.73029	112.21000
156.00000	111.73000	 54.43840	111.73000
156.20000	111.31000	 54.19229	111.31000
156.40000	110.97000	 54.00496	110.97000
156.60000	110.93000	 54.00922	110.93000
156.80000	111.05000	 54.11888	111.05000
157.00000	111.23000	 54.27114	111.23000
157.20000	111.44000	 54.44530	111.44000
157.40000	111.58000	 54.57871	111.58000
157.60000	111.59000	 54.63357	111.59000
157.80000	111.56000	 54.66356	111.56000
158.00000	111.51000	 54.68052	111.51000
158.20000	111.43000	 54.67834	111.43000
158.40000	111.25000	 54.61497	111.25000
158.60000	111.02000	 54.52126	111.02000
158.80000	110.85000	 54.46446	110.85000
159.00000	110.78000	 54.46907	110.78000
159.20000	110.88000	 54.57701	110.88000
159.40000	111.60000	 55.05832	111.60000
159.60000	112.46000	 55.61882	112.46000
159.80000	113.34000	 56.18137	113.34000
160.00000	114.15000	 56.68764	114.15000
160.20000	114.58000	 56.94790	114.58000
160.40000	114.64000	 56.96826	114.64000
160.60000	114.54000	 56.87779	114.54000
160.80000	114.31000	 56.69778	114.31000
161.00000	114.01000	 56.46800	114.01000
161.20000	113.67000	 56.21009	113.67000
161.40000	113.31000	 55.93937	113.31000
161.60000	112.95000	 55.67076	112.95000
161.80000	112.61000	 55.41873	112.61000
162.00000	112.33000	 55.20925	112.33000
162.20000	112.15000	 55.06756	112.15000
162.40000	112.05000	 54.98186	112.05000
162.60000	112.03000	 54.95181	112.03000
162.80000	112.11000	 54.98861	112.11000
163.00000	112.51000	 55.22351	112.51000
163.20000	113.01000	 55.52071	113.01000
163.40000	113.51000	 55.81667	113.51000
163.60000	113.93000	 56.06039	113.93000
163.80000	114.15000	 56.17776	114.15000
164.00000	113.85000	 55.97561	113.85000
164.20000	113.44000	 55.70411	113.44000
164.40000	112.94000	 55.37854	112.94000
164.60000	112.43000	 55.05036	112.43000
164.80000	111.99000	 54.77055	111.99000
165.00000	111.67000	 54.57110	111.67000
165.20000	111.43000	 54.42861	111.43000
165.40000	111.32000	 54.37327	111.32000
165.60000	111.36000	 54.41630	111.36000
165.80000	111.80000	 54.70669	111.80000
166.00000	112.39000	 55.08983	112.39000
166.20000	113.05000	 55.51328	113.05000
166.40000	113.75000	 55.95500	113.75000
166.60000	114.38000	 56.34516	114.38000
166.80000	114.92000	 56.66929	114.92000
167.00000	115.40000	 56.94410	115.40000
167.20000	115.80000	 57.15689	115.80000
167.40000	116.08000	 57.28363	116.08000
167.60000	116.21000	 57.30718	116.21000
167.80000	116.23000	 57.25349	116.23000
168.00000	116.12000	 57.11285	116.12000
168.20000	115.90000	 56.90014	115.90000
168.40000	115.47000	 56.55821	115.47000
168.60000	114.89000	 56.12713	114.89000
168.80000	114.23000	 55.65330	114.23000
169.00000	113.52000	 55.15875	113.52000
169.20000	112.79000	 54.66507	112.79000
169.40000	112.05000	 54.18125	112.05000
169.60000	111.36000	 53.74580	111.36000
169.80000	110.75000	 53.37830	110.75000
170.00000	110.29000	 53.12150	110.29000
170.20000	110.05000	 53.01694	110.05000
170.40000	110.36000	 53.26145	110.36000
170.60000	110.79000	 53.59055	110.79000
170.80000	111.25000	 53.94469	111.25000
171.00000	111.65000	 54.26490	111.65000
171.20000	111.66000	 54.34859	111.66000
171.40000	111.43000	 54.28551	111.43000
171.60000	111.06000	 54.13680	111.06000
171.80000	110.59000	 53.92818	110.59000
172.00000	110.04000	 53.67365	110.04000
172.20000	109.32000	 53.32103	109.32000
172.40000	108.59000	 52.96951	108.59000
172.60000	107.90000	 52.65152	107.90000
172.80000	107.31000	 52.40480	107.31000
173.00000	106.93000	 52.29628	106.93000
173.20000	107.01000	 52.47578	107.01000
173.40000	107.21000	 52.73470	107.21000
173.60000	107.46000	 53.02700	107.46000
173.80000	107.70000	 53.31292	107.70000
174.00000	107.73000	 53.46893	107.73000
174.20000	107.62000	 53.53606	107.62000
174.40000	107.45000	 53.56241	107.45000
174.60000	107.21000	 53.54229	107.21000
174.80000	106.93000	 53.49452	106.93000
175.00000	106.42000	 53.30545	106.42000
175.20000	105.91000	 53.11591	105.91000
175.40000	105.47000	 52.96994	105.47000
175.60000	105.18000	 52.91686	105.18000
175.80000	105.21000	 53.05918	105.21000
176.00000	105.80000	 53.53963	105.80000
176.20000	106.53000	 54.09998	106.53000
176.40000	107.32000	 54.68702	107.32000
176.60000	108.09000	 55.24802	108.09000
176.80000	108.48000	 55.56247	108.48000
177.00000	108.65000	 55.72635	108.65000
177.20000	108.72000	 55.81315	108.72000
177.40000	108.71000	 55.83665	108.71000
177.60000	108.63000	 55.80500	108.63000
177.80000	108.50000	 55.73259	108.50000
178.00000	108.34000	 55.63387	108.34000
178.20000	108.17000	 55.52319	108.17000
178.40000	108.01000	 55.41465	108.01000
178.60000	107.87000	 55.31600	107.87000
178.80000	107.84000	 55.28282	107.84000
179.00000	107.91000	 55.30957	107.91000
179.20000	108.02000	 55.35989	108.02000
179.40000	108.14000	 55.41530	108.14000
179.60000	108.27000	 55.47540	108.27000
179.80000	108.40000	 55.53380	108.40000
180.00000	108.52000	 55.58418	108.52000
180.20000	108.62000	 55.62035	108.62000
180.40000	108.69000	 55.63629	108.69000
180.60000	108.72000	 55.62617	108.72000
180.80000	108.63000	 55.54221	108.63000
181.00000	108.49000	 55.42772	108.49000
181.20000	108.31000	 55.28995	108.31000
181.40000	108.13000	 55.15430	108.13000
181.60000	107.94000	 55.01579	107.94000
181.80000	107.72000	 54.86327	107.72000
182.00000	107.52000	 54.72777	107.52000
182.20000	107.40000	 54.64606	107.40000
182.40000	107.38000	 54.63014	107.38000
182.60000	107.53000	 54.72150	107.53000
182.80000	108.13000	 55.08727	108.13000
183.00000	108.83000	 55.51231	108.83000
183.20000	109.56000	 55.95034	109.56000
183.40000	110.27000	 56.36765	110.27000
183.60000	110.81000	 56.67103	110.81000
183.80000	110.99000	 56.74475	110.99000
184.00000	111.07000	 56.74684	111.07000
184.20000	111.06000	 56.68516	111.06000
184.40000	111.00000	 56.58601	111.00000
184.60000	110.87000	 56.43953	110.87000
184.80000	110.68000	 56.25410	110.68000
185.00000	110.53000	 56.09238	110.53000
185.20000	110.44000	 55.96818	110.44000
185.40000	110.45000	 55.90671	110.45000
185.60000	110.82000	 56.06502	110.82000
185.80000	111.46000	 56.38690	111.46000
186.00000	112.17000	 56.74853	112.17000
186.20000	112.88000	 57.10456	112.88000
186.40000	113.52000	 57.41020	113.52000
186.60000	113.71000	 57.43471	113.71000
186.80000	113.72000	 57.34225	113.72000
187.00000	113.66000	 57.20152	113.66000
187.20000	113.56000	 57.03308	113.56000
187.40000	113.47000	 56.86943	113.47000
187.60000	113.50000	 56.77884	113.50000
187.80000	113.61000	 56.73810	113.61000
188.00000	113.81000	 56.75352	113.81000
188.20000	114.11000	 56.83078	114.11000
188.40000	114.55000	 56.99309	114.55000
188.60000	115.38000	 57.38957	115.38000
188.80000	116.29000	 57.82963	116.29000
189.00000	117.23000	 58.27960	117.23000
189.20000	118.14000	 58.70025	118.14000
189.40000	118.84000	 58.98077	118.84000
189.60000	119.30000	 59.10259	119.30000
189.80000	119.65000	 59.14523	119.65000
190.00000	119.90000	 59.11653	119.90000
190.20000	120.05000	 59.01871	120.05000
190.40000	120.11000	 58.86039	120.11000
190.60000	120.09000	 58.65036	120.09000
190.80000	120.00000	 58.39752	120.00000
191.00000	119.85000	 58.11074	119.85000
191.20000	119.66000	 57.80481	119.66000
191.40000	119.40000	 57.46410	119.40000
191.60000	119.12000	 57.12120	119.12000
191.80000	118.84000	 56.79022	118.84000
192.00000	118.58000	 56.48481	118.58000
192.20000	118.45000	 56.27237	118.45000
192.40000	118.46000	 56.15888	118.46000
192.60000	118.46000	 56.05288	118.46000
192.80000	118.42000	 55.93533	118.42000
193.00000	118.31000	 55.78743	118.31000
193.20000	117.81000	 55.41597	117.81000
193.40000	117.15000	 54.96155	117.15000
193.60000	116.46000	 54.50502	116.46000
193.80000	115.81000	 54.09065	115.81000
194.00000	115.24000	 53.74386	115.24000
194.20000	115.30000	 53.79662	115.30000
194.40000	115.45000	 53.91973	115.45000
194.60000	115.60000	 54.05513	115.60000
194.80000	115.66000	 54.14523	115.66000
195.00000	115.43000	 54.06707	115.43000
195.20000	114.49000	 53.56714	114.49000
195.40000	113.45000	 53.01710	113.45000
195.60000	112.39000	 52.46898	112.39000
195.80000	111.41000	 51.98621	111.41000
196.00000	110.84000	 51.76972	110.84000
196.20000	110.73000	 51.84867	110.73000
196.40000	110.76000	 52.02633	110.76000
196.60000	110.87000	 52.26231	110.87000
196.80000	111.02000	 52.52837	111.02000
197.00000	111.03000	 52.71221	111.03000
197.20000	111.01000	 52.87777	111.01000
197.40000	110.96000	 53.02323	110.96000
197.60000	110.86000	 53.13520	110.86000
197.80000	110.61000	 53.15262	110.61000
198.00000	110.21000	 53.07578	110.21000
198.20000	109.83000	 53.00836	109.83000
198.40000	109.50000	 52.96935	109.50000
198.60000	109.30000	 53.00746	109.30000
198.80000	109.55000	 53.31525	109.55000
199.00000	109.92000	 53.69079	109.92000
199.20000	110.38000	 54.11280	110.38000
199.40000	110.87000	 54.54197	110.87000
199.60000	111.30000	 54.92135	111.30000
199.80000	111.64000	 55.23107	111.64000
200.00000	111.91000	 55.48244	111.91000
200.20000	112.11000	 55.67538	112.11000
200.40000	112.19000	 55.78032	112.19000
200.60000	112.02000	 55.72025	112.02000
200.80000	111.60000	 55.49797	111.60000
201.00000	111.13000	 55.23807	111.13000
201.20000	110.68000	 54.98647	110.68000
201.40000	110.30000	 54.77641	110.30000
201.60000	110.26000	 54.77283	110.26000
201.80000	110.38000	 54.86700	110.38000
202.00000	110.58000	 55.00952	110.58000
202.20000	110.83000	 55.18083	110.83000
202.40000	111.12000	 55.37340	111.12000
202.60000	111.41000	 55.56161	111.41000
202.80000	111.68000	 55.73222	111.68000
203.00000	111.89000	 55.86026	111.89000
203.20000	112.04000	 55.94548	112.04000
203.40000	111.97000	 55.89161	111.97000
203.60000	111.77000	 55.75449	111.77000
203.80000	111.49000	 55.56642	111.49000
204.00000	111.12000	 55.32370	111.12000
204.20000	110.68000	 55.04088	110.68000
204.40000	110.10000	 54.67828	110.10000
204.60000	109.48000	 54.29908	109.48000
204.80000	108.87000	 53.93602	108.87000
205.00000	108.30000	 53.60921	108.30000
205.20000	107.87000	 53.38026	107.87000
205.40000	107.67000	 53.30355	107.67000
205.60000	107.49000	 53.25105	107.49000
205.80000	107.31000	 53.20925	107.31000
206.00000	107.09000	 53.15269	107.09000
206.20000	106.64000	 52.96582	106.64000
206.40000	106.08000	 52.72145	106.08000
206.60000	105.45000	 52.44462	105.45000
206.80000	104.76000	 52.14249	104.76000
207.00000	104.01000	 51.81620	104.01000
207.20000	103.13000	 51.42479	103.13000
207.40000	102.21000	 51.02417	102.21000
207.60000	101.33000	 50.66404	101.33000
207.80000	100.53000	 50.36932	100.53000
208.00000	 99.86000	 50.17019	 99.86000
208.20000	 99.59000	 50.22844	 99.59000
208.40000	 99.53000	 50.42615	 99.53000
208.60000	 99.59000	 50.70480	 99.59000
208.80000	 99.71000	 51.02381	 99.71000
209.00000	 99.86000	 51.36098	 99.86000
209.20000	 99.89000	 51.62224	 99.89000
209.40000	 99.90000	 51.86556	 99.90000
209.60000	 99.88000	 52.08315	 99.88000
209.80000	 99.84000	 52.27982	 99.84000
210.00000	 99.74000	 52.43066	 99.74000
210.20000	 99.43000	 52.44501	 99.43000
210.40000	 99.07000	 52.42054	 99.07000
210.60000	 98.73000	 52.40084	 98.73000
210.80000	 98.47000	 52.42323	 98.47000
211.00000	 98.31000	 52.50031	 98.31000
211.20000	 98.54000	 52.80682	 98.54000
211.40000	 98.93000	 53.20178	 98.93000
211.60000	 99.40000	 53.63409	 99.40000
211.80000	 99.93000	 54.08895	 99.93000
212.00000	100.45000	 54.52162	100.45000
212.20000	100.87000	 54.87594	100.87000
212.40000	101.27000	 55.19935	101.27000
212.60000	101.67000	 55.50358	101.67000
212.80000	102.05000	 55.77648	102.05000
213.00000	102.38000	 56.00024	102.38000
213.20000	102.53000	 56.09724	102.53000
213.40000	102.72000	 56.20201	102.72000
213.60000	103.00000	 56.34623	103.00000
213.80000	103.43000	 56.56701	103.43000
214.00000	104.17000	 56.96083	104.17000
214.20000	105.63000	 57.77318	105.63000
214.40000	107.17000	 58.61266	107.17000
214.60000	108.65000	 59.38993	108.65000
214.80000	109.97000	 60.04118	109.97000
215.00000	110.60000	 60.24525	110.60000
215.20000	110.70000	 60.10167	110.70000
215.40000	110.53000	 59.77329	110.53000
215.60000	110.17000	 59.31534	110.17000
215.80000	109.67000	 58.76517	109.67000
216.00000	109.05000	 58.14184	109.05000
216.20000	108.40000	 57.50621	108.40000
216.40000	107.80000	 56.91222	107.80000
216.60000	107.31000	 56.40040	107.31000
216.80000	107.12000	 56.08813	107.12000
217.00000	107.46000	 56.11446	107.46000
217.20000	107.90000	 56.21707	107.90000
217.40000	108.38000	 56.35642	108.38000
217.60000	108.82000	 56.48108	108.82000
217.80000	108.86000	 56.37143	108.86000
218.00000	108.72000	 56.16028	108.72000
218.20000	108.46000	 55.88492	108.46000
218.40000	108.09000	 55.55299	108.09000
218.60000	107.64000	 55.18445	107.64000
218.80000	106.98000	 54.70289	106.98000
219.00000	106.31000	 54.23163	106.31000
219.20000	105.68000	 53.80301	105.68000
219.40000	105.15000	 53.45460	105.15000
219.60000	104.89000	 53.28924	104.89000
219.80000	105.09000	 53.41994	105.09000
220.00000	105.41000	 53.63745	105.41000
220.20000	105.79000	 53.90111	105.79000
220.40000	106.17000	 54.17052	106.17000
220.60000	106.32000	 54.30338	106.32000
220.80000	106.33000	 54.35224	106.33000
221.00000	106.29000	 54.37076	106.29000
221.20000	106.21000	 54.36477	106.21000
221.40000	106.10000	 54.34037	106.10000
221.60000	105.83000	 54.21944	105.83000
221.80000	105.57000	 54.10563	105.57000
222.00000	105.41000	 54.05412	105.41000
222.20000	105.42000	 54.10725	105.42000
222.40000	105.77000	 54.36659	105.77000
222.60000	106.86000	 55.07044	106.86000
222.80000	108.08000	 55.84423	108.08000
223.00000	109.31000	 56.60921	109.31000
223.20000	110.44000	 57.29375	110.44000
223.40000	110.96000	 57.58674	110.96000
223.60000	111.08000	 57.61565	111.08000
223.80000	111.00000	 57.50442	111.00000
224.00000	110.77000	 57.28747	110.77000
224.20000	110.42000	 56.98754	110.42000
224.40000	109.93000	 56.59736	109.93000
224.60000	109.44000	 56.20624	109.44000
224.80000	109.01000	 55.85450	109.01000
225.00000	108.70000	 55.58142	108.70000
225.20000	108.82000	 55.57571	108.82000
225.40000	109.39000	 55.84827	109.39000
225.60000	110.06000	 56.18438	110.06000
225.80000	110.74000	 56.52597	110.74000
226.00000	111.35000	 56.82158	111.35000
226.20000	111.44000	 56.79766	111.44000
226.40000	111.33000	 56.64839	111.33000
226.60000	111.07000	 56.40626	111.07000
226.80000	110.67000	 56.08018	110.67000
227.00000	110.14000	 55.67946	110.14000
227.20000	109.26000	 55.07497	109.26000
227.40000	108.34000	 54.45856	108.34000
227.60000	107.48000	 53.89481	107.48000
227.80000	106.77000	 53.44104	106.77000
228.00000	106.31000	 53.15900	106.31000
228.20000	106.72000	 53.42197	106.72000
228.40000	107.36000	 53.83823	107.36000
228.60000	108.14000	 54.34703	108.14000
228.80000	108.99000	 54.89977	108.99000
229.00000	109.79000	 55.41828	109.79000
229.20000	110.42000	 55.82565	110.42000
229.40000	110.97000	 56.17341	110.97000
229.60000	111.42000	 56.44781	111.42000
229.80000	111.75000	 56.63612	111.75000
230.00000	111.84000	 56.66631	111.84000
230.20000	111.80000	 56.60653	111.80000
230.40000	111.64000	 56.46529	111.64000
230.60000	111.36000	 56.24547	111.36000
230.80000	110.80000	 55.85385	110.80000
231.00000	110.17000	 55.42148	110.17000
231.20000	109.59000	 55.02484	109.59000
231.40000	109.12000	 54.70322	109.12000
231.60000	109.23000	 54.74184	109.23000
231.80000	109.67000	 54.98795	109.67000
232.00000	110.19000	 55.28707	110.19000
232.20000	110.71000	 55.58724	110.71000
232.40000	111.07000	 55.78887	111.07000
232.60000	110.92000	 55.67929	110.92000
232.80000	110.63000	 55.48326	110.63000
233.00000	110.27000	 55.24528	110.27000
233.20000	109.86000	 54.97977	109.86000
233.40000	109.40000	 54.68898	109.40000
233.60000	108.95000	 54.41124	108.95000
233.80000	108.60000	 54.20246	108.60000
234.00000	108.41000	 54.09953	108.41000
234.20000	108.57000	 54.21652	108.57000
234.40000	109.31000	 54.68948	109.31000
234.60000	110.20000	 55.25346	110.20000
234.80000	111.13000	 55.83638	111.13000
235.00000	112.03000	 56.39102	112.03000
235.20000	112.50000	 56.67231	112.50000
235.40000	112.74000	 56.80026	112.74000
235.60000	112.82000	 56.81811	112.82000
235.80000	112.74000	 56.72787	112.74000
236.00000	112.52000	 56.54440	112.52000
236.20000	112.01000	 56.18054	112.01000
236.40000	111.41000	 55.76143	111.41000
236.60000	110.78000	 55.32764	110.78000
236.80000	110.15000	 54.90111	110.15000
237.00000	109.71000	 54.59953	109.71000
237.20000	109.51000	 54.45446	109.51000
237.40000	109.36000	 54.35095	109.36000
237.60000	109.21000	 54.25811	109.21000
237.80000	109.03000	 54.15710	109.03000
238.00000	108.64000	 53.93884	108.64000
238.20000	108.17000	 53.68238	108.17000
238.40000	107.65000	 53.40675	107.65000
238.60000	107.09000	 53.11895	107.09000
238.80000	106.50000	 52.82594	106.50000
239.00000	105.77000	 52.46223	105.77000
239.20000	105.04000	 52.11359	105.04000
239.40000	104.39000	 51.82925	104.39000
239.60000	103.84000	 51.62145	103.84000
239.80000	103.49000	 51.54983	103.49000
240.00000	103.64000	 51.79335	103.64000
240.20000	103.92000	 52.12419	103.92000
240.40000	104.26000	 52.49526	104.26000
240.60000	104.61000	 52.87189	104.61000
240.80000	104.75000	 53.11759	104.75000
241.00000	104.74000	 53.26659	104.74000
241.20000	104.67000	 53.37246	104.67000
241.40000	104.56000	 53.44716	104.56000
241.60000	104.40000	 53.48486	104.40000
241.80000	104.06000	 53.40775	104.06000
242.00000	103.76000	 53.35008	103.76000
242.20000	103.55000	 53.34317	103.55000
242.40000	103.49000	 53.42368	103.49000
242.60000	103.89000	 53.77804	103.89000
242.80000	104.67000	 54.35490	104.67000
243.00000	105.56000	 54.98666	105.56000
243.20000	106.48000	 55.62049	106.48000
243.40000	107.29000	 56.16812	107.29000
243.60000	107.81000	 56.51864	107.81000
243.80000	108.22000	 56.78055	108.22000
244.00000	108.52000	 56.95474	108.52000
244.20000	108.73000	 57.05491	108.73000
244.40000	108.78000	 57.04103	108.78000
244.60000	108.74000	 56.95825	108.74000
244.80000	108.64000	 56.82786	108.64000
245.00000	108.50000	 56.66510	108.50000
245.20000	108.35000	 56.49108	108.35000
245.40000	108.17000	 56.29638	108.17000
245.60000	108.05000	 56.13772	108.05000
245.80000	108.03000	 56.04090	108.03000
246.00000	108.13000	 56.01880	108.13000
246.20000	108.67000	 56.26426	108.67000
246.40000	109.42000	 56.63591	109.42000
246.60000	110.21000	 57.02770	110.21000
246.80000	110.98000	 57.40029	110.98000
247.00000	111.56000	 57.64870	111.56000
247.20000	111.81000	 57.68768	111.81000
247.40000	111.93000	 57.63921	111.93000
247.60000	111.90000	 57.49326	111.90000
247.80000	111.75000	 57.27065	111.75000
248.00000	111.28000	 56.85385	111.28000
248.20000	110.71000	 56.37998	110.71000
248.40000	110.17000	 55.93179	110.17000
248.60000	109.71000	 55.54282	109.71000
248.80000	109.60000	 55.37811	109.60000
249.00000	109.99000	 55.52775	109.99000
249.20000	110.49000	 55.75318	110.49000
249.40000	111.01000	 55.99649	111.01000
249.60000	111.46000	 56.20015	111.46000
249.80000	111.43000	 56.11463	111.43000
250.00000	111.26000	 55.94581	111.26000
250.20000	111.01000	 55.73144	111.01000
250.40000	110.71000	 55.49138	110.71000
250.60000	110.46000	 55.28769	110.46000
250.80000	110.27000	 55.12748	110.27000
251.00000	110.10000	 54.98716	110.10000
251.20000	109.94000	 54.86088	109.94000
251.40000	109.80000	 54.75471	109.80000
251.60000	109.65000	 54.65038	109.65000
251.80000	109.53000	 54.57180	109.53000
252.00000	109.44000	 54.51857	109.44000
252.20000	109.38000	 54.49006	109.38000
252.40000	109.40000	 54.51564	109.40000
252.60000	109.48000	 54.58206	109.48000
252.80000	109.59000	 54.66982	109.59000
253.00000	109.72000	 54.77148	109.72000
253.20000	109.85000	 54.87364	109.85000
253.40000	109.91000	 54.93299	109.91000
253.60000	109.98000	 54.99722	109.98000
253.80000	110.04000	 55.05381	110.04000
254.00000	110.12000	 55.12050	110.12000
254.20000	110.26000	 55.22103	110.26000
254.40000	110.42000	 55.33063	110.42000
254.60000	110.58000	 55.43662	110.58000
254.80000	110.73000	 55.53246	110.73000
255.00000	110.83000	 55.59373	110.83000
255.20000	110.81000	 55.57832	110.81000
255.40000	110.81000	 55.57147	110.81000
255.60000	110.83000	 55.57380	110.83000
255.80000	110.90000	 55.60385	110.90000
256.00000	111.21000	 55.77625	111.21000
256.20000	111.60000	 55.99321	111.60000
256.40000	112.01000	 56.21700	112.01000
256.60000	112.42000	 56.43418	112.42000
256.80000	112.76000	 56.60146	112.76000
257.00000	113.00000	 56.70034	113.00000
257.20000	113.22000	 56.77940	113.22000
257.40000	113.43000	 56.84517	113.43000
257.60000	113.65000	 56.91025	113.65000
257.80000	113.88000	 56.97514	113.88000
258.00000	114.13000	 57.04628	114.13000
258.20000	114.42000	 57.13602	114.42000
258.40000	114.76000	 57.25046	114.76000
258.60000	115.34000	 57.50397	115.34000
258.80000	115.92000	 57.75031	115.92000
259.00000	116.44000	 57.95212	116.44000
259.20000	116.85000	 58.07868	116.85000
259.40000	116.85000	 57.94941	116.85000
259.60000	116.58000	 57.65152	116.58000
259.80000	116.21000	 57.29154	116.21000
260.00000	115.80000	 56.90966	115.80000
260.20000	115.43000	 56.55771	115.43000
260.40000	115.26000	 56.33490	115.26000
260.60000	115.14000	 56.15179	115.14000
260.80000	115.08000	 56.01485	115.08000
261.00000	115.07000	 55.91795	115.07000
261.20000	115.28000	 55.96308	115.28000
261.40000	115.52000	 56.03385	115.52000
261.60000	115.72000	 56.08626	115.72000
261.80000	115.82000	 56.08276	115.82000
262.00000	115.64000	 55.91427	115.64000
262.20000	115.01000	 55.47944	115.01000
262.40000	114.27000	 54.98686	114.27000
262.60000	113.50000	 54.48837	113.50000
262.80000	112.74000	 54.01117	112.74000
263.00000	112.22000	 53.69629	112.22000
263.20000	111.82000	 53.47173	111.82000
263.40000	111.52000	 53.32483	111.52000
263.60000	111.31000	 53.24825	111.31000
263.80000	111.28000	 53.29440	111.28000
264.00000	111.40000	 53.44243	111.40000
264.20000	111.57000	 53.62869	111.57000
264.40000	111.74000	 53.81980	111.74000
264.60000	111.87000	 53.98888	111.87000
264.80000	111.66000	 53.95297	111.66000
265.00000	111.41000	 53.89317	111.41000
265.20000	111.20000	 53.85817	111.20000
265.40000	111.05000	 53.86018	111.05000
265.60000	111.22000	 54.05567	111.22000
265.80000	111.66000	 54.41237	111.66000
266.00000	112.15000	 54.79423	112.15000
266.20000	112.63000	 55.16196	112.63000
266.40000	112.97000	 55.43473	112.97000
266.60000	112.99000	 55.50288	112.99000
266.80000	112.88000	 55.48207	112.88000
267.00000	112.66000	 55.38618	112.66000
267.20000	112.33000	 55.21752	112.33000
267.40000	111.76000	 54.90038	111.76000
267.60000	111.09000	 54.52288	111.09000
267.80000	110.46000	 54.17319	110.46000
268.00000	109.95000	 53.90239	109.95000
268.20000	109.80000	 53.85680	109.80000
268.40000	110.20000	 54.15007	110.20000
268.60000	110.74000	 54.53090	110.74000
268.80000	111.33000	 54.94068	111.33000
269.00000	111.89000	 55.32721	111.89000
269.20000	112.07000	 55.47641	112.07000
269.40000	112.05000	 55.49656	112.05000
269.60000	111.94000	 55.45507	111.94000
269.80000	111.75000	 55.35953	111.75000
270.00000	111.48000	 55.21178	111.48000
270.20000	111.04000	 54.95966	111.04000
270.40000	110.65000	 54.73859	110.65000
270.60000	110.40000	 54.60487	110.40000
270.80000	110.35000	 54.59553	110.35000
271.00000	111.03000	 55.02953	111.03000
271.20000	111.99000	 55.63074	111.99000
271.40000	113.05000	 56.28486	113.05000
271.60000	114.13000	 56.93829	114.13000
271.80000	114.95000	 57.41774	114.95000
272.00000	115.50000	 57.71512	115.50000
272.20000	115.90000	 57.90290	115.90000
272.40000	116.14000	 57.97627	116.14000
272.60000	116.16000	 57.90123	116.16000
272.80000	115.83000	 57.60275	115.83000
273.00000	115.42000	 57.24866	115.42000
273.20000	114.98000	 56.87390	114.98000
273.40000	114.60000	 56.53701	114.60000
273.60000	114.69000	 56.48837	114.69000
273.80000	114.86000	 56.49268	114.86000
274.00000	115.05000	 56.51309	115.05000
274.20000	115.21000	 56.51873	115.21000
274.40000	115.13000	 56.38252	115.13000
274.60000	114.92000	 56.17177	114.92000
274.80000	114.61000	 55.90617	114.61000
275.00000	114.20000	 55.58759	114.20000
275.20000	113.70000	 55.22417	113.70000
275.40000	113.09000	 54.80604	113.09000
275.60000	112.42000	 54.36576	112.42000
275.80000	111.72000	 53.92361	111.72000
276.00000	111.01000	 53.49354	111.01000
276.20000	110.31000	 53.08902	110.31000
276.40000	109.65000	 52.72908	109.65000
276.60000	109.05000	 52.42608	109.05000
276.80000	108.54000	 52.19780	108.54000
277.00000	108.20000	 52.09141	108.20000
277.20000	108.15000	 52.17715	108.15000
277.40000	108.18000	 52.32471	108.18000
277.60000	108.23000	 52.49414	108.23000
277.80000	108.26000	 52.65795	108.26000
278.00000	108.09000	 52.70481	108.09000
278.20000	107.69000	 52.61542	107.69000
278.40000	107.24000	 52.49865	107.24000
278.60000	106.78000	 52.37917	106.78000
278.80000	106.32000	 52.26349	106.32000
279.00000	105.91000	 52.18214	105.91000
279.20000	105.57000	 52.14714	105.57000
279.40000	105.31000	 52.16401	105.31000
279.60000	105.16000	 52.24992	105.16000
279.80000	105.19000	 52.44558	105.19000
280.00000	105.52000	 52.82099	105.52000
280.20000	105.94000	 53.24578	105.94000
280.40000	106.41000	 53.69218	106.41000
280.60000	106.89000	 54.13280	106.89000
280.80000	107.27000	 54.49862	107.27000
281.00000	107.56000	 54.79417	107.56000
281.20000	107.79000	 55.03698	107.79000
281.40000	107.94000	 55.21506	107.94000
281.60000	108.00000	 55.32313	108.00000
281.80000	107.72000	 55.21180	107.72000
282.00000	107.40000	 55.06525	107.40000
282.20000	107.13000	 54.94091	107.13000
282.40000	106.97000	 54.87738	106.97000
282.60000	107.23000	 55.06303	107.23000
282.80000	107.90000	 55.49058	107.90000
283.00000	108.67000	 55.96968	108.67000
283.20000	109.46000	 56.44869	109.46000
283.40000	110.20000	 56.88254	110.20000
283.60000	110.61000	 57.10051	110.61000
283.80000	110.88000	 57.21766	110.88000
284.00000	111.00000	 57.22944	111.00000
284.20000	110.97000	 57.13816	110.97000
284.40000	110.64000	 56.85638	110.64000
284.60000	110.00000	 56.38249	110.00000
284.80000	109.30000	 55.87286	109.30000
285.00000	108.62000	 55.38082	108.62000
285.20000	108.04000	 54.95873	108.04000
285.40000	108.07000	 54.91680	108.07000
285.60000	108.22000	 54.95816	108.22000
285.80000	108.44000	 55.05058	108.44000
286.00000	108.66000	 55.14959	108.66000
286.20000	108.74000	 55.16879	108.74000
286.40000	108.65000	 55.08922	108.65000
286.60000	108.47000	 54.95934	108.47000
286.80000	108.19000	 54.77382	108.19000
287.00000	107.82000	 54.53982	107.82000
287.20000	107.18000	 54.15025	107.18000
287.40000	106.43000	 53.70434	106.43000
287.60000	105.69000	 53.27728	105.69000
