  0.00000	 83.83000	 72.60205	 83.83000
  0.20000	 83.12000	 71.80775	 83.12000
  0.40000	 83.00000	 71.68626	 83.00000
  0.60000	 83.36000	 72.11198	 83.36000
  0.80000	 84.06000	 72.92428	 84.06000
  1.00000	 84.99000	 73.99634	 84.99000
  1.20000	 86.01000	 75.16728	 86.01000
  1.40000	 87.00000	 76.29935	 87.00000
  1.60000	 87.83000	 77.24396	 87.83000
  1.80000	 88.18000	 77.63720	 88.18000
  2.00000	 87.79000	 77.18455	 87.79000
  2.20000	 87.16000	 76.45690	 87.16000
  2.40000	 86.38000	 75.55880	 86.38000
  2.60000	 85.62000	 74.68538	 85.62000
  2.80000	 85.24000	 74.24711	 85.24000
  3.00000	 84.92000	 73.88012	 84.92000
  3.20000	 84.66000	 73.58418	 84.66000
  3.40000	 84.46000	 73.35898	 84.46000
  3.60000	 84.30000	 73.18141	 84.30000
  3.80000	 84.12000	 72.98288	 84.12000
  4.00000	 83.95000	 72.79729	 83.95000
  4.20000	 83.83000	 72.66991	 83.83000
  4.40000	 83.79000	 72.63459	 83.79000
  4.60000	 83.82000	 72.67960	 83.82000
  4.80000	 83.99000	 72.88410	 83.99000
  5.00000	 84.34000	 73.29297	 84.34000
  5.20000	 84.76000	 73.78032	 84.76000
  5.40000	 85.24000	 74.33409	 85.24000
  5.60000	 85.77000	 74.94230	 85.77000
  5.80000	 86.39000	 75.64995	 86.39000
  6.00000	 87.02000	 76.36556	 87.02000
  6.20000	 87.56000	 76.97512	 87.56000
  6.40000	 87.96000	 77.42178	 87.96000
  6.60000	 87.96000	 77.41034	 87.96000
  6.80000	 87.64000	 77.03293	 87.64000
  7.00000	 87.19000	 76.50712	 87.19000
  7.20000	 86.64000	 75.86836	 86.64000
  7.40000	 86.05000	 75.18603	 86.05000
  7.60000	 85.64000	 74.71107	 85.64000
  7.80000	 85.28000	 74.29585	 85.28000
  8.00000	 84.97000	 73.94031	 84.97000
  8.20000	 84.72000	 73.65565	 84.72000
  8.40000	 84.54000	 73.45296	 84.54000
  8.60000	 84.51000	 73.42281	 84.51000
  8.80000	 84.67000	 73.61007	 84.67000
  9.00000	 84.87000	 73.84333	 84.87000
  9.20000	 85.07000	 74.07644	 85.07000
  9.40000	 85.25000	 74.28619	 85.25000
  9.60000	 85.33000	 74.38138	 85.33000
  9.80000	 85.28000	 74.32796	 85.28000
 10.00000	 85.16000	 74.19448	 85.16000
 10.20000	 84.99000	 74.00407	 84.99000
 10.40000	 84.75000	 73.73439	 84.75000
 10.60000	 84.39000	 73.32900	 84.39000
 10.80000	 83.99000	 72.87940	 83.99000
 11.00000	 83.57000	 72.40879	 83.57000
 11.20000	 83.16000	 71.95161	 83.16000
 11.40000	 82.79000	 71.54214	 82.79000
 11.60000	 82.53000	 71.25997	 82.53000
 11.80000	 82.34000	 71.05938	 82.34000
 12.00000	 82.23000	 70.95137	 82.23000
 12.20000	 82.21000	 70.94686	 82.21000
 12.40000	 82.28000	 71.04534	 82.28000
 12.60000	 82.62000	 71.45089	 82.62000
 12.80000	 83.10000	 72.01470	 83.10000
 13.00000	 83.58000	 72.57664	 83.58000
 13.20000	 84.00000	 73.06783	 84.00000
 13.40000	 84.25000	 73.36295	 84.25000
 13.60000	 84.14000	 73.24620	 84.14000
 13.80000	 83.91000	 72.99144	 83.91000
 14.00000	 83.59000	 72.63373	 83.59000
 14.20000	 83.21000	 72.20805	 83.21000
 14.40000	 82.85000	 71.80607	 82.85000
 14.60000	 82.48000	 71.39412	 82.48000
 14.80000	 82.13000	 71.00662	 82.13000
 15.00000	 81.79000	 70.63234	 81.79000
 15.20000	 81.50000	 70.31681	 81.50000
 15.40000	 81.26000	 70.05994	 81.26000
 15.60000	 81.10000	 69.89564	 81.10000
 15.80000	 81.02000	 69.82358	 81.02000
 16.00000	 81.04000	 69.86608	 81.04000
 16.20000	 81.16000	 70.02261	 81.16000
 16.40000	 81.51000	 70.44039	 81.51000
 16.60000	 82.12000	 71.15259	 82.12000
 16.80000	 82.74000	 71.87380	 82.74000
 17.00000	 83.33000	 72.55773	 83.33000
 17.20000	 83.82000	 73.12433	 83.82000
 17.40000	 83.89000	 73.20978	 83.89000
 17.60000	 83.83000	 73.14471	 83.83000
 17.80000	 83.67000	 72.96421	 83.67000
 18.00000	 83.43000	 72.69192	 83.43000
 18.20000	 83.20000	 72.43097	 83.20000
 18.40000	 82.96000	 72.15916	 82.96000
 18.60000	 82.69000	 71.85411	 82.69000
 18.80000	 82.43000	 71.56161	 82.43000
 19.00000	 82.17000	 71.27049	 82.17000
 19.20000	 81.96000	 71.03769	 81.96000
 19.40000	 81.80000	 70.86315	 81.80000
 19.60000	 81.66000	 70.71261	 81.66000
 19.80000	 81.56000	 70.60863	 81.56000
 20.00000	 81.49000	 70.53963	 81.49000
 20.20000	 81.48000	 70.53948	 81.48000
 20.40000	 81.54000	 70.61926	 81.54000
 20.60000	 81.63000	 70.73314	 81.63000
 20.80000	 81.74000	 70.86942	 81.74000
 21.00000	 81.84000	 70.99374	 81.84000
 21.20000	 81.96000	 71.14007	 81.96000
 21.40000	 82.06000	 71.26279	 82.06000
 21.60000	 82.13000	 71.35049	 82.13000
 21.80000	 82.13000	 71.35776	 82.13000
 22.00000	 82.06000	 71.28479	 82.06000
 22.20000	 81.72000	 70.90451	 81.72000
 22.40000	 81.28000	 70.41102	 81.28000
 22.60000	 80.81000	 69.88468	 80.81000
 22.80000	 80.34000	 69.36017	 80.34000
 23.00000	 79.88000	 68.84926	 79.88000
 23.20000	 79.56000	 68.49994	 79.56000
 23.40000	 79.33000	 68.25518	 79.33000
 23.60000	 79.19000	 68.11462	 79.19000
 23.80000	 79.15000	 68.08915	 79.15000
 24.00000	 79.22000	 68.18959	 79.22000
 24.20000	 79.53000	 68.56308	 79.53000
 24.40000	 80.03000	 69.15181	 80.03000
 24.60000	 80.59000	 69.80688	 80.59000
 24.80000	 81.19000	 70.50470	 81.19000
 25.00000	 81.76000	 71.16504	 81.76000
 25.20000	 82.23000	 71.70797	 82.23000
 25.40000	 82.63000	 72.16765	 82.63000
 25.60000	 82.95000	 72.53292	 82.95000
 25.80000	 83.19000	 72.80414	 83.19000
 26.00000	 83.21000	 72.82262	 83.21000
 26.20000	 83.08000	 72.66877	 83.08000
 26.40000	 82.89000	 72.44585	 82.89000
 26.60000	 82.65000	 72.16600	 82.65000
 26.80000	 82.40000	 71.87534	 82.40000
 27.00000	 82.27000	 71.72211	 82.27000
 27.20000	 82.20000	 71.63813	 82.20000
 27.40000	 82.16000	 71.58917	 82.16000
 27.60000	 82.15000	 71.57506	 82.15000
 27.80000	 82.17000	 71.59560	 82.17000
 28.00000	 82.21000	 71.63924	 82.21000
 28.20000	 82.21000	 71.63758	 82.21000
 28.40000	 82.26000	 71.69288	 82.26000
 28.60000	 82.39000	 71.83913	 82.39000
 28.80000	 82.60000	 72.07604	 82.60000
 29.00000	 82.91000	 72.42599	 82.91000
 29.20000	 83.63000	 73.24092	 83.63000
 29.40000	 84.42000	 74.13306	 84.42000
 29.60000	 85.18000	 74.98776	 85.18000
 29.80000	 85.86000	 75.74759	 85.86000
 30.00000	 86.24000	 76.16230	 86.24000
 30.20000	 86.26000	 76.16427	 86.26000
 30.40000	 86.13000	 75.99353	 86.13000
 30.60000	 85.89000	 75.69677	 85.89000
 30.80000	 85.59000	 75.33192	 85.59000
 31.00000	 85.32000	 75.00218	 85.32000
 31.20000	 85.04000	 74.66261	 85.04000
 31.40000	 84.76000	 74.32492	 84.76000
 31.60000	 84.47000	 73.97798	 84.47000
 31.80000	 84.21000	 73.66741	 84.21000
 32.00000	 83.97000	 73.38187	 83.97000
 32.20000	 83.76000	 73.13265	 83.76000
 32.40000	 83.62000	 72.96511	 83.62000
 32.60000	 83.54000	 72.86761	 83.54000
 32.80000	 83.55000	 72.87392	 83.55000
 33.00000	 83.71000	 73.05180	 83.71000
 33.20000	 84.17000	 73.57112	 84.17000
 33.40000	 84.67000	 74.13517	 84.67000
 33.60000	 85.15000	 74.67488	 85.15000
 33.80000	 85.57000	 75.14425	 85.57000
 34.00000	 85.72000	 75.30436	 85.72000
 34.20000	 85.64000	 75.20118	 85.64000
 34.40000	 85.48000	 75.00612	 85.48000
 34.60000	 85.27000	 74.75408	 85.27000
 34.80000	 85.08000	 74.52530	 85.08000
 35.00000	 84.99000	 74.41112	 84.99000
 35.20000	 84.92000	 74.32061	 84.92000
 35.40000	 84.87000	 74.25376	 84.87000
 35.60000	 84.84000	 74.21047	 84.84000
 35.80000	 84.83000	 74.19065	 84.83000
 36.00000	 84.85000	 74.20553	 84.85000
 36.20000	 84.90000	 74.25497	 84.90000
 36.40000	 84.96000	 74.31603	 84.96000
 36.60000	 85.02000	 74.37720	 85.02000
 36.80000	 85.08000	 74.43839	 85.08000
 37.00000	 85.12000	 74.47678	 85.12000
 37.20000	 85.15000	 74.50373	 85.15000
 37.40000	 85.16000	 74.50792	 85.16000
 37.60000	 85.15000	 74.48939	 85.15000
 37.80000	 85.10000	 74.42550	 85.10000
 38.00000	 84.99000	 74.29365	 84.99000
 38.20000	 84.84000	 74.11682	 84.84000
 38.40000	 84.67000	 73.91800	 84.67000
 38.60000	 84.48000	 73.69739	 84.48000
 38.80000	 84.29000	 73.47789	 84.29000
 39.00000	 84.09000	 73.24826	 84.09000
 39.20000	 83.91000	 73.04267	 83.91000
 39.40000	 83.74000	 72.84977	 83.74000
 39.60000	 83.62000	 72.71499	 83.62000
 39.80000	 83.54000	 72.62680	 83.54000
 40.00000	 83.57000	 72.66459	 83.57000
 40.20000	 83.70000	 72.81658	 83.70000
 40.40000	 83.86000	 73.00269	 83.86000
 40.60000	 84.04000	 73.21115	 84.04000
 40.80000	 84.22000	 73.41888	 84.22000
 41.00000	 84.36000	 73.58022	 84.36000
 41.20000	 84.48000	 73.71785	 84.48000
 41.40000	 84.55000	 73.79769	 84.55000
 41.60000	 84.57000	 73.81988	 84.57000
 41.80000	 84.42000	 73.64822	 84.42000
 42.00000	 84.18000	 73.37420	 84.18000
 42.20000	 83.91000	 73.06659	 83.91000
 42.40000	 83.64000	 72.75997	 83.64000
 42.60000	 83.39000	 72.47735	 83.39000
 42.80000	 83.32000	 72.40079	 83.32000
 43.00000	 83.29000	 72.37080	 83.29000
 43.20000	 83.31000	 72.39843	 83.31000
 43.40000	 83.36000	 72.46059	 83.36000
 43.60000	 83.43000	 72.54561	 83.43000
 43.80000	 83.37000	 72.48271	 83.37000
 44.00000	 83.37000	 72.48802	 83.37000
 44.20000	 83.48000	 72.61833	 83.48000
 44.40000	 83.72000	 72.89609	 83.72000
 44.60000	 84.26000	 73.51409	 84.26000
 44.80000	 85.18000	 74.56226	 85.18000
 45.00000	 86.19000	 75.70938	 86.19000
 45.20000	 87.21000	 76.86331	 87.21000
 45.40000	 88.14000	 77.90955	 88.14000
 45.60000	 88.82000	 78.66592	 88.82000
 45.80000	 89.37000	 79.26927	 89.37000
 46.00000	 89.78000	 79.70888	 89.78000
 46.20000	 90.00000	 79.92870	 90.00000
 46.40000	 89.95000	 79.83879	 89.95000
 46.60000	 89.77000	 79.59965	 89.77000
 46.80000	 89.49000	 79.24661	 89.49000
 47.00000	 89.13000	 78.80344	 89.13000
 47.20000	 88.79000	 78.38473	 88.79000
 47.40000	 88.45000	 77.96829	 88.45000
 47.60000	 88.11000	 77.55447	 88.11000
 47.80000	 87.78000	 77.15483	 87.78000
 48.00000	 87.47000	 76.78085	 87.47000
 48.20000	 87.19000	 76.44387	 87.19000
 48.40000	 86.96000	 76.16654	 86.96000
 48.60000	 86.78000	 75.94863	 86.78000
 48.80000	 86.68000	 75.82397	 86.68000
 49.00000	 86.67000	 75.80353	 86.67000
 49.20000	 86.81000	 75.95502	 86.81000
 49.40000	 87.06000	 76.23228	 87.06000
 49.60000	 87.40000	 76.61184	 87.40000
 49.80000	 87.83000	 77.09301	 87.83000
 50.00000	 88.42000	 77.75470	 88.42000
 50.20000	 89.19000	 78.61882	 89.19000
 50.40000	 89.92000	 79.43434	 89.92000
 50.60000	 90.53000	 80.10980	 90.53000
 50.80000	 90.83000	 80.42914	 90.83000
 51.00000	 90.61000	 80.15434	 90.61000
 51.20000	 90.23000	 79.69637	 90.23000
 51.40000	 89.75000	 79.12498	 89.75000
 51.60000	 89.22000	 78.49827	 89.22000
 51.80000	 88.94000	 78.15825	 88.94000
 52.00000	 88.71000	 77.87762	 88.71000
 52.20000	 88.53000	 77.65628	 88.53000
 52.40000	 88.39000	 77.48264	 88.39000
 52.60000	 88.29000	 77.35647	 88.29000
 52.80000	 88.22000	 77.26611	 88.22000
 53.00000	 88.21000	 77.24538	 88.21000
 53.20000	 88.24000	 77.27121	 88.24000
 53.40000	 88.31000	 77.34326	 88.31000
 53.60000	 88.46000	 77.50670	 88.46000
 53.80000	 88.74000	 77.81794	 88.74000
 54.00000	 89.04000	 78.15137	 89.04000
 54.20000	 89.31000	 78.44972	 89.31000
 54.40000	 89.51000	 78.66729	 89.51000
 54.60000	 89.46000	 78.59947	 89.46000
 54.80000	 89.31000	 78.41740	 89.31000
 55.00000	 89.09000	 78.15581	 89.09000
 55.20000	 88.82000	 77.83804	 88.82000
 55.40000	 88.51000	 77.47597	 88.51000
 55.60000	 88.20000	 77.11550	 88.20000
 55.80000	 87.88000	 76.74553	 87.88000
 56.00000	 87.58000	 76.40036	 87.58000
 56.20000	 87.32000	 76.10279	 87.32000
 56.40000	 87.10000	 75.85275	 87.10000
 56.60000	 86.96000	 75.69556	 86.96000
 56.80000	 86.89000	 75.61953	 86.89000
 57.00000	 86.94000	 75.68114	 86.94000
 57.20000	 87.13000	 75.90256	 87.13000
 57.40000	 87.71000	 76.56732	 87.71000
 57.60000	 88.34000	 77.28752	 88.34000
 57.80000	 88.95000	 77.98257	 88.95000
 58.00000	 89.45000	 78.54950	 89.45000
 58.20000	 89.51000	 78.61303	 89.51000
 58.40000	 89.39000	 78.46965	 89.39000
 58.60000	 89.15000	 78.18865	 89.15000
 58.80000	 88.82000	 77.80515	 88.82000
 59.00000	 88.45000	 77.37689	 88.45000
 59.20000	 88.06000	 76.92728	 88.06000
 59.40000	 87.66000	 76.46820	 87.66000
 59.60000	 87.28000	 76.03411	 87.28000
 59.80000	 86.95000	 75.65927	 86.95000
 60.00000	 86.74000	 75.42324	 86.74000
 60.20000	 86.58000	 75.24613	 86.58000
 60.40000	 86.49000	 75.15032	 86.49000
 60.60000	 86.46000	 75.12404	 86.46000
 60.80000	 86.48000	 75.15549	 86.48000
 61.00000	 86.54000	 75.23287	 86.54000
 61.20000	 86.70000	 75.42404	 86.70000
 61.40000	 86.98000	 75.75123	 86.98000
 61.60000	 87.40000	 76.23658	 87.40000
 61.80000	 88.29000	 77.25456	 88.29000
 62.00000	 89.28000	 78.38297	 89.28000
 62.20000	 90.20000	 79.42731	 90.20000
 62.40000	 90.95000	 80.27326	 90.95000
 62.60000	 91.03000	 80.35238	 91.03000
 62.80000	 90.77000	 80.04142	 90.77000
 63.00000	 90.32000	 79.51279	 90.32000
 63.20000	 89.77000	 78.87054	 89.77000
 63.40000	 89.36000	 78.38890	 89.36000
 63.60000	 89.02000	 77.98892	 89.02000
 63.80000	 88.69000	 77.60264	 88.69000
 64.00000	 88.39000	 77.25290	 88.39000
 64.20000	 88.11000	 76.92833	 88.11000
 64.40000	 87.87000	 76.65158	 87.87000
 64.60000	 87.69000	 76.44523	 87.69000
 64.80000	 87.53000	 76.26353	 87.53000
 65.00000	 87.37000	 76.08348	 87.37000
 65.20000	 87.23000	 75.92765	 87.23000
 65.40000	 87.02000	 75.69353	 87.02000
 65.60000	 86.68000	 75.31292	 86.68000
 65.80000	 86.40000	 75.00213	 86.40000
 66.00000	 86.22000	 74.80667	 86.22000
 66.20000	 86.20000	 74.79456	 86.20000
 66.40000	 86.59000	 75.24947	 86.59000
 66.60000	 87.39000	 76.17012	 87.39000
 66.80000	 88.25000	 77.15679	 88.25000
 67.00000	 89.07000	 78.09446	 89.07000
 67.20000	 89.71000	 78.82317	 89.71000
 67.40000	 89.88000	 79.01315	 89.88000
 67.60000	 89.89000	 79.01789	 89.89000
 67.80000	 89.76000	 78.86123	 89.76000
 68.00000	 89.54000	 78.60112	 89.54000
 68.20000	 89.28000	 78.29536	 89.28000
 68.40000	 88.97000	 77.93334	 88.97000
 68.60000	 88.63000	 77.53840	 88.63000
 68.80000	 88.28000	 77.13376	 88.28000
 69.00000	 87.96000	 76.76523	 87.96000
 69.20000	 87.75000	 76.52388	 87.75000
 69.40000	 87.57000	 76.31860	 87.57000
 69.60000	 87.42000	 76.14916	 87.42000
 69.80000	 87.29000	 76.00398	 87.29000
 70.00000	 87.17000	 75.87147	 87.17000
 70.20000	 87.02000	 75.70597	 87.02000
 70.40000	 86.91000	 75.58700	 86.91000
 70.60000	 86.84000	 75.51440	 86.84000
 70.80000	 86.83000	 75.51072	 86.83000
 71.00000	 87.01000	 75.72347	 87.01000
 71.20000	 87.36000	 76.12928	 87.36000
 71.40000	 87.70000	 76.52271	 87.70000
 71.60000	 87.98000	 76.84640	 87.98000
 71.80000	 88.09000	 76.97510	 88.09000
 72.00000	 87.77000	 76.61348	 87.77000
 72.20000	 87.33000	 76.11514	 87.33000
 72.40000	 86.78000	 75.49254	 86.78000
 72.60000	 86.17000	 74.80348	 86.17000
 72.80000	 85.56000	 74.11696	 85.56000
 73.00000	 84.98000	 73.46759	 84.98000
 73.20000	 84.43000	 72.85561	 84.43000
 73.40000	 83.92000	 72.29246	 83.92000
 73.60000	 83.47000	 71.80080	 83.47000
 73.80000	 83.13000	 71.43724	 83.13000
 74.00000	 82.92000	 71.22409	 82.92000
 74.20000	 82.80000	 71.11526	 82.80000
 74.40000	 82.80000	 71.14421	 82.80000
 74.60000	 82.90000	 71.28748	 82.90000
 74.80000	 83.24000	 71.70350	 83.24000
 75.00000	 83.73000	 72.28892	 83.73000
 75.20000	 84.25000	 72.90629	 84.25000
 75.40000	 84.74000	 73.48663	 84.74000
 75.60000	 85.11000	 73.92721	 85.11000
 75.80000	 85.26000	 74.11438	 85.26000
 76.00000	 85.32000	 74.19647	 85.32000
 76.20000	 85.29000	 74.17410	 85.29000
 76.40000	 85.19000	 74.07064	 85.19000
 76.60000	 84.96000	 73.81849	 84.96000
 76.80000	 84.69000	 73.52068	 84.69000
 77.00000	 84.39000	 73.18915	 84.39000
 77.20000	 84.09000	 72.85849	 84.09000
 77.40000	 83.81000	 72.55173	 83.81000
 77.60000	 83.58000	 72.30311	 83.58000
 77.80000	 83.42000	 72.13537	 83.42000
 78.00000	 83.33000	 72.04830	 83.33000
 78.20000	 83.34000	 72.07571	 83.34000
 78.40000	 83.54000	 72.31949	 83.54000
 78.60000	 83.98000	 72.83574	 83.98000
 78.80000	 84.49000	 73.43015	 84.49000
 79.00000	 85.01000	 74.03367	 85.01000
 79.20000	 85.52000	 74.62297	 85.52000
 79.40000	 85.88000	 75.03854	 85.88000
 79.60000	 86.18000	 75.38286	 86.18000
 79.80000	 86.38000	 75.61070	 86.38000
 80.00000	 86.49000	 75.73386	 86.49000
 80.20000	 86.36000	 75.58234	 86.36000
 80.40000	 86.11000	 75.29349	 86.11000
 80.60000	 85.82000	 74.95915	 85.82000
 80.80000	 85.50000	 74.59141	 85.50000
 81.00000	 85.24000	 74.29313	 85.24000
 81.20000	 85.11000	 74.14410	 85.11000
 81.40000	 85.05000	 74.07596	 85.05000
 81.60000	 85.04000	 74.06568	 85.04000
 81.80000	 85.09000	 74.12432	 85.09000
 82.00000	 85.20000	 74.25152	 85.20000
 82.20000	 85.38000	 74.45827	 85.38000
 82.40000	 85.63000	 74.74414	 85.63000
 82.60000	 85.98000	 75.14280	 85.98000
 82.80000	 86.46000	 75.68785	 86.46000
 83.00000	 87.23000	 76.56054	 87.23000
 83.20000	 88.01000	 77.44149	 88.01000
 83.40000	 88.73000	 78.25039	 88.73000
 83.60000	 89.25000	 78.82777	 89.25000
 83.80000	 89.39000	 78.96928	 89.39000
 84.00000	 89.37000	 78.92613	 89.37000
 84.20000	 89.21000	 78.72218	 89.21000
 84.40000	 88.95000	 78.40401	 88.95000
 84.60000	 88.61000	 77.99536	 88.61000
 84.80000	 88.23000	 77.54254	 88.23000
 85.00000	 87.83000	 77.06894	 87.83000
 85.20000	 87.44000	 76.60914	 87.44000
 85.40000	 87.11000	 76.22025	 87.11000
 85.60000	 86.89000	 75.95915	 86.89000
 85.80000	 86.75000	 75.79146	 86.75000
 86.00000	 86.71000	 75.73954	 86.71000
 86.20000	 86.80000	 75.83698	 86.80000
 86.40000	 87.19000	 76.27638	 87.19000
 86.60000	 87.82000	 76.98841	 87.82000
 86.80000	 88.45000	 77.69889	 88.45000
 87.00000	 89.02000	 78.33873	 89.02000
 87.20000	 89.35000	 78.70287	 89.35000
 87.40000	 89.25000	 78.57556	 89.25000
 87.60000	 88.98000	 78.25360	 88.98000
 87.80000	 88.57000	 77.77228	 88.57000
 88.00000	 88.04000	 77.15550	 88.04000
 88.20000	 87.40000	 76.41567	 87.40000
 88.40000	 86.71000	 75.62193	 86.71000
 88.60000	 86.00000	 74.80911	 86.00000
 88.80000	 85.33000	 74.04593	 85.33000
 89.00000	 84.74000	 73.37806	 84.74000
 89.20000	 84.35000	 72.94185	 84.35000
 89.40000	 84.05000	 72.61168	 84.05000
 89.60000	 83.87000	 72.42104	 83.87000
 89.80000	 83.81000	 72.36920	 83.81000
 90.00000	 83.90000	 72.48949	 83.90000
 90.20000	 84.18000	 72.82648	 84.18000
 90.40000	 84.55000	 73.26544	 84.55000
 90.60000	 85.00000	 73.79409	 85.00000
 90.80000	 85.51000	 74.38890	 85.51000
 91.00000	 86.10000	 75.07195	 86.10000
 91.20000	 86.70000	 75.76306	 86.70000
 91.40000	 87.26000	 76.40501	 87.26000
 91.60000	 87.76000	 76.97489	 87.76000
 91.80000	 88.03000	 77.27954	 88.03000
 92.00000	 88.21000	 77.47871	 88.21000
 92.20000	 88.30000	 77.57308	 88.30000
 92.40000	 88.33000	 77.59740	 88.33000
 92.60000	 88.28000	 77.52957	 88.28000
 92.80000	 88.16000	 77.38156	 88.16000
 93.00000	 88.02000	 77.21079	 88.02000
 93.20000	 87.88000	 77.04044	 87.88000
 93.40000	 87.77000	 76.90492	 87.77000
 93.60000	 87.67000	 76.78161	 87.67000
 93.80000	 87.64000	 76.73877	 87.64000
 94.00000	 87.71000	 76.81039	 87.71000
 94.20000	 87.89000	 77.00750	 87.89000
 94.40000	 88.23000	 77.38647	 88.23000
 94.60000	 89.14000	 78.41273	 89.14000
 94.80000	 90.13000	 79.52747	 90.13000
 95.00000	 91.06000	 80.57017	 91.06000
 95.20000	 91.81000	 81.40366	 91.81000
 95.40000	 91.90000	 81.48220	 91.90000
 95.60000	 91.57000	 81.08015	 91.57000
 95.80000	 91.05000	 80.46100	 91.05000
 96.00000	 90.40000	 79.69477	 90.40000
 96.20000	 89.81000	 78.99900	 89.81000
 96.40000	 89.29000	 78.38591	 89.29000
 96.60000	 88.80000	 77.81046	 88.80000
 96.80000	 88.34000	 77.27280	 88.34000
 97.00000	 87.94000	 76.80705	 87.94000
 97.20000	 87.66000	 76.48127	 87.66000
 97.40000	 87.50000	 76.29502	 87.50000
 97.60000	 87.41000	 76.19088	 87.41000
 97.80000	 87.38000	 76.15690	 87.38000
 98.00000	 87.41000	 76.19251	 87.41000
 98.20000	 87.45000	 76.24035	 87.45000
 98.40000	 87.51000	 76.31140	 87.51000
 98.60000	 87.64000	 76.46219	 87.64000
 98.80000	 87.87000	 76.72644	 87.87000
 99.00000	 88.23000	 77.13778	 88.23000
 99.20000	 88.97000	 77.97981	 88.97000
 99.40000	 89.71000	 78.81926	 89.71000
 99.60000	 90.37000	 79.56434	 90.37000
 99.80000	 90.81000	 80.05553	 90.81000
100.00000	 90.54000	 79.73607	 90.54000
100.20000	 90.07000	 79.18762	 90.07000
100.40000	 89.50000	 78.52559	 89.50000
100.60000	 88.91000	 77.84232	 88.91000
100.80000	 88.71000	 77.60492	 88.71000
101.00000	 88.69000	 77.57441	 88.69000
101.20000	 88.72000	 77.60239	 88.72000
101.40000	 88.79000	 77.67697	 88.79000
101.60000	 88.86000	 77.75219	 88.86000
101.80000	 88.77000	 77.64585	 88.77000
102.00000	 88.55000	 77.39218	 88.55000
102.20000	 88.36000	 77.17346	 88.36000
102.40000	 88.24000	 77.03537	 88.24000
102.60000	 88.24000	 77.03470	 88.24000
102.80000	 88.60000	 77.44398	 88.60000
103.00000	 89.14000	 78.05754	 89.14000
103.20000	 89.76000	 78.76059	 89.76000
103.40000	 90.41000	 79.49536	 90.41000
103.60000	 91.04000	 80.20433	 91.04000
103.80000	 91.58000	 80.80754	 91.58000
104.00000	 92.08000	 81.36181	 92.08000
104.20000	 92.51000	 81.83316	 92.51000
104.40000	 92.86000	 82.21048	 92.86000
104.60000	 93.09000	 82.44869	 93.09000
104.80000	 93.22000	 82.57110	 93.22000
105.00000	 93.24000	 82.56698	 93.24000
105.20000	 93.16000	 82.44838	 93.16000
105.40000	 92.86000	 82.07960	 92.86000
105.60000	 92.47000	 81.60942	 92.47000
105.80000	 92.04000	 81.09553	 92.04000
106.00000	 91.64000	 80.61818	 91.64000
106.20000	 91.36000	 80.28004	 91.36000
106.40000	 91.16000	 80.03559	 91.16000
106.60000	 91.04000	 79.88457	 91.04000
106.80000	 91.03000	 79.86071	 91.03000
107.00000	 91.37000	 80.23633	 91.37000
107.20000	 91.71000	 80.61236	 91.71000
107.40000	 91.96000	 80.88569	 91.96000
107.60000	 91.92000	 80.82860	 91.92000
107.80000	 91.37000	 80.19143	 91.37000
108.00000	 90.62000	 79.32807	 90.62000
108.20000	 89.74000	 78.31952	 89.74000
108.40000	 88.80000	 77.24662	 88.80000
108.60000	 87.88000	 76.20126	 87.88000
108.80000	 86.96000	 75.16125	 86.96000
109.00000	 86.08000	 74.17239	 86.08000
109.20000	 85.27000	 73.26885	 85.27000
109.40000	 84.65000	 72.58689	 84.65000
109.60000	 84.14000	 72.03495	 84.14000
109.80000	 83.75000	 71.62370	 83.75000
110.00000	 83.46000	 71.32960	 83.46000
110.20000	 83.33000	 71.22005	 83.33000
110.40000	 83.40000	 71.33960	 83.40000
110.60000	 83.52000	 71.51660	 83.52000
110.80000	 83.62000	 71.67060	 83.62000
111.00000	 83.64000	 71.73285	 83.64000
111.20000	 83.45000	 71.55536	 83.45000
111.40000	 83.18000	 71.28629	 83.18000
111.60000	 82.88000	 70.98293	 82.88000
111.80000	 82.54000	 70.63427	 82.54000
112.00000	 82.18000	 70.26339	 82.18000
112.20000	 81.84000	 69.91602	 81.84000
112.40000	 81.52000	 69.59231	 81.52000
112.60000	 81.26000	 69.33776	 81.26000
112.80000	 81.07000	 69.16361	 81.07000
113.00000	 80.98000	 69.10373	 80.98000
113.20000	 80.98000	 69.14633	 80.98000
113.40000	 81.10000	 69.32505	 81.10000
113.60000	 81.34000	 69.63928	 81.34000
113.80000	 81.93000	 70.34985	 81.93000
114.00000	 82.59000	 71.13718	 82.59000
114.20000	 83.27000	 71.94346	 83.27000
114.40000	 83.91000	 72.69982	 83.91000
114.60000	 84.29000	 73.15583	 84.29000
114.80000	 84.57000	 73.49380	 84.57000
115.00000	 84.76000	 73.72567	 84.76000
115.20000	 84.87000	 73.86342	 84.87000
115.40000	 84.86000	 73.86222	 84.86000
115.60000	 84.80000	 73.80237	 84.80000
115.80000	 84.70000	 73.69588	 84.70000
116.00000	 84.61000	 73.60011	 84.61000
116.20000	 84.59000	 73.58363	 84.59000
116.40000	 84.63000	 73.63515	 84.63000
116.60000	 84.71000	 73.73183	 84.71000
116.80000	 84.86000	 73.90766	 84.86000
117.00000	 85.10000	 74.18510	 85.10000
117.20000	 85.56000	 74.71159	 85.56000
117.40000	 86.00000	 75.21354	 86.00000
117.60000	 86.35000	 75.61093	 86.35000
117.80000	 86.50000	 75.77862	 86.50000
118.00000	 86.16000	 75.38737	 86.16000
118.20000	 85.67000	 74.82512	 85.67000
118.40000	 85.11000	 74.18414	 85.11000
118.60000	 84.53000	 73.52232	 84.53000
118.80000	 84.16000	 73.10187	 84.16000
119.00000	 83.86000	 72.76363	 83.86000
119.20000	 83.65000	 72.53015	 83.65000
119.40000	 83.53000	 72.40108	 83.53000
119.60000	 83.51000	 72.38730	 83.51000
119.80000	 83.54000	 72.43143	 83.54000
120.00000	 83.73000	 72.65800	 83.73000
120.20000	 84.10000	 73.08905	 84.10000
120.40000	 84.69000	 73.76914	 84.69000
120.60000	 85.75000	 74.98141	 85.75000
120.80000	 87.18000	 76.61037	 87.18000
121.00000	 88.68000	 78.31294	 88.68000
121.20000	 90.15000	 79.97397	 90.15000
121.40000	 91.41000	 81.38795	 91.41000
121.60000	 92.42000	 82.50939	 92.42000
121.80000	 93.20000	 83.36167	 93.20000
122.00000	 93.70000	 83.88897	 93.70000
122.20000	 93.51000	 83.62658	 93.51000
122.40000	 92.97000	 82.96361	 92.97000
122.60000	 92.26000	 82.10727	 92.26000
122.80000	 91.51000	 81.20750	 91.51000
123.00000	 91.03000	 80.61824	 91.03000
123.20000	 91.02000	 80.56726	 91.02000
123.40000	 91.14000	 80.66717	 91.14000
123.60000	 91.38000	 80.90571	 91.38000
123.80000	 91.70000	 81.23649	 91.70000
124.00000	 92.09000	 81.64734	 92.09000
124.20000	 92.58000	 82.17164	 92.58000
124.40000	 93.05000	 82.67226	 93.05000
124.60000	 93.47000	 83.11466	 93.47000
124.80000	 93.81000	 83.46457	 93.81000
125.00000	 93.90000	 83.52882	 93.90000
125.20000	 93.83000	 83.41035	 93.83000
125.40000	 93.63000	 83.14409	 93.63000
125.60000	 93.31000	 82.74225	 93.31000
125.80000	 92.78000	 82.10334	 92.78000
126.00000	 92.11000	 81.30799	 92.11000
126.20000	 91.40000	 80.47086	 91.40000
126.40000	 90.68000	 79.62680	 90.68000
126.60000	 90.01000	 78.84449	 90.01000
126.80000	 89.63000	 78.39693	 89.63000
127.00000	 89.36000	 78.07890	 89.36000
127.20000	 89.17000	 77.85557	 89.17000
127.40000	 89.03000	 77.69215	 89.03000
127.60000	 88.95000	 77.59938	 88.95000
127.80000	 88.93000	 77.57668	 88.93000
128.00000	 88.92000	 77.56667	 88.92000
128.20000	 88.89000	 77.53482	 88.89000
128.40000	 88.81000	 77.44678	 88.81000
128.60000	 88.53000	 77.13197	 88.53000
128.80000	 88.08000	 76.62491	 88.08000
129.00000	 87.59000	 76.07403	 87.59000
129.20000	 87.11000	 75.53671	 87.11000
129.40000	 86.67000	 75.04736	 86.67000
129.60000	 86.51000	 74.87891	 86.51000
129.80000	 86.45000	 74.82614	 86.45000
130.00000	 86.45000	 74.84291	 86.45000
130.20000	 86.51000	 74.92863	 86.51000
130.40000	 86.61000	 75.06003	 86.61000
130.60000	 86.69000	 75.16840	 86.69000
130.80000	 86.77000	 75.27624	 86.77000
131.00000	 86.89000	 75.42883	 86.89000
131.20000	 87.04000	 75.61460	 87.04000
131.40000	 87.25000	 75.86747	 87.25000
131.60000	 87.63000	 76.31221	 87.63000
131.80000	 87.98000	 76.72092	 87.98000
132.00000	 88.26000	 77.04784	 88.26000
132.20000	 88.42000	 77.23610	 88.42000
132.40000	 88.10000	 76.87672	 88.10000
132.60000	 87.62000	 76.33481	 87.62000
132.80000	 87.06000	 75.70256	 87.06000
133.00000	 86.46000	 75.02650	 86.46000
133.20000	 85.95000	 74.45517	 85.95000
133.40000	 85.66000	 74.13669	 85.66000
133.60000	 85.42000	 73.87744	 85.42000
133.80000	 85.21000	 73.65434	 85.21000
134.00000	 85.04000	 73.47843	 85.04000
134.20000	 84.89000	 73.32662	 84.89000
134.40000	 84.65000	 73.07359	 84.65000
134.60000	 84.44000	 72.85576	 84.44000
134.80000	 84.28000	 72.69577	 84.28000
135.00000	 84.18000	 72.60483	 84.18000
135.20000	 84.18000	 72.62814	 84.18000
135.40000	 84.41000	 72.91307	 84.41000
135.60000	 84.69000	 73.25420	 84.69000
135.80000	 84.96000	 73.58265	 84.96000
136.00000	 85.20000	 73.87527	 85.20000
136.20000	 85.22000	 73.91587	 85.22000
136.40000	 85.10000	 73.79578	 85.10000
136.60000	 84.94000	 73.62929	 84.94000
136.80000	 84.73000	 73.40554	 84.73000
137.00000	 84.51000	 73.17046	 84.51000
137.20000	 84.29000	 72.93575	 84.29000
137.40000	 84.09000	 72.72439	 84.09000
137.60000	 83.93000	 72.55921	 83.93000
137.80000	 83.83000	 72.46292	 83.83000
138.00000	 83.80000	 72.44671	 83.80000
138.20000	 84.08000	 72.78318	 84.08000
138.40000	 84.45000	 73.22130	 84.45000
138.60000	 84.81000	 73.64660	 84.81000
138.80000	 85.11000	 74.00171	 85.11000
139.00000	 85.15000	 74.05907	 85.15000
139.20000	 84.87000	 73.75095	 84.87000
139.40000	 84.49000	 73.32854	 84.49000
139.60000	 84.04000	 72.82690	 84.04000
139.80000	 83.56000	 72.29232	 83.56000
140.00000	 83.22000	 71.91868	 83.22000
140.20000	 82.93000	 71.60372	 82.93000
140.40000	 82.68000	 71.33601	 82.68000
140.60000	 82.46000	 71.10401	 82.46000
140.80000	 82.27000	 70.90753	 82.27000
141.00000	 82.11000	 70.74636	 82.11000
141.20000	 81.99000	 70.63162	 81.99000
141.40000	 81.90000	 70.55171	 81.90000
141.60000	 81.85000	 70.51774	 81.85000
141.80000	 81.85000	 70.54082	 81.85000
142.00000	 81.94000	 70.66612	 81.94000
142.20000	 82.08000	 70.84777	 82.08000
142.40000	 82.23000	 71.03990	 82.23000
142.60000	 82.35000	 71.19677	 82.35000
142.80000	 82.41000	 71.28416	 82.41000
143.00000	 82.31000	 71.18847	 82.31000
143.20000	 82.17000	 71.04655	 82.17000
143.40000	 82.00000	 70.87015	 82.00000
143.60000	 81.83000	 70.69371	 81.83000
143.80000	 81.67000	 70.52884	 81.67000
144.00000	 81.56000	 70.42114	 81.56000
144.20000	 81.48000	 70.34784	 81.48000
144.40000	 81.43000	 70.30885	 81.43000
144.60000	 81.42000	 70.31542	 81.42000
144.80000	 81.49000	 70.41283	 81.49000
145.00000	 81.66000	 70.62352	 81.66000
145.20000	 81.84000	 70.84473	 81.84000
145.40000	 82.02000	 71.06481	 82.02000
145.60000	 82.17000	 71.24943	 82.17000
145.80000	 82.17000	 71.26213	 82.17000
146.00000	 82.13000	 71.22828	 82.13000
146.20000	 82.06000	 71.15957	 82.06000
146.40000	 81.99000	 71.09040	 81.99000
146.60000	 81.93000	 71.03233	 81.93000
146.80000	 81.88000	 70.98549	 81.88000
147.00000	 81.87000	 70.98404	 81.87000
147.20000	 81.91000	 71.03930	 81.91000
147.40000	 82.03000	 71.18523	 82.03000
147.60000	 82.31000	 71.51250	 82.31000
147.80000	 82.76000	 72.03193	 82.76000
148.00000	 83.23000	 72.57224	 83.23000
148.20000	 83.69000	 73.09880	 83.69000
148.40000	 84.04000	 73.49760	 84.04000
148.60000	 84.21000	 73.68912	 84.21000
148.80000	 84.30000	 73.78752	 84.30000
149.00000	 84.34000	 73.82743	 84.34000
149.20000	 84.33000	 73.80936	 84.33000
149.40000	 84.25000	 73.71101	 84.25000
149.60000	 84.15000	 73.58971	 84.15000
149.80000	 84.08000	 73.50267	 84.08000
150.00000	 84.04000	 73.45008	 84.04000
150.20000	 84.12000	 73.53431	 84.12000
150.40000	 84.40000	 73.84606	 84.40000
150.60000	 84.73000	 74.21419	 84.73000
150.80000	 85.10000	 74.62679	 85.10000
151.00000	 85.48000	 75.04933	 85.48000
151.20000	 85.90000	 75.51559	 85.90000
151.40000	 86.28000	 75.93434	 86.28000
151.60000	 86.56000	 76.23730	 86.56000
151.80000	 86.71000	 76.39055	 86.71000
152.00000	 86.46000	 76.08757	 86.46000
152.20000	 86.03000	 75.57972	 86.03000
152.40000	 85.50000	 74.95918	 85.50000
152.60000	 84.92000	 74.28386	 84.92000
152.80000	 84.39000	 73.66827	 84.39000
153.00000	 83.93000	 73.13555	 83.93000
153.20000	 83.50000	 72.64032	 83.50000
153.40000	 83.12000	 72.20529	 83.12000
153.60000	 82.82000	 71.86436	 82.82000
153.80000	 82.63000	 71.65133	 82.63000
154.00000	 82.54000	 71.55431	 82.54000
154.20000	 82.54000	 71.56135	 82.54000
154.40000	 82.64000	 71.68318	 82.64000
154.60000	 82.88000	 71.96462	 82.88000
154.80000	 83.31000	 72.46173	 83.31000
155.00000	 83.79000	 73.01441	 83.79000
155.20000	 84.26000	 73.55368	 84.26000
155.40000	 84.62000	 73.96539	 84.62000
155.60000	 84.75000	 74.11309	 84.75000
155.80000	 84.82000	 74.19054	 84.82000
156.00000	 84.85000	 74.22101	 84.85000
156.20000	 84.87000	 74.23905	 84.87000
156.40000	 84.96000	 74.33595	 84.96000
156.60000	 85.07000	 74.45494	 85.07000
156.80000	 85.21000	 74.60742	 85.21000
157.00000	 85.38000	 74.79332	 85.38000
157.20000	 85.59000	 75.02393	 85.59000
157.40000	 85.84000	 75.29909	 85.84000
157.60000	 86.14000	 75.62998	 86.14000
157.80000	 86.48000	 76.00502	 86.48000
158.00000	 86.90000	 76.46945	 86.90000
158.20000	 87.49000	 77.12525	 87.49000
158.40000	 88.04000	 77.73311	 88.04000
158.60000	 88.49000	 78.22452	 88.49000
158.80000	 88.69000	 78.42901	 88.69000
159.00000	 88.46000	 78.14260	 88.46000
159.20000	 88.07000	 77.67365	 88.07000
159.40000	 87.57000	 77.08037	 87.57000
159.60000	 87.02000	 76.43212	 87.02000
159.80000	 86.54000	 75.86619	 86.54000
160.00000	 86.08000	 75.32618	 86.08000
160.20000	 85.66000	 74.83500	 85.66000
160.40000	 85.29000	 74.40405	 85.29000
160.60000	 85.01000	 74.07866	 85.01000
160.80000	 84.92000	 73.97220	 84.92000
161.00000	 84.90000	 73.94753	 84.90000
161.20000	 84.96000	 74.01540	 84.96000
161.40000	 85.08000	 74.15242	 85.08000
161.60000	 85.25000	 74.34664	 85.25000
161.80000	 85.47000	 74.59756	 85.47000
162.00000	 85.72000	 74.88197	 85.72000
162.20000	 85.98000	 75.17677	 85.98000
162.40000	 86.24000	 75.47031	 86.24000
162.60000	 86.44000	 75.69421	 86.44000
162.80000	 86.66000	 75.93947	 86.66000
163.00000	 86.90000	 76.20607	 86.90000
163.20000	 87.18000	 76.51671	 87.18000
163.40000	 87.61000	 76.99634	 87.61000
163.60000	 88.07000	 77.50816	 88.07000
163.80000	 88.55000	 78.04046	 88.55000
164.00000	 89.01000	 78.54754	 89.01000
164.20000	 89.39000	 78.96110	 89.39000
164.40000	 89.65000	 79.23580	 89.65000
164.60000	 89.88000	 79.47436	 89.88000
164.80000	 90.09000	 79.68851	 90.09000
165.00000	 90.30000	 79.90128	 90.30000
165.20000	 90.69000	 80.31753	 90.69000
165.40000	 91.08000	 80.73239	 91.08000
165.60000	 91.38000	 81.04338	 91.38000
165.80000	 91.57000	 81.22787	 91.57000
166.00000	 91.40000	 81.00200	 91.40000
166.20000	 90.97000	 80.48052	 90.97000
166.40000	 90.44000	 79.84663	 90.44000
166.60000	 89.85000	 79.14692	 89.85000
166.80000	 89.33000	 78.53005	 89.33000
167.00000	 88.99000	 78.12147	 88.99000
167.20000	 88.69000	 77.76184	 88.69000
167.40000	 88.43000	 77.45092	 88.43000
167.60000	 88.21000	 77.18841	 88.21000
167.80000	 88.02000	 76.96264	 88.02000
168.00000	 87.73000	 76.62550	 87.73000
168.20000	 87.49000	 76.34750	 87.49000
168.40000	 87.33000	 76.16262	 87.33000
168.60000	 87.27000	 76.09330	 87.27000
168.80000	 87.34000	 76.17318	 87.34000
169.00000	 87.77000	 76.66314	 87.77000
169.20000	 88.33000	 77.30044	 88.33000
169.40000	 88.93000	 77.98164	 88.93000
169.60000	 89.53000	 78.66041	 89.53000
169.80000	 90.03000	 79.22251	 90.03000
170.00000	 90.43000	 79.66781	 90.43000
170.20000	 90.75000	 80.01925	 90.75000
170.40000	 90.99000	 80.27714	 90.99000
170.60000	 91.05000	 80.32824	 91.05000
170.80000	 90.97000	 80.21874	 90.97000
171.00000	 90.84000	 80.05180	 90.84000
171.20000	 90.67000	 79.83945	 90.67000
171.40000	 90.52000	 79.65047	 90.52000
171.60000	 90.45000	 79.55339	 90.45000
171.80000	 90.44000	 79.52550	 90.44000
172.00000	 90.48000	 79.55531	 90.48000
172.20000	 90.61000	 79.68809	 90.61000
172.40000	 90.88000	 79.98032	 90.88000
172.60000	 91.34000	 80.48829	 91.34000
172.80000	 91.85000	 81.05203	 91.85000
173.00000	 92.36000	 81.61403	 92.36000
173.20000	 92.84000	 82.13977	 92.84000
173.40000	 93.28000	 82.61768	 93.28000
173.60000	 93.61000	 82.96815	 93.61000
173.80000	 93.78000	 83.13459	 93.78000
174.00000	 93.74000	 83.06074	 93.74000
174.20000	 93.14000	 82.34955	 93.14000
174.40000	 92.35000	 81.42355	 92.35000
174.60000	 91.44000	 80.36401	 91.44000
174.80000	 90.49000	 79.26327	 90.49000
175.00000	 89.74000	 78.39518	 89.74000
175.20000	 89.13000	 77.69170	 89.13000
175.40000	 88.58000	 77.06162	 88.58000
175.60000	 88.10000	 76.51596	 88.10000
175.80000	 87.70000	 76.06561	 87.70000
176.00000	 87.40000	 75.73280	 87.40000
176.20000	 87.19000	 75.50551	 87.19000
176.40000	 87.04000	 75.34898	 87.04000
176.60000	 86.95000	 75.26259	 86.95000
176.80000	 86.92000	 75.24578	 86.92000
177.00000	 87.01000	 75.36620	 87.01000
177.20000	 87.09000	 75.47544	 87.09000
177.40000	 87.11000	 75.51621	 87.11000
177.60000	 86.98000	 75.38606	 86.98000
177.80000	 86.58000	 74.94880	 86.58000
178.00000	 86.10000	 74.42123	 86.10000
178.20000	 85.58000	 73.84953	 85.58000
178.40000	 85.06000	 73.27973	 85.06000
178.60000	 84.65000	 72.83724	 84.65000
178.80000	 84.29000	 72.45383	 84.29000
179.00000	 83.97000	 72.11797	 83.97000
179.20000	 83.70000	 71.84081	 83.70000
179.40000	 83.50000	 71.64482	 83.50000
179.60000	 83.37000	 71.52962	 83.37000
179.80000	 83.31000	 71.49481	 83.31000
180.00000	 83.34000	 71.56265	 83.34000
180.20000	 83.45000	 71.72127	 83.45000
180.40000	 83.80000	 72.15203	 83.80000
180.60000	 84.19000	 72.62667	 84.19000
180.80000	 84.58000	 73.09902	 84.58000
181.00000	 84.91000	 73.50042	 84.91000
181.20000	 84.99000	 73.61474	 84.99000
181.40000	 85.00000	 73.64711	 85.00000
181.60000	 84.97000	 73.63216	 84.97000
181.80000	 84.92000	 73.59310	 84.92000
182.00000	 84.91000	 73.59852	 84.91000
182.20000	 84.92000	 73.62584	 84.92000
182.40000	 84.96000	 73.68653	 84.96000
182.60000	 85.06000	 73.81468	 85.06000
182.80000	 85.21000	 73.99879	 85.21000
183.00000	 85.44000	 74.27278	 85.44000
183.20000	 85.76000	 74.64770	 85.76000
183.40000	 86.19000	 75.14590	 86.19000
183.60000	 86.83000	 75.88056	 86.83000
183.80000	 87.71000	 76.88499	 87.71000
184.00000	 88.61000	 77.90803	 88.61000
184.20000	 89.44000	 78.84663	 89.44000
184.40000	 90.03000	 79.50725	 90.03000
184.60000	 90.33000	 79.83344	 90.33000
184.80000	 90.48000	 79.98535	 90.48000
185.00000	 90.47000	 79.95266	 90.47000
185.20000	 90.29000	 79.72509	 90.29000
185.40000	 89.96000	 79.32654	 89.96000
185.60000	 89.53000	 78.81499	 89.53000
185.80000	 89.05000	 78.24825	 89.05000
186.00000	 88.55000	 77.66121	 88.55000
186.20000	 88.09000	 77.12263	 88.09000
186.40000	 87.64000	 76.59864	 87.64000
186.60000	 87.23000	 76.12346	 87.23000
186.80000	 86.88000	 75.71979	 86.88000
187.00000	 86.56000	 75.35332	 86.56000
187.20000	 86.32000	 75.08066	 86.32000
187.40000	 86.20000	 74.94691	 86.20000
187.60000	 86.25000	 75.00837	 86.25000
187.80000	 86.48000	 75.27562	 86.48000
188.00000	 87.25000	 76.15698	 87.25000
188.20000	 88.16000	 77.19583	 88.16000
188.40000	 89.14000	 78.31101	 89.14000
188.60000	 90.09000	 79.38764	 90.09000
188.80000	 90.84000	 80.23174	 90.84000
189.00000	 91.45000	 80.91157	 91.45000
189.20000	 91.89000	 81.39339	 91.89000
189.40000	 92.12000	 81.63244	 92.12000
189.60000	 91.85000	 81.30002	 91.85000
189.80000	 91.38000	 80.73902	 91.38000
190.00000	 90.79000	 80.04211	 90.79000
190.20000	 90.16000	 79.30169	 90.16000
190.40000	 89.70000	 78.75754	 89.70000
190.60000	 89.40000	 78.39859	 89.40000
190.80000	 89.16000	 78.11096	 89.16000
191.00000	 89.01000	 77.92845	 89.01000
191.20000	 88.93000	 77.82789	 88.93000
191.40000	 88.95000	 77.84290	 88.95000
191.60000	 89.07000	 77.97292	 89.07000
191.80000	 89.27000	 78.19457	 89.27000
192.00000	 89.53000	 78.48450	 89.53000
192.20000	 89.87000	 78.86489	 89.87000
192.40000	 90.32000	 79.36929	 90.32000
192.60000	 90.80000	 79.90614	 90.80000
192.80000	 91.30000	 80.46360	 91.30000
193.00000	 91.77000	 80.98447	 91.77000
193.20000	 92.19000	 81.44588	 92.19000
193.40000	 92.55000	 81.83650	 92.55000
193.60000	 92.85000	 82.15653	 92.85000
193.80000	 93.06000	 82.37215	 93.06000
194.00000	 93.05000	 82.33599	 93.05000
194.20000	 92.95000	 82.19665	 92.95000
194.40000	 92.80000	 82.00036	 92.80000
194.60000	 92.61000	 81.75912	 92.61000
194.80000	 92.46000	 81.56441	 92.46000
195.00000	 92.35000	 81.41646	 92.35000
195.20000	 92.28000	 81.31534	 92.28000
195.40000	 92.24000	 81.24962	 92.24000
195.60000	 92.26000	 81.25330	 92.26000
195.80000	 92.46000	 81.46255	 92.46000
196.00000	 92.72000	 81.74039	 92.72000
196.20000	 92.95000	 81.98395	 92.95000
196.40000	 93.10000	 82.13611	 93.10000
196.60000	 93.00000	 82.00359	 93.00000
196.80000	 92.69000	 81.63243	 92.69000
197.00000	 92.26000	 81.12580	 92.26000
197.20000	 91.74000	 80.51867	 91.74000
197.40000	 91.14000	 79.82315	 91.14000
197.60000	 90.46000	 79.03994	 90.46000
197.80000	 89.77000	 78.24921	 89.77000
198.00000	 89.08000	 77.46273	 89.08000
198.20000	 88.43000	 76.72621	 88.43000
198.40000	 87.89000	 76.11925	 87.89000
198.60000	 87.44000	 75.61882	 87.44000
198.80000	 87.09000	 75.23586	 87.09000
199.00000	 86.85000	 74.98117	 86.85000
199.20000	 86.73000	 74.86546	 86.73000
199.40000	 86.90000	 75.08124	 86.90000
199.60000	 87.19000	 75.43405	 87.19000
199.80000	 87.51000	 75.82050	 87.51000
200.00000	 87.83000	 76.20567	 87.83000
200.20000	 88.03000	 76.45260	 88.03000
200.40000	 88.13000	 76.58397	 88.13000
200.60000	 88.14000	 76.61134	 88.14000
200.80000	 88.05000	 76.52370	 88.05000
201.00000	 87.77000	 76.21921	 87.77000
201.20000	 87.33000	 75.73274	 87.33000
201.40000	 86.84000	 75.19024	 86.84000
201.60000	 86.34000	 74.63790	 86.34000
201.80000	 85.87000	 74.12166	 85.87000
202.00000	 85.49000	 73.71001	 85.49000
202.20000	 85.19000	 73.39149	 85.19000
202.40000	 85.01000	 73.21134	 85.01000
202.60000	 84.96000	 73.18048	 84.96000
202.80000	 85.28000	 73.57112	 85.28000
203.00000	 85.79000	 74.17736	 85.79000
203.20000	 86.37000	 74.86148	 86.37000
203.40000	 86.97000	 75.56561	 86.97000
203.60000	 87.46000	 76.14125	 87.46000
203.80000	 87.84000	 76.58821	 87.84000
204.00000	 88.10000	 76.89525	 88.10000
204.20000	 88.24000	 77.06279	 88.24000
204.40000	 88.10000	 76.90952	 88.10000
204.60000	 87.77000	 76.53880	 87.77000
204.80000	 87.34000	 76.05413	 87.34000
205.00000	 86.87000	 75.52474	 86.87000
205.20000	 86.48000	 75.08783	 86.48000
205.40000	 86.22000	 74.80057	 86.22000
205.60000	 86.00000	 74.56056	 86.00000
205.80000	 85.82000	 74.36763	 85.82000
206.00000	 85.68000	 74.22156	 85.68000
206.20000	 85.55000	 74.08798	 85.55000
206.40000	 85.46000	 74.00081	 85.46000
206.60000	 85.42000	 73.97115	 85.42000
206.80000	 85.46000	 74.03284	 85.46000
207.00000	 85.63000	 74.24233	 85.63000
207.20000	 85.98000	 74.65593	 85.98000
207.40000	 86.34000	 75.07957	 86.34000
207.60000	 86.67000	 75.46725	 86.67000
207.80000	 86.86000	 75.69362	 86.86000
208.00000	 86.82000	 75.65653	 86.82000
208.20000	 86.69000	 75.51578	 86.69000
208.40000	 86.48000	 75.28338	 86.48000
208.60000	 86.21000	 74.98272	 86.21000
208.80000	 85.86000	 74.59162	 85.86000
209.00000	 85.50000	 74.19023	 85.50000
209.20000	 85.15000	 73.80168	 85.15000
209.40000	 84.84000	 73.46031	 84.84000
209.60000	 84.61000	 73.21164	 84.61000
209.80000	 84.50000	 73.10098	 84.50000
210.00000	 84.49000	 73.10519	 84.49000
210.20000	 84.58000	 73.22376	 84.58000
210.40000	 84.78000	 73.46747	 84.78000
210.60000	 85.23000	 73.99485	 85.23000
210.80000	 85.81000	 74.66845	 85.81000
211.00000	 86.44000	 75.39638	 86.44000
211.20000	 87.08000	 76.13241	 87.08000
211.40000	 87.64000	 76.77374	 87.64000
211.60000	 88.12000	 77.32024	 88.12000
211.80000	 88.52000	 77.77205	 88.52000
212.00000	 88.84000	 78.12950	 88.84000
212.20000	 89.02000	 78.32479	 89.02000
212.40000	 89.06000	 78.35858	 89.06000
212.60000	 89.01000	 78.28847	 89.01000
212.80000	 88.88000	 78.12660	 88.88000
213.00000	 88.65000	 77.85091	 88.65000
213.20000	 88.32000	 77.46212	 88.32000
213.40000	 87.95000	 77.02914	 87.95000
213.60000	 87.56000	 76.57526	 87.56000
213.80000	 87.17000	 76.12362	 87.17000
214.00000	 86.83000	 75.73132	 86.83000
214.20000	 86.53000	 75.38701	 86.53000
214.40000	 86.29000	 75.11335	 86.29000
214.60000	 86.10000	 74.89874	 86.10000
214.80000	 86.00000	 74.78837	 86.00000
215.00000	 86.10000	 74.90687	 86.10000
215.20000	 86.22000	 75.04885	 86.22000
215.40000	 86.33000	 75.17964	 86.33000
215.60000	 86.40000	 75.26477	 86.40000
215.80000	 86.23000	 75.07671	 86.23000
216.00000	 85.99000	 74.80917	 85.99000
216.20000	 85.72000	 74.50809	 85.72000
216.40000	 85.43000	 74.18520	 85.43000
216.60000	 85.18000	 73.90903	 85.18000
216.80000	 84.95000	 73.65691	 84.95000
217.00000	 84.75000	 73.44023	 84.75000
217.20000	 84.58000	 73.25890	 84.58000
217.40000	 84.46000	 73.13554	 84.46000
217.60000	 84.41000	 73.09266	 84.41000
217.80000	 84.41000	 73.10721	 84.41000
218.00000	 84.46000	 73.17885	 84.46000
218.20000	 84.58000	 73.32999	 84.58000
218.40000	 84.83000	 73.62845	 84.83000
218.60000	 85.14000	 73.99407	 85.14000
218.80000	 85.44000	 74.34679	 85.44000
219.00000	 85.71000	 74.66355	 85.71000
219.20000	 85.75000	 74.71686	 85.75000
219.40000	 85.74000	 74.71182	 85.74000
219.60000	 85.75000	 74.72846	 85.75000
219.80000	 85.83000	 74.82388	 85.83000
220.00000	 86.14000	 75.18000	 86.14000
220.20000	 86.52000	 75.61444	 86.52000
220.40000	 86.96000	 76.11533	 86.96000
220.60000	 87.48000	 76.70499	 87.48000
220.80000	 88.08000	 77.38293	 88.08000
221.00000	 88.62000	 77.98952	 88.62000
221.20000	 89.02000	 78.43367	 89.02000
221.40000	 89.04000	 78.44278	 89.04000
221.60000	 88.77000	 78.12023	 88.77000
221.80000	 88.33000	 77.60383	 88.33000
222.00000	 87.78000	 76.96315	 87.78000
222.20000	 87.16000	 76.24482	 87.16000
222.40000	 86.50000	 75.48388	 86.50000
222.60000	 85.83000	 74.71511	 85.83000
222.80000	 85.19000	 73.98446	 85.19000
223.00000	 84.64000	 73.36034	 84.64000
223.20000	 84.21000	 72.87674	 84.21000
223.40000	 83.88000	 72.51055	 83.88000
223.60000	 83.66000	 72.27259	 83.66000
223.80000	 83.60000	 72.21908	 83.60000
224.00000	 83.74000	 72.39466	 83.74000
224.20000	 84.00000	 72.70736	 84.00000
224.40000	 84.34000	 73.11071	 84.34000
224.60000	 84.74000	 73.58112	 84.74000
224.80000	 85.19000	 74.10654	 85.19000
225.00000	 85.64000	 74.62954	 85.64000
225.20000	 86.06000	 75.11566	 86.06000
225.40000	 86.38000	 75.48516	 86.38000
225.60000	 86.57000	 75.70409	 86.57000
225.80000	 86.66000	 75.80699	 86.66000
226.00000	 86.61000	 75.74891	 86.61000
226.20000	 86.33000	 75.42826	 86.33000
226.40000	 85.85000	 74.88014	 85.85000
226.60000	 85.29000	 74.24212	 85.29000
226.80000	 84.69000	 73.56064	 84.69000
227.00000	 84.13000	 72.92735	 84.13000
227.20000	 83.67000	 72.41084	 83.67000
227.40000	 83.30000	 71.99972	 83.30000
227.60000	 83.03000	 71.70514	 83.03000
227.80000	 82.90000	 71.57213	 82.90000
228.00000	 83.14000	 71.86156	 83.14000
228.20000	 83.54000	 72.33340	 83.54000
228.40000	 84.00000	 72.87272	 84.00000
228.60000	 84.45000	 73.39896	 84.45000
228.80000	 84.76000	 73.76371	 84.76000
229.00000	 84.92000	 73.95551	 84.92000
229.20000	 85.01000	 74.06563	 85.01000
229.40000	 85.01000	 74.07172	 85.01000
229.60000	 84.90000	 73.95152	 84.90000
229.80000	 84.68000	 73.70565	 84.68000
230.00000	 84.40000	 73.39158	 84.40000
230.20000	 84.09000	 73.04403	 84.09000
230.40000	 83.77000	 72.68618	 83.77000
230.60000	 83.45000	 72.32972	 83.45000
230.80000	 83.15000	 71.99761	 83.15000
231.00000	 82.89000	 71.71266	 82.89000
231.20000	 82.67000	 71.47481	 82.67000
231.40000	 82.52000	 71.31803	 82.52000
231.60000	 82.46000	 71.26478	 82.46000
231.80000	 82.49000	 71.31465	 82.49000
232.00000	 82.64000	 71.50128	 82.64000
232.20000	 82.92000	 71.83542	 82.92000
232.40000	 83.57000	 72.58922	 83.57000
232.60000	 84.28000	 73.40893	 84.28000
232.80000	 85.00000	 74.23670	 85.00000
233.00000	 85.65000	 74.98093	 85.65000
233.20000	 86.03000	 75.41396	 86.03000
233.40000	 86.29000	 75.70682	 86.29000
233.60000	 86.44000	 75.87151	 86.44000
233.80000	 86.45000	 75.87464	 86.45000
234.00000	 86.28000	 75.67156	 86.28000
234.20000	 86.03000	 75.37695	 86.03000
234.40000	 85.70000	 74.99166	 85.70000
234.60000	 85.33000	 74.56193	 85.33000
234.80000	 84.96000	 74.13385	 84.96000
235.00000	 84.60000	 73.71916	 84.60000
235.20000	 84.24000	 73.30672	 84.24000
235.40000	 83.92000	 72.94214	 83.92000
235.60000	 83.63000	 72.61402	 83.63000
235.80000	 83.38000	 72.33363	 83.38000
236.00000	 83.22000	 72.15760	 83.22000
236.20000	 83.15000	 72.08560	 83.15000
236.40000	 83.21000	 72.16263	 83.21000
236.60000	 83.58000	 72.59271	 83.58000
236.80000	 84.17000	 73.27239	 84.17000
237.00000	 84.77000	 73.96165	 84.77000
237.20000	 85.30000	 74.56868	 85.30000
237.40000	 85.54000	 74.84298	 85.54000
237.60000	 85.48000	 74.77358	 85.48000
237.80000	 85.26000	 74.52065	 85.26000
238.00000	 84.90000	 74.10796	 84.90000
238.20000	 84.38000	 73.51383	 84.38000
238.40000	 83.73000	 72.77343	 83.73000
238.60000	 83.03000	 71.97871	 83.03000
238.80000	 82.30000	 71.15318	 82.30000
239.00000	 81.61000	 70.37698	 81.61000
239.20000	 81.08000	 69.78680	 81.08000
239.40000	 80.64000	 69.30280	 80.64000
239.60000	 80.29000	 68.92460	 80.29000
239.80000	 80.03000	 68.65168	 80.03000
240.00000	 79.90000	 68.52893	 79.90000
240.20000	 79.92000	 68.57837	 79.92000
240.40000	 80.06000	 68.76505	 80.06000
240.60000	 80.34000	 69.11085	 80.34000
240.80000	 80.74000	 69.59214	 80.74000
241.00000	 81.40000	 70.36721	 81.40000
241.20000	 82.30000	 71.41214	 82.30000
241.40000	 83.20000	 72.45278	 83.20000
241.60000	 84.01000	 73.38596	 84.01000
241.80000	 84.52000	 73.97263	 84.52000
242.00000	 84.55000	 74.00866	 84.55000
242.20000	 84.43000	 73.87071	 84.43000
242.40000	 84.21000	 73.61703	 84.21000
242.60000	 83.96000	 73.32837	 83.96000
242.80000	 83.87000	 73.22164	 83.87000
243.00000	 83.80000	 73.13792	 83.80000
243.20000	 83.74000	 73.06594	 83.74000
243.40000	 83.71000	 73.02851	 83.71000
243.60000	 83.70000	 73.01420	 83.70000
243.80000	 83.71000	 73.02296	 83.71000
244.00000	 83.77000	 73.08878	 83.77000
244.20000	 83.88000	 73.21149	 83.88000
244.40000	 84.05000	 73.40220	 84.05000
244.60000	 84.27000	 73.64926	 84.27000
244.80000	 84.56000	 73.97510	 84.56000
245.00000	 84.96000	 74.42482	 84.96000
245.20000	 85.49000	 75.02067	 85.49000
245.40000	 86.19000	 75.80753	 86.19000
245.60000	 87.42000	 77.19388	 87.42000
245.80000	 88.71000	 78.64370	 88.71000
246.00000	 89.93000	 80.00795	 89.93000
246.20000	 90.97000	 81.16094	 90.97000
246.40000	 91.52000	 81.75029	 91.52000
246.60000	 91.79000	 82.01597	 91.79000
246.80000	 91.80000	 81.98221	 91.80000
247.00000	 91.45000	 81.53699	 91.45000
247.20000	 90.64000	 80.56860	 90.64000
247.40000	 89.64000	 79.38637	 89.64000
247.60000	 88.56000	 78.11740	 88.56000
247.80000	 87.49000	 76.86552	 87.49000
248.00000	 86.85000	 76.10917	 86.85000
248.20000	 86.40000	 75.57511	 86.40000
248.40000	 86.08000	 75.19436	 86.08000
248.60000	 85.90000	 74.97743	 85.90000
248.80000	 85.85000	 74.91198	 85.85000
249.00000	 85.94000	 75.00840	 85.94000
249.20000	 86.15000	 75.24295	 86.15000
249.40000	 86.47000	 75.60328	 86.47000
249.60000	 86.88000	 76.06571	 86.88000
249.80000	 87.44000	 76.69765	 87.44000
250.00000	 88.17000	 77.52091	 88.17000
250.20000	 88.87000	 78.30717	 88.87000
250.40000	 89.46000	 78.96491	 89.46000
250.60000	 89.76000	 79.28938	 89.76000
250.80000	 89.61000	 79.09931	 89.61000
251.00000	 89.29000	 78.71452	 89.29000
251.20000	 88.84000	 78.18187	 88.84000
251.40000	 88.32000	 77.57084	 88.32000
251.60000	 87.84000	 77.00747	 87.84000
251.80000	 87.36000	 76.44686	 87.36000
252.00000	 86.89000	 75.90074	 86.89000
252.20000	 86.47000	 75.41476	 86.47000
252.40000	 86.12000	 75.01166	 86.12000
252.60000	 85.91000	 74.77080	 85.91000
252.80000	 85.80000	 74.64622	 85.80000
253.00000	 85.78000	 74.62596	 85.78000
253.20000	 85.88000	 74.74352	 85.88000
253.40000	 86.13000	 75.03229	 86.13000
253.60000	 86.72000	 75.70743	 86.72000
253.80000	 87.33000	 76.40383	 87.33000
254.00000	 87.89000	 77.04095	 87.89000
254.20000	 88.32000	 77.52735	 88.32000
254.40000	 88.26000	 77.45374	 88.26000
254.60000	 87.98000	 77.12821	 87.98000
254.80000	 87.56000	 76.64299	 87.56000
255.00000	 87.04000	 76.04477	 87.04000
255.20000	 86.51000	 75.43689	 86.51000
255.40000	 85.96000	 74.80869	 85.96000
255.60000	 85.42000	 74.19479	 85.42000
255.80000	 84.91000	 73.61822	 84.91000
256.00000	 84.45000	 73.10180	 84.45000
256.20000	 84.11000	 72.72505	 84.11000
256.40000	 83.88000	 72.47622	 83.88000
256.60000	 83.74000	 72.33206	 83.74000
256.80000	 83.71000	 72.31473	 83.71000
257.00000	 83.79000	 72.42355	 83.79000
257.20000	 84.10000	 72.79424	 84.10000
257.40000	 84.52000	 73.28936	 84.52000
257.60000	 84.99000	 73.83977	 84.99000
257.80000	 85.50000	 74.43336	 85.50000
258.00000	 86.01000	 75.02410	 86.01000
258.20000	 86.49000	 75.57753	 86.49000
258.40000	 86.90000	 76.04803	 86.90000
258.60000	 87.18000	 76.36748	 87.18000
258.80000	 87.18000	 76.36575	 87.18000
259.00000	 86.95000	 76.10061	 86.95000
259.20000	 86.59000	 75.68693	 86.59000
259.40000	 86.14000	 75.17129	 86.14000
259.60000	 85.65000	 74.61147	 85.65000
259.80000	 85.18000	 74.07641	 85.18000
260.00000	 84.71000	 73.54382	 84.71000
260.20000	 84.25000	 73.02531	 84.25000
260.40000	 83.84000	 72.56649	 83.84000
260.60000	 83.49000	 72.17868	 83.49000
260.80000	 83.23000	 71.89579	 83.23000
261.00000	 83.07000	 71.72882	 83.07000
261.20000	 83.01000	 71.67727	 83.01000
261.40000	 83.07000	 71.76328	 83.07000
261.60000	 83.35000	 72.09987	 83.35000
261.80000	 83.88000	 72.72017	 83.88000
262.00000	 84.45000	 73.38422	 84.45000
262.20000	 84.98000	 74.00017	 84.98000
262.40000	 85.38000	 74.46520	 85.38000
262.60000	 85.47000	 74.57467	 85.47000
262.80000	 85.46000	 74.56803	 85.46000
263.00000	 85.36000	 74.45742	 85.36000
263.20000	 85.20000	 74.27766	 85.20000
263.40000	 85.00000	 74.05213	 85.00000
263.60000	 84.76000	 73.78137	 84.76000
263.80000	 84.52000	 73.51129	 84.52000
264.00000	 84.27000	 73.23083	 84.27000
264.20000	 84.07000	 73.00841	 84.07000
264.40000	 83.91000	 72.83268	 83.91000
264.60000	 83.79000	 72.70356	 83.79000
264.80000	 83.73000	 72.64363	 83.73000
265.00000	 83.73000	 72.65262	 83.73000
265.20000	 83.81000	 72.75295	 83.81000
265.40000	 83.98000	 72.95560	 83.98000
265.60000	 84.22000	 73.23734	 84.22000
265.80000	 84.54000	 73.60906	 84.54000
266.00000	 85.03000	 74.17259	 85.03000
266.20000	 85.70000	 74.93858	 85.70000
266.40000	 86.35000	 75.67878	 86.35000
266.60000	 86.90000	 76.30175	 86.90000
266.80000	 87.19000	 76.62547	 87.19000
267.00000	 87.09000	 76.50275	 87.09000
267.20000	 86.83000	 76.19634	 86.83000
267.40000	 86.44000	 75.74164	 86.44000
267.60000	 85.95000	 75.17390	 85.95000
267.80000	 85.40000	 74.53962	 85.40000
268.00000	 84.82000	 73.87370	 84.82000
268.20000	 84.24000	 73.21085	 84.24000
268.40000	 83.69000	 72.58555	 83.69000
268.60000	 83.26000	 72.10026	 83.26000
268.80000	 82.93000	 71.73203	 82.93000
269.00000	 82.69000	 71.46911	 82.69000
269.20000	 82.54000	 71.31097	 82.54000
269.40000	 82.51000	 71.29116	 82.51000
269.60000	 82.73000	 71.55678	 82.73000
269.80000	 83.02000	 71.90215	 83.02000
270.00000	 83.34000	 72.28093	 83.34000
270.20000	 83.64000	 72.63562	 83.64000
270.40000	 83.83000	 72.86351	 83.83000
270.60000	 83.95000	 73.01010	 83.95000
270.80000	 83.99000	 73.06418	 83.99000
271.00000	 83.93000	 73.00334	 83.93000
271.20000	 83.63000	 72.66888	 83.63000
271.40000	 83.22000	 72.20945	 83.22000
271.60000	 82.76000	 71.69410	 82.76000
271.80000	 82.28000	 71.15762	 82.28000
272.00000	 81.83000	 70.65733	 81.83000
272.20000	 81.45000	 70.23895	 81.45000
272.40000	 81.12000	 69.87972	 81.12000
272.60000	 80.87000	 69.61361	 80.87000
272.80000	 80.73000	 69.47441	 80.73000
273.00000	 80.74000	 69.50712	 80.74000
273.20000	 80.88000	 69.68833	 80.88000
273.40000	 81.15000	 70.01726	 81.15000
273.60000	 81.55000	 70.49312	 81.55000
273.80000	 82.30000	 71.36516	 82.30000
274.00000	 83.16000	 72.35919	 83.16000
274.20000	 84.00000	 73.32628	 84.00000
274.40000	 84.72000	 74.15206	 84.72000
274.60000	 85.04000	 74.51805	 85.04000
274.80000	 85.15000	 74.64114	 85.15000
275.00000	 85.07000	 74.54515	 85.07000
275.20000	 84.81000	 74.24267	 84.81000
275.40000	 84.22000	 73.56443	 84.22000
275.60000	 83.52000	 72.76214	 83.52000
275.80000	 82.76000	 71.89399	 82.76000
276.00000	 82.01000	 71.04056	 82.01000
276.20000	 81.49000	 70.45261	 81.49000
276.40000	 81.18000	 70.10727	 81.18000
276.60000	 80.96000	 69.86751	 80.96000
276.80000	 80.82000	 69.72132	 80.82000
277.00000	 80.74000	 69.64531	 80.74000
277.20000	 80.72000	 69.63888	 80.72000
277.40000	 80.74000	 69.67874	 80.74000
277.60000	 80.78000	 69.74168	 80.78000
277.80000	 80.85000	 69.83869	 80.85000
278.00000	 80.92000	 69.93533	 80.92000
278.20000	 80.96000	 69.99730	 80.96000
278.40000	 81.01000	 70.06999	 81.01000
278.60000	 81.06000	 70.14197	 81.06000
278.80000	 81.13000	 70.23594	 81.13000
279.00000	 81.24000	 70.37457	 81.24000
279.20000	 81.37000	 70.53500	 81.37000
279.40000	 81.50000	 70.69437	 81.50000
279.60000	 81.66000	 70.88671	 81.66000
279.80000	 81.81000	 71.06645	 81.81000
280.00000	 81.86000	 71.13122	 81.86000
280.20000	 81.95000	 71.24041	 81.95000
280.40000	 82.10000	 71.41682	 82.10000
280.60000	 82.35000	 71.70584	 82.35000
280.80000	 82.83000	 72.25499	 82.83000
281.00000	 83.61000	 73.14315	 83.61000
281.20000	 84.45000	 74.09635	 84.45000
281.40000	 85.29000	 75.04549	 85.29000
281.60000	 86.04000	 75.88772	 86.04000
281.80000	 86.57000	 76.47509	 86.57000
282.00000	 86.97000	 76.91041	 86.97000
282.20000	 87.22000	 77.17157	 87.22000
282.40000	 87.29000	 77.22530	 87.29000
282.60000	 87.01000	 76.87932	 87.01000
282.80000	 86.59000	 76.37387	 86.59000
283.00000	 86.09000	 75.77849	 86.09000
283.20000	 85.55000	 75.13974	 85.55000
283.40000	 85.10000	 74.60621	 85.10000
283.60000	 84.73000	 74.16684	 84.73000
283.80000	 84.41000	 73.78754	 84.41000
284.00000	 84.15000	 73.47951	 84.15000
284.20000	 83.96000	 73.25387	 83.96000
284.40000	 83.88000	 73.15572	 83.88000
284.60000	 83.90000	 73.17317	 83.90000
284.80000	 83.99000	 73.27150	 83.99000
285.00000	 84.17000	 73.47287	 84.17000
285.20000	 84.45000	 73.78805	 84.45000
285.40000	 84.92000	 74.31870	 84.92000
285.60000	 85.38000	 74.83659	 85.38000
285.80000	 85.80000	 75.30707	 85.80000
286.00000	 86.09000	 75.62755	 86.09000
286.20000	 86.05000	 75.57079	 86.05000
286.40000	 85.89000	 75.37642	 85.89000
286.60000	 85.63000	 75.06803	 85.63000
286.80000	 85.29000	 74.66919	 85.29000
287.00000	 84.89000	 74.20337	 84.89000
287.20000	 84.47000	 73.71667	 84.47000
287.40000	 84.05000	 73.23228	 84.05000
287.60000	 83.65000	 72.77322	 83.65000
